223.165	-16.5546
223.4	-16.5546
223.635	-16.5546
223.869	-19.7846
224.104	-18.5246
224.338	-15.0146
224.573	-14.3546
224.808	-14.054599999999999
225.042	-7.6746
225.277	-6.0446
225.511	-2.9946
225.746	4.5554
225.98	6.7454
226.215	11.5354
226.449	15.6154
226.683	20.705399999999997
226.918	25.5654
227.152	30.2754
227.387	34.5754
227.621	38.7754
227.856	43.5054
228.09	46.325399999999995
228.324	51.6054
228.559	55.885400000000004
228.793	59.5154
229.027	72.39540000000001
229.262	78.4354
229.496	89.3254
229.73	112.0654
229.964	108.1154
230.199	87.6154
230.433	86.2954
230.667	88.9254
230.901	88.8154
231.136	88.0154
231.37	87.7954
231.604	90.3754
231.838	90.5554
232.072	88.6754
232.306	87.5954
232.541	91.6654
232.775	90.9054
233.009	91.7854
233.243	92.2454
233.477	92.4254
233.711	91.97540000000001
233.945	92.3154
234.179	90.47540000000001
234.413	91.4254
234.647	90.89540000000001
234.881	91.43539999999999
235.115	91.5654
235.349	91.8054
235.583	93.9254
235.817	91.47540000000001
236.051	93.3054
236.285	92.7154
236.519	92.97540000000001
236.753	94.44539999999999
236.987	99.7654
237.221	114.6154
237.455	119.69539999999999
237.689	98.9654
237.922	93.77539999999999
238.156	91.4054
238.39	91.2954
238.624	89.7854
238.858	92.8154
239.091	93.8054
239.325	96.35539999999999
239.559	100.3654
239.793	99.2854
240.027	98.8754
240.26	100.2354
240.494	99.4954
240.728	97.0654
240.961	96.9254
241.195	99.0454
241.429	96.0854
241.662	95.0654
241.896	95.0854
242.13	95.7654
242.363	95.1554
242.597	96.5654
242.83	98.97540000000001
243.064	98.85539999999999
243.298	100.1254
243.531	100.3354
243.765	101.1354
243.998	102.7454
244.232	103.9554
244.465	109.9054
244.699	104.7454
244.932	100.59540000000001
245.166	101.50540000000001
245.399	102.0554
245.633	102.9654
245.866	103.75540000000001
246.099	102.18539999999999
246.333	104.22540000000001
246.566	105.5454
246.8	105.0554
247.033	105.2054
247.266	104.7054
247.5	106.9154
247.733	108.02539999999999
247.966	110.2454
248.2	113.4154
248.433	111.69539999999999
248.666	110.25540000000001
248.899	118.50540000000001
249.133	124.0354
249.366	140.4554
249.599	142.1154
249.832	125.8054
250.066	131.0654
250.299	150.3954
250.532	177.80540000000002
250.765	160.1354
250.998	140.5654
251.231	130.6454
251.465	127.72540000000001
251.698	129.4654
251.931	131.5054
252.164	125.18539999999999
252.397	118.9054
252.63	118.4854
252.863	116.76540000000001
253.096	119.3754
253.329	121.5754
253.562	118.64540000000001
253.795	117.8354
254.028	120.51540000000001
254.261	120.3254
254.494	125.5054
254.727	133.4154
254.96	131.8254
255.193	132.0554
255.426	137.4554
255.659	161.5254
255.892	220.39540000000002
256.124	266.98539999999997
256.357	212.1954
256.59	168.5754
256.823	151.4154
257.056	148.8954
257.289	147.4554
257.521	139.5354
257.754	135.7754
257.987	135.5154
258.22	146.5454
258.452	161.4154
258.685	155.8654
258.918	134.3254
259.151	127.4054
259.383	129.3054
259.616	127.3154
259.849	127.8354
260.081	133.5254
260.314	140.0354
260.547	142.12539999999998
260.779	156.6054
261.012	189.2854
261.244	189.6054
261.477	155.75539999999998
261.71	150.2154
261.942	177.8554
262.175	188.4854
262.407	140.7354
262.64	127.39540000000001
262.872	126.5754
263.105	126.5654
263.337	126.69539999999999
263.57	124.5854
263.802	125.6254
264.035	124.6354
264.267	124.0354
264.499	124.27539999999999
264.732	123.9054
264.964	124.3154
265.197	123.18539999999999
265.429	124.2054
265.661	123.26540000000001
265.894	125.3354
266.126	126.8754
266.358	123.0054
266.591	125.4154
266.823	126.6654
267.055	128.9554
267.287	130.59539999999998
267.52	128.7254
267.752	128.12539999999998
267.984	127.77539999999999
268.216	131.5254
268.448	137.59539999999998
268.681	139.5254
268.913	137.7054
269.145	135.5554
269.377	135.7154
269.609	132.40540000000001
269.841	134.37539999999998
270.073	135.0254
270.306	139.49540000000002
270.538	141.6854
270.77	138.5554
271.002	140.3254
271.234	146.7754
271.466	158.1154
271.698	150.7654
271.93	146.2854
272.162	146.87539999999998
272.394	147.00539999999998
272.626	140.9154
272.858	140.50539999999998
273.09	139.4654
273.322	140.4154
273.553	138.4354
273.785	140.2154
274.017	140.8054
274.249	142.6154
274.481	144.7154
274.713	146.09539999999998
274.945	153.4654
275.176	158.6954
275.408	177.1054
275.64	214.9654
275.872	245.0254
276.104	199.2354
276.335	178.6254
276.567	199.3954
276.799	258.85540000000003
277.031	351.72540000000004
277.262	448.47540000000004
277.494	332.72540000000004
277.726	202.66539999999998
277.957	173.4654
278.189	165.7054
278.421	160.8154
278.652	157.7354
278.884	158.2154
279.115	161.0154
279.347	171.9354
279.579	198.1454
279.81	275.9354
280.042	450.21540000000005
280.273	635.4054
280.505	423.10540000000003
280.736	223.4854
280.968	176.6454
281.199	163.9654
281.431	160.1454
281.662	156.7854
281.894	158.15540000000001
282.125	169.4254
282.356	204.7254
282.588	245.2954
282.819	201.1054
283.051	157.33540000000002
283.282	149.3254
283.513	153.15540000000001
283.745	151.8254
283.976	150.09539999999998
284.207	152.1154
284.439	152.2154
284.67	150.4854
284.901	150.2254
285.132	149.9654
285.364	147.9454
285.595	149.6954
285.826	150.75539999999998
286.057	152.7754
286.288	149.33540000000002
286.52	152.6154
286.751	149.3054
286.982	150.9554
287.213	149.1454
287.444	154.1354
287.675	154.8254
287.906	156.0554
288.138	157.3554
288.369	161.87539999999998
288.6	162.1454
288.831	154.6454
289.062	156.25539999999998
289.293	152.8054
289.524	153.0754
289.755	151.8554
289.986	150.0554
290.217	151.84539999999998
290.448	151.7054
290.679	152.00539999999998
290.91	154.7254
291.141	151.5654
291.371	152.1654
291.602	152.4254
291.833	150.9354
292.064	152.7754
292.295	151.8154
292.526	154.1454
292.757	153.24540000000002
292.987	150.59539999999998
293.218	150.09539999999998
293.449	150.87539999999998
293.68	153.7254
293.91	152.0554
294.141	154.7854
294.372	152.5754
294.603	154.5154
294.833	153.2654
295.064	153.7654
295.295	154.6754
295.525	155.99540000000002
295.756	170.1954
295.987	196.59539999999998
296.217	240.4354
296.448	218.1854
296.679	166.5454
296.909	156.2954
297.14	156.0254
297.37	158.49540000000002
297.601	158.75539999999998
297.831	158.8954
298.062	162.8654
298.292	162.0354
298.523	161.4754
298.753	160.9254
298.984	159.5254
299.214	159.0554
299.445	162.9754
299.675	166.9754
299.905	172.0554
300.136	165.1954
300.366	161.6154
300.597	163.3554
300.827	170.24540000000002
301.057	181.4454
301.288	190.8654
301.518	179.8754
301.748	183.0554
301.979	208.9454
302.209	191.0654
302.439	173.90540000000001
302.669	169.1754
302.9	168.8754
303.13	179.6154
303.36	203.2754
303.59	257.7954
303.82	286.1554
304.051	203.33540000000002
304.281	173.4354
304.511	168.99540000000002
304.741	165.1454
304.971	164.59539999999998
305.201	164.6454
305.431	165.6854
305.661	166.8254
305.891	168.9254
306.121	175.7854
306.352	188.3154
306.582	197.7354
306.812	202.3054
307.042	251.55540000000002
307.272	347.6554
307.502	390.79540000000003
307.731	345.6354
307.961	252.1054
308.191	183.9854
308.421	172.3154
308.651	170.59539999999998
308.881	172.9254
309.111	173.0354
309.341	176.1754
309.571	183.65540000000001
309.8	181.40540000000001
310.03	185.7254
310.26	187.25539999999998
310.49	182.0654
310.72	189.40540000000001
310.949	202.8254
311.179	196.15540000000001
311.409	181.2154
311.639	182.6754
311.868	183.4354
312.098	181.66539999999998
312.328	185.90540000000001
312.557	200.2354
312.787	211.9354
313.017	200.3854
313.246	182.2854
313.476	178.5254
313.706	179.8254
313.935	185.9254
314.165	196.90540000000001
314.394	199.7854
314.624	191.3854
314.853	190.6254
315.083	182.5654
315.312	178.1154
315.542	175.5554
315.771	176.96540000000002
316.001	175.15540000000001
316.23	173.0554
316.46	176.5254
316.689	176.14540000000002
316.919	180.3154
317.148	188.3154
317.377	185.0454
317.607	183.3554
317.836	182.5754
318.065	178.1954
318.295	178.40540000000001
318.524	177.41539999999998
318.753	177.7854
318.983	181.2054
319.212	190.3154
319.441	203.4454
319.67	202.59539999999998
319.9	182.6954
320.129	178.16539999999998
320.358	181.4354
320.587	185.58540000000002
320.816	190.9554
321.046	196.7654
321.275	190.7854
321.504	187.15540000000001
321.733	186.64540000000002
321.962	192.66539999999998
322.191	199.3654
322.42	208.15540000000001
322.649	214.09539999999998
322.878	219.1954
323.108	227.2854
323.337	245.5254
323.566	261.46540000000005
323.795	289.8454
324.024	352.6554
324.253	579.8054
324.482	1106.1954
324.71	2045.6254
324.939	2634.0654
325.168	1169.8554
325.397	428.2654
325.626	295.46540000000005
325.855	263.8754
326.084	258.6354
326.313	266.8754
326.542	293.6254
326.77	381.6654
326.999	613.3454
327.228	1116.0354
327.457	1902.4053999999999
327.686	1680.3754
327.914	919.1654000000001
328.143	1189.5354
328.372	1612.4053999999999
328.6	901.9054
328.829	437.6654
329.058	403.96540000000005
329.287	421.73539999999997
329.515	447.3454
329.744	658.9254
329.972	1204.5454
330.201	2316.4954
330.43	3316.0454
330.658	1508.4253999999999
330.887	636.2454
331.115	417.2454
331.344	310.94539999999995
331.572	287.85540000000003
331.801	291.0954
332.03	285.8054
332.258	272.5754
332.486	268.2454
332.715	278.8954
332.943	297.0154
333.172	321.3954
333.4	358.0454
333.629	435.62539999999996
333.857	610.6954
334.085	1058.0454
334.314	2037.4854
334.542	3884.1054
334.771	3652.8554
334.999	1094.3454
335.227	490.6554
335.455	348.9554
335.684	302.10540000000003
335.912	276.6354
336.14	261.9354
336.369	254.91539999999998
336.597	254.8554
336.825	244.1954
337.053	226.00539999999998
337.281	221.8754
337.51	218.6854
337.738	218.4554
337.966	216.08540000000002
338.194	222.0354
338.422	214.99540000000002
338.65	208.2754
338.878	204.9754
339.106	200.4554
339.334	201.2254
339.562	197.6954
339.79	196.91539999999998
340.018	198.84539999999998
340.246	200.3754
340.474	204.2354
340.702	198.9454
340.93	195.5654
341.158	194.64540000000002
341.386	201.2854
341.614	200.64540000000002
341.842	196.1054
342.07	190.59539999999998
342.298	194.46540000000002
342.526	189.0654
342.754	184.3854
342.981	184.3154
343.209	187.09539999999998
343.437	199.5254
343.665	195.9554
343.893	202.09539999999998
344.12	204.3854
344.348	199.6154
344.576	197.16539999999998
344.804	198.09539999999998
345.031	204.74540000000002
345.259	209.09539999999998
345.487	197.8154
345.714	193.6954
345.942	188.2954
346.17	187.00539999999998
346.397	186.33540000000002
346.625	188.8554
346.853	188.66539999999998
347.08	185.0754
347.308	192.05540000000002
347.535	197.83540000000002
347.763	201.4554
347.99	195.6854
348.218	201.40540000000001
348.445	209.39540000000002
348.673	200.89540000000002
348.9	189.8254
349.128	186.91539999999998
349.355	182.25539999999998
349.583	183.34539999999998
349.81	182.9854
350.037	185.7254
350.265	184.7654
350.492	183.74540000000002
350.72	184.7754
350.947	192.3254
351.174	205.9754
351.402	211.80540000000002
351.629	198.3554
351.856	197.8154
352.083	202.99540000000002
352.311	206.1954
352.538	214.21540000000002
352.765	210.0154
352.992	211.09539999999998
353.22	208.6854
353.447	196.8254
353.674	190.84539999999998
353.901	182.4754
354.128	182.3754
354.355	182.8754
354.583	184.66539999999998
354.81	183.2954
355.037	180.8754
355.264	179.9854
355.491	179.2054
355.718	176.89540000000002
355.945	179.89540000000002
356.172	179.49540000000002
356.399	179.0754
356.626	179.9254
356.853	178.1754
357.08	176.50539999999998
357.307	176.58540000000002
357.534	176.5454
357.761	179.8154
357.988	183.0354
358.215	184.1054
358.441	186.5354
358.668	185.0354
358.895	183.6254
359.122	182.2854
359.349	181.5254
359.576	188.0754
359.802	209.00539999999998
360.029	240.46540000000002
360.256	235.7954
360.483	209.0654
360.709	184.64540000000002
360.936	187.9854
361.163	190.2654
361.39	193.4354
361.616	193.4254
361.843	185.9754
362.07	192.4354
362.296	197.75539999999998
362.523	186.96540000000002
362.749	189.15540000000001
362.976	185.6254
363.203	183.2954
363.429	180.14540000000002
363.656	182.2654
363.882	179.41539999999998
364.109	182.1254
364.335	183.21540000000002
364.562	182.80540000000002
364.788	182.46540000000002
365.015	185.65540000000001
365.241	193.46540000000002
365.468	205.1754
365.694	204.08540000000002
365.92	195.14540000000002
366.147	183.9854
366.373	179.7254
366.599	180.34539999999998
366.826	178.9854
367.052	179.7354
367.278	182.4454
367.505	180.6754
367.731	184.6154
367.957	182.8154
368.184	185.6354
368.41	197.0154
368.636	213.8554
368.862	219.39540000000002
369.089	208.7954
369.315	191.08540000000002
369.541	185.75539999999998
369.767	183.5354
369.993	184.8154
370.219	187.83540000000002
370.445	183.0254
370.672	178.4854
370.898	178.96540000000002
371.124	181.4554
371.35	181.34539999999998
371.576	179.6754
371.802	180.34539999999998
372.028	178.4854
372.254	179.9354
372.48	180.7054
372.706	182.2254
372.932	183.90540000000001
373.158	183.1854
373.384	184.50539999999998
373.61	184.1954
373.835	182.64540000000002
374.061	183.7054
374.287	189.41539999999998
374.513	187.6754
374.739	190.4754
374.965	190.08540000000002
375.191	188.4854
375.416	188.8754
375.642	187.1354
375.868	187.08540000000002
376.094	185.40540000000001
376.319	184.4754
376.545	183.8754
376.771	183.5654
376.997	184.3654
377.222	185.4254
377.448	183.5354
377.674	182.34539999999998
377.899	183.09539999999998
378.125	183.1754
378.35	185.41539999999998
378.576	183.3854
378.802	183.46540000000002
379.027	184.8154
379.253	186.3254
379.478	185.1154
379.704	186.3854
379.929	189.55540000000002
380.155	190.15540000000001
380.38	190.9454
380.606	192.4454
380.831	191.2354
381.057	195.8554
381.282	194.0654
381.507	192.8154
381.733	195.99540000000002
381.958	197.7254
382.184	198.83540000000002
382.409	204.8754
382.634	206.7254
382.86	203.7254
383.085	203.8754
383.31	207.09539999999998
383.535	208.25539999999998
383.761	207.8154
383.986	210.4354
384.211	212.74540000000002
384.436	214.8554
384.662	218.15540000000001
384.887	226.1154
385.112	229.5754
385.337	232.09539999999998
385.562	232.2954
385.787	229.6154
386.013	241.64540000000002
386.238	252.4754
386.463	236.6254
386.688	233.3854
386.913	228.0454
387.138	234.91539999999998
387.363	226.6154
387.588	214.5754
387.813	217.75539999999998
388.038	227.8554
388.263	240.9854
388.488	238.8254
388.713	206.5254
388.938	200.08540000000002
389.163	197.84539999999998
389.387	196.9854
389.612	195.6354
389.837	194.6754
390.062	195.0454
390.287	194.30540000000002
390.512	193.2354
390.736	196.05540000000002
390.961	196.58540000000002
391.186	199.4754
391.411	202.6854
391.636	202.4554
391.86	202.9754
392.085	206.40540000000001
392.31	206.0354
392.534	204.1154
392.759	202.99540000000002
392.984	202.3654
393.208	205.3754
393.433	214.7654
393.658	206.7754
393.882	196.9754
394.107	198.41539999999998
394.331	197.8654
394.556	198.9354
394.78	201.84539999999998
395.005	201.50539999999998
395.229	199.8854
395.454	203.50539999999998
395.678	207.8754
395.903	209.96540000000002
396.127	211.84539999999998
396.352	208.9754
396.576	204.9254
396.801	208.15540000000001
397.025	211.2254
397.249	209.09539999999998
397.474	209.99540000000002
397.698	209.3554
397.922	211.6854
398.147	214.3854
398.371	216.3754
398.595	218.6854
398.82	223.5754
399.044	233.83540000000002
399.268	247.7754
399.492	266.5054
399.717	279.4154
399.941	278.1554
400.165	272.7954
400.389	259.6854
400.613	239.6854
400.837	228.24540000000002
401.062	228.99540000000002
401.286	227.6954
401.51	230.50539999999998
401.734	231.1254
401.958	245.7354
402.182	283.8654
402.406	340.0254
402.63	290.8254
402.854	250.30540000000002
403.078	239.40540000000001
403.302	241.49540000000002
403.526	242.58540000000002
403.75	243.5354
403.974	244.0254
404.198	247.3254
404.422	252.49540000000002
404.645	260.9054
404.869	278.3254
405.093	310.0454
405.317	352.4554
405.541	345.1354
405.765	301.8854
405.988	306.4654
406.212	377.5054
406.436	474.1354
406.66	373.1754
406.883	285.7554
407.107	279.10540000000003
407.331	285.9754
407.555	298.6654
407.778	289.7454
408.002	266.2154
408.226	258.4354
408.449	254.0154
408.673	251.2254
408.896	256.1954
409.12	260.2054
409.344	249.1954
409.567	239.1154
409.791	241.3254
410.014	241.1854
410.238	238.9454
410.461	239.65540000000001
410.685	241.5454
410.908	245.4454
411.132	256.1654
411.355	257.3154
411.578	244.9354
411.802	242.16539999999998
412.025	251.0354
412.249	276.4654
412.472	312.4254
412.695	352.98539999999997
412.919	305.5354
413.142	276.2554
413.365	255.9754
413.589	246.58540000000002
413.812	241.3554
414.035	244.2954
414.258	248.34539999999998
414.482	242.9354
414.705	236.89540000000002
414.928	234.3154
415.151	232.80540000000002
415.374	233.30540000000002
415.597	229.74540000000002
415.821	229.9854
416.044	235.96540000000002
416.267	232.6854
416.49	226.5654
416.713	225.5454
416.936	230.4254
417.159	237.6054
417.382	251.9254
417.605	276.0554
417.828	283.5954
418.051	254.5654
418.274	235.5354
418.497	227.66539999999998
418.72	230.8554
418.943	228.3854
419.166	238.5254
419.389	251.9754
419.611	257.8054
419.834	257.6854
420.057	264.69539999999995
420.28	282.1654
420.503	267.4954
420.726	257.10540000000003
420.948	257.1654
421.171	267.9054
421.394	253.0254
421.617	235.41539999999998
421.839	230.5454
422.062	232.05540000000002
422.285	236.83540000000002
422.507	256.6754
422.73	277.1754
422.953	250.1154
423.175	236.2054
423.398	233.1954
423.621	232.4454
423.843	236.21540000000002
424.066	234.1354
424.288	234.90540000000001
424.511	245.40540000000001
424.733	261.1854
424.956	280.3854
425.178	263.8954
425.401	265.4054
425.623	263.9354
425.846	234.4354
426.068	239.75539999999998
426.291	235.3154
426.513	229.09539999999998
426.735	234.4854
426.958	248.4854
427.18	281.0454
427.402	363.73539999999997
427.625	465.23539999999997
427.847	450.0454
428.069	413.0154
428.292	310.6654
428.514	247.9354
428.736	229.5654
428.958	221.34539999999998
429.181	217.71540000000002
429.403	214.55540000000002
429.625	219.3554
429.847	232.2754
430.069	253.7354
430.292	231.1254
430.514	212.1154
430.736	209.6254
430.958	208.30540000000002
431.18	203.6754
431.402	205.24540000000002
431.624	204.1954
431.846	206.3154
432.068	207.8854
432.29	209.75539999999998
432.512	209.1954
432.734	211.8254
432.956	213.2854
433.178	219.4554
433.4	219.0754
433.622	214.59539999999998
433.844	215.0254
434.066	214.5654
434.287	214.89540000000002
434.509	219.25539999999998
434.731	220.8154
434.953	223.1054
435.175	226.1254
435.397	229.1954
435.618	229.25539999999998
435.84	247.24540000000002
436.062	284.8854
436.284	275.53540000000004
436.505	233.08540000000002
436.727	228.3154
436.949	215.3854
437.17	210.1054
437.392	209.6354
437.614	221.6254
437.835	252.99540000000002
438.057	294.5654
438.278	284.4054
438.5	269.6854
438.721	303.4154
438.943	257.0154
439.165	222.66539999999998
439.386	214.6254
439.608	221.7754
439.829	239.65540000000001
440.05	282.4754
440.272	321.5754
440.493	242.2854
440.715	219.7054
440.936	215.7054
441.158	217.65540000000001
441.379	221.9454
441.6	234.6854
441.822	241.2754
442.043	246.59539999999998
442.264	274.53540000000004
442.486	263.2054
442.707	239.83540000000002
442.928	256.7554
443.149	314.1154
443.371	316.6854
443.592	284.21540000000005
443.813	298.3654
444.034	287.0154
444.255	246.59539999999998
444.476	237.33540000000002
444.698	240.4854
444.919	241.1254
445.14	282.5954
445.361	275.2054
445.582	282.2454
445.803	340.6554
446.024	344.5154
446.245	322.1754
446.466	272.4354
446.687	225.4354
446.908	214.7954
447.129	212.65540000000001
447.35	208.5654
447.571	212.5654
447.792	212.7754
448.013	222.2054
448.234	239.3754
448.455	241.0454
448.675	276.1854
448.896	292.5754
449.117	239.89540000000002
449.338	247.1254
449.559	303.1854
449.779	310.2454
450.0	228.41539999999998
450.221	209.14540000000002
450.442	206.8854
450.662	216.1854
450.883	240.5454
451.104	255.8654
451.324	218.15540000000001
451.545	203.7854
451.766	198.5454
451.986	195.25539999999998
452.207	198.4354
452.428	202.4754
452.648	213.74540000000002
452.869	233.2654
453.089	239.65540000000001
453.31	251.4454
453.53	208.09539999999998
453.751	203.7854
453.971	222.9454
454.192	242.6854
454.412	206.6054
454.633	193.30540000000002
454.853	191.7954
455.073	192.9754
455.294	204.0154
455.514	228.74540000000002
455.734	204.6354
455.955	188.08540000000002
456.175	184.8154
456.395	183.8554
456.616	186.14540000000002
456.836	187.39540000000002
457.056	187.6354
457.276	187.5254
457.497	188.9254
457.717	189.7254
457.937	193.4454
458.157	195.00539999999998
458.377	203.5354
458.598	237.6954
458.818	334.6554
459.038	370.87539999999996
459.258	288.3954
459.478	223.7954
459.698	211.6154
459.918	210.3854
460.138	213.33540000000002
460.358	216.14540000000002
460.578	221.0154
460.798	226.30540000000002
461.018	225.9854
461.238	218.6954
461.458	217.99540000000002
461.678	217.1254
461.898	220.9854
462.118	222.7954
462.338	228.6854
462.558	234.9754
462.777	243.40540000000001
462.997	275.2754
463.217	311.35540000000003
463.437	278.8354
463.657	250.64540000000002
463.876	243.75539999999998
464.096	246.5754
464.316	248.30540000000002
464.536	254.2854
464.755	250.3554
464.975	272.6954
465.195	391.3254
465.414	395.5654
465.634	245.25539999999998
465.854	223.5654
466.073	217.40540000000001
466.293	214.08540000000002
466.512	212.1254
466.732	211.9854
466.951	216.0354
467.171	226.25539999999998
467.391	251.5154
467.61	316.28540000000004
467.829	504.0254
468.049	1479.5854
468.268	2273.6754
468.488	598.4254
468.707	287.8854
468.927	237.4854
469.146	224.4354
469.365	221.0254
469.585	220.8754
469.804	236.05540000000002
470.023	241.2054
470.243	235.3854
470.462	250.8754
470.681	280.3954
470.901	245.90540000000001
471.12	241.8754
471.339	254.3254
471.558	285.5754
471.777	369.3854
471.997	717.3553999999999
472.216	2584.2454
472.435	5774.8454
472.654	1441.1753999999999
472.873	466.60540000000003
473.092	311.1754
473.311	266.6254
473.53	246.7054
473.749	237.33540000000002
473.968	250.0654
474.187	280.85540000000003
474.406	254.24540000000002
474.625	222.6254
474.844	217.66539999999998
475.063	211.80540000000002
475.282	212.05540000000002
475.501	212.4854
475.72	216.4554
475.939	211.5354
476.158	212.6954
476.377	214.4454
476.596	216.59539999999998
476.814	226.80540000000002
477.033	228.66539999999998
477.252	223.9254
477.471	223.4354
477.69	226.8654
477.908	230.16539999999998
478.127	233.40540000000001
478.346	236.1054
478.564	245.2254
478.783	258.6954
479.002	261.23539999999997
479.22	263.9354
479.439	288.78540000000004
479.658	307.0254
479.876	304.23539999999997
480.095	314.0454
480.313	356.5454
480.532	431.6454
480.751	706.1254
480.969	2241.3454
481.188	9042.475400000001
481.406	5195.625399999999
481.624	936.1654000000001
481.843	469.6354
482.061	363.4754
482.28	318.5954
482.498	291.4354
482.717	277.5154
482.935	268.3854
483.153	261.7754
483.372	253.7054
483.59	250.15540000000001
483.808	246.2654
484.027	247.0754
484.245	247.16539999999998
484.463	248.9754
484.681	252.1054
484.9	245.9354
485.118	249.00539999999998
485.336	249.25539999999998
485.554	253.40540000000001
485.772	257.4554
485.99	259.10540000000003
486.209	264.3954
486.427	266.8654
486.645	278.4054
486.863	288.8054
487.081	266.4954
487.299	257.4254
487.517	252.9554
487.735	249.24540000000002
487.953	249.21540000000002
488.171	250.0154
488.389	254.4454
488.607	260.9154
488.825	250.2754
489.043	250.5754
489.261	251.7754
489.479	251.7154
489.696	255.25539999999998
489.914	258.6654
490.132	262.35540000000003
490.35	267.4954
490.568	271.87539999999996
490.786	279.4754
491.003	290.19539999999995
491.221	310.8154
491.439	336.4254
491.657	326.8854
491.874	326.94539999999995
492.092	329.78540000000004
492.31	336.87539999999996
492.527	362.0254
492.745	368.6454
492.963	352.5454
493.18	341.0954
493.398	335.9554
493.615	333.2554
493.833	321.55539999999996
494.05	311.1354
494.268	305.4354
494.485	299.9054
494.703	292.1454
494.92	291.2054
495.138	287.2554
495.355	285.6754
495.573	283.2254
495.79	282.3954
496.008	286.0254
496.225	278.4054
496.442	276.7254
496.66	276.35540000000003
496.877	275.73539999999997
497.094	277.3454
497.312	274.8154
497.529	278.3354
497.746	281.0954
497.963	285.2654
498.181	297.05539999999996
498.398	305.6754
498.615	328.60540000000003
498.832	328.5054
499.049	323.7854
499.267	333.12539999999996
499.484	341.4254
499.701	358.1754
499.918	372.2054
500.135	384.44539999999995
500.352	399.30539999999996
500.569	414.85540000000003
500.786	418.46540000000005
501.003	398.2654
501.22	381.4354
501.437	367.2954
501.654	358.9754
501.871	369.6754
502.088	329.4354
502.305	309.5154
502.522	299.0054
502.739	290.5754
502.956	284.4554
503.172	281.5954
503.389	287.2654
503.606	306.5154
503.823	284.6754
504.04	269.9954
504.256	264.9954
504.473	266.9954
504.69	265.9254
504.907	264.3454
505.123	255.09539999999998
505.34	251.05540000000002
505.557	246.66539999999998
505.773	242.3154
505.99	239.84539999999998
506.207	238.7854
506.423	238.1754
506.64	235.16539999999998
506.856	233.9454
507.073	234.3854
507.289	237.65540000000001
507.506	240.90540000000001
507.722	273.1954
507.939	274.9554
508.155	239.7954
508.372	230.3554
508.588	230.8654
508.805	233.5154
509.021	234.6954
509.238	239.2654
509.454	240.0354
509.67	239.99540000000002
509.887	248.9254
510.103	276.6954
510.319	385.2754
510.536	1132.1254
510.752	3731.4554000000003
510.968	1078.7954
511.184	325.47540000000004
511.401	271.7954
511.617	270.0454
511.833	310.4254
512.049	289.4054
512.265	258.1654
512.481	246.1154
512.698	236.84539999999998
512.914	233.75539999999998
513.13	232.3654
513.346	230.6354
513.562	233.7754
513.778	236.5254
513.994	241.30540000000002
514.21	256.60540000000003
514.426	288.2654
514.642	325.54540000000003
514.858	308.0254
515.074	384.80539999999996
515.29	911.1754
515.506	2850.1854
515.721	1084.0054
515.937	368.9254
516.153	283.8054
516.369	259.5654
516.585	258.1154
516.801	265.6854
517.016	257.5554
517.232	253.89540000000002
517.448	255.0354
517.664	257.7654
517.879	259.0454
518.095	257.3854
518.311	282.7054
518.527	285.8054
518.742	247.1854
518.958	237.9354
519.173	235.7954
519.389	233.96540000000002
519.605	233.65540000000001
519.82	235.5254
520.036	248.6354
520.251	284.4454
520.467	270.7754
520.682	256.1154
520.898	259.9054
521.113	277.60540000000003
521.329	331.35540000000003
521.544	475.3954
521.76	1168.0954
521.975	4721.6554
522.19	2826.2954
522.406	667.6654000000001
522.621	303.6754
522.836	245.5654
523.052	228.8654
523.267	220.39540000000002
523.482	217.5254
523.698	225.3854
523.913	263.2454
524.128	232.0254
524.343	210.4754
524.559	208.4454
524.774	203.8254
524.989	209.83540000000002
525.204	226.4454
525.419	218.84539999999998
525.634	202.5654
525.849	198.75539999999998
526.064	197.2854
526.28	198.1054
526.495	194.7054
526.71	194.49540000000002
526.925	192.16539999999998
527.14	194.2654
527.355	192.8254
527.57	193.8254
527.785	192.08540000000002
527.999	191.8654
528.214	194.4754
528.429	197.6254
528.644	199.2354
528.859	196.5454
529.074	202.3554
529.289	259.7754
529.503	392.1454
529.718	234.49540000000002
529.933	200.2954
530.148	195.4854
530.363	195.9754
530.577	193.0354
530.792	192.4454
531.007	193.3754
531.221	194.99540000000002
531.436	192.80540000000002
531.651	193.2954
531.865	193.96540000000002
532.08	192.3254
532.295	194.5654
532.509	193.46540000000002
532.724	191.99540000000002
532.938	192.14540000000002
533.153	193.9754
533.367	189.4854
533.582	191.7954
533.796	192.3554
534.011	190.15540000000001
534.225	189.6154
534.44	190.8254
534.654	190.8654
534.868	188.21540000000002
535.083	190.1854
535.297	194.2854
535.511	206.83540000000002
535.726	212.65540000000001
535.94	201.14540000000002
536.154	195.2354
536.369	188.83540000000002
536.583	183.7854
536.797	186.1054
537.011	186.7254
537.225	185.96540000000002
537.44	182.7254
537.654	182.84539999999998
537.868	184.3254
538.082	184.16539999999998
538.296	182.9754
538.51	181.58540000000002
538.724	180.0354
538.938	183.9754
539.153	190.7854
539.367	210.4854
539.581	192.8854
539.795	182.16539999999998
540.009	181.9754
540.222	181.8654
540.436	181.6954
540.65	179.9854
540.864	186.49540000000002
541.078	190.7854
541.292	183.74540000000002
541.506	179.3154
541.72	179.24540000000002
541.934	176.2054
542.147	176.6954
542.361	177.6254
542.575	176.90540000000001
542.789	184.09539999999998
543.002	181.41539999999998
543.216	185.0654
543.43	194.0654
543.644	184.7054
543.857	179.80540000000002
544.071	178.66539999999998
544.285	180.16539999999998
544.498	179.75539999999998
544.712	178.4854
544.925	179.3154
545.139	179.75539999999998
545.352	176.71540000000002
545.566	177.7854
545.779	176.1254
545.993	178.7854
546.206	178.1354
546.42	178.6854
546.633	181.75539999999998
546.847	180.3754
547.06	176.8554
547.274	177.0754
547.487	177.6054
547.7	177.0254
547.914	176.4254
548.127	178.7654
548.34	178.1354
548.554	176.0354
548.767	177.5354
548.98	179.7354
549.193	177.5454
549.407	178.1754
549.62	180.6354
549.833	178.6954
550.046	177.99540000000002
550.259	181.0154
550.473	178.3554
550.686	178.05540000000002
550.899	177.3654
551.112	179.2654
551.325	186.3654
551.538	205.09539999999998
551.751	190.1854
551.964	181.66539999999998
552.177	179.2754
552.39	179.21540000000002
552.603	181.9454
552.816	184.6054
553.029	185.2054
553.242	190.4854
553.455	200.4254
553.667	215.8254
553.88	216.05540000000002
554.093	205.2654
554.306	239.8854
554.519	255.1054
554.732	202.99540000000002
554.944	186.2754
555.157	178.7854
555.37	175.21540000000002
555.583	177.6354
555.795	177.8254
556.008	171.9554
556.221	169.8854
556.433	168.66539999999998
556.646	171.8754
556.859	167.3054
557.071	168.3054
557.284	164.5554
557.496	164.1454
557.709	164.08540000000002
557.921	165.6454
558.134	163.5754
558.346	162.7754
558.559	163.34539999999998
558.771	162.8254
558.984	164.5654
559.196	163.2654
559.409	163.9354
559.621	165.9654
559.833	168.00539999999998
560.046	175.8254
560.258	221.5454
560.47	280.9754
560.683	205.91539999999998
560.895	173.4254
561.107	166.8954
561.32	164.74540000000002
561.532	162.2154
561.744	162.25539999999998
561.956	161.8054
562.168	162.5754
562.381	162.5154
562.593	161.3154
562.805	164.3054
563.017	161.3554
563.229	162.1654
563.441	160.4854
563.653	160.87539999999998
563.865	159.74540000000002
564.077	160.87539999999998
564.289	162.7754
564.501	163.84539999999998
564.713	166.0554
564.925	176.3254
565.137	192.0254
565.349	174.6254
565.561	172.6954
565.773	174.40540000000001
565.985	176.0254
566.197	179.1954
566.408	184.16539999999998
566.62	190.1754
566.832	195.0654
567.044	195.8254
567.255	198.1054
567.467	201.34539999999998
567.679	204.1154
567.891	210.2654
568.102	209.8654
568.314	203.0354
568.526	192.6854
568.737	187.41539999999998
568.949	181.00539999999998
569.161	175.16539999999998
569.372	171.00539999999998
569.584	168.8054
569.795	170.0254
570.007	199.91539999999998
570.218	382.71540000000005
570.43	227.2754
570.641	165.6954
570.853	159.4254
571.064	159.3254
571.276	161.0554
571.487	155.50539999999998
571.698	153.24540000000002
571.91	151.1454
572.121	150.59539999999998
572.333	148.6154
572.544	147.4754
572.755	147.49540000000002
572.966	148.4754
573.178	147.2854
573.389	148.3854
573.6	145.58540000000002
573.811	143.90540000000001
574.023	146.34539999999998
574.234	144.2054
574.445	146.3154
574.656	144.0154
574.867	145.58540000000002
575.078	143.9854
575.289	143.40540000000001
575.501	145.6154
575.712	141.6854
575.923	140.8254
576.134	141.0654
576.345	141.6454
576.556	142.65540000000001
576.767	144.25539999999998
576.978	144.24540000000002
577.188	144.8154
577.399	146.8554
577.61	148.62539999999998
577.821	156.9554
578.032	177.34539999999998
578.243	386.4554
578.454	1108.3154
578.665	316.4954
578.875	159.5654
579.086	142.5354
579.297	138.3554
579.508	137.4354
579.718	138.5354
579.929	135.9454
580.14	134.7954
580.35	134.4754
580.561	134.9654
580.772	134.7854
580.982	133.7954
581.193	133.6754
581.403	135.4554
581.614	133.1954
581.825	132.6854
582.035	133.5554
582.246	134.1454
582.456	133.1454
582.667	133.3054
582.877	133.12539999999998
583.087	132.9454
583.298	133.4554
583.508	130.5354
583.719	131.24540000000002
583.929	133.7954
584.139	133.40540000000001
584.35	130.6354
584.56	132.6854
584.77	130.24540000000002
584.981	132.84539999999998
585.191	134.7754
585.401	133.4354
585.611	131.6454
585.821	133.84539999999998
586.032	133.7354
586.242	130.9554
586.452	132.4754
586.662	129.9154
586.872	129.5654
587.082	129.4654
587.292	130.1054
587.502	128.1954
587.713	129.4754
587.923	132.1154
588.133	130.7654
588.343	132.2054
588.553	131.74540000000002
588.762	137.74540000000002
588.972	160.4154
589.182	314.1854
589.392	200.3554
589.602	179.6154
589.812	248.75539999999998
590.022	159.84539999999998
590.232	133.0454
590.441	132.3154
590.651	129.7254
590.861	129.9454
591.071	131.2154
591.281	134.2854
591.49	130.90540000000001
591.7	130.34539999999998
591.91	134.2654
592.119	132.4754
592.329	138.6354
592.539	145.9654
592.748	139.1154
592.958	138.6954
593.167	138.3054
593.377	139.59539999999998
593.587	145.2854
593.796	140.3654
594.006	138.0354
594.215	137.84539999999998
594.424	139.9154
594.634	137.1754
594.843	135.7954
595.053	135.4654
595.262	132.74540000000002
595.472	132.6954
595.681	131.4654
595.89	130.4154
596.1	129.62539999999998
596.309	126.97540000000001
596.518	128.0354
596.727	131.0254
596.937	129.3154
597.146	126.26540000000001
597.355	126.7954
597.564	124.8054
597.774	125.8354
597.983	125.2954
598.192	122.9854
598.401	123.69539999999999
598.61	123.3354
598.819	123.9054
599.028	123.59540000000001
599.237	123.0554
599.446	122.8854
599.655	123.9654
599.864	123.97540000000001
600.073	122.67540000000001
600.282	125.44539999999999
600.491	123.8854
600.7	121.75540000000001
600.909	124.1254
601.118	124.3254
601.327	124.3254
601.536	123.59540000000001
601.745	123.2154
601.953	124.4954
602.162	124.9954
602.371	127.3654
602.58	122.5754
602.789	125.3754
602.997	123.39540000000001
603.206	123.0754
603.415	121.51540000000001
603.623	119.8354
603.832	123.0354
604.041	122.8054
604.249	119.39540000000001
604.458	120.42540000000001
604.666	119.8354
604.875	119.7354
605.084	119.5554
605.292	117.89540000000001
605.501	118.72540000000001
605.709	120.27539999999999
605.918	117.35539999999999
606.126	120.44539999999999
606.334	118.94539999999999
606.543	118.59540000000001
606.751	119.2354
606.96	118.67540000000001
607.168	120.22540000000001
607.376	129.4554
607.585	124.0754
607.793	121.43539999999999
608.001	119.9554
608.21	118.75540000000001
608.418	119.89540000000001
608.626	119.02539999999999
608.834	119.92540000000001
609.043	118.9154
609.251	118.7354
609.459	118.51540000000001
609.667	119.9054
609.875	118.9854
610.083	120.00540000000001
610.291	119.5554
610.499	122.85539999999999
610.707	120.8654
610.916	120.1654
611.124	120.5654
611.332	120.01540000000001
611.54	119.7154
611.748	116.92540000000001
611.955	117.8854
612.163	117.5354
612.371	117.18539999999999
612.579	117.84540000000001
612.787	117.75540000000001
612.995	117.8054
613.203	118.4854
613.411	117.42540000000001
613.618	117.3154
613.826	115.9154
614.034	117.3854
614.242	117.19539999999999
614.449	118.4954
614.657	126.59540000000001
614.865	118.8054
615.072	119.0754
615.28	122.35539999999999
615.488	123.5554
615.695	117.7154
615.903	120.51540000000001
616.111	121.93539999999999
616.318	125.1554
616.526	120.51540000000001
616.733	119.3654
616.941	116.25540000000001
617.148	117.5554
617.356	116.3054
617.563	116.51540000000001
617.771	116.1254
617.978	113.47540000000001
618.185	113.5454
618.393	114.3754
618.6	114.5454
618.807	115.42540000000001
619.015	114.27539999999999
619.222	113.1654
619.429	115.3654
619.637	114.5454
619.844	112.1154
620.051	111.84540000000001
620.258	113.3154
620.466	110.9554
620.673	109.75540000000001
620.88	109.8854
621.087	110.6154
621.294	110.72540000000001
621.501	110.75540000000001
621.708	114.8854
621.915	111.5554
622.122	111.9554
622.329	113.2354
622.536	111.1554
622.743	109.25540000000001
622.95	109.8354
623.157	110.64540000000001
623.364	110.1554
623.571	109.5554
623.778	108.1354
623.985	110.7854
624.192	108.7154
624.399	109.6254
624.606	110.8854
624.812	109.3354
625.019	108.50540000000001
625.226	108.6654
625.433	110.6154
625.639	106.5854
625.846	107.0554
626.053	107.67540000000001
626.259	107.69539999999999
626.466	109.4654
626.673	108.1654
626.879	106.3854
627.086	109.5354
627.293	106.39540000000001
627.499	107.1154
627.706	108.17540000000001
627.912	105.2454
628.119	104.8254
628.325	107.42540000000001
628.532	107.2954
628.738	106.17540000000001
628.945	105.8154
629.151	104.72540000000001
629.357	104.2354
629.564	105.50540000000001
629.77	104.8754
629.976	106.02539999999999
630.183	105.5354
630.389	103.97540000000001
630.595	103.89540000000001
630.802	105.0854
631.008	104.0054
631.214	104.4154
631.42	105.2954
631.627	108.1554
631.833	103.85539999999999
632.039	103.5754
632.245	103.59540000000001
632.451	104.14540000000001
632.657	104.1154
632.863	105.44539999999999
633.069	103.7654
633.275	105.9854
633.481	104.0554
633.688	104.6354
633.893	107.6354
634.099	105.5854
634.305	105.94539999999999
634.511	107.1354
634.717	109.51540000000001
634.923	109.93539999999999
635.129	110.6354
635.335	114.4154
635.541	119.2154
635.747	131.8054
635.952	152.6854
636.158	249.80540000000002
636.364	885.5554000000001
636.57	760.1454
636.775	267.0254
636.981	156.40540000000001
637.187	131.6654
637.392	119.7954
637.598	115.8154
637.804	113.34540000000001
638.009	109.43539999999999
638.215	109.4854
638.421	107.8054
638.626	103.94539999999999
638.832	105.9854
639.037	104.22540000000001
639.243	103.0154
639.448	103.9054
639.654	106.0054
639.859	100.7354
640.065	101.4954
640.27	106.7654
640.475	102.4954
640.681	101.2854
640.886	102.0654
641.091	102.2854
641.297	105.3054
641.502	101.0654
641.707	104.0454
641.913	103.3154
642.118	100.52539999999999
642.323	98.43539999999999
642.528	101.8754
642.733	101.3254
642.939	101.2654
643.144	101.4554
643.349	100.6154
643.554	101.1554
643.759	98.77539999999999
643.964	98.14540000000001
644.169	99.6554
644.374	99.7554
644.579	99.2854
644.784	98.8254
644.989	100.3054
645.194	99.0354
645.399	100.47540000000001
645.604	98.3854
645.809	102.1354
646.014	100.0954
646.219	99.0954
646.423	99.0754
646.628	98.4854
646.833	100.3254
647.038	101.64540000000001
647.243	101.7854
647.447	100.1754
647.652	100.9954
647.857	100.2054
648.062	102.8154
648.266	103.18539999999999
648.471	103.6754
648.676	106.27539999999999
648.88	104.0554
649.085	103.6754
649.289	104.3054
649.494	117.0354
649.698	147.8654
649.903	118.10539999999999
650.107	104.0154
650.312	100.7154
650.516	97.4254
650.721	96.44539999999999
650.925	96.72540000000001
651.13	94.4154
651.334	94.72540000000001
651.539	95.5854
651.743	94.6554
651.947	94.1554
652.152	96.3154
652.356	95.3154
652.56	95.0654
652.764	91.2954
652.969	92.9654
653.173	92.7354
653.377	92.52539999999999
653.581	91.8154
653.785	92.8354
653.99	92.39540000000001
654.194	91.4154
654.398	91.7354
654.602	93.7054
654.806	97.5654
655.01	110.7154
655.214	99.97540000000001
655.418	93.5454
655.622	94.8454
655.826	96.2654
656.03	97.43539999999999
656.234	102.8754
656.438	110.6754
656.642	115.68539999999999
656.846	104.43539999999999
657.049	97.3654
657.253	94.6654
657.457	90.0754
657.661	88.0954
657.865	87.9954
658.068	87.3854
658.272	85.3154
658.476	86.3354
658.68	85.1154
658.883	84.5654
659.087	85.35539999999999
659.291	85.4254
659.494	86.6254
659.698	85.22540000000001
659.901	84.25540000000001
660.105	86.0154
660.309	84.5954
660.512	84.9054
660.716	88.5354
660.919	87.60539999999999
661.123	86.2654
661.326	83.2054
661.53	85.0954
661.733	83.4054
661.936	83.3154
662.14	83.0854
662.343	81.8854
662.546	82.0354
662.75	80.9054
662.953	84.3154
663.156	82.8354
663.36	82.5854
663.563	83.3654
663.766	81.50540000000001
663.969	83.2954
664.173	81.0054
664.376	82.2654
664.579	80.2454
664.782	80.0554
664.985	82.00540000000001
665.188	82.10539999999999
665.391	81.9554
665.594	80.9854
665.797	82.3254
666.0	80.6854
666.203	80.83539999999999
666.406	79.2654
666.609	82.1154
666.812	82.5654
667.015	80.8154
667.218	83.35539999999999
667.421	83.1654
667.624	80.4254
667.827	82.2154
668.03	82.19539999999999
668.232	80.44539999999999
668.435	79.0054
668.638	81.47540000000001
668.841	83.8754
669.043	80.7354
669.246	80.39540000000001
669.449	81.3354
669.651	80.6554
669.854	80.4654
670.057	82.0154
670.259	79.7054
670.462	82.35539999999999
670.665	81.97540000000001
670.867	82.27539999999999
671.07	81.7454
671.272	82.7954
671.475	82.97540000000001
671.677	80.9854
671.88	80.8854
672.082	80.7454
672.284	82.5854
672.487	81.5354
672.689	80.4354
672.892	80.7854
