223.165	-18.2418
223.4	-18.2418
223.635	-18.2418
223.869	-19.2818
224.104	-19.0218
224.338	-14.741800000000001
224.573	-14.0418
224.808	-13.0218
225.042	-8.171800000000001
225.277	-5.041799999999999
225.511	-2.8218
225.746	2.9581999999999997
225.98	6.9282
226.215	11.638200000000001
226.449	16.6282
226.683	19.7882
226.918	25.5182
227.152	30.9282
227.387	34.3782
227.621	38.8782
227.856	44.1882
228.09	47.5482
228.324	50.8082
228.559	56.618199999999995
228.793	59.0982
229.027	65.3282
229.262	70.6782
229.496	75.3182
229.73	84.76820000000001
229.964	83.96820000000001
230.199	77.4082
230.433	77.9682
230.667	81.7482
230.901	82.0082
231.136	80.2782
231.37	83.5782
231.604	80.70819999999999
231.838	84.1182
232.072	84.26820000000001
232.306	84.21820000000001
232.541	84.2082
232.775	84.6782
233.009	86.0282
233.243	84.8282
233.477	83.8582
233.711	86.72819999999999
233.945	84.79820000000001
234.179	85.5382
234.413	84.7082
234.647	84.1782
234.881	85.64819999999999
235.115	83.9582
235.349	84.1382
235.583	83.73819999999999
235.817	83.1782
236.051	83.0982
236.285	81.7082
236.519	82.7582
236.753	84.79820000000001
236.987	86.2482
237.221	90.2782
237.455	92.7182
237.689	84.56819999999999
237.922	81.97819999999999
238.156	83.5882
238.39	81.8482
238.624	81.5382
238.858	81.2782
239.091	82.43820000000001
239.325	81.26820000000001
239.559	84.8782
239.793	84.26820000000001
240.027	86.0382
240.26	85.81819999999999
240.494	86.2882
240.728	84.6582
240.961	83.80819999999999
241.195	84.4982
241.429	84.54820000000001
241.662	81.9182
241.896	82.0282
242.13	82.0882
242.363	81.5782
242.597	83.55819999999999
242.83	84.80819999999999
243.064	83.8582
243.298	83.6082
243.531	84.1182
243.765	87.0382
243.998	87.2782
244.232	88.04820000000001
244.465	88.0782
244.699	88.6582
244.932	86.8682
245.166	86.51820000000001
245.399	86.8582
245.633	87.0882
245.866	87.2482
246.099	85.51820000000001
246.333	85.71820000000001
246.566	86.7082
246.8	85.1182
247.033	88.1082
247.266	89.22819999999999
247.5	88.47819999999999
247.733	89.05819999999999
247.966	89.81819999999999
248.2	90.0282
248.433	90.23819999999999
248.666	89.5882
248.899	93.3582
249.133	95.7182
249.366	104.55819999999999
249.599	102.1982
249.832	93.05819999999999
250.066	92.4282
250.299	91.6982
250.532	93.39819999999999
250.765	92.22819999999999
250.998	94.8282
251.231	94.3682
251.465	94.5882
251.698	90.9082
251.931	93.0782
252.164	92.0282
252.397	91.6582
252.63	94.6982
252.863	92.2782
253.096	94.9082
253.329	96.22819999999999
253.562	95.1382
253.795	92.7082
254.028	96.2182
254.261	97.48819999999999
254.494	95.2782
254.727	101.93820000000001
254.96	101.6082
255.193	99.3882
255.426	96.4482
255.659	97.0282
255.892	99.2082
256.124	97.22819999999999
256.357	97.0382
256.59	95.51820000000001
256.823	94.7082
257.056	95.23819999999999
257.289	96.2782
257.521	95.1282
257.754	95.72819999999999
257.987	95.23819999999999
258.22	96.8682
258.452	95.5082
258.685	96.5382
258.918	96.31819999999999
259.151	96.8882
259.383	98.3382
259.616	96.48819999999999
259.849	96.4182
260.081	100.2482
260.314	101.3382
260.547	100.0882
260.779	98.8482
261.012	98.0482
261.244	97.6682
261.477	103.7182
261.71	104.30819999999999
261.942	114.72819999999999
262.175	118.2882
262.407	102.26820000000001
262.64	98.8882
262.872	97.5982
263.105	97.7582
263.337	98.3882
263.57	98.18820000000001
263.802	99.6282
264.035	98.2182
264.267	98.56819999999999
264.499	97.8582
264.732	98.9182
264.964	98.43820000000001
265.197	99.23819999999999
265.429	99.0282
265.661	98.1282
265.894	101.2982
266.126	100.3482
266.358	101.2882
266.591	98.22819999999999
266.823	98.5882
267.055	99.7082
267.287	101.1382
267.52	99.5282
267.752	102.64819999999999
267.984	100.2082
268.216	100.05819999999999
268.448	102.8882
268.681	101.23819999999999
268.913	104.9482
269.145	105.1582
269.377	105.80819999999999
269.609	103.1382
269.841	105.55819999999999
270.073	105.4082
270.306	109.26820000000001
270.538	109.8782
270.77	107.3482
271.002	107.3882
271.234	105.30819999999999
271.466	108.64819999999999
271.698	108.9182
271.93	109.51820000000001
272.162	110.4682
272.394	110.43820000000001
272.626	106.1382
272.858	104.5382
273.09	106.06819999999999
273.322	105.7882
273.553	104.3282
273.785	105.4282
274.017	104.1782
274.249	105.1582
274.481	103.51820000000001
274.713	105.7982
274.945	106.9182
275.176	105.47819999999999
275.408	107.3382
275.64	107.9082
275.872	106.1582
276.104	107.01820000000001
276.335	108.9182
276.567	113.7882
276.799	120.8782
277.031	119.1782
277.262	114.7982
277.494	112.6182
277.726	110.81819999999999
277.957	107.68820000000001
278.189	105.8582
278.421	107.0782
278.652	106.8582
278.884	105.8282
279.115	107.68820000000001
279.347	106.4282
279.579	107.1282
279.81	106.8282
280.042	109.6382
280.273	110.2782
280.505	107.26820000000001
280.736	108.2182
280.968	108.4282
281.199	108.6382
281.431	108.9282
281.662	109.5282
281.894	112.6582
282.125	116.2882
282.356	129.9082
282.588	145.7482
282.819	128.0082
283.051	112.6982
283.282	110.2982
283.513	112.01820000000001
283.745	110.6182
283.976	109.3582
284.207	110.6182
284.439	111.7982
284.67	110.3582
284.901	109.8582
285.132	108.6382
285.364	111.0782
285.595	111.6382
285.826	112.68820000000001
286.057	112.7082
286.288	111.2482
286.52	113.0482
286.751	110.3582
286.982	111.81819999999999
287.213	110.6182
287.444	114.0782
287.675	113.56819999999999
287.906	114.5882
288.138	115.56819999999999
288.369	117.72819999999999
288.6	118.3582
288.831	112.48819999999999
289.062	115.3282
289.293	113.26820000000001
289.524	113.4182
289.755	113.5782
289.986	112.30819999999999
290.217	112.1282
290.448	114.9182
290.679	113.51820000000001
290.91	113.68820000000001
291.141	111.8882
291.371	114.5882
291.602	112.1682
291.833	112.1982
292.064	113.7082
292.295	114.8282
292.526	113.5082
292.757	115.1582
292.987	113.93820000000001
293.218	113.31819999999999
293.449	112.8682
293.68	113.1382
293.91	114.8582
294.141	114.7082
294.372	114.1282
294.603	113.48819999999999
294.833	116.8382
295.064	113.7482
295.295	115.31819999999999
295.525	116.0282
295.756	124.4282
295.987	132.6182
296.217	148.1782
296.448	139.91819999999998
296.679	119.0382
296.909	117.68820000000001
297.14	117.0282
297.37	116.7182
297.601	115.8682
297.831	117.1182
298.062	117.97819999999999
298.292	116.8782
298.523	118.80819999999999
298.753	118.1682
298.984	116.30819999999999
299.214	117.72819999999999
299.445	118.5782
299.675	119.3382
299.905	121.3582
300.136	117.6182
300.366	117.73819999999999
300.597	118.26820000000001
300.827	121.3582
301.057	124.5482
301.288	128.3382
301.518	122.8382
301.748	119.9682
301.979	131.0582
302.209	123.1182
302.439	121.8882
302.669	120.8682
302.9	118.4082
303.13	120.98819999999999
303.36	122.6782
303.59	127.23819999999999
303.82	128.8382
304.051	123.97819999999999
304.281	121.01820000000001
304.511	122.2082
304.741	119.0082
304.971	117.51820000000001
305.201	119.9982
305.431	120.1682
305.661	121.80819999999999
305.891	120.0982
306.121	123.5982
306.352	126.7482
306.582	129.03820000000002
306.812	122.7882
307.042	121.0082
307.272	121.6382
307.502	121.6182
307.731	123.8482
307.961	122.0482
308.191	120.5282
308.421	120.4682
308.651	121.1782
308.881	121.1282
309.111	122.26820000000001
309.341	123.4082
309.571	125.4682
309.8	124.97819999999999
310.03	127.1182
310.26	126.7982
310.49	126.2482
310.72	128.7982
310.949	130.91819999999998
311.179	130.2982
311.409	125.51820000000001
311.639	125.4282
311.868	127.23819999999999
312.098	126.9082
312.328	128.3482
312.557	131.6582
312.787	133.87820000000002
313.017	132.7482
313.246	128.1582
313.476	124.7582
313.706	126.6982
313.935	127.0782
314.165	131.3482
314.394	131.1582
314.624	129.5482
314.853	128.63819999999998
315.083	126.80819999999999
315.312	125.8482
315.542	125.0382
315.771	126.3782
316.001	125.26820000000001
316.23	124.6282
316.46	124.39819999999999
316.689	124.43820000000001
316.919	126.55819999999999
317.148	128.41819999999998
317.377	127.9182
317.607	127.6182
317.836	126.05819999999999
318.065	124.9982
318.295	124.8682
318.524	122.7582
318.753	126.3782
318.983	126.22819999999999
319.212	129.88819999999998
319.441	134.5682
319.67	132.7482
319.9	127.97819999999999
320.129	127.1782
320.358	127.26820000000001
320.587	128.38819999999998
320.816	127.56819999999999
321.046	130.6882
321.275	129.2982
321.504	127.7982
321.733	130.5782
321.962	131.1582
322.191	132.8282
322.42	135.6482
322.649	141.9382
322.878	143.03820000000002
323.108	147.2182
323.337	153.04819999999998
323.566	159.36819999999997
323.795	176.4582
324.024	217.5482
324.253	361.2482
324.482	695.1582
324.71	1351.7282
324.939	1762.4382
325.168	712.7882000000001
325.397	255.74819999999997
325.626	177.3482
325.855	160.54819999999998
326.084	157.4082
326.313	162.4382
326.542	176.2882
326.77	238.01819999999998
326.999	408.3382
327.228	780.7782
327.457	1380.1882
327.686	1127.4782
327.914	356.0882
328.143	214.94819999999999
328.372	181.60819999999998
328.6	162.0682
328.829	155.9082
329.058	161.19819999999999
329.287	160.3582
329.515	148.94819999999999
329.744	145.3782
329.972	148.2182
330.201	155.0782
330.43	168.1482
330.658	165.22820000000002
330.887	171.69819999999999
331.115	159.1282
331.344	141.5282
331.572	141.94819999999999
331.801	144.0982
332.03	144.5882
332.258	142.8182
332.486	138.19819999999999
332.715	139.5882
332.943	140.3782
333.172	145.2282
333.4	144.95819999999998
333.629	152.79819999999998
333.857	157.3382
334.085	156.9282
334.314	163.6282
334.542	176.56820000000002
334.771	173.0282
334.999	150.2282
335.227	145.20819999999998
335.455	142.36819999999997
335.684	142.5182
335.912	143.13819999999998
336.14	142.3782
336.369	141.0282
336.597	142.2782
336.825	141.2182
337.053	138.8082
337.281	137.3082
337.51	135.5282
337.738	137.2682
337.966	134.79819999999998
338.194	137.0282
338.422	136.29819999999998
338.65	134.8182
338.878	133.9282
339.106	131.3182
339.334	135.7382
339.562	132.2482
339.79	131.5182
340.018	129.5182
340.246	132.2582
340.474	134.2182
340.702	131.9882
340.93	130.4782
341.158	131.79819999999998
341.386	133.6582
341.614	133.9682
341.842	132.3082
342.07	131.29819999999998
342.298	131.5182
342.526	130.16819999999998
342.754	129.41819999999998
342.981	128.5882
343.209	130.61819999999997
343.437	142.0082
343.665	135.7282
343.893	138.9682
344.12	140.5082
344.348	136.6482
344.576	135.3282
344.804	136.19819999999999
345.031	135.2482
345.259	136.9982
345.487	133.9782
345.714	133.66819999999998
345.942	131.7582
346.17	130.7482
346.397	128.6082
346.625	132.4682
346.853	131.8482
347.08	129.8682
347.308	132.0082
347.535	134.3982
347.763	136.3782
347.99	137.03820000000002
348.218	138.79819999999998
348.445	137.38819999999998
348.673	135.0282
348.9	133.38819999999998
349.128	133.13819999999998
349.355	131.0582
349.583	132.5182
349.81	130.8182
350.037	132.4982
350.265	132.1182
350.492	132.7782
350.72	132.0082
350.947	135.37820000000002
351.174	141.5582
351.402	142.7382
351.629	138.5182
351.856	136.5182
352.083	138.0882
352.311	140.87820000000002
352.538	141.5882
352.765	142.0982
352.992	146.0482
353.22	143.41819999999998
353.447	138.6082
353.674	136.6782
353.901	134.4582
354.128	135.3082
354.355	134.2082
354.583	134.88819999999998
354.81	135.6982
355.037	132.8582
355.264	132.12820000000002
355.491	132.53820000000002
355.718	129.78820000000002
355.945	132.6582
356.172	131.78820000000002
356.399	131.8582
356.626	132.8382
356.853	130.4682
357.08	130.5982
357.307	131.6582
357.534	129.16819999999998
357.761	132.0882
357.988	134.6082
358.215	136.4982
358.441	134.4982
358.668	132.2782
358.895	131.4982
359.122	129.62820000000002
359.349	128.3182
359.576	129.4982
359.802	135.4882
360.029	143.4382
360.256	143.8982
360.483	136.4882
360.709	129.3682
360.936	132.8082
361.163	131.7682
361.39	132.8482
361.616	132.6582
361.843	130.0782
362.07	130.8282
362.296	132.6782
362.523	129.2382
362.749	130.53820000000002
362.976	129.5282
363.203	130.38819999999998
363.429	127.9082
363.656	128.6882
363.882	126.8482
364.109	128.4982
364.335	129.1582
364.562	128.7182
364.788	128.8982
365.015	130.7582
365.241	133.8082
365.468	139.6882
365.694	137.8682
365.92	129.5182
366.147	127.6382
366.373	125.5882
366.599	124.8382
366.826	126.89819999999999
367.052	126.3382
367.278	128.4882
367.505	125.7582
367.731	130.2282
367.957	127.51820000000001
368.184	127.3382
368.41	133.9682
368.636	141.9882
368.862	147.9782
369.089	137.9382
369.315	129.66819999999998
369.541	130.3082
369.767	130.0682
369.993	129.0282
370.219	129.4382
370.445	127.6782
370.672	128.1982
370.898	128.13819999999998
371.124	129.0682
371.35	129.7182
371.576	128.1582
371.802	129.7282
372.028	129.7682
372.254	130.63819999999998
372.48	129.8482
372.706	130.88819999999998
372.932	131.9882
373.158	129.8282
373.384	135.0282
373.61	135.1282
373.835	131.9382
374.061	131.61819999999997
374.287	133.5582
374.513	133.0582
374.739	133.8782
374.965	136.2282
375.191	135.95819999999998
375.416	135.2582
375.642	134.44819999999999
375.868	136.11819999999997
376.094	134.29819999999998
376.319	131.6482
376.545	132.0282
376.771	130.91819999999998
376.997	131.13819999999998
377.222	132.6882
377.448	132.8382
377.674	131.5882
377.899	132.95819999999998
378.125	132.3082
378.35	134.1282
378.576	133.9882
378.802	132.9782
379.027	134.8282
379.253	134.7182
379.478	133.7282
379.704	133.70819999999998
379.929	135.7882
380.155	135.9382
380.38	137.11819999999997
380.606	138.29819999999998
380.831	136.5682
381.057	141.29819999999998
381.282	139.0282
381.507	138.7782
381.733	140.95819999999998
381.958	141.3582
382.184	143.0982
382.409	146.1082
382.634	149.4382
382.86	146.7782
383.085	149.2182
383.31	146.9882
383.535	149.4082
383.761	148.9982
383.986	150.1282
384.211	149.6282
384.436	150.1482
384.662	154.2582
384.887	156.3082
385.112	159.54819999999998
385.337	161.0882
385.562	161.3082
385.787	161.1582
386.013	165.10819999999998
386.238	168.8282
386.463	160.66819999999998
386.688	165.15819999999997
386.913	160.7782
387.138	159.9982
387.363	158.1782
387.588	153.63819999999998
387.813	155.9682
388.038	162.0682
388.263	170.1282
388.488	165.2782
388.713	148.36819999999997
388.938	142.7482
389.163	144.94819999999999
389.387	144.79819999999998
389.612	142.1282
389.837	141.4282
390.062	141.63819999999998
390.287	139.7682
390.512	138.9082
390.736	140.63819999999998
390.961	141.9282
391.186	143.8982
391.411	146.7282
391.636	146.36819999999997
391.86	141.8182
392.085	142.2582
392.31	140.3582
392.534	137.7282
392.759	140.5082
392.984	139.1582
393.208	140.16819999999998
393.433	143.0982
393.658	140.38819999999998
393.882	138.1282
394.107	137.4882
394.331	138.20819999999998
394.556	138.4782
394.78	140.9782
395.005	141.0382
395.229	139.4482
395.454	141.5282
395.678	141.86819999999997
395.903	144.0782
396.127	143.5982
396.352	141.1482
396.576	137.9382
396.801	141.29819999999998
397.025	141.04819999999998
397.249	141.7782
397.474	144.6882
397.698	142.4382
397.922	144.4282
398.147	143.0582
398.371	144.70819999999998
398.595	147.7782
398.82	148.6482
399.044	154.3482
399.268	162.44819999999999
399.492	173.1882
399.717	178.76819999999998
399.941	176.8882
400.165	173.65819999999997
400.389	167.0082
400.613	156.4782
400.837	151.9982
401.062	151.2382
401.286	149.95819999999998
401.51	149.7782
401.734	152.5882
401.958	157.9982
402.182	174.1882
402.406	195.5482
402.63	170.7082
402.854	157.2382
403.078	157.16819999999998
403.302	154.6482
403.526	157.29819999999998
403.75	158.5882
403.974	157.0882
404.198	159.1482
404.422	160.5582
404.645	157.8082
404.869	159.3182
405.093	166.6382
405.317	169.41819999999998
405.541	169.72820000000002
405.765	163.97820000000002
405.988	174.8982
406.212	212.3882
406.436	250.0382
406.66	196.8982
406.883	168.0582
407.107	168.7182
407.331	176.01819999999998
407.555	183.0382
407.778	177.9882
408.002	168.1382
408.226	163.8482
408.449	160.9282
408.673	162.4582
408.896	165.7882
409.12	168.3982
409.344	162.1782
409.567	156.2682
409.791	159.0182
410.014	160.8382
410.238	157.95819999999998
410.461	158.1082
410.685	160.0882
410.908	164.0582
411.132	170.67819999999998
411.355	165.5282
411.578	158.0882
411.802	153.5782
412.025	154.0282
412.249	156.0782
412.472	159.5682
412.695	161.8282
412.919	154.1782
413.142	151.3982
413.365	150.5982
413.589	151.3582
413.812	149.04819999999998
414.035	152.0382
414.258	151.4082
414.482	152.0582
414.705	151.3782
414.928	152.5882
415.151	152.9982
415.374	154.3282
415.597	150.7682
415.821	148.19819999999999
416.044	153.0082
416.267	149.7582
416.49	148.8482
416.713	147.20819999999998
416.936	150.8782
417.159	147.3982
417.382	148.2782
417.605	149.4382
417.828	153.4682
418.051	153.0282
418.274	148.7882
418.497	147.70819999999998
418.72	149.0282
418.943	150.0682
419.166	155.3782
419.389	160.0682
419.611	159.0682
419.834	156.16819999999998
420.057	154.2382
420.28	151.4982
420.503	149.41819999999998
420.726	148.7782
420.948	151.9282
421.171	158.8182
421.394	157.16819999999998
421.617	151.5082
421.839	150.66819999999998
422.062	151.1582
422.285	154.5082
422.507	167.2182
422.73	173.3982
422.953	162.8482
423.175	156.54819999999998
423.398	154.4682
423.621	154.5282
423.843	155.9082
424.066	154.2682
424.288	154.1082
424.511	158.88819999999998
424.733	165.83819999999997
424.956	175.22820000000002
425.178	167.44819999999999
425.401	169.3882
425.623	167.7082
425.846	153.88819999999998
426.068	153.13819999999998
426.291	151.6482
426.513	150.4882
426.735	153.1582
426.958	157.3582
427.18	174.06820000000002
427.402	204.1382
427.625	219.3082
427.847	186.2382
428.069	168.35819999999998
428.292	150.5882
428.514	143.79819999999998
428.736	141.6582
428.958	140.6582
429.181	140.70819999999998
429.403	141.5182
429.625	142.3082
429.847	149.1582
430.069	160.1882
430.292	151.2382
430.514	140.1882
430.736	141.5582
430.958	139.19819999999999
431.18	138.36819999999997
431.402	140.0982
431.624	139.6482
431.846	141.66819999999998
432.068	141.5782
432.29	140.45819999999998
432.512	143.1882
432.734	141.6882
432.956	144.5182
433.178	151.0282
433.4	149.6782
433.622	144.94819999999999
433.844	142.1782
434.066	144.9682
434.287	145.1882
434.509	146.7582
434.731	148.41819999999998
434.953	147.7682
435.175	151.0982
435.397	152.5682
435.618	153.11819999999997
435.84	161.6882
436.062	184.72820000000002
436.284	177.7782
436.505	156.4882
436.727	154.9982
436.949	146.6582
437.17	144.2182
437.392	140.6882
437.614	147.20819999999998
437.835	157.7682
438.057	173.31820000000002
438.278	176.0482
438.5	172.8982
438.721	191.9882
438.943	167.8982
439.165	146.2382
439.386	144.8482
439.608	149.88819999999998
439.829	152.44819999999999
440.05	171.2182
440.272	186.1882
440.493	151.8282
440.715	144.9082
440.936	146.66819999999998
441.158	145.5782
441.379	145.04819999999998
441.6	150.5582
441.822	154.5582
442.043	159.2382
442.264	172.7982
442.486	167.72820000000002
442.707	153.2182
442.928	160.69819999999999
443.149	175.49819999999997
443.371	180.0582
443.592	171.65819999999997
443.813	182.97820000000002
444.034	179.2882
444.255	160.70819999999998
444.476	154.31820000000002
444.698	158.44819999999999
444.919	158.8382
445.14	200.3682
445.361	185.9582
445.582	175.44819999999999
445.803	193.19819999999999
446.024	197.49819999999997
446.245	194.0582
446.466	169.2182
446.687	148.3082
446.908	144.0582
447.129	141.9982
447.35	140.16819999999998
447.571	144.66819999999998
447.792	143.20819999999998
448.013	146.2382
448.234	152.13819999999998
448.455	154.29819999999998
448.675	175.6182
448.896	182.3082
449.117	157.7582
449.338	162.22820000000002
449.559	193.40819999999997
449.779	196.3882
450.0	152.8982
450.221	143.7182
450.442	138.8982
450.662	140.8282
450.883	148.6782
451.104	153.9082
451.324	143.7282
451.545	135.9382
451.766	135.44819999999999
451.986	134.8582
452.207	137.20819999999998
452.428	137.13819999999998
452.648	141.13819999999998
452.869	147.7182
453.089	150.04819999999998
453.31	152.7182
453.53	139.3282
453.751	137.1782
453.971	142.7782
454.192	146.0082
454.412	137.2182
454.633	135.4982
454.853	133.44819999999999
455.073	133.4082
455.294	137.8382
455.514	148.9782
455.734	139.19819999999999
455.955	131.3382
456.175	129.81820000000002
456.395	129.54819999999998
456.616	129.4482
456.836	130.7682
457.056	128.6182
457.276	127.80819999999999
457.497	128.6182
457.717	129.8482
457.937	131.7682
458.157	132.20819999999998
458.377	136.0082
458.598	146.19819999999999
458.818	177.65819999999997
459.038	191.5082
459.258	164.0982
459.478	145.8782
459.698	138.9382
459.918	141.8482
460.138	143.9582
460.358	145.0382
460.578	148.66819999999998
460.798	148.1782
461.018	149.0682
461.238	144.69819999999999
461.458	144.6082
461.678	144.11819999999997
461.898	146.8082
462.118	148.79819999999998
462.338	149.2582
462.558	150.45819999999998
462.777	154.22820000000002
462.997	158.1082
463.217	161.9982
463.437	162.0582
463.657	155.3882
463.876	155.9782
464.096	156.13819999999998
464.316	156.8782
464.536	157.7282
464.755	156.0982
464.975	162.8282
465.195	197.58819999999997
465.414	194.19819999999999
465.634	151.4982
465.854	143.3482
466.073	141.94819999999999
466.293	140.0082
466.512	138.4082
466.732	135.4682
466.951	136.1282
467.171	140.95819999999998
467.391	141.79819999999998
467.61	146.66819999999998
467.829	142.6082
468.049	145.4882
468.268	145.11819999999997
468.488	135.04819999999998
468.707	131.66819999999998
468.927	132.0782
469.146	131.1082
469.365	134.1882
469.585	135.9782
469.804	141.1282
470.023	143.1782
470.243	141.38819999999998
470.462	145.6282
470.681	151.6582
470.901	140.2182
471.12	136.5382
471.339	138.5682
471.558	136.70819999999998
471.777	135.7582
471.997	138.2882
472.216	156.6782
472.435	178.92819999999998
472.654	143.3082
472.873	136.88819999999998
473.092	134.91819999999998
473.311	135.0182
473.53	133.7382
473.749	136.9782
473.968	144.4882
474.187	161.7582
474.406	149.6282
474.625	137.3482
474.844	136.3282
475.063	133.5882
475.282	134.1282
475.501	134.54819999999998
475.72	137.5082
475.939	136.0982
476.158	136.20819999999998
476.377	137.4982
476.596	136.3382
476.814	140.38819999999998
477.033	140.3982
477.252	139.79819999999998
477.471	138.4782
477.69	142.3982
477.908	141.2582
478.127	145.0682
478.346	143.3282
478.564	146.61819999999997
478.783	150.54819999999998
479.002	150.2582
479.22	151.1582
479.439	156.6482
479.658	157.45819999999998
479.876	153.9982
480.095	153.0282
480.313	159.3282
480.532	158.3282
480.751	158.1482
480.969	172.8982
481.188	242.22820000000002
481.406	201.19819999999999
481.624	155.9982
481.843	146.8482
482.061	146.0882
482.28	147.9782
482.498	145.3382
482.717	144.0282
482.935	145.0682
483.153	146.1282
483.372	145.2582
483.59	145.7382
483.808	143.9782
484.027	148.0982
484.245	147.36819999999997
484.463	149.6582
484.681	154.66819999999998
484.9	150.1082
485.118	152.1482
485.336	151.79819999999998
485.554	154.2582
485.772	159.91819999999998
485.99	161.88819999999998
486.209	161.2582
486.427	161.0082
486.645	166.0382
486.863	167.10819999999998
487.081	160.0982
487.299	156.11819999999997
487.517	155.9382
487.735	150.7782
487.953	151.4682
488.171	153.1082
488.389	153.6782
488.607	156.44819999999999
488.825	150.1082
489.043	149.2582
489.261	150.9082
489.479	150.9282
489.696	151.9682
489.914	152.2482
490.132	151.8282
490.35	152.5382
490.568	152.3182
490.786	153.4882
491.003	153.8082
491.221	156.3282
491.439	156.8982
491.657	158.2782
491.874	159.1782
492.092	156.7682
492.31	158.54819999999998
492.527	158.2782
492.745	158.7482
492.963	160.94819999999999
493.18	160.8782
493.398	161.8382
493.615	167.26819999999998
493.833	167.44819999999999
494.05	160.44819999999999
494.268	160.7682
494.485	161.8582
494.703	161.3782
494.92	162.3882
495.138	160.7682
495.355	163.3782
495.573	162.0282
495.79	161.6582
496.008	164.24819999999997
496.225	162.8082
496.442	160.2082
496.66	164.83819999999997
496.877	163.10819999999998
497.094	164.0482
497.312	165.2382
497.529	166.94819999999999
497.746	169.06820000000002
497.963	170.65819999999997
498.181	175.9382
498.398	179.94819999999999
498.615	193.1382
498.832	192.6182
499.049	190.4382
499.267	196.5982
499.484	201.9582
499.701	211.74819999999997
499.918	220.90819999999997
500.135	228.94819999999999
500.352	234.72820000000002
500.569	235.9382
500.786	234.6382
501.003	229.9682
501.22	222.7882
501.437	216.08819999999997
501.654	208.2982
501.871	207.72820000000002
502.088	192.7082
502.305	187.44819999999999
502.522	181.58819999999997
502.739	176.6482
502.956	172.8282
503.172	170.94819999999999
503.389	170.2182
503.606	175.8482
503.823	170.5582
504.04	168.2882
504.256	167.1282
504.473	167.01819999999998
504.69	168.2082
504.907	169.51819999999998
505.123	161.3082
505.34	160.13819999999998
505.557	157.7682
505.773	157.6582
505.99	155.7482
506.207	154.16819999999998
506.423	155.4282
506.64	155.04819999999998
506.856	154.5182
507.073	152.5382
507.289	154.5282
507.506	154.9782
507.722	165.6882
507.939	164.76819999999998
508.155	153.8482
508.372	153.2182
508.588	152.0582
508.805	155.4682
509.021	153.20819999999998
509.238	155.5982
509.454	157.3382
509.67	158.61819999999997
509.887	161.79819999999998
510.103	178.3982
510.319	240.4582
510.536	654.8482
510.752	1876.4882
510.968	571.3482
511.184	191.26819999999998
511.401	158.8282
511.617	152.8382
511.833	147.4782
512.049	147.16819999999998
512.265	147.61819999999997
512.481	146.45819999999998
512.698	145.8282
512.914	145.36819999999997
513.13	147.7382
513.346	147.8182
513.562	148.3282
513.778	150.38819999999998
513.994	150.16819999999998
514.21	153.2582
514.426	164.97820000000002
514.642	177.2782
514.858	173.2882
515.074	203.47820000000002
515.29	408.3582
515.506	1135.9382
515.721	468.5282
515.937	195.5282
516.153	165.9882
516.369	158.0282
516.585	157.0782
516.801	157.69819999999999
517.016	158.8282
517.232	160.70819999999998
517.448	162.16819999999998
517.664	164.0382
517.879	163.01819999999998
518.095	161.29819999999998
518.311	161.9782
518.527	158.11819999999997
518.742	156.9682
518.958	154.94819999999999
519.173	154.61819999999997
519.389	153.95819999999998
519.605	151.5382
519.82	152.69819999999999
520.036	159.6082
520.251	168.49819999999997
520.467	163.7982
520.682	160.1582
520.898	159.4082
521.113	165.4882
521.329	184.7082
521.544	233.9382
521.76	491.95820000000003
521.975	1815.4282
522.19	1113.7482
522.406	302.6282
522.621	167.69819999999999
522.836	150.9082
523.052	147.0382
523.267	145.0182
523.482	143.3482
523.698	147.4382
523.913	158.5082
524.128	148.44819999999999
524.343	140.9082
524.559	141.5882
524.774	137.5382
524.989	141.6882
525.204	145.9282
525.419	142.8782
525.634	136.45819999999998
525.849	135.3382
526.064	135.38819999999998
526.28	137.0982
526.495	135.4282
526.71	134.9982
526.925	133.9782
527.14	133.3182
527.355	135.4782
527.57	135.3782
527.785	135.3182
527.999	135.0282
528.214	136.6082
528.429	139.5982
528.644	138.2382
528.859	135.6282
529.074	138.3782
529.289	158.0582
529.503	196.0382
529.718	147.9282
529.933	137.8582
530.148	135.70819999999998
530.363	136.4682
530.577	134.91819999999998
530.792	135.6582
531.007	135.13819999999998
531.221	135.9282
531.436	134.5582
531.651	136.0982
531.865	135.45819999999998
532.08	136.3382
532.295	135.5982
532.509	135.44819999999999
532.724	133.8182
532.938	139.4682
533.153	140.54819999999998
533.367	135.2582
533.582	137.5382
533.796	134.6782
534.011	134.4382
534.225	134.44819999999999
534.44	135.2282
534.654	134.1782
534.868	133.6582
535.083	134.6482
535.297	136.0282
535.511	140.0882
535.726	142.4682
535.94	137.95819999999998
536.154	136.4782
536.369	133.19819999999999
536.583	129.79819999999998
536.797	130.4382
537.011	131.8182
537.225	132.11819999999997
537.44	131.4882
537.654	131.5082
537.868	131.16819999999998
538.082	130.8482
538.296	129.1082
538.51	131.0882
538.724	129.3282
538.938	130.3582
539.153	132.5182
539.367	140.5682
539.581	133.0082
539.795	130.7682
540.009	130.5082
540.222	130.4482
540.436	130.7782
540.65	128.91819999999998
540.864	131.1882
541.078	131.6782
541.292	131.3482
541.506	128.88819999999998
541.72	128.5982
541.934	126.7582
542.147	128.5082
542.361	128.4682
542.575	125.43820000000001
542.789	127.7982
543.002	127.0482
543.216	131.2382
543.43	133.0282
543.644	129.6982
543.857	129.3682
544.071	129.0782
544.285	131.6982
544.498	128.9382
544.712	130.12820000000002
544.925	129.3682
545.139	128.4282
545.352	127.3282
545.566	129.4882
545.779	126.05819999999999
545.993	129.3682
546.206	127.3582
546.42	127.4182
546.633	129.7182
546.847	131.0182
547.06	128.3582
547.274	126.81819999999999
547.487	126.2882
547.7	126.6082
547.914	128.1882
548.127	127.2182
548.34	128.0482
548.554	126.30819999999999
548.767	128.4982
548.98	129.0182
549.193	126.7082
549.407	128.4782
549.62	127.5882
549.833	128.5482
550.046	127.5382
550.259	128.4982
550.473	126.56819999999999
550.686	127.9982
550.899	125.80819999999999
551.112	127.14819999999999
551.325	125.97819999999999
551.538	125.4982
551.751	126.2582
551.964	128.5082
552.177	130.1882
552.39	127.1282
552.603	129.63819999999998
552.816	129.54819999999998
553.029	130.0982
553.242	132.6782
553.455	137.0782
553.667	141.3482
553.88	140.29819999999998
554.093	133.5282
554.306	130.7182
554.519	130.5782
554.732	128.7682
554.944	129.0182
555.157	126.68820000000001
555.37	126.1182
555.583	127.39819999999999
555.795	128.2182
556.008	126.56819999999999
556.221	125.3682
556.433	125.6782
556.646	125.8282
556.859	124.4982
557.071	125.2482
557.284	123.0882
557.496	124.06819999999999
557.709	123.6682
557.921	123.5882
558.134	121.6382
558.346	121.80819999999999
558.559	119.9182
558.771	119.7182
558.984	119.7482
559.196	119.47819999999999
559.409	119.18820000000001
559.621	120.0382
559.833	119.2782
560.046	118.43820000000001
560.258	118.2582
560.47	120.14819999999999
560.683	119.5382
560.895	119.6682
561.107	120.9182
561.32	119.81819999999999
561.532	122.1382
561.744	120.9582
561.956	123.05819999999999
562.168	121.98819999999999
562.381	122.2882
562.593	122.2082
562.805	123.3582
563.017	121.6282
563.229	121.1182
563.441	120.6982
563.653	119.97819999999999
563.865	119.4482
564.077	120.81819999999999
564.289	123.5982
564.501	122.6182
564.713	124.2182
564.925	127.18820000000001
565.137	133.7782
565.349	128.4082
565.561	126.93820000000001
565.773	127.30819999999999
565.985	128.3682
566.197	130.88819999999998
566.408	132.7382
566.62	135.0682
566.832	137.5782
567.044	138.5182
567.255	138.3782
567.467	141.0882
567.679	143.6082
567.891	148.5282
568.102	148.2882
568.314	143.7382
568.526	138.0382
568.737	136.8782
568.949	131.4982
569.161	127.5982
569.372	125.1382
569.584	123.0282
569.795	127.1182
570.007	142.7382
570.218	241.40820000000002
570.43	153.9982
570.641	122.0082
570.853	119.5482
571.064	119.6582
571.276	118.9682
571.487	118.47819999999999
571.698	117.9082
571.91	116.7982
572.121	115.5782
572.333	115.9982
572.544	113.8882
572.755	114.8382
572.966	113.4582
573.178	113.68820000000001
573.389	116.0382
573.6	112.98819999999999
573.811	113.1282
574.023	112.5282
574.234	113.5082
574.445	114.7582
574.656	111.22819999999999
574.867	112.6082
575.078	112.2782
575.289	114.26820000000001
575.501	113.3882
575.712	112.7182
575.923	113.1982
576.134	112.56819999999999
576.345	111.56819999999999
576.556	112.6982
576.767	112.5482
576.978	111.18820000000001
577.188	113.0282
577.399	112.6382
577.61	113.1782
577.821	118.6782
578.032	132.1082
578.243	255.8782
578.454	625.5982
578.665	204.01819999999998
578.875	121.6782
579.086	112.4182
579.297	108.6382
579.508	110.31819999999999
579.718	110.5982
579.929	111.14819999999999
580.14	108.76820000000001
580.35	107.2082
580.561	107.0882
580.772	107.5382
580.982	108.2982
581.193	106.9982
581.403	108.3382
581.614	106.47819999999999
581.825	108.3682
582.035	108.3482
582.246	109.2482
582.456	106.6382
582.667	107.5482
582.877	108.1382
583.087	105.6982
583.298	107.7482
583.508	108.06819999999999
583.719	106.8482
583.929	110.0082
584.139	107.30819999999999
584.35	107.5982
584.56	109.18820000000001
584.77	106.1982
584.981	106.0782
585.191	108.89819999999999
585.401	105.5082
585.611	106.3882
585.821	106.0982
586.032	107.39819999999999
586.242	106.3482
586.452	106.8582
586.662	106.0882
586.872	103.6782
587.082	106.8482
587.292	105.4982
587.502	105.3382
587.713	105.1682
587.923	106.6282
588.133	107.0782
588.343	105.2082
588.553	106.3482
588.762	109.47819999999999
588.972	109.6682
589.182	127.51820000000001
589.392	112.97819999999999
589.602	110.8382
589.812	116.2982
590.022	111.6282
590.232	106.4582
590.441	105.6182
590.651	105.39819999999999
590.861	104.3782
591.071	105.5882
591.281	107.4182
591.49	105.4982
591.7	105.22819999999999
591.91	109.1082
592.119	108.4682
592.329	111.4282
592.539	112.76820000000001
592.748	112.5382
592.958	111.22819999999999
593.167	110.2882
593.377	109.51820000000001
593.587	114.4582
593.796	110.9982
594.006	110.0982
594.215	110.05819999999999
594.424	108.9182
594.634	109.6682
594.843	108.5882
595.053	107.64819999999999
595.262	108.1282
595.472	108.22819999999999
595.681	105.7982
595.89	106.1282
596.1	109.43820000000001
596.309	105.98819999999999
596.518	105.23819999999999
596.727	105.9482
596.937	103.8482
597.146	103.4582
597.355	105.1982
597.564	102.7582
597.774	105.18820000000001
597.983	102.7782
598.192	101.7582
598.401	102.0382
598.61	102.9182
598.819	102.1982
599.028	103.05819999999999
599.237	102.1782
599.446	103.0782
599.655	104.1682
599.864	105.14819999999999
600.073	103.3882
600.282	104.6682
600.491	103.7882
600.7	103.51820000000001
600.909	102.68820000000001
601.118	104.8282
601.327	103.1682
601.536	103.7582
601.745	101.81819999999999
601.953	102.7982
602.162	101.9282
602.371	103.5382
602.58	102.4082
602.789	103.14819999999999
602.997	101.8882
603.206	102.6082
603.415	101.6782
603.623	100.3682
603.832	101.23819999999999
604.041	99.2982
604.249	99.31819999999999
604.458	100.0982
604.666	98.6382
604.875	100.2982
605.084	99.8482
605.292	98.6282
605.501	98.18820000000001
605.709	99.89819999999999
605.918	99.8682
606.126	101.64819999999999
606.334	101.5082
606.543	100.1082
606.751	101.4082
606.96	99.4182
607.168	98.9482
607.376	98.6582
607.585	99.8482
607.793	98.9182
608.001	99.51820000000001
608.21	100.0382
608.418	99.06819999999999
608.626	96.9682
608.834	98.9582
609.043	98.98819999999999
609.251	100.31819999999999
609.459	102.01820000000001
609.667	100.1782
609.875	99.4282
610.083	98.0082
610.291	99.5982
610.499	99.39819999999999
610.707	98.8482
610.916	99.9282
611.124	99.7482
611.332	98.0382
611.54	99.3782
611.748	98.5382
611.955	97.64819999999999
612.163	99.1982
612.371	98.3682
612.579	99.1082
612.787	97.5982
612.995	99.4082
613.203	100.7982
613.411	98.2882
613.618	97.9482
613.826	98.30819999999999
614.034	99.1082
614.242	100.1082
614.449	97.6982
614.657	98.2982
614.865	101.0382
615.072	99.4682
615.28	99.1782
615.488	99.93820000000001
615.695	102.4982
615.903	107.0982
616.111	110.14819999999999
616.318	111.5982
616.526	106.56819999999999
616.733	105.8882
616.941	102.6382
617.148	101.23819999999999
617.356	101.93820000000001
617.563	101.4682
617.771	99.26820000000001
617.978	97.7782
618.185	99.3882
618.393	97.9582
618.6	97.55819999999999
618.807	98.3782
619.015	97.97819999999999
619.222	98.93820000000001
619.429	96.7882
619.637	99.2082
619.844	98.2482
620.051	98.5782
620.258	96.9282
620.466	97.7582
620.673	96.4582
620.88	95.39819999999999
621.087	97.8482
621.294	97.06819999999999
621.501	97.0282
621.708	96.8882
621.915	97.4582
622.122	94.7182
622.329	98.7882
622.536	97.4182
622.743	96.3382
622.95	97.31819999999999
623.157	95.3282
623.364	95.8382
623.571	96.3582
623.778	96.9282
623.985	97.2082
624.192	96.5882
624.399	94.64819999999999
624.606	96.89819999999999
624.812	97.1182
625.019	95.68820000000001
625.226	95.3882
625.433	97.1782
625.639	95.56819999999999
625.846	94.9582
626.053	95.26820000000001
626.259	96.48819999999999
626.466	96.72819999999999
626.673	95.5082
626.879	94.8782
627.086	96.0782
627.293	95.3782
627.499	94.76820000000001
627.706	95.26820000000001
627.912	93.6982
628.119	94.8482
628.325	96.0782
628.532	94.81819999999999
628.738	93.1582
628.945	93.18820000000001
629.151	94.3482
629.357	94.4082
629.564	95.06819999999999
629.77	93.76820000000001
629.976	92.80819999999999
630.183	94.6282
630.389	92.79820000000001
630.595	92.3482
630.802	93.48819999999999
631.008	93.76820000000001
631.214	93.6382
631.42	94.14819999999999
631.627	95.93820000000001
631.833	92.56819999999999
632.039	92.4482
632.245	93.71820000000001
632.451	93.47819999999999
632.657	91.9982
632.863	92.7882
633.069	93.9082
633.275	93.8782
633.481	91.5982
633.688	92.0382
633.893	94.46820000000001
634.099	93.4982
634.305	90.8382
634.511	90.3282
634.717	93.01820000000001
634.923	92.6782
635.129	92.3582
635.335	91.14819999999999
635.541	91.81819999999999
635.747	92.56819999999999
635.952	92.2882
636.158	92.43820000000001
636.364	98.21820000000001
636.57	95.9082
636.775	93.0382
636.981	92.1982
637.187	92.4082
637.392	91.51820000000001
637.598	92.5082
637.804	91.97819999999999
638.009	92.55819999999999
638.215	91.3582
638.421	90.9982
638.626	92.1382
638.832	92.3382
639.037	90.4482
639.243	92.06819999999999
639.448	91.1082
639.654	92.9282
639.859	91.7782
640.065	91.46820000000001
640.27	96.0282
640.475	90.98819999999999
640.681	88.6382
640.886	92.79820000000001
641.091	91.30819999999999
641.297	93.2582
641.502	91.8482
641.707	93.9582
641.913	93.68820000000001
642.118	89.9082
642.323	91.3382
642.528	93.2482
642.733	92.6982
642.939	91.5982
643.144	92.64819999999999
643.349	92.1582
643.554	93.5882
643.759	91.76820000000001
643.964	91.6582
644.169	91.6182
644.374	91.8782
644.579	91.05819999999999
644.784	91.6182
644.989	90.29820000000001
645.194	91.7082
645.399	91.7482
645.604	91.1982
645.809	93.1082
646.014	92.6382
646.219	92.3482
646.423	91.5282
646.628	90.7882
646.833	92.1082
647.038	92.9282
647.243	92.05819999999999
647.447	90.97819999999999
647.652	93.1182
647.857	92.26820000000001
648.062	93.8882
648.266	92.8382
648.471	97.3482
648.676	100.31819999999999
648.88	97.5982
649.085	95.39819999999999
649.289	95.47819999999999
649.494	103.23819999999999
649.698	127.9982
649.903	103.3482
650.107	94.1682
650.312	93.31819999999999
650.516	89.29820000000001
650.721	91.8582
650.925	91.1682
651.13	89.7082
651.334	89.80819999999999
651.539	88.54820000000001
651.743	86.96820000000001
651.947	88.9982
652.152	89.1782
652.356	87.64819999999999
652.56	89.4982
652.764	86.64819999999999
652.969	87.1182
653.173	85.7082
653.377	88.0282
653.581	87.9182
653.785	87.5982
653.99	87.2482
654.194	86.93820000000001
654.398	87.0882
654.602	87.55819999999999
654.806	90.6382
655.01	102.18820000000001
655.214	91.98819999999999
655.418	89.2082
655.622	87.4282
655.826	89.98819999999999
656.03	91.54820000000001
656.234	94.93820000000001
656.438	97.3882
656.642	98.26820000000001
656.846	92.96820000000001
657.049	90.2082
657.253	89.72819999999999
657.457	86.3282
657.661	86.96820000000001
657.865	84.6282
658.068	83.79820000000001
658.272	82.6782
658.476	85.5382
658.68	84.4482
658.883	83.2582
659.087	85.1382
659.291	83.8782
659.494	83.7882
659.698	83.30819999999999
659.901	83.8382
660.105	82.89819999999999
660.309	82.21820000000001
660.512	84.8482
660.716	82.46820000000001
660.919	83.5282
661.123	85.4582
661.326	81.68820000000001
661.53	83.8882
661.733	84.14819999999999
661.936	83.18820000000001
662.14	82.21820000000001
662.343	82.8282
662.546	82.1682
662.75	83.5782
662.953	83.6382
663.156	81.7482
663.36	82.76820000000001
663.563	82.72819999999999
663.766	81.1182
663.969	80.4282
664.173	81.30819999999999
664.376	81.89819999999999
664.579	82.54820000000001
664.782	82.1182
664.985	80.51820000000001
665.188	81.98819999999999
665.391	80.5882
665.594	79.6582
665.797	80.95819999999999
666.0	80.1382
666.203	81.1182
666.406	81.6982
666.609	81.2082
666.812	81.6082
667.015	82.3582
667.218	83.0282
667.421	82.2482
667.624	81.31819999999999
667.827	81.43820000000001
668.03	81.2482
668.232	79.5682
668.435	82.0982
668.638	81.1582
668.841	83.26820000000001
669.043	80.76820000000001
669.246	80.9982
669.449	80.7882
669.651	80.8582
669.854	82.3682
670.057	81.7882
670.259	79.5082
670.462	82.1082
670.665	80.3982
670.867	82.30819999999999
671.07	82.6382
671.272	84.1282
671.475	84.6982
671.677	82.0882
671.88	81.3482
672.082	79.01820000000001
672.284	82.9582
672.487	81.47819999999999
672.689	80.6982
672.892	80.9282
