223.165	-17.1425
223.4	-17.1425
223.635	-17.1425
223.869	-19.0425
224.104	-20.1725
224.338	-15.0525
224.573	-12.9025
224.808	-12.6625
225.042	-6.5525
225.277	-5.6025
225.511	-3.0825
225.746	2.9175
225.98	7.8075
226.215	11.0875
226.449	16.6275
226.683	20.4575
226.918	24.6375
227.152	28.6675
227.387	33.9775
227.621	38.9575
227.856	43.2275
228.09	47.1875
228.324	50.1175
228.559	56.8075
228.793	60.7875
229.027	74.4975
229.262	79.7475
229.496	86.99749999999999
229.73	102.06750000000001
229.964	101.89750000000001
230.199	88.8075
230.433	85.89750000000001
230.667	88.7975
230.901	88.39750000000001
231.136	87.70750000000001
231.37	89.4075
231.604	90.3275
231.838	88.83749999999999
232.072	90.2175
232.306	93.3275
232.541	93.5275
232.775	92.0075
233.009	93.3075
233.243	93.2975
233.477	91.9275
233.711	93.6775
233.945	93.5475
234.179	92.14750000000001
234.413	93.14750000000001
234.647	93.5575
234.881	91.2775
235.115	93.2675
235.349	92.2775
235.583	94.1175
235.817	92.7675
236.051	94.8475
236.285	92.53750000000001
236.519	93.8875
236.753	97.53750000000001
236.987	104.2775
237.221	120.4675
237.455	124.9275
237.689	101.5175
237.922	95.95750000000001
238.156	96.28750000000001
238.39	93.6375
238.624	92.24749999999999
238.858	93.3575
239.091	92.6175
239.325	94.0275
239.559	97.9775
239.793	96.83749999999999
240.027	100.2675
240.26	102.41749999999999
240.494	102.9875
240.728	101.7175
240.961	100.5475
241.195	99.0775
241.429	96.66749999999999
241.662	97.3075
241.896	98.6575
242.13	97.1775
242.363	97.70750000000001
242.597	97.8075
242.83	99.8875
243.064	97.9375
243.298	100.8475
243.531	99.31750000000001
243.765	99.41749999999999
243.998	101.0575
244.232	102.8275
244.465	106.12750000000001
244.699	104.58749999999999
244.932	102.6875
245.166	102.3475
245.399	102.95750000000001
245.633	103.95750000000001
245.866	102.5575
246.099	102.5475
246.333	105.5775
246.566	102.4475
246.8	104.8075
247.033	105.8275
247.266	106.5175
247.5	109.2975
247.733	110.70750000000001
247.966	109.37750000000001
248.2	110.5775
248.433	112.6575
248.666	113.56750000000001
248.899	119.3275
249.133	124.5975
249.366	132.5875
249.599	130.1575
249.832	116.7275
250.066	120.06750000000001
250.299	125.37750000000001
250.532	134.6275
250.765	135.5775
250.998	134.5175
251.231	127.56750000000001
251.465	124.4075
251.698	121.5475
251.931	120.5075
252.164	118.56750000000001
252.397	120.2175
252.63	121.9475
252.863	122.5975
253.096	127.7375
253.329	129.4975
253.562	124.9475
253.795	124.81750000000001
254.028	125.9075
254.261	127.31750000000001
254.494	132.0575
254.727	145.6575
254.96	146.0375
255.193	137.8675
255.426	133.9175
255.659	136.9375
255.892	155.4375
256.124	168.89749999999998
256.357	156.8175
256.59	142.4675
256.823	134.22750000000002
257.056	131.47750000000002
257.289	130.0275
257.521	127.2975
257.754	127.08749999999999
257.987	127.53750000000001
258.22	126.9875
258.452	127.5775
258.685	127.66749999999999
258.918	127.6975
259.151	127.4875
259.383	131.6675
259.616	130.22750000000002
259.849	132.4075
260.081	136.9675
260.314	141.6275
260.547	138.7075
260.779	136.9275
261.012	134.2875
261.244	131.5075
261.477	133.5475
261.71	138.4275
261.942	153.7575
262.175	158.5775
262.407	135.72750000000002
262.64	130.8975
262.872	130.1775
263.105	129.1475
263.337	130.6675
263.57	130.48749999999998
263.802	131.1175
264.035	129.9175
264.267	128.81750000000002
264.499	129.1875
264.732	132.4175
264.964	129.1975
265.197	131.0175
265.429	132.8575
265.661	132.7775
265.894	133.3075
266.126	134.3775
266.358	132.7875
266.591	133.9475
266.823	135.2475
267.055	135.6775
267.287	136.0975
267.52	136.3075
267.752	135.0875
267.984	136.6975
268.216	136.98749999999998
268.448	140.5775
268.681	140.4475
268.913	144.9475
269.145	149.8575
269.377	151.0075
269.609	148.5375
269.841	148.8675
270.073	150.7475
270.306	160.3875
270.538	165.4175
270.77	158.2875
271.002	154.0775
271.234	153.4175
271.466	160.6775
271.698	162.5975
271.93	162.1675
272.162	162.7175
272.394	161.6575
272.626	156.3775
272.858	152.3675
273.09	149.89749999999998
273.322	148.95749999999998
273.553	147.5175
273.785	149.2775
274.017	148.0675
274.249	148.8175
274.481	149.1875
274.713	149.95749999999998
274.945	151.5975
275.176	152.4275
275.408	152.6175
275.64	154.7675
275.872	153.98749999999998
276.104	155.05749999999998
276.335	157.0275
276.567	165.89749999999998
276.799	178.1975
277.031	185.38750000000002
277.262	184.9475
277.494	173.2075
277.726	164.3775
277.957	158.2175
278.189	157.5375
278.421	156.6675
278.652	156.1575
278.884	155.6075
279.115	156.2175
279.347	155.55749999999998
279.579	157.3375
279.81	160.7775
280.042	166.8475
280.273	175.7575
280.505	167.92749999999998
280.736	160.04749999999999
280.968	158.70749999999998
281.199	158.4375
281.431	160.45749999999998
281.662	159.5275
281.894	161.1975
282.125	169.3275
282.356	188.9175
282.588	210.49749999999997
282.819	187.81750000000002
283.051	164.0075
283.282	161.20749999999998
283.513	162.1575
283.745	162.83749999999998
283.976	164.8275
284.207	161.5175
284.439	161.5675
284.67	163.8775
284.901	162.99749999999997
285.132	162.8775
285.364	163.4475
285.595	163.2875
285.826	162.9175
286.057	166.2875
286.288	163.6175
286.52	163.6875
286.751	163.42749999999998
286.982	165.30749999999998
287.213	165.1075
287.444	166.22750000000002
287.675	169.05749999999998
287.906	173.23749999999998
288.138	174.47750000000002
288.369	175.7575
288.6	174.2075
288.831	169.0775
289.062	169.7075
289.293	168.0275
289.524	168.0375
289.755	168.0075
289.986	166.4475
290.217	166.7575
290.448	169.0975
290.679	167.6575
290.91	168.05749999999998
291.141	166.63750000000002
291.371	169.2875
291.602	167.63750000000002
291.833	167.1575
292.064	167.13750000000002
292.295	169.0075
292.526	170.63750000000002
292.757	168.1075
292.987	169.08749999999998
293.218	167.38750000000002
293.449	169.3275
293.68	169.51749999999998
293.91	169.4575
294.141	171.98749999999998
294.372	169.2875
294.603	169.14749999999998
294.833	170.08749999999998
295.064	170.98749999999998
295.295	172.17749999999998
295.525	173.4375
295.756	182.06750000000002
295.987	196.08749999999998
296.217	219.6275
296.448	207.4075
296.679	179.9375
296.909	175.80749999999998
297.14	174.51749999999998
297.37	176.4575
297.601	176.47750000000002
297.831	175.3675
298.062	178.8575
298.292	177.5075
298.523	178.3775
298.753	177.9175
298.984	178.58749999999998
299.214	177.8475
299.445	179.6575
299.675	181.67749999999998
299.905	183.7175
300.136	180.3275
300.366	180.2975
300.597	180.2775
300.827	186.80749999999998
301.057	191.9075
301.288	196.72750000000002
301.518	189.88750000000002
301.748	185.99749999999997
301.979	198.0775
302.209	189.42749999999998
302.439	188.73749999999998
302.669	186.4175
302.9	184.3675
303.13	185.76749999999998
303.36	190.42749999999998
303.59	196.48749999999998
303.82	202.1175
304.051	190.3475
304.281	186.88750000000002
304.511	184.1175
304.741	183.30749999999998
304.971	182.9175
305.201	184.39749999999998
305.431	182.4375
305.661	184.8775
305.891	185.23749999999998
306.121	188.76749999999998
306.352	195.3775
306.582	195.97750000000002
306.812	189.5375
307.042	189.31750000000002
307.272	196.0075
307.502	198.5975
307.731	197.81750000000002
307.961	192.2575
308.191	187.5075
308.421	185.01749999999998
308.651	186.9475
308.881	188.0475
309.111	191.1175
309.341	191.89749999999998
309.571	196.3775
309.8	197.81750000000002
310.03	200.5475
310.26	201.24749999999997
310.49	199.3775
310.72	206.0075
310.949	209.14749999999998
311.179	206.1075
311.409	199.1075
311.639	198.9075
311.868	200.7075
312.098	201.0975
312.328	206.2875
312.557	212.74749999999997
312.787	217.7975
313.017	212.26749999999998
313.246	204.23749999999998
313.476	198.2875
313.706	201.2575
313.935	205.6675
314.165	211.2675
314.394	213.6875
314.624	208.6975
314.853	207.6175
315.083	203.51749999999998
315.312	201.0775
315.542	201.2575
315.771	198.9375
316.001	198.7775
316.23	196.80749999999998
316.46	198.1575
316.689	200.0475
316.919	202.31750000000002
317.148	205.26749999999998
317.377	203.98749999999998
317.607	203.2575
317.836	199.74749999999997
318.065	199.6675
318.295	199.0075
318.524	198.55749999999998
318.753	199.5975
318.983	201.13750000000002
319.212	206.56750000000002
319.441	213.2775
319.67	212.6975
319.9	202.0275
320.129	201.4475
320.358	202.2175
320.587	204.63750000000002
320.816	210.1075
321.046	212.67749999999998
321.275	209.1875
321.504	208.0775
321.733	210.01749999999998
321.962	213.39749999999998
322.191	218.47750000000002
322.42	223.7775
322.649	229.9375
322.878	235.13750000000002
323.108	241.78750000000002
323.337	253.98749999999998
323.566	270.1175
323.795	298.7375
324.024	363.17749999999995
324.253	596.6975
324.482	1113.3075
324.71	2026.1775
324.939	2540.3475
325.168	1167.6174999999998
325.397	431.3275
325.626	303.3575
325.855	274.1475
326.084	268.2975
326.313	274.8875
326.542	300.3575
326.77	393.9975
326.999	658.9375
327.228	1219.4775
327.457	2054.7675
327.686	1714.3475
327.914	601.2975
328.143	414.9775
328.372	387.1675
328.6	322.0075
328.829	289.6475
329.058	300.2075
329.287	300.0375
329.515	281.1675
329.744	289.9275
329.972	337.33750000000003
330.201	425.28749999999997
330.43	493.4675
330.658	380.9175
330.887	338.1475
331.115	295.2875
331.344	259.6375
331.572	255.7475
331.801	259.4075
332.03	257.1375
332.258	252.64749999999998
332.486	249.6675
332.715	252.28750000000002
332.943	260.4075
333.172	267.8075
333.4	277.4575
333.629	296.1675
333.857	325.1275
334.085	368.78749999999997
334.314	461.19750000000005
334.542	600.2475
334.771	559.7875
334.999	340.8775
335.227	284.1575
335.455	263.8975
335.684	258.94750000000005
335.912	254.4575
336.14	247.5075
336.369	249.71750000000003
336.597	251.56750000000002
336.825	246.10750000000002
337.053	239.0975
337.281	235.81750000000002
337.51	231.4275
337.738	236.1775
337.966	230.88750000000002
338.194	235.03750000000002
338.422	231.7975
338.65	228.3675
338.878	228.88750000000002
339.106	221.5275
339.334	225.2075
339.562	222.7075
339.79	220.56750000000002
340.018	222.55750000000003
340.246	221.2775
340.474	225.0875
340.702	222.6775
340.93	220.3375
341.158	220.8275
341.386	223.62750000000003
341.614	224.48749999999998
341.842	221.8275
342.07	219.37750000000003
342.298	217.5175
342.526	215.1775
342.754	214.2075
342.981	216.55750000000003
343.209	218.5175
343.437	233.3475
343.665	233.4375
343.893	241.4975
344.12	243.05750000000003
344.348	234.72750000000002
344.576	230.1675
344.804	229.5975
345.031	230.78750000000002
345.259	230.0475
345.487	223.5475
345.714	220.4275
345.942	216.0175
346.17	216.3375
346.397	215.2675
346.625	216.1675
346.853	214.7775
347.08	213.8375
347.308	218.14749999999998
347.535	220.64749999999998
347.763	224.21750000000003
347.99	221.81750000000002
348.218	223.8475
348.445	228.2575
348.673	222.71750000000003
348.9	217.2075
349.128	214.5375
349.355	211.05749999999998
349.583	212.06750000000002
349.81	212.7675
350.037	210.7175
350.265	213.2075
350.492	212.4175
350.72	212.7675
350.947	220.38750000000002
351.174	227.0475
351.402	229.69750000000002
351.629	222.3675
351.856	222.63750000000002
352.083	224.37750000000003
352.311	226.5175
352.538	231.21750000000003
352.765	229.0875
352.992	230.97750000000002
353.22	228.1775
353.447	222.3275
353.674	217.5775
353.901	214.8375
354.128	211.99749999999997
354.355	209.8675
354.583	212.83749999999998
354.81	214.14749999999998
355.037	210.8475
355.264	210.3275
355.491	208.7975
355.718	207.30749999999998
355.945	210.58749999999998
356.172	207.92749999999998
356.399	210.2175
356.626	209.38750000000002
356.853	209.1575
357.08	207.30749999999998
357.307	207.4175
357.534	207.47750000000002
357.761	208.2575
357.988	211.30749999999998
358.215	213.7875
358.441	211.0075
358.668	210.23749999999998
358.895	210.2975
359.122	209.9975
359.349	210.6775
359.576	217.4975
359.802	229.1875
360.029	243.39749999999998
360.256	241.2575
360.483	226.8475
360.709	213.4375
360.936	215.4275
361.163	215.4675
361.39	217.2475
361.616	218.63750000000002
361.843	212.6675
362.07	216.88750000000002
362.296	217.55750000000003
362.523	213.69750000000002
362.749	213.6075
362.976	212.1175
363.203	209.3575
363.429	207.0975
363.656	210.7975
363.882	207.0875
364.109	209.9575
364.335	209.8775
364.562	209.63750000000002
364.788	208.2775
365.015	211.9175
365.241	214.9475
365.468	222.6675
365.694	221.4375
365.92	214.06750000000002
366.147	210.6575
366.373	205.8575
366.599	206.97750000000002
366.826	205.4375
367.052	206.72750000000002
367.278	209.89749999999998
367.505	208.97750000000002
367.731	210.0075
367.957	209.1175
368.184	212.7675
368.41	220.06750000000002
368.636	229.80750000000003
368.862	236.35750000000002
369.089	225.3675
369.315	212.8575
369.541	211.80749999999998
369.767	212.1075
369.993	213.3275
370.219	213.89749999999998
370.445	212.48749999999998
370.672	211.13750000000002
370.898	211.1675
371.124	213.53750000000002
371.35	213.9975
371.576	212.0075
371.802	212.6775
372.028	212.87750000000003
372.254	214.06750000000002
372.48	213.55750000000003
372.706	217.37750000000003
372.932	219.96750000000003
373.158	218.56750000000002
373.384	217.9275
373.61	216.97750000000002
373.835	217.4275
374.061	215.3475
374.287	219.38750000000002
374.513	222.73749999999998
374.739	224.78750000000002
374.965	227.2775
375.191	225.4975
375.416	224.6675
375.642	222.89749999999998
375.868	222.5075
376.094	218.4375
376.319	216.47750000000002
376.545	216.0075
376.771	216.31750000000002
376.997	217.31750000000002
377.222	216.62750000000003
377.448	216.6875
377.674	214.8475
377.899	214.63750000000002
378.125	215.6675
378.35	217.85750000000002
378.576	215.35750000000002
378.802	214.7075
379.027	215.2675
379.253	218.46750000000003
379.478	216.53750000000002
379.704	217.21750000000003
379.929	219.30750000000003
380.155	218.1675
380.38	219.13750000000002
380.606	221.1675
380.831	221.4275
381.057	225.05750000000003
381.282	221.60750000000002
381.507	222.5775
381.733	224.69750000000002
381.958	223.9075
382.184	228.2475
382.409	231.35750000000002
382.634	234.96750000000003
382.86	231.0475
383.085	236.14749999999998
383.31	237.39749999999998
383.535	239.3675
383.761	241.19750000000002
383.986	239.6675
384.211	243.8675
384.436	246.80750000000003
384.662	251.60750000000002
384.887	255.0075
385.112	255.5975
385.337	257.9375
385.562	257.6475
385.787	258.6375
386.013	266.6875
386.238	271.21750000000003
386.463	263.3675
386.688	263.9975
386.913	257.2975
387.138	261.0375
387.363	256.6075
387.588	250.4175
387.813	251.9375
388.038	257.6275
388.263	265.8775
388.488	262.3575
388.713	246.94750000000002
388.938	244.5875
389.163	242.0475
389.387	245.39749999999998
389.612	240.0175
389.837	240.69750000000002
390.062	238.9575
390.287	238.69750000000002
390.512	239.97750000000002
390.736	241.87750000000003
390.961	245.6775
391.186	249.56750000000002
391.411	253.3375
391.636	254.97750000000002
391.86	254.3475
392.085	257.3575
392.31	252.4375
392.534	249.2475
392.759	248.69750000000002
392.984	244.69750000000002
393.208	247.87750000000003
393.433	256.6675
393.658	252.19750000000002
393.882	242.03750000000002
394.107	243.0975
394.331	246.19750000000002
394.556	244.06750000000002
394.78	248.47750000000002
395.005	249.9575
395.229	247.5875
395.454	254.47750000000002
395.678	257.21750000000003
395.903	258.0575
396.127	261.8675
396.352	254.6775
396.576	249.14749999999998
396.801	248.2075
397.025	255.3475
397.249	256.7575
397.474	258.21750000000003
397.698	256.9375
397.922	262.0975
398.147	263.6075
398.371	267.6675
398.595	271.4275
398.82	278.8075
399.044	295.2575
399.268	314.6075
399.492	348.0075
399.717	369.60749999999996
399.941	361.8275
400.165	346.8675
400.389	324.95750000000004
400.613	298.96750000000003
400.837	287.2975
401.062	282.9775
401.286	280.7875
401.51	278.7475
401.734	280.2375
401.958	291.1775
402.182	313.5275
402.406	343.28749999999997
402.63	314.8175
402.854	295.7075
403.078	298.4775
403.302	300.2975
403.526	303.4375
403.75	304.51750000000004
403.974	305.3775
404.198	306.8975
404.422	313.5375
404.645	311.8075
404.869	317.9575
405.093	335.4875
405.317	356.83750000000003
405.541	352.33750000000003
405.765	326.27750000000003
405.988	326.9875
406.212	374.35749999999996
406.436	425.13750000000005
406.66	365.26750000000004
406.883	327.3275
407.107	339.1575
407.331	355.7775
407.555	372.1275
407.778	360.5075
408.002	334.94750000000005
408.226	318.9975
408.449	319.01750000000004
408.673	313.6275
408.896	319.3475
409.12	329.08750000000003
409.344	310.0675
409.567	299.94750000000005
409.791	301.6875
410.014	301.7275
410.238	298.8275
410.461	297.5475
410.685	302.44750000000005
410.908	307.6175
411.132	318.7975
411.355	314.4175
411.578	300.1875
411.802	290.5975
412.025	294.9075
412.249	309.4775
412.472	323.1775
412.695	344.08750000000003
412.919	316.3875
413.142	298.6775
413.365	291.4175
413.589	285.9375
413.812	281.5775
414.035	281.51750000000004
414.258	281.2575
414.482	282.1275
414.705	282.26750000000004
414.928	281.8075
415.151	278.5675
415.374	282.19750000000005
415.597	276.5275
415.821	274.1275
416.044	275.0075
416.267	276.2775
416.49	270.6375
416.713	271.3475
416.936	273.9075
417.159	274.1875
417.382	278.8075
417.605	280.8875
417.828	288.0575
418.051	290.4375
418.274	281.9875
418.497	276.01750000000004
418.72	279.9275
418.943	279.21750000000003
419.166	293.1175
419.389	304.94750000000005
419.611	303.0075
419.834	298.4575
420.057	299.3975
420.28	301.2775
420.503	296.0475
420.726	289.6575
420.948	293.5375
421.171	304.08750000000003
421.394	300.21750000000003
421.617	284.7075
421.839	282.2975
422.062	285.51750000000004
422.285	293.76750000000004
422.507	316.19750000000005
422.73	336.51750000000004
422.953	309.7875
423.175	293.6275
423.398	294.19750000000005
423.621	294.3075
423.843	299.9175
424.066	296.3075
424.288	295.51750000000004
424.511	306.2975
424.733	324.63750000000005
424.956	345.44750000000005
425.178	324.1275
425.401	329.08750000000003
425.623	324.51750000000004
425.846	290.6475
426.068	285.5075
426.291	283.1275
426.513	282.3975
426.735	286.2075
426.958	301.5375
427.18	338.13750000000005
427.402	400.5975
427.625	437.9375
427.847	384.9675
428.069	359.2475
428.292	296.5975
428.514	270.8975
428.736	261.96750000000003
428.958	261.7375
429.181	258.6375
429.403	257.6575
429.625	261.8675
429.847	276.4575
430.069	297.4575
430.292	277.6375
430.514	256.0575
430.736	257.4075
430.958	253.8275
431.18	251.78750000000002
431.402	252.39749999999998
431.624	249.9375
431.846	252.1675
432.068	254.98749999999998
432.29	256.6175
432.512	255.31750000000002
432.734	257.9075
432.956	258.8275
433.178	267.1475
433.4	266.7975
433.622	257.2075
433.844	258.6875
434.066	260.8175
434.287	260.7475
434.509	268.1075
434.731	273.44750000000005
434.953	277.83750000000003
435.175	280.0275
435.397	284.1875
435.618	284.0475
435.84	305.6675
436.062	348.9975
436.284	340.5075
436.505	292.58750000000003
436.727	282.3575
436.949	266.6175
437.17	260.2575
437.392	256.9375
437.614	266.0575
437.835	288.1675
438.057	328.4375
438.278	342.51750000000004
438.5	335.5475
438.721	374.28749999999997
438.943	323.26750000000004
439.165	277.8275
439.386	269.6475
439.608	275.2975
439.829	283.4175
440.05	310.5775
440.272	342.51750000000004
440.493	288.6375
440.715	267.4275
440.936	265.0675
441.158	265.4875
441.379	272.19750000000005
441.6	283.5975
441.822	293.7375
442.043	305.1775
442.264	336.3075
442.486	325.28749999999997
442.707	296.76750000000004
442.928	297.5275
443.149	324.3575
443.371	334.3275
443.592	332.4075
443.813	363.3475
444.034	358.6275
444.255	313.6075
444.476	302.0375
444.698	307.8275
444.919	311.6275
445.14	340.58750000000003
445.361	329.1575
445.582	331.03749999999997
445.803	371.17749999999995
446.024	385.3275
446.245	378.4975
446.466	329.95750000000004
446.687	277.4075
446.908	266.7875
447.129	257.5975
447.35	253.1675
447.571	254.8675
447.792	252.0275
448.013	258.9075
448.234	274.9375
448.455	291.5075
448.675	338.0075
448.896	356.3475
449.117	298.2875
449.338	303.21750000000003
449.559	367.19750000000005
449.779	377.0675
450.0	283.3475
450.221	254.23749999999998
450.442	249.1675
450.662	253.39749999999998
450.883	264.3875
451.104	273.1675
451.324	254.03750000000002
451.545	244.8475
451.766	239.19750000000002
451.986	234.8675
452.207	237.44750000000002
452.428	238.85750000000002
452.648	243.78750000000002
452.869	254.12750000000003
453.089	258.6575
453.31	262.8575
453.53	241.35750000000002
453.751	238.94750000000002
453.971	247.60750000000002
454.192	256.5575
454.412	238.28750000000002
454.633	231.10750000000002
454.853	229.3275
455.073	231.7575
455.294	245.05750000000003
455.514	267.6075
455.734	246.80750000000003
455.955	226.94750000000002
456.175	222.22750000000002
456.395	220.9375
456.616	222.1175
456.836	221.47750000000002
457.056	219.2575
457.276	219.30750000000003
457.497	222.1775
457.717	223.31750000000002
457.937	226.5075
458.157	229.53750000000002
458.377	235.38750000000002
458.598	258.4375
458.818	314.7075
459.038	347.20750000000004
459.258	306.9375
459.478	265.0375
459.698	257.1075
459.918	256.44750000000005
460.138	261.83750000000003
460.358	269.4875
460.578	271.1575
460.798	275.4575
461.018	275.3875
461.238	268.7475
461.458	268.4175
461.678	265.8275
461.898	272.1375
462.118	275.2775
462.338	283.3475
462.558	286.3775
462.777	296.8275
462.997	313.2275
463.217	323.69750000000005
463.437	321.0675
463.657	300.6075
463.876	295.8075
464.096	300.0375
464.316	298.7775
464.536	302.6875
464.755	298.0075
464.975	302.7775
465.195	353.7575
465.414	358.2275
465.634	279.3975
465.854	260.3175
466.073	255.1175
466.293	250.31750000000002
466.512	243.6775
466.732	239.3475
466.951	241.30750000000003
467.171	244.5475
467.391	248.5775
467.61	260.3575
467.829	264.3975
468.049	304.7875
468.268	340.3175
468.488	257.0675
468.707	242.3275
468.927	237.6175
469.146	234.7475
469.365	238.7475
469.585	239.78750000000002
469.804	250.23749999999998
470.023	256.8275
470.243	252.0875
470.462	260.3975
470.681	272.5275
470.901	255.35750000000002
471.12	246.21750000000003
471.339	246.8375
471.558	249.1675
471.777	251.1775
471.997	271.0775
472.216	389.8975
472.435	590.4675
472.654	343.28749999999997
472.873	265.2275
473.092	247.73749999999998
473.311	243.0075
473.53	240.9275
473.749	244.64749999999998
473.968	265.7375
474.187	303.1175
474.406	283.2575
474.625	246.37750000000003
474.844	237.89749999999998
475.063	237.2075
475.282	237.72750000000002
475.501	237.30750000000003
475.72	241.9175
475.939	239.7775
476.158	240.5075
476.377	240.9375
476.596	241.55750000000003
476.814	250.7475
477.033	250.80750000000003
477.252	251.44750000000002
477.471	251.0475
477.69	257.4275
477.908	259.9375
478.127	265.1475
478.346	264.1075
478.564	270.1475
478.783	276.8775
479.002	279.2275
479.22	280.96750000000003
479.439	288.5375
479.658	296.3475
479.876	293.7475
480.095	297.71750000000003
480.313	310.2975
480.532	314.3275
480.751	333.58750000000003
480.969	447.9075
481.188	907.8874999999999
481.406	718.2675
481.624	369.2975
481.843	309.0675
482.061	292.44750000000005
482.28	284.2075
482.498	275.4375
482.717	272.3575
482.935	271.0275
483.153	269.1075
483.372	267.1575
483.59	267.4275
483.808	268.1075
484.027	268.3875
484.245	270.2475
484.463	270.4375
484.681	276.5375
484.9	274.4875
485.118	277.9575
485.336	279.1275
485.554	282.6775
485.772	283.5975
485.99	287.2475
486.209	289.7875
486.427	292.8475
486.645	295.5675
486.863	302.2375
487.081	291.7975
487.299	286.5975
487.517	283.1275
487.735	281.6075
487.953	282.6775
488.171	282.7075
488.389	283.71750000000003
488.607	287.1575
488.825	284.3275
489.043	282.1475
489.261	284.8575
489.479	285.4975
489.696	286.8175
489.914	287.8675
490.132	292.7575
490.35	296.3575
490.568	295.9075
490.786	303.4975
491.003	308.8075
491.221	318.8075
491.439	326.3975
491.657	329.4375
491.874	328.7475
492.092	326.3875
492.31	332.4675
492.527	336.4575
492.745	340.9075
492.963	339.3675
493.18	338.1675
493.398	340.1475
493.615	344.5775
493.833	340.42749999999995
494.05	334.08750000000003
494.268	330.35749999999996
494.485	332.0475
494.703	328.60749999999996
494.92	325.9375
495.138	323.6775
495.355	323.1075
495.573	325.5675
495.79	324.2475
496.008	324.8175
496.225	321.0475
496.442	320.21750000000003
496.66	323.9075
496.877	322.0575
497.094	326.9775
497.312	330.4575
497.529	333.2275
497.746	340.28749999999997
497.963	345.2475
498.181	358.78749999999997
498.398	367.1575
498.615	389.8875
498.832	397.4975
499.049	403.6275
499.267	419.9575
499.484	443.8175
499.701	464.1175
499.918	486.01750000000004
500.135	510.8675
500.352	531.7675
500.569	533.6675
500.786	536.3075
501.003	522.3975
501.22	501.92749999999995
501.437	479.5675
501.654	456.8275
501.871	446.0775
502.088	412.0975
502.305	391.78749999999997
502.522	376.3675
502.739	364.92749999999995
502.956	351.7275
503.172	347.2475
503.389	342.7975
503.606	344.4175
503.823	336.51750000000004
504.04	329.44750000000005
504.256	332.3775
504.473	331.6175
504.69	332.8975
504.907	330.2175
505.123	319.2775
505.34	307.4175
505.557	303.9975
505.773	301.6775
505.99	299.1175
506.207	296.6275
506.423	295.2275
506.64	293.6875
506.856	291.0575
507.073	288.7975
507.289	288.4875
507.506	291.2375
507.722	304.3675
507.939	305.1475
508.155	286.8175
508.372	281.4575
508.588	279.8575
508.805	281.58750000000003
509.021	281.8575
509.238	289.6375
509.454	290.3475
509.67	288.0575
509.887	288.1675
510.103	306.9575
510.319	376.5775
510.536	860.7675
510.752	2383.2675
510.968	837.5274999999999
511.184	332.10749999999996
511.401	289.19750000000005
511.617	282.4875
511.833	286.0575
512.049	285.2275
512.265	279.8275
512.481	273.4175
512.698	269.3675
512.914	270.2075
513.13	267.2475
513.346	265.2475
513.562	266.9975
513.778	268.4875
513.994	272.5675
514.21	278.76750000000004
514.426	297.1075
514.642	319.1275
514.858	319.6375
515.074	362.1475
515.29	629.6675
515.506	1564.8374999999999
515.721	736.6175
515.937	350.8775
516.153	305.44750000000005
516.369	293.0375
516.585	289.1275
516.801	292.21750000000003
517.016	298.2975
517.232	305.9575
517.448	310.51750000000004
517.664	312.2375
517.879	313.9775
518.095	313.2775
518.311	309.8575
518.527	302.4275
518.742	295.1675
518.958	289.21750000000003
519.173	282.5575
519.389	278.9075
519.605	278.8475
519.82	276.2075
520.036	283.5475
520.251	300.3975
520.467	299.7775
520.682	289.2975
520.898	290.1875
521.113	302.3775
521.329	329.8175
521.544	403.69750000000005
521.76	748.9075
521.975	2394.3775
522.19	1609.3475
522.406	494.8175
522.621	301.83750000000003
522.836	269.7475
523.052	260.8175
523.267	253.6175
523.482	249.4175
523.698	252.87750000000003
523.913	269.3075
524.128	256.1375
524.343	242.7475
524.559	242.8375
524.774	237.44750000000002
524.989	242.2575
525.204	249.87750000000003
525.419	245.1575
525.634	235.3275
525.849	234.2075
526.064	233.2675
526.28	231.30750000000003
526.495	229.4275
526.71	231.0175
526.925	227.4575
527.14	228.0875
527.355	227.71750000000003
527.57	229.78750000000002
527.785	230.05750000000003
527.999	227.4975
528.214	232.5775
528.429	234.87750000000003
528.644	231.21750000000003
528.859	229.13750000000002
529.074	233.0175
529.289	261.9775
529.503	326.85749999999996
529.718	256.71750000000003
529.933	236.63750000000002
530.148	232.1675
530.363	229.21750000000003
530.577	226.48749999999998
530.792	227.5775
531.007	226.6675
531.221	229.44750000000002
531.436	227.14749999999998
531.651	228.5075
531.865	227.30750000000003
532.08	227.9575
532.295	227.69750000000002
532.509	228.48749999999998
532.724	228.5775
532.938	229.9175
533.153	232.44750000000002
533.367	226.46750000000003
533.582	227.3475
533.796	225.72750000000002
534.011	224.4375
534.225	223.9175
534.44	220.5775
534.654	225.73749999999998
534.868	222.38750000000002
535.083	221.9975
535.297	224.64749999999998
535.511	231.0275
535.726	234.98749999999998
535.94	229.5275
536.154	226.22750000000002
536.369	221.9175
536.583	216.97750000000002
536.797	217.97750000000002
537.011	216.64749999999998
537.225	217.30750000000003
537.44	216.47750000000002
537.654	217.23749999999998
537.868	215.2675
538.082	215.19750000000002
538.296	217.06750000000002
538.51	217.0775
538.724	216.14749999999998
538.938	213.80750000000003
539.153	217.46750000000003
539.367	228.5875
539.581	218.0275
539.795	210.73749999999998
540.009	212.48749999999998
540.222	214.0775
540.436	214.71750000000003
540.65	213.05750000000003
540.864	217.7675
541.078	219.5975
541.292	215.3675
541.506	211.31750000000002
541.72	209.7675
541.934	207.2175
542.147	208.1075
542.361	206.30749999999998
542.575	205.3575
542.789	209.1175
543.002	208.8275
543.216	212.4975
543.43	216.7575
543.644	212.0775
543.857	213.4975
544.071	210.8375
544.285	212.0075
544.498	210.38750000000002
544.712	211.2675
544.925	209.9475
545.139	209.63750000000002
545.352	208.4175
545.566	210.4675
545.779	208.4575
545.993	210.1175
546.206	208.39749999999998
546.42	208.6775
546.633	210.4075
546.847	212.13750000000002
547.06	207.5875
547.274	208.7675
547.487	208.0775
547.7	208.2575
547.914	206.5775
548.127	208.6075
548.34	208.5175
548.554	208.73749999999998
548.767	207.89749999999998
548.98	208.6275
549.193	208.9275
549.407	208.7975
549.62	209.6875
549.833	210.7575
550.046	209.4175
550.259	208.1075
550.473	205.01749999999998
550.686	208.6875
550.899	205.2775
551.112	204.73749999999998
551.325	204.1175
551.538	205.5475
551.751	205.92749999999998
551.964	206.1075
552.177	208.9275
552.39	208.3375
552.603	212.94750000000002
552.816	215.7575
553.029	215.0175
553.242	221.5075
553.455	229.46750000000003
553.667	232.5075
553.88	230.85750000000002
554.093	219.9975
554.306	218.5075
554.519	214.0975
554.732	210.4075
554.944	206.98749999999998
555.157	204.9375
555.37	203.0975
555.583	199.9675
555.795	201.49749999999997
556.008	197.4675
556.221	195.05749999999998
556.433	196.06750000000002
556.646	196.92749999999998
556.859	194.3675
557.071	195.8575
557.284	189.89749999999998
557.496	191.0275
557.709	190.3575
557.921	189.1275
558.134	187.6875
558.346	187.1275
558.559	188.14749999999998
558.771	185.9475
558.984	184.1075
559.196	184.99749999999997
559.409	184.2575
559.621	184.1175
559.833	183.6975
560.046	184.6175
560.258	187.38750000000002
560.47	187.97750000000002
560.683	184.6875
560.895	182.1675
561.107	183.8275
561.32	184.3475
561.532	183.9375
561.744	186.5375
561.956	184.6975
562.168	185.64749999999998
562.381	185.6875
562.593	187.72750000000002
562.805	189.49749999999997
563.017	186.3475
563.229	184.81750000000002
563.441	185.4075
563.653	187.56750000000002
563.865	184.9575
564.077	185.4575
564.289	188.0375
564.501	190.74749999999997
564.713	193.7975
564.925	196.8775
565.137	208.2875
565.349	198.8475
565.561	201.31750000000002
565.773	205.17749999999998
565.985	209.5975
566.197	213.4075
566.408	224.9075
566.62	233.5275
566.832	241.2075
567.044	240.9275
567.255	244.1575
567.467	249.4975
567.679	258.6375
567.891	266.58750000000003
568.102	266.94750000000005
568.314	255.2575
568.526	240.1675
568.737	229.31750000000002
568.949	218.1875
569.161	207.56750000000002
569.372	200.1275
569.584	196.4375
569.795	197.24749999999997
570.007	210.5475
570.218	321.0875
570.43	232.0475
570.641	189.8475
570.853	183.88750000000002
571.064	184.81750000000002
571.276	184.73749999999998
571.487	181.58749999999998
571.698	178.3275
571.91	173.7975
572.121	173.5375
572.333	170.72750000000002
572.544	168.8675
572.755	167.97750000000002
572.966	167.63750000000002
573.178	166.6575
573.389	167.47750000000002
573.6	165.31750000000002
573.811	164.6575
574.023	163.72750000000002
574.234	164.06750000000002
574.445	164.3275
574.656	162.6875
574.867	164.49749999999997
575.078	161.8375
575.289	162.0775
575.501	162.05749999999998
575.712	160.6975
575.923	159.4175
576.134	161.6675
576.345	157.9475
576.556	159.7175
576.767	160.9975
576.978	161.3575
577.188	161.39749999999998
577.399	161.1875
577.61	160.7575
577.821	165.2175
578.032	177.1075
578.243	303.53749999999997
578.454	748.8075
578.665	269.7675
578.875	165.63750000000002
579.086	156.70749999999998
579.297	152.95749999999998
579.508	152.1775
579.718	153.3275
579.929	152.7175
580.14	149.4975
580.35	151.0275
580.561	149.9475
580.772	148.79749999999999
580.982	149.9275
581.193	147.3275
581.403	150.2275
581.614	149.3175
581.825	147.7875
582.035	148.0975
582.246	149.1575
582.456	148.3875
582.667	147.8375
582.877	148.1275
583.087	147.4175
583.298	148.0875
583.508	146.54749999999999
583.719	149.0175
583.929	150.1275
584.139	146.8275
584.35	146.3775
584.56	146.9575
584.77	144.9175
584.981	146.2275
585.191	145.6675
585.401	146.7275
585.611	146.4375
585.821	148.9475
586.032	147.3075
586.242	145.2775
586.452	145.1675
586.662	144.1975
586.872	143.2875
587.082	143.1575
587.292	142.8975
587.502	141.7075
587.713	143.0475
587.923	144.0075
588.133	143.0275
588.343	143.6175
588.553	141.9975
588.762	145.9675
588.972	148.7875
589.182	179.13750000000002
589.392	159.0975
589.602	152.7875
589.812	164.2075
590.022	151.0075
590.232	145.1575
590.441	144.89749999999998
590.651	144.3775
590.861	144.48749999999998
591.071	143.5775
591.281	145.5675
591.49	144.9375
591.7	145.54749999999999
591.91	149.6175
592.119	147.9975
592.329	154.6675
592.539	158.6375
592.748	156.5275
592.958	157.6775
593.167	156.4475
593.377	158.5975
593.587	165.26749999999998
593.796	159.95749999999998
594.006	157.9975
594.215	161.1775
594.424	159.7175
594.634	157.29749999999999
594.843	156.1275
595.053	152.98749999999998
595.262	149.7175
595.472	148.9275
595.681	146.3375
595.89	144.7675
596.1	144.8675
596.309	141.0375
596.518	140.22750000000002
596.727	141.47750000000002
596.937	139.97750000000002
597.146	139.9275
597.355	138.5075
597.564	135.9575
597.774	138.0875
597.983	135.6475
598.192	133.47750000000002
598.401	133.9975
598.61	133.81750000000002
598.819	133.5975
599.028	134.8475
599.237	132.63750000000002
599.446	134.3275
599.655	133.3275
599.864	134.3675
600.073	131.9675
600.282	135.4175
600.491	133.5175
600.7	132.8975
600.909	131.6175
601.118	132.6075
601.327	135.7475
601.536	134.7875
601.745	133.13750000000002
601.953	132.4175
602.162	131.7175
602.371	132.56750000000002
602.58	131.31750000000002
602.789	131.4175
602.997	130.1775
603.206	132.5975
603.415	130.0475
603.623	128.3475
603.832	129.1475
604.041	129.8375
604.249	127.81750000000001
604.458	127.4475
604.666	127.58749999999999
604.875	126.81750000000001
605.084	128.6075
605.292	126.66749999999999
605.501	127.53750000000001
605.709	128.48749999999998
605.918	127.6575
606.126	129.0475
606.334	127.7175
606.543	127.1375
606.751	126.6175
606.96	126.03750000000001
607.168	127.1375
607.376	127.64750000000001
607.585	129.2875
607.793	126.6575
608.001	127.9275
608.21	127.2275
608.418	126.9075
608.626	125.31750000000001
608.834	125.9475
609.043	127.2375
609.251	127.28750000000001
609.459	126.6175
609.667	126.8575
609.875	127.9475
610.083	126.0975
610.291	126.9075
610.499	125.95750000000001
610.707	126.2375
610.916	126.28750000000001
611.124	124.7775
611.332	123.3475
611.54	124.1075
611.748	126.14750000000001
611.955	124.91749999999999
612.163	126.1075
612.371	126.95750000000001
612.579	123.0175
612.787	125.7375
612.995	124.9875
613.203	126.03750000000001
613.411	123.91749999999999
613.618	123.6875
613.826	122.45750000000001
614.034	123.9775
614.242	123.0175
614.449	123.1975
614.657	124.2575
614.865	123.87750000000001
615.072	125.14750000000001
615.28	124.9375
615.488	125.03750000000001
615.695	125.89750000000001
615.903	132.8375
616.111	137.2775
616.318	135.4375
616.526	131.3575
616.733	131.9675
616.941	127.3475
617.148	126.5575
617.356	124.7975
617.563	123.9775
617.771	123.0275
617.978	123.7675
618.185	124.4775
618.393	123.6775
618.6	121.4875
618.807	121.8875
619.015	122.2675
619.222	120.45750000000001
619.429	122.39750000000001
619.637	123.4475
619.844	122.3675
620.051	120.41749999999999
620.258	118.4675
620.466	119.2375
620.673	117.7675
620.88	118.62750000000001
621.087	119.53750000000001
621.294	120.8275
621.501	119.70750000000001
621.708	120.6075
621.915	118.62750000000001
622.122	118.83749999999999
622.329	119.6375
622.536	119.2675
622.743	117.5775
622.95	117.66749999999999
623.157	117.1075
623.364	117.1775
623.571	117.89750000000001
623.778	116.6975
623.985	117.14750000000001
624.192	116.39750000000001
624.399	118.56750000000001
624.606	117.7575
624.812	114.4275
625.019	114.6075
625.226	114.8675
625.433	118.2675
625.639	114.8475
625.846	113.95750000000001
626.053	115.4475
626.259	114.4075
626.466	114.7675
626.673	113.3875
626.879	115.0175
627.086	115.0975
627.293	115.9775
627.499	114.41749999999999
627.706	112.45750000000001
627.912	112.8875
628.119	113.7975
628.325	114.9075
628.532	113.45750000000001
628.738	113.4375
628.945	110.6875
629.151	113.0775
629.357	111.45750000000001
629.564	114.0475
629.77	112.8675
629.976	111.66749999999999
630.183	111.0975
630.389	111.53750000000001
630.595	111.5575
630.802	110.6175
631.008	109.99749999999999
631.214	109.0975
631.42	110.8275
631.627	112.9275
631.833	110.0975
632.039	108.78750000000001
632.245	110.5175
632.451	111.37750000000001
632.657	108.4275
632.863	108.6975
633.069	109.78750000000001
633.275	109.7175
633.481	108.2775
633.688	108.14750000000001
633.893	110.0475
634.099	107.6875
634.305	108.1375
634.511	108.5175
634.717	109.5275
634.923	107.41749999999999
635.129	106.5975
635.335	107.3875
635.541	107.95750000000001
635.747	110.6375
635.952	109.8275
636.158	113.0275
636.364	140.3775
636.57	133.7875
636.775	114.9075
636.981	110.99749999999999
637.187	110.24749999999999
637.392	107.7575
637.598	108.31750000000001
637.804	108.1175
638.009	108.0075
638.215	107.31750000000001
638.421	104.0275
638.626	105.49749999999999
638.832	108.06750000000001
639.037	104.78750000000001
639.243	104.81750000000001
639.448	105.0775
639.654	106.16749999999999
639.859	103.5775
640.065	104.8575
640.27	108.0775
640.475	103.6975
640.681	104.6575
640.886	104.8875
641.091	104.2775
641.297	108.45750000000001
641.502	103.5975
641.707	105.6975
641.913	106.3575
642.118	104.2675
642.323	103.1775
642.528	104.7575
642.733	104.9675
642.939	104.2275
643.144	104.3275
643.349	103.5475
643.554	104.9375
643.759	104.20750000000001
643.964	101.3275
644.169	104.2175
644.374	103.9275
644.579	105.83749999999999
644.784	103.8875
644.989	104.3475
645.194	102.0175
645.399	105.0775
645.604	104.2675
645.809	106.14750000000001
646.014	104.1075
646.219	104.03750000000001
646.423	103.8675
646.628	102.8675
646.833	104.6775
647.038	105.7975
647.243	105.1975
647.447	103.8475
647.652	105.7375
647.857	104.5075
648.062	108.08749999999999
648.266	108.5275
648.471	111.9675
648.676	112.9875
648.88	111.2275
649.085	109.37750000000001
649.289	110.0275
649.494	121.1175
649.698	156.9675
649.903	122.2675
650.107	108.03750000000001
650.312	105.8475
650.516	100.8075
650.721	100.66749999999999
650.925	100.7275
651.13	98.6875
651.334	100.3875
651.539	97.53750000000001
651.743	97.70750000000001
651.947	98.28750000000001
652.152	99.74749999999999
652.356	97.58749999999999
652.56	98.2575
652.764	95.6975
652.969	95.9375
653.173	94.03750000000001
653.377	96.7575
653.581	93.6875
653.785	95.8475
653.99	95.1575
654.194	94.16749999999999
654.398	95.70750000000001
654.602	95.0675
654.806	100.2375
655.01	115.4075
655.214	102.6775
655.418	94.64750000000001
655.622	94.6875
655.826	95.8875
656.03	94.95750000000001
656.234	100.62750000000001
656.438	104.14750000000001
656.642	103.3475
656.846	98.28750000000001
657.049	95.70750000000001
657.253	93.24749999999999
657.457	90.5275
657.661	89.8175
657.865	89.37750000000001
658.068	88.91749999999999
658.272	88.9375
658.476	87.4275
658.68	88.0475
658.883	86.9275
659.087	85.0575
659.291	87.1875
659.494	86.0475
659.698	84.5975
659.901	83.7575
660.105	84.7675
660.309	84.5175
660.512	83.7275
660.716	85.45750000000001
660.919	84.91749999999999
661.123	84.9775
661.326	83.0475
661.53	83.0475
661.733	83.6975
661.936	83.9675
662.14	82.4675
662.343	82.20750000000001
662.546	82.4875
662.75	83.6175
662.953	83.7375
663.156	81.7275
663.36	82.08749999999999
663.563	83.41749999999999
663.766	81.0775
663.969	82.9775
664.173	81.3675
664.376	80.95750000000001
664.579	81.2175
664.782	81.8875
664.985	81.5675
665.188	81.0775
665.391	82.3475
665.594	80.8475
665.797	81.9075
666.0	80.4075
666.203	79.1975
666.406	79.4875
666.609	80.7775
666.812	81.1575
667.015	82.0475
667.218	83.3575
667.421	82.6775
667.624	82.2275
667.827	82.70750000000001
668.03	81.2275
668.232	79.7375
668.435	82.1375
668.638	80.9975
668.841	81.89750000000001
669.043	80.8275
669.246	81.49749999999999
669.449	79.3275
669.651	81.4075
669.854	82.0575
670.057	81.7675
670.259	80.4275
670.462	80.7475
670.665	79.5475
670.867	82.2775
671.07	81.99749999999999
671.272	80.9175
671.475	82.83749999999999
671.677	80.6675
671.88	80.9175
672.082	80.87750000000001
672.284	80.6375
672.487	79.6175
672.689	80.08749999999999
672.892	80.0475
