223.165	-17.0508
223.4	-17.0508
223.635	-17.0508
223.869	-19.7408
224.104	-18.4408
224.338	-17.390800000000002
224.573	-16.410800000000002
224.808	-12.580800000000002
225.042	-7.2508
225.277	-5.8808
225.511	-1.1608
225.746	3.7892
225.98	6.8492
226.215	13.0392
226.449	17.1992
226.683	20.579200000000004
226.918	25.4592
227.152	28.9892
227.387	34.3892
227.621	38.0492
227.856	45.2492
228.09	46.4092
228.324	51.629200000000004
228.559	56.8292
228.793	65.5592
229.027	89.52919999999999
229.262	99.6492
229.496	110.43920000000001
229.73	133.6592
229.964	134.7192
230.199	107.1692
230.433	104.1692
230.667	106.11919999999999
230.901	105.5492
231.136	102.27919999999999
231.37	105.3092
231.604	106.72919999999999
231.838	105.51920000000001
232.072	107.01920000000001
232.306	107.43920000000001
232.541	107.1692
232.775	108.67920000000001
233.009	108.11919999999999
233.243	108.6392
233.477	109.1492
233.711	110.6592
233.945	110.10920000000002
234.179	110.9692
234.413	110.1292
234.647	110.0692
234.881	108.5092
235.115	111.43920000000001
235.349	111.2492
235.583	113.72919999999999
235.817	114.7792
236.051	118.5592
236.285	115.2992
236.519	116.93920000000001
236.753	122.2492
236.987	138.8992
237.221	177.57920000000001
237.455	189.3892
237.689	136.7192
237.922	122.61919999999999
238.156	122.1692
238.39	117.8892
238.624	116.7792
238.858	117.8892
239.091	116.67920000000001
239.325	117.35920000000002
239.559	122.1392
239.793	122.10920000000002
240.027	128.6692
240.26	137.4492
240.494	142.6192
240.728	141.3692
240.961	135.3992
241.195	129.2392
241.429	128.8792
241.662	123.6492
241.896	124.4892
242.13	124.97919999999999
242.363	123.9092
242.597	127.8092
242.83	131.9292
243.064	128.4392
243.298	131.2892
243.531	131.3892
243.765	129.35920000000002
243.998	131.5192
244.232	133.9792
244.465	138.0392
244.699	137.0192
244.932	136.1892
245.166	135.4392
245.399	135.29919999999998
245.633	136.6892
245.866	137.4992
246.099	136.29919999999998
246.333	139.95919999999998
246.566	139.0192
246.8	141.3992
247.033	145.8792
247.266	147.0092
247.5	150.6392
247.733	155.7592
247.966	156.6892
248.2	154.9792
248.433	155.6892
248.666	160.1792
248.899	171.5992
249.133	181.3192
249.366	188.6692
249.599	180.28920000000002
249.832	162.0992
250.066	162.54919999999998
250.299	159.70919999999998
250.532	169.1792
250.765	180.4792
250.998	196.9892
251.231	191.3892
251.465	181.5292
251.698	175.1392
251.931	172.3492
252.164	172.8492
252.397	174.5192
252.63	178.03920000000002
252.863	185.3692
253.096	194.3492
253.329	198.6892
253.562	190.7392
253.795	186.0292
254.028	185.9192
254.261	190.4292
254.494	205.7692
254.727	232.8992
254.96	237.9992
255.193	214.32920000000001
255.426	197.9092
255.659	190.19920000000002
255.892	188.2392
256.124	185.1792
256.357	184.9892
256.59	182.4092
256.823	180.1892
257.056	180.0992
257.289	181.0292
257.521	183.8992
257.754	184.8392
257.987	181.8892
258.22	183.62920000000003
258.452	184.6592
258.685	184.35920000000002
258.918	186.8692
259.151	189.35920000000002
259.383	196.9892
259.616	197.9692
259.849	202.3392
260.081	214.2792
260.314	226.82920000000001
260.547	222.0692
260.779	208.3392
261.012	201.9192
261.244	198.29919999999998
261.477	199.7592
261.71	203.19920000000002
261.942	219.60920000000002
262.175	225.60920000000002
262.407	201.6692
262.64	193.7792
262.872	194.82920000000001
263.105	193.54919999999998
263.337	193.0092
263.57	192.7692
263.802	193.2492
264.035	194.5192
264.267	193.7792
264.499	194.5692
264.732	195.54919999999998
264.964	195.3392
265.197	197.1192
265.429	195.7292
265.661	196.8392
265.894	197.1792
266.126	200.95919999999998
266.358	202.6692
266.591	202.8992
266.823	206.7792
267.055	208.4992
267.287	208.2592
267.52	206.60920000000002
267.752	205.8392
267.984	209.57920000000001
268.216	211.5292
268.448	214.6692
268.681	218.8392
268.913	228.62920000000003
269.145	244.3392
269.377	250.1392
269.609	241.28920000000002
269.841	239.37920000000003
270.073	248.60920000000002
270.306	271.1192
270.538	283.7892
270.77	269.5892
271.002	257.80920000000003
271.234	254.8692
271.466	267.5492
271.698	276.0892
271.93	277.3292
272.162	277.9592
272.394	271.68919999999997
272.626	256.6792
272.858	246.9692
273.09	241.12920000000003
273.322	238.8392
273.553	233.8392
273.785	236.57920000000001
274.017	235.53920000000002
274.249	238.2492
274.481	237.0592
274.713	238.9792
274.945	243.1792
275.176	241.4392
275.408	238.4892
275.64	236.07920000000001
275.872	238.32920000000001
276.104	244.2792
276.335	246.1392
276.567	257.5892
276.799	274.3992
277.031	286.9292
277.262	289.1792
277.494	278.3192
277.726	264.2292
277.957	256.2192
278.189	250.4192
278.421	247.29919999999998
278.652	246.9092
278.884	245.3692
279.115	244.9892
279.347	246.9392
279.579	244.0092
279.81	244.2792
280.042	245.7692
280.273	248.0592
280.505	247.4292
280.736	247.4092
280.968	249.35920000000002
281.199	250.95919999999998
281.431	253.35920000000002
281.662	253.0992
281.894	254.8992
282.125	267.1392
282.356	291.8192
282.588	317.4492
282.819	290.00919999999996
283.051	262.00919999999996
283.282	256.1292
283.513	261.5992
283.745	264.2192
283.976	267.3892
284.207	267.23920000000004
284.439	264.8592
284.67	266.23920000000004
284.901	264.1092
285.132	264.48920000000004
285.364	263.5492
285.595	265.4692
285.826	263.2792
286.057	268.8692
286.288	266.6092
286.52	267.7292
286.751	268.5992
286.982	272.1492
287.213	270.3392
287.444	273.9092
287.675	279.3592
287.906	286.6792
288.138	290.9692
288.369	290.25919999999996
288.6	288.9692
288.831	282.16920000000005
289.062	282.1592
289.293	279.68919999999997
289.524	274.9692
289.755	276.5392
289.986	276.7992
290.217	275.98920000000004
290.448	275.2992
290.679	278.6092
290.91	278.5692
291.141	276.9492
291.371	278.4492
291.602	278.3592
291.833	277.3892
292.064	278.0292
292.295	279.2692
292.526	279.7792
292.757	279.5792
292.987	279.91920000000005
293.218	278.1592
293.449	281.8992
293.68	280.9092
293.91	280.55920000000003
294.141	280.8592
294.372	278.9692
294.603	282.7992
294.833	283.6792
295.064	283.9292
295.295	284.7692
295.525	286.6192
295.756	296.6992
295.987	313.0192
296.217	342.30920000000003
296.448	327.1092
296.679	295.1792
296.909	290.1492
297.14	290.7992
297.37	293.4792
297.601	296.5292
297.831	296.5892
298.062	297.2892
298.292	298.2992
298.523	299.8592
298.753	299.4092
298.984	298.3792
299.214	298.3292
299.445	301.4092
299.675	301.9592
299.905	306.4492
300.136	303.9592
300.366	303.4792
300.597	307.1992
300.827	315.25919999999996
301.057	323.8292
301.288	328.8592
301.518	319.6392
301.748	316.6192
301.979	329.41920000000005
302.209	321.2192
302.439	321.0892
302.669	316.5492
302.9	314.8492
303.13	315.8392
303.36	321.0792
303.59	328.0292
303.82	333.1392
304.051	323.0892
304.281	317.3792
304.511	314.9592
304.741	313.2192
304.971	310.8992
305.201	312.0792
305.431	314.3292
305.661	312.2792
305.891	313.3792
306.121	317.3292
306.352	323.6092
306.582	326.8692
306.812	313.4492
307.042	314.5892
307.272	314.6192
307.502	316.1992
307.731	315.3192
307.961	313.1492
308.191	312.0692
308.421	313.8592
308.651	318.8492
308.881	317.9292
309.111	322.4592
309.341	321.1092
309.571	332.57919999999996
309.8	334.5692
310.03	338.6392
310.26	342.3392
310.49	337.8792
310.72	351.74920000000003
310.949	361.4492
311.179	356.1592
311.409	343.1992
311.639	343.6092
311.868	345.07919999999996
312.098	346.7792
312.328	354.6792
312.557	365.5692
312.787	375.91920000000005
313.017	365.3492
313.246	355.4292
313.476	347.8792
313.706	351.6592
313.935	358.2892
314.165	370.4692
314.394	371.4692
314.624	365.00919999999996
314.853	358.00919999999996
315.083	352.9592
315.312	349.99920000000003
315.542	344.25919999999996
315.771	345.80920000000003
316.001	343.6392
316.23	344.6192
316.46	341.91920000000005
316.689	347.2892
316.919	352.2192
317.148	355.9692
317.377	354.1592
317.607	350.3692
317.836	347.23920000000004
318.065	343.8692
318.295	344.3892
318.524	341.23920000000004
318.753	342.4592
318.983	345.8392
319.212	347.7192
319.441	358.1492
319.67	359.07919999999996
319.9	345.3192
320.129	346.7892
320.358	347.7092
320.587	353.7292
320.816	358.7192
321.046	364.0392
321.275	359.1992
321.504	358.0192
321.733	362.3792
321.962	367.7192
322.191	375.3792
322.42	385.9092
322.649	395.4492
322.878	401.2192
323.108	412.5392
323.337	435.81919999999997
323.566	454.68919999999997
323.795	494.70919999999995
324.024	587.7891999999999
324.253	894.0691999999999
324.482	1573.3792
324.71	2676.9592000000002
324.939	3202.2092000000002
325.168	1706.3891999999998
325.397	696.1692
325.626	510.06919999999997
325.855	462.7892
326.084	453.8992
326.313	459.4792
326.542	490.6492
326.77	612.5391999999999
326.999	939.2991999999999
327.228	1642.7192
327.457	2670.3992000000003
327.686	2282.9692
327.914	871.7392
328.143	585.7492
328.372	520.1092
328.6	483.70919999999995
328.829	477.73920000000004
329.058	497.0192
329.287	495.30920000000003
329.515	452.8792
329.744	432.4692
329.972	429.63919999999996
330.201	439.0392
330.43	461.06919999999997
330.658	496.3592
330.887	536.3292
331.115	492.9492
331.344	446.0992
331.572	439.0292
331.801	446.3592
332.03	448.30920000000003
332.258	437.4092
332.486	436.4292
332.715	439.25919999999996
332.943	452.73920000000004
333.172	463.3992
333.4	473.25919999999996
333.629	483.6092
333.857	494.6492
334.085	483.0992
334.314	472.5192
334.542	469.73920000000004
334.771	469.1992
334.999	460.1292
335.227	455.1292
335.455	449.1192
335.684	443.31919999999997
335.912	440.3392
336.14	438.1492
336.369	436.07919999999996
336.597	441.20919999999995
336.825	436.6092
337.053	426.7892
337.281	422.9092
337.51	418.0292
337.738	419.3992
337.966	416.7892
338.194	420.3592
338.422	415.2692
338.65	406.9492
338.878	405.4092
339.106	401.70919999999995
339.334	405.6792
339.562	397.4492
339.79	393.1092
340.018	395.38919999999996
340.246	395.5492
340.474	400.6992
340.702	397.07919999999996
340.93	395.57919999999996
341.158	396.0392
341.386	398.3992
341.614	401.57919999999996
341.842	397.07919999999996
342.07	389.81919999999997
342.298	389.6492
342.526	385.6992
342.754	385.0292
342.981	387.7192
343.209	394.6992
343.437	416.8792
343.665	431.05920000000003
343.893	448.1192
344.12	451.4492
344.348	433.41920000000005
344.576	421.9792
344.804	419.75919999999996
345.031	415.3592
345.259	416.68919999999997
345.487	399.70919999999995
345.714	395.32919999999996
345.942	386.9292
346.17	382.6792
346.397	384.48920000000004
346.625	381.9792
346.853	380.2992
347.08	379.13919999999996
347.308	386.7692
347.535	392.7292
347.763	396.70919999999995
347.99	392.3392
348.218	397.30920000000003
348.445	401.1992
348.673	390.6992
348.9	383.73920000000004
349.128	378.75919999999996
349.355	373.2892
349.583	375.38919999999996
349.81	374.2892
350.037	374.31919999999997
350.265	372.5292
350.492	373.7992
350.72	377.8992
350.947	382.6992
351.174	395.0492
351.402	400.3492
351.629	388.4692
351.856	388.1992
352.083	394.0192
352.311	399.75919999999996
352.538	399.4692
352.765	399.66920000000005
352.992	398.5292
353.22	391.91920000000005
353.447	385.5192
353.674	378.2092
353.901	372.82919999999996
354.128	370.18919999999997
354.355	368.7792
354.583	373.1192
354.81	369.2192
355.037	369.4292
355.264	365.57919999999996
355.491	365.5992
355.718	362.5992
355.945	363.6992
356.172	366.5192
356.399	366.74920000000003
356.626	367.7292
356.853	366.4692
357.08	363.66920000000005
357.307	363.16920000000005
357.534	362.74920000000003
357.761	367.2692
357.988	370.5192
358.215	368.7292
358.441	371.45919999999995
358.668	369.2692
358.895	370.9692
359.122	371.8992
359.349	378.4492
359.576	386.0292
359.802	409.31919999999997
360.029	428.7892
360.256	429.55920000000003
360.483	406.1192
360.709	382.6792
360.936	383.8992
361.163	385.2692
361.39	387.25919999999996
361.616	385.8392
361.843	380.00919999999996
362.07	384.8392
362.296	390.0292
362.523	380.7492
362.749	380.98920000000004
362.976	375.9792
363.203	373.2892
363.429	368.6992
363.656	371.6192
363.882	368.3692
364.109	369.0192
364.335	367.3792
364.562	368.2492
364.788	369.1192
365.015	373.3492
365.241	375.5392
365.468	384.68919999999997
365.694	386.7192
365.92	377.50919999999996
366.147	370.3992
366.373	366.2492
366.599	367.31919999999997
366.826	366.41920000000005
367.052	362.43919999999997
367.278	369.41919999999993
367.505	369.2692
367.731	374.55920000000003
367.957	370.57919999999996
368.184	377.98920000000004
368.41	385.7192
368.636	400.2192
368.862	405.4792
369.089	390.5492
369.315	378.16920000000005
369.541	377.2292
369.767	377.4492
369.993	377.38919999999996
370.219	380.23920000000004
370.445	378.1592
370.672	376.9292
370.898	379.38919999999996
371.124	383.6292
371.35	386.8792
371.576	383.5292
371.802	382.2292
372.028	380.2892
372.254	384.1292
372.48	386.6192
372.706	394.41920000000005
372.932	395.6592
373.158	392.9092
373.384	392.75919999999996
373.61	390.18919999999997
373.835	391.5392
374.061	392.9992
374.287	399.0192
374.513	402.06919999999997
374.739	409.2892
374.965	416.6492
375.191	416.9792
375.416	410.0892
375.642	401.7792
375.868	401.1592
376.094	394.5492
376.319	391.2492
376.545	390.8692
376.771	388.0192
376.997	390.7692
377.222	389.25919999999996
377.448	388.3492
377.674	387.07919999999996
377.899	386.98920000000004
378.125	386.6092
378.35	386.4492
378.576	384.3692
378.802	384.43919999999997
379.027	385.8792
379.253	388.98920000000004
379.478	382.7292
379.704	389.0492
379.929	391.2692
380.155	391.06919999999997
380.38	393.0292
380.606	395.16920000000005
380.831	391.2292
381.057	399.2492
381.282	393.2992
381.507	397.5192
381.733	400.93919999999997
381.958	401.25919999999996
382.184	406.9292
382.409	412.8492
382.634	416.32919999999996
382.86	414.1092
383.085	421.57919999999996
383.31	425.8992
383.535	429.9492
383.761	430.6492
383.986	435.70919999999995
384.211	441.2692
384.436	447.32919999999996
384.662	454.66920000000005
384.887	462.50919999999996
385.112	462.3392
385.337	467.25919999999996
385.562	467.91920000000005
385.787	468.5492
386.013	477.56919999999997
386.238	482.38919999999996
386.463	473.31919999999997
386.688	474.07919999999996
386.913	462.3392
387.138	464.43919999999997
387.363	460.6592
387.588	454.80920000000003
387.813	457.6792
388.038	462.41920000000005
388.263	473.0192
388.488	471.2792
388.713	454.6192
388.938	452.43919999999997
389.163	450.3492
389.387	448.2492
389.612	440.91920000000005
389.837	446.6192
390.062	442.8992
390.287	444.5992
390.512	443.3392
390.736	449.20919999999995
390.961	453.5192
391.186	462.0892
391.411	472.9492
391.636	480.8792
391.86	486.56919999999997
392.085	489.41920000000005
392.31	480.7692
392.534	472.7992
392.759	467.3792
392.984	460.56919999999997
393.208	459.0192
393.433	460.93919999999997
393.658	458.2892
393.882	456.68919999999997
394.107	460.7692
394.331	462.45919999999995
394.556	464.1992
394.78	469.4792
395.005	472.00919999999996
395.229	471.4792
395.454	482.8592
395.678	490.98920000000004
395.903	491.32919999999996
396.127	495.6992
396.352	483.2292
396.576	466.06919999999997
396.801	465.3592
397.025	472.9992
397.249	478.25919999999996
397.474	490.6792
397.698	491.5292
397.922	502.13919999999996
398.147	507.9492
398.371	512.7792000000001
398.595	525.4392
398.82	544.3092
399.044	582.5092
399.268	637.8692
399.492	714.8392
399.717	758.5592
399.941	742.4792
400.165	702.4692
400.389	652.0292000000001
400.613	592.0492
400.837	562.8292
401.062	552.3292
401.286	545.2192
401.51	543.3092
401.734	540.1192
401.958	560.5391999999999
402.182	588.2492
402.406	620.4592
402.63	591.8892
402.854	579.2192
403.078	579.8592
403.302	592.0292000000001
403.526	601.7592
403.75	599.3892
403.974	604.7692
404.198	602.0391999999999
404.422	611.3892
404.645	603.3392
404.869	598.1892
405.093	613.8992
405.317	621.5492
405.541	623.3392
405.765	601.6292
405.988	612.8492
406.212	672.1591999999999
406.436	726.5292000000001
406.66	673.5292000000001
406.883	637.9192
407.107	674.1692
407.331	716.7891999999999
407.555	757.0092
407.778	727.2192
408.002	670.4392
408.226	639.0492
408.449	631.5992
408.673	619.9792
408.896	638.8592
409.12	650.0092
409.344	613.9392
409.567	591.4492
409.791	588.0892
410.014	582.0192
410.238	576.2891999999999
410.461	581.1992
410.685	583.9492
410.908	595.0092
411.132	615.3092
411.355	615.7492
411.578	577.9892
411.802	555.7292
412.025	557.3592
412.249	565.3992
412.472	561.1692
412.695	559.7192
412.919	540.7692
413.142	536.1392
413.365	534.2592
413.589	537.3992
413.812	528.9792
414.035	527.5592
414.258	529.0892
414.482	534.5192
414.705	536.9392
414.928	535.7392
415.151	534.9792
415.374	535.8992
415.597	528.9291999999999
415.821	522.7692
416.044	523.7292
416.267	525.3992
416.49	519.7392
416.713	519.1392
416.936	527.9592
417.159	524.7092
417.382	530.6992
417.605	532.4392
417.828	547.6992
418.051	554.2891999999999
418.274	543.7792000000001
418.497	531.4492
418.72	542.8191999999999
418.943	537.7092
419.166	565.7792000000001
419.389	593.7992
419.611	585.3992
419.834	571.1292
420.057	562.1791999999999
420.28	543.9392
420.503	534.7592
420.726	534.5691999999999
420.948	549.7592
421.171	586.9692
421.394	586.0691999999999
421.617	546.2492
421.839	543.3992
422.062	551.0391999999999
422.285	564.3092
422.507	617.8191999999999
422.73	660.8191999999999
422.953	608.2891999999999
423.175	578.5592
423.398	580.1892
423.621	582.7292
423.843	596.9392
424.066	592.1492
424.288	586.6791999999999
424.511	604.8592
424.733	645.1192
424.956	682.3792000000001
425.178	642.1892
425.401	658.0992
425.623	645.6392
425.846	568.3892
426.068	557.1892
426.291	548.7792000000001
426.513	549.1791999999999
426.735	558.1992
426.958	593.1392
427.18	661.2492000000001
427.402	772.9592
427.625	800.0892
427.847	661.2492000000001
428.069	574.6292
428.292	538.1192
428.514	513.1192
428.736	501.9092
428.958	503.3992
429.181	490.1292
429.403	491.6592
429.625	507.7792
429.847	533.7192
430.069	578.1492
430.292	540.7092
430.514	494.7692
430.736	493.4492
430.958	486.1792
431.18	479.06919999999997
431.402	481.0892
431.624	478.50919999999996
431.846	487.4992
432.068	486.9792
432.29	492.8592
432.512	486.91920000000005
432.734	495.1792
432.956	493.7792
433.178	501.20919999999995
433.4	501.4692
433.622	490.2992
433.844	489.2992
434.066	490.70919999999995
434.287	500.3692
434.509	514.1892
434.731	529.8892
434.953	539.9892
435.175	549.8292
435.397	561.2192
435.618	556.0292000000001
435.84	592.8092
436.062	672.0492
436.284	668.1692
436.505	561.9592
436.727	536.6392
436.949	511.3792
437.17	496.1192
437.392	495.5392
437.614	509.93919999999997
437.835	549.1892
438.057	634.7492
438.278	674.8692
438.5	663.5592
438.721	740.3992
438.943	640.1292
439.165	542.5992
439.386	527.1192
439.608	531.8191999999999
439.829	546.0391999999999
440.05	591.8792
440.272	636.7891999999999
440.493	554.5192
440.715	522.2092
440.936	517.6892
441.158	518.0691999999999
441.379	526.0592
441.6	555.5492
441.822	574.0391999999999
442.043	606.6692
442.264	670.3492
442.486	650.3492
442.707	577.3992
442.928	577.1092
443.149	612.5192
443.371	629.1992
443.592	651.1591999999999
443.813	728.2392
444.034	718.7792000000001
444.255	622.1292
444.476	605.7692
444.698	618.4992
444.919	621.7792000000001
445.14	644.5691999999999
445.361	630.9992
445.582	634.3292
445.803	698.7992
446.024	749.0391999999999
446.245	721.8392
446.466	636.8292
446.687	547.4592
446.908	519.1292
447.129	498.0192
447.35	488.8492
447.571	486.6292
447.792	477.7992
448.013	493.43919999999997
448.234	515.4291999999999
448.455	557.9692
448.675	658.9192
448.896	699.8892000000001
449.117	574.8292
449.338	590.2392
449.559	711.7592
449.779	733.0892
450.0	553.9392
450.221	495.06919999999997
450.442	478.6192
450.662	474.98920000000004
450.883	494.00919999999996
451.104	505.0392
451.324	480.1492
451.545	462.5892
451.766	451.7792
451.986	443.4692
452.207	441.5892
452.428	441.93919999999997
452.648	449.3492
452.869	462.2692
453.089	470.9492
453.31	479.2792
453.53	447.93919999999997
453.751	441.6992
453.971	455.2492
454.192	467.88919999999996
454.412	440.93919999999997
454.633	430.75919999999996
454.853	427.6492
455.073	434.1992
455.294	466.6792
455.514	512.6791999999999
455.734	467.23920000000004
455.955	423.75919999999996
456.175	416.4792
456.395	408.3592
456.616	405.2492
456.836	409.1592
457.056	409.50919999999996
457.276	403.5392
457.497	415.6992
457.717	415.93919999999997
457.937	420.20919999999995
458.157	425.30920000000003
458.377	439.2892
458.598	472.1092
458.818	560.7891999999999
459.038	626.7592
459.258	584.0792
459.478	510.5392
459.698	494.50919999999996
459.918	497.31919999999997
460.138	506.91920000000005
460.358	526.7792000000001
460.578	527.5391999999999
460.798	532.8892
461.018	533.8692
461.238	522.4092
461.458	518.5391999999999
461.678	518.9492
461.898	526.6692
462.118	531.2692
462.338	554.7792000000001
462.558	564.2292
462.777	583.4291999999999
462.997	626.0092
463.217	652.8592000000001
463.437	640.1492
463.657	597.9092
463.876	581.1892
464.096	589.5792
464.316	591.1192
464.536	596.8191999999999
464.755	579.9892
464.975	584.8792
465.195	645.4291999999999
465.414	648.7592
465.634	533.2392
465.854	501.23920000000004
466.073	482.8792
466.293	471.38919999999996
466.512	457.7292
466.732	449.70919999999995
466.951	451.1292
467.171	454.5392
467.391	461.0992
467.61	472.82919999999996
467.829	464.8692
468.049	452.20919999999995
468.268	437.6792
468.488	434.4692
468.707	429.8492
468.927	433.4092
469.146	431.3492
469.365	437.8592
469.585	441.16920000000005
469.804	461.63919999999996
470.023	474.3492
470.243	470.6292
470.462	480.75919999999996
470.681	496.95919999999995
470.901	471.57919999999996
471.12	459.8792
471.339	454.98920000000004
471.558	455.3792
471.777	447.1292
471.997	440.32919999999996
472.216	438.7792
472.435	442.8792
472.654	434.5392
472.873	428.23920000000004
473.092	431.0992
473.311	430.50919999999996
473.53	434.8592
473.749	445.9492
473.968	488.4992
474.187	573.9992
474.406	534.4092
474.625	459.3992
474.844	439.68919999999997
475.063	435.4792
475.282	436.63919999999996
475.501	440.23920000000004
475.72	446.43919999999997
475.939	446.6992
476.158	449.2192
476.377	450.7892
476.596	450.0992
476.814	463.9292
477.033	466.3492
477.252	466.6992
477.471	474.8792
477.69	479.5492
477.908	491.07919999999996
478.127	501.5192
478.346	502.20919999999995
478.564	511.8792
478.783	524.3692
479.002	533.5292000000001
479.22	533.7192
479.439	543.6992
479.658	554.3191999999999
479.876	553.8892
480.095	566.6092
480.313	597.2292
480.532	584.0092
480.751	572.4992
480.969	567.6592
481.188	573.0792
481.406	552.6692
481.624	526.1892
481.843	517.2192
482.061	507.5992
482.28	502.63919999999996
482.498	501.16920000000005
482.717	495.4992
482.935	498.9092
483.153	498.1092
483.372	496.50919999999996
483.59	498.0292
483.808	498.5892
484.027	499.9292
484.245	503.7992
484.463	506.88919999999996
484.681	517.2192
484.9	515.4792
485.118	522.8592
485.336	525.2292
485.554	533.8692
485.772	534.8892
485.99	538.5192
486.209	540.9192
486.427	540.5792
486.645	553.2492
486.863	564.1892
487.081	550.5391999999999
487.299	540.6292
487.517	537.8492
487.735	531.0992
487.953	533.2692
488.171	535.7891999999999
488.389	533.9692
488.607	534.7592
488.825	533.1392
489.043	534.5492
489.261	536.7292
489.479	539.4992
489.696	541.1692
489.914	545.2492
490.132	549.1992
490.35	554.0092
490.568	556.9291999999999
490.786	562.9692
491.003	572.2392
491.221	580.5992
491.439	587.6592
491.657	592.1192
491.874	595.9492
492.092	597.7992
492.31	596.4992
492.527	597.1292
492.745	600.1392
492.963	605.9792
493.18	610.2092
493.398	615.8692
493.615	625.8191999999999
493.833	626.4892
494.05	620.1192
494.268	618.6592
494.485	615.3692
494.703	617.1892
494.92	620.7992
495.138	616.5092
495.355	616.8992
495.573	621.8992
495.79	620.7092
496.008	626.8092
496.225	624.1692
496.442	622.0691999999999
496.66	628.1992
496.877	627.8191999999999
497.094	635.4291999999999
497.312	647.6392000000001
497.529	660.5292000000001
497.746	674.0391999999999
497.963	687.9492
498.181	718.3592000000001
498.398	734.6992
498.615	773.2891999999999
498.832	801.4892
499.049	828.2392
499.267	872.6292
499.484	925.5192
499.701	981.3392
499.918	1030.4192
500.135	1086.4892
500.352	1129.7992000000002
500.569	1135.7792
500.786	1125.9692
501.003	1095.3392
501.22	1052.5192
501.437	1003.1592
501.654	951.0292000000001
501.871	918.5992
502.088	853.8892000000001
502.305	808.0592
502.522	773.3892000000001
502.739	748.6592
502.956	713.1192
503.172	695.6791999999999
503.389	683.4692
503.606	684.1392000000001
503.823	670.3292
504.04	659.3792
504.256	664.6692
504.473	674.0691999999999
504.69	677.0792
504.907	663.8792000000001
505.123	632.6692
505.34	614.9792
505.557	604.7692
505.773	600.3992
505.99	597.3492
506.207	591.6692
506.423	587.4692
506.64	577.5892
506.856	570.5592
507.073	569.6492
507.289	563.6791999999999
507.506	564.7492
507.722	588.0391999999999
507.939	585.1992
508.155	558.3592
508.372	545.9892
508.588	541.1492
508.805	544.0092
509.021	550.0292000000001
509.238	568.2092
509.454	564.6092
509.67	556.6492
509.887	552.6092
510.103	566.2092
510.319	645.3992
510.536	1210.0991999999999
510.752	2823.9192
510.968	1115.9792
511.184	579.1692
511.401	534.4592
511.617	516.0492
511.833	508.56919999999997
512.049	500.5892
512.265	503.5192
512.481	504.1792
512.698	502.75919999999996
512.914	503.32919999999996
513.13	503.41920000000005
513.346	502.30920000000003
513.562	506.45919999999995
513.778	506.57919999999996
513.994	515.8292
514.21	527.5391999999999
514.426	552.9992
514.642	589.6692
514.858	595.8492
515.074	659.0592
515.29	1013.3392
515.506	2095.3592
515.721	1072.2892
515.937	634.4692
516.153	580.8092
516.369	567.8692
516.585	565.3092
516.801	573.5892
517.016	584.5592
517.232	602.2592
517.448	616.2292
517.664	625.6592
517.879	624.5592
518.095	621.3092
518.311	613.2792000000001
518.527	592.4192
518.742	574.7092
518.958	561.8992
519.173	548.9592
519.389	541.1492
519.605	533.0492
519.82	530.7592
520.036	544.5992
520.251	566.1192
520.467	567.3392
520.682	559.5792
520.898	558.8692
521.113	571.6692
521.329	616.7092
521.544	721.7292
521.76	1177.2992
521.975	3086.2792
522.19	2082.3792000000003
522.406	789.5992
522.621	554.2092
522.836	505.82919999999996
523.052	489.2292
523.267	474.1992
523.482	468.00919999999996
523.698	464.7792
523.913	480.9792
524.128	466.5992
524.343	448.6092
524.559	445.4492
524.774	440.4992
524.989	445.3492
525.204	457.5892
525.419	447.3392
525.634	438.7792
525.849	433.3392
526.064	431.3792
526.28	428.93919999999997
526.495	424.6992
526.71	424.30920000000003
526.925	422.91920000000005
527.14	421.73920000000004
527.355	421.0192
527.57	420.6192
527.785	422.4792
527.999	418.1192
528.214	422.9692
528.429	425.1192
528.644	421.9792
528.859	423.2892
529.074	427.1592
529.289	466.8592
529.503	555.7092
529.718	471.95919999999995
529.933	438.1092
530.148	428.2192
530.363	428.3392
530.577	421.25919999999996
530.792	420.38919999999996
531.007	419.6492
531.221	422.0892
531.436	419.57919999999996
531.651	419.06919999999997
531.865	418.00919999999996
532.08	417.2892
532.295	417.68919999999997
532.509	414.68919999999997
532.724	414.6092
532.938	418.81919999999997
533.153	419.31919999999997
533.367	415.3992
533.582	417.30920000000003
533.796	413.9792
534.011	412.2992
534.225	410.9692
534.44	409.3492
534.654	408.8792
534.868	408.9692
535.083	406.80920000000003
535.297	409.63919999999996
535.511	417.0192
535.726	422.31919999999997
535.94	417.4292
536.154	406.4992
536.369	400.9792
536.583	394.43919999999997
536.797	395.8492
537.011	393.1492
537.225	388.80920000000003
537.44	390.6292
537.654	391.6992
537.868	390.7792
538.082	394.3692
538.296	394.2292
538.51	391.8592
538.724	391.7992
538.938	386.75919999999996
539.153	389.25919999999996
539.367	408.43919999999997
539.581	396.6792
539.795	383.2992
540.009	382.6492
540.222	384.8392
540.436	387.9792
540.65	387.7692
540.864	390.2792
541.078	394.16920000000005
541.292	388.9292
541.506	382.9292
541.72	377.81919999999997
541.934	372.8992
542.147	375.5992
542.361	371.7992
542.575	369.6192
542.789	371.8792
543.002	376.6092
543.216	383.8992
543.43	389.3492
543.644	380.2992
543.857	381.3792
544.071	382.4992
544.285	385.0192
544.498	377.50919999999996
544.712	378.4292
544.925	379.38919999999996
545.139	379.0992
545.352	378.55920000000003
545.566	378.43919999999997
545.779	378.0992
545.993	378.1792
546.206	378.00919999999996
546.42	374.66920000000005
546.633	375.8792
546.847	375.4092
547.06	372.3492
547.274	372.88919999999996
547.487	370.7792
547.7	373.3792
547.914	374.1792
548.127	374.0492
548.34	377.68919999999997
548.554	376.88919999999996
548.767	377.5992
548.98	376.3992
549.193	378.1092
549.407	380.2992
549.62	383.56919999999997
549.833	383.43919999999997
550.046	378.13919999999996
550.259	373.7492
550.473	368.48920000000004
550.686	370.66920000000005
550.899	367.95919999999995
551.112	364.6392
551.325	364.7792
551.538	365.2092
551.751	367.6592
551.964	368.9992
552.177	373.6292
552.39	376.5292
552.603	383.6492
552.816	389.55920000000003
553.029	394.8692
553.242	398.91920000000005
553.455	410.0892
553.667	419.9292
553.88	416.13919999999996
554.093	398.7792
554.306	393.0292
554.519	384.0192
554.732	376.4992
554.944	369.8692
555.157	363.6292
555.37	361.24920000000003
555.583	356.98920000000004
555.795	355.93919999999997
556.008	348.6392
556.221	344.93919999999997
556.433	343.2692
556.646	342.98920000000004
556.859	336.55920000000003
557.071	333.80920000000003
557.284	330.5892
557.496	330.3192
557.709	328.5992
557.921	325.8792
558.134	324.2292
558.346	322.6492
558.559	324.1992
558.771	320.0292
558.984	319.1792
559.196	321.0492
559.409	319.30920000000003
559.621	320.55920000000003
559.833	318.6292
560.046	318.0992
560.258	317.2092
560.47	316.1792
560.683	317.24920000000003
560.895	317.0192
561.107	315.5492
561.32	316.0392
561.532	317.6792
561.744	319.7892
561.956	317.4292
562.168	321.2192
562.381	320.7292
562.593	323.1392
562.805	322.4792
563.017	322.4492
563.229	322.50919999999996
563.441	323.0692
563.653	323.99920000000003
563.865	323.8992
564.077	323.8592
564.289	328.4092
564.501	333.23920000000004
564.713	338.7192
564.925	345.07919999999996
565.137	359.99920000000003
565.349	354.75919999999996
565.561	362.0992
565.773	370.25919999999996
565.985	383.0892
566.197	396.8592
566.408	418.06919999999997
566.62	442.9292
566.832	461.13919999999996
567.044	463.5892
567.255	465.81919999999997
567.467	478.56919999999997
567.679	497.5192
567.891	521.8092
568.102	519.3692
568.314	494.2792
568.526	456.8592
568.737	428.48920000000004
568.949	402.9092
569.161	377.50919999999996
569.372	360.3192
569.584	349.7792
569.795	346.07919999999996
570.007	361.9692
570.218	489.75919999999996
570.43	376.05920000000003
570.641	328.0492
570.853	325.00919999999996
571.064	324.7092
571.276	320.5492
571.487	313.55920000000003
571.698	306.2892
571.91	298.7792
572.121	295.25919999999996
572.333	289.3392
572.544	284.4592
572.755	283.0392
572.966	280.8392
573.178	279.5692
573.389	277.91920000000005
573.6	276.2792
573.811	275.1292
574.023	272.0192
574.234	271.75919999999996
574.445	272.8292
574.656	271.4592
574.867	270.4792
575.078	270.23920000000004
575.289	269.0392
575.501	267.6992
575.712	261.8192
575.923	262.6592
576.134	261.8892
576.345	261.7192
576.556	261.3792
576.767	259.7292
576.978	260.8392
577.188	259.25919999999996
577.399	258.3292
577.61	257.75919999999996
577.821	262.6592
578.032	278.0392
578.243	440.55920000000003
578.454	954.6392000000001
578.665	384.2092
578.875	263.0692
579.086	250.9792
579.297	246.8392
579.508	245.12920000000003
579.718	245.3092
579.929	246.78920000000002
580.14	241.3492
580.35	239.8092
580.561	241.19920000000002
580.772	239.95919999999998
580.982	238.78920000000002
581.193	235.2192
581.403	235.85920000000002
581.614	237.0092
581.825	236.37920000000003
582.035	235.2192
582.246	236.20919999999998
582.456	234.3392
582.667	235.2292
582.877	232.60920000000002
583.087	233.7192
583.298	234.6592
583.508	232.7792
583.719	231.8692
583.929	233.7192
584.139	230.9992
584.35	229.2492
584.56	230.32920000000001
584.77	229.78920000000002
584.981	229.54919999999998
585.191	231.35920000000002
585.401	229.94920000000002
585.611	228.8692
585.821	231.5292
586.032	230.0092
586.242	226.70919999999998
586.452	225.3992
586.662	224.8492
586.872	224.3692
587.082	224.4192
587.292	223.4692
587.502	222.4192
587.713	224.0692
587.923	225.2392
588.133	223.9692
588.343	222.7192
588.553	221.8692
588.762	226.1692
588.972	224.5292
589.182	232.5192
589.392	227.0292
589.602	224.9392
589.812	228.19920000000002
590.022	227.54919999999998
590.232	224.8892
590.441	225.5992
590.651	225.2692
590.861	227.3892
591.071	227.8992
591.281	231.28920000000002
591.49	233.0292
591.7	232.6592
591.91	237.7592
592.119	240.5192
592.329	246.2192
592.539	255.4792
592.748	255.29919999999998
592.958	258.24920000000003
593.167	259.50919999999996
593.377	262.99920000000003
593.587	270.8692
593.796	266.80920000000003
594.006	268.50919999999996
594.215	267.0792
594.424	264.8992
594.634	261.1092
594.843	253.28920000000002
595.053	246.0092
595.262	242.6392
595.472	238.1392
595.681	232.54919999999998
595.89	230.1392
596.1	226.3192
596.309	223.0092
596.518	221.2592
596.727	218.57920000000001
596.937	217.20919999999998
597.146	214.82920000000001
597.355	212.5192
597.564	209.03920000000002
597.774	209.85920000000002
597.983	204.5692
598.192	204.1692
598.401	204.2792
598.61	204.19920000000002
598.819	202.0592
599.028	200.7292
599.237	200.7392
599.446	200.07920000000001
599.655	202.54919999999998
599.864	201.6492
600.073	199.0992
600.282	201.57920000000001
600.491	199.3092
600.7	199.4292
600.909	197.10920000000002
601.118	198.2792
601.327	199.10920000000002
601.536	197.7392
601.745	196.6692
601.953	198.0092
602.162	193.5592
602.371	193.6792
602.58	193.1592
602.789	193.7492
602.997	192.35920000000002
603.206	192.1592
603.415	190.3392
603.623	187.9892
603.832	191.37920000000003
604.041	188.04919999999998
604.249	187.1592
604.458	186.0592
604.666	184.9192
604.875	186.6392
605.084	188.2192
605.292	184.82920000000001
605.501	187.0292
605.709	186.2592
605.918	184.54919999999998
606.126	187.1492
606.334	186.2192
606.543	184.37920000000003
606.751	184.6692
606.96	184.4292
607.168	183.3992
607.376	184.4392
607.585	185.62920000000003
607.793	183.20919999999998
608.001	182.1592
608.21	182.69920000000002
608.418	181.8092
608.626	181.4792
608.834	182.5292
609.043	181.9992
609.251	179.5292
609.459	179.7392
609.667	182.10920000000002
609.875	179.5692
610.083	179.6192
610.291	179.6592
610.499	179.0992
610.707	180.3992
610.916	180.0192
611.124	180.07920000000001
611.332	179.20919999999998
611.54	179.7792
611.748	179.6692
611.955	179.2592
612.163	178.03920000000002
612.371	177.3992
612.579	178.0092
612.787	177.5292
612.995	179.32920000000001
613.203	178.5292
613.411	177.2692
613.618	175.8492
613.826	176.03920000000002
614.034	175.10920000000002
614.242	177.35920000000002
614.449	176.1492
614.657	175.7292
614.865	176.45919999999998
615.072	179.1892
615.28	178.6592
615.488	179.2192
615.695	184.87920000000003
615.903	189.29919999999998
616.111	192.7292
616.318	192.7692
616.526	188.4192
616.733	187.1792
616.941	182.6592
617.148	185.4892
617.356	181.1492
617.563	179.7192
617.771	180.0292
617.978	176.2792
618.185	179.2792
618.393	176.10920000000002
618.6	177.1192
618.807	177.53920000000002
619.015	175.54919999999998
619.222	174.3992
619.429	175.19920000000002
619.637	175.62920000000003
619.844	175.03920000000002
620.051	172.95919999999998
620.258	172.5092
620.466	169.0292
620.673	168.29919999999998
620.88	166.3992
621.087	166.9092
621.294	169.4892
621.501	168.4892
621.708	169.1592
621.915	169.9392
622.122	169.9092
622.329	169.3092
622.536	169.7192
622.743	166.7192
622.95	165.44920000000002
623.157	165.7792
623.364	164.6892
623.571	166.3192
623.778	164.28920000000002
623.985	164.12920000000003
624.192	162.0892
624.399	161.7192
624.606	165.1592
624.812	162.87920000000003
625.019	160.28920000000002
625.226	161.2492
625.433	163.0092
625.639	161.1592
625.846	159.9892
626.053	159.7192
626.259	159.7192
626.466	160.70919999999998
626.673	157.7492
626.879	157.32920000000001
627.086	161.1492
627.293	160.3692
627.499	158.4692
627.706	158.6292
627.912	155.9692
628.119	156.1592
628.325	157.94920000000002
628.532	155.6492
628.738	154.0892
628.945	152.9392
629.151	154.29919999999998
629.357	152.4092
629.564	151.3492
629.77	152.4792
629.976	152.0092
630.183	150.29919999999998
630.389	149.0692
630.595	148.3192
630.802	149.35920000000002
631.008	149.8892
631.214	148.7892
631.42	148.6392
631.627	151.7692
631.833	146.7692
632.039	145.8192
632.245	145.35920000000002
632.451	147.4092
632.657	146.3492
632.863	146.5292
633.069	145.1892
633.275	145.0192
633.481	144.9392
633.688	144.0692
633.893	146.5992
634.099	143.7192
634.305	142.2392
634.511	142.8092
634.717	143.3892
634.923	143.07920000000001
635.129	142.2892
635.335	141.35920000000002
635.541	140.8392
635.747	142.5292
635.952	142.7492
636.158	141.4692
636.364	141.4792
636.57	141.0092
636.775	139.4292
636.981	140.1892
637.187	140.7692
637.392	140.2292
637.598	139.20919999999998
637.804	139.4892
638.009	141.1392
638.215	140.8692
638.421	137.0992
638.626	138.0092
638.832	139.0392
639.037	135.8692
639.243	134.82920000000001
639.448	136.9992
639.654	137.54919999999998
639.859	135.07920000000001
640.065	134.1392
640.27	140.9892
640.475	136.5192
640.681	135.1892
640.886	136.1192
641.091	133.4992
641.297	137.4292
641.502	134.9092
641.707	136.8492
641.913	135.5192
642.118	132.3192
642.323	134.6392
642.528	136.7292
642.733	132.4892
642.939	134.5692
643.144	132.7592
643.349	132.8092
643.554	134.7792
643.759	130.6492
643.964	129.8992
644.169	132.6492
644.374	130.5192
644.579	133.9192
644.784	132.4092
644.989	131.70919999999998
645.194	132.4992
645.399	132.4892
645.604	131.10920000000002
645.809	135.0592
646.014	133.5892
646.219	133.3492
646.423	131.6992
646.628	132.85920000000002
646.833	133.0692
647.038	134.9192
647.243	134.2592
647.447	135.6392
647.652	135.9792
647.857	134.8792
648.062	139.3192
648.266	139.2292
648.471	142.2892
648.676	147.4792
648.88	143.32920000000001
649.085	142.3492
649.289	142.9892
649.494	155.4892
649.698	199.1592
649.903	155.9992
650.107	137.8392
650.312	134.4192
650.516	128.20919999999998
650.721	126.0892
650.925	124.0092
651.13	122.8992
651.334	121.6592
651.539	121.1292
651.743	121.3992
651.947	120.34920000000001
652.152	119.10920000000002
652.356	118.7592
652.56	118.6592
652.764	117.11919999999999
652.969	116.5392
653.173	115.8192
653.377	113.7092
653.581	113.4592
653.785	113.5792
653.99	113.9092
654.194	112.1492
654.398	110.43920000000001
654.602	112.2592
654.806	119.2892
655.01	136.1492
655.214	119.9592
655.418	112.47919999999999
655.622	112.0792
655.826	112.93920000000001
656.03	113.94919999999999
656.234	117.9692
656.438	120.93920000000001
656.642	120.9092
656.846	114.27919999999999
657.049	109.34920000000001
657.253	107.97919999999999
657.457	103.02919999999999
657.661	100.6592
657.865	101.2592
658.068	99.22919999999999
658.272	96.3992
658.476	94.43920000000001
658.68	95.0792
658.883	93.94919999999999
659.087	92.1392
659.291	93.02919999999999
659.494	91.3092
659.698	90.92920000000001
659.901	91.22919999999999
660.105	89.6592
660.309	88.01920000000001
660.512	87.7892
660.716	88.43920000000001
660.919	88.0492
661.123	88.5592
661.326	86.47919999999999
661.53	85.3892
661.733	86.7892
661.936	86.67920000000001
662.14	82.6692
662.343	85.18920000000001
662.546	83.7592
662.75	84.6492
662.953	84.1292
663.156	81.9892
663.36	82.51920000000001
663.563	83.68920000000001
663.766	81.4992
663.969	83.1292
664.173	82.1692
664.376	82.9992
664.579	80.6492
664.782	82.22919999999999
664.985	81.7492
665.188	81.94919999999999
665.391	81.11919999999999
665.594	80.9892
665.797	82.2992
666.0	81.6692
666.203	81.1592
666.406	80.0192
666.609	82.2592
666.812	82.7592
667.015	81.2192
667.218	82.59920000000001
667.421	81.8192
667.624	81.3192
667.827	81.8292
668.03	82.0892
668.232	80.1192
668.435	82.11919999999999
668.638	80.3292
668.841	82.77919999999999
669.043	80.5592
669.246	83.2092
669.449	81.9992
669.651	81.7392
669.854	80.5892
670.057	82.0092
670.259	80.9292
670.462	81.0792
670.665	81.7592
670.867	84.3892
671.07	82.85920000000002
671.272	82.3192
671.475	84.93920000000001
671.677	82.9592
671.88	81.59920000000001
672.082	81.85920000000002
672.284	83.42920000000001
672.487	81.68920000000001
672.689	80.9392
672.892	80.6992
