223.165	-16.407373737373735
223.4	-16.407373737373735
223.635	-16.407373737373735
223.869	-19.68010101010101
224.104	-20.063939393939396
224.338	-15.084141414141413
224.573	-14.488181818181818
224.808	-12.54878787878788
225.042	-7.760909090909092
225.277	-6.528585858585859
225.511	-2.7811111111111115
225.746	3.5118181818181817
225.98	7.612828282828283
226.215	12.178484848484848
226.449	17.178484848484846
226.683	20.420909090909092
226.918	24.875454545454545
227.152	29.562323232323234
227.387	34.62292929292929
227.621	38.14818181818182
227.856	44.1380808080808
228.09	46.59262626262626
228.324	50.673434343434344
228.559	56.72393939393939
228.793	63.69363636363636
229.027	71.48151515151515
229.262	77.81484848484848
229.496	85.81484848484848
229.73	97.60272727272728
229.964	100.59262626262625
230.199	89.38050505050505
230.433	87.50171717171717
230.667	89.65323232323233
230.901	90.2390909090909
231.136	88.6330303030303
231.37	90.14818181818183
231.604	90.75424242424242
231.838	92.90575757575758
232.072	92.20878787878787
232.306	92.45121212121212
232.541	93.58252525252524
232.775	92.55222222222223
233.009	93.00676767676768
233.243	92.06737373737374
233.477	92.35020202020202
233.711	93.19868686868688
233.945	93.21888888888888
234.179	94.51181818181819
234.413	93.61282828282829
234.647	92.46131313131313
234.881	93.20878787878787
235.115	93.7138383838384
235.349	93.20878787878787
235.583	94.17848484848484
235.817	95.08757575757576
236.051	95.58252525252524
236.285	94.41080808080807
236.519	93.6431313131313
236.753	96.41080808080807
236.987	104.04717171717171
237.221	117.6431313131313
237.455	121.96636363636364
237.689	101.9259595959596
237.922	96.99666666666666
238.156	95.88555555555554
238.39	92.13808080808082
238.624	92.97646464646465
238.858	94.15828282828282
239.091	94.39060606060606
239.325	94.59262626262625
239.559	96.89565656565657
239.793	96.66333333333334
240.027	98.04717171717171
240.26	101.44111111111111
240.494	102.7340404040404
240.728	99.96636363636364
240.961	101.05727272727272
241.195	101.87545454545455
241.429	98.14818181818183
241.662	96.13808080808082
241.896	96.9461616161616
242.13	97.39060606060606
242.363	98.91585858585859
242.597	97.54212121212122
242.83	100.98656565656566
243.064	99.45121212121212
243.298	100.13808080808082
243.531	102.19868686868688
243.765	101.41080808080807
243.998	101.00676767676768
244.232	104.34010101010101
244.465	106.78454545454547
244.699	105.14818181818183
244.932	102.08757575757576
245.166	102.7340404040404
245.399	103.86535353535353
245.633	103.30979797979799
245.866	104.88555555555554
246.099	104.69363636363636
246.333	105.36030303030304
246.566	104.37040404040404
246.8	106.10777777777777
247.033	106.91585858585859
247.266	107.05727272727272
247.5	108.48151515151515
247.733	110.30979797979799
247.966	112.96636363636364
248.2	111.76434343434343
248.433	110.40070707070707
248.666	113.81484848484848
248.899	119.47141414141413
249.133	122.83505050505052
249.366	131.51181818181817
249.599	128.6027272727273
249.832	116.6330303030303
250.066	119.00676767676768
250.299	118.86535353535353
250.532	125.70373737373737
250.765	130.44111111111113
250.998	130.5522222222222
251.231	126.90575757575758
251.465	123.97646464646465
251.698	120.91585858585859
251.931	122.09767676767677
252.164	119.75424242424242
252.397	120.87545454545455
252.63	122.6431313131313
252.863	124.66333333333334
253.096	127.69363636363636
253.329	130.51181818181817
253.562	127.56232323232324
253.795	125.70373737373737
254.028	126.11787878787878
254.261	127.88555555555554
254.494	131.6330303030303
254.727	143.13808080808082
254.96	144.56232323232322
255.193	137.62292929292929
255.426	132.68353535353535
255.659	131.00676767676768
255.892	139.0269696969697
256.124	144.40070707070706
256.357	141.350202020202
256.59	134.5522222222222
256.823	129.8249494949495
257.056	129.69363636363636
257.289	128.97646464646465
257.521	128.65323232323234
257.754	126.69363636363636
257.987	125.06737373737374
258.22	127.49161616161616
258.452	126.93606060606061
258.685	126.24919191919193
258.918	127.00676767676768
259.151	128.8451515151515
259.383	129.27949494949496
259.616	129.40070707070706
259.849	132.19868686868688
260.081	137.58252525252524
260.314	141.81484848484848
260.547	139.0370707070707
260.779	135.7441414141414
261.012	135.10777777777778
261.244	132.0370707070707
261.477	134.8249494949495
261.71	137.59262626262625
261.942	150.47141414141413
262.175	155.25929292929294
262.407	135.8451515151515
262.64	131.69363636363636
262.872	130.89565656565657
263.105	130.17848484848483
263.337	131.79464646464646
263.57	131.89565656565657
263.802	132.04717171717172
264.035	131.08757575757576
264.267	130.47141414141413
264.499	130.56232323232322
264.732	132.0370707070707
264.964	131.05727272727273
265.197	130.8350505050505
265.429	132.9360606060606
265.661	132.25929292929294
265.894	132.6431313131313
266.126	134.22898989898988
266.358	132.319898989899
266.591	135.1279797979798
266.823	136.89565656565657
267.055	135.54212121212123
267.287	138.65323232323234
267.52	133.9259595959596
267.752	136.1178787878788
267.984	137.49161616161618
268.216	136.7239393939394
268.448	139.98656565656566
268.681	140.59262626262625
268.913	143.44111111111113
269.145	148.65323232323234
269.377	151.75424242424242
269.609	147.44111111111113
269.841	147.29969696969695
270.073	150.56232323232322
270.306	156.1279797979798
270.538	161.68353535353535
270.77	157.75424242424242
271.002	156.04717171717172
271.234	154.22898989898988
271.466	158.06737373737374
271.698	160.98656565656566
271.93	161.22898989898988
272.162	162.17848484848483
272.394	161.97646464646465
272.626	156.8249494949495
272.858	150.16838383838385
273.09	150.2390909090909
273.322	151.43101010101012
273.553	148.06737373737374
273.785	148.88555555555556
274.017	147.8350505050505
274.249	149.19868686868688
274.481	150.0370707070707
274.713	149.76434343434343
274.945	151.340101010101
275.176	150.27949494949496
275.408	150.67343434343434
275.64	148.78454545454545
275.872	150.88555555555556
276.104	153.62292929292929
276.335	154.28959595959594
276.567	161.59262626262625
276.799	171.0168686868687
277.031	173.22898989898988
277.262	172.9158585858586
277.494	168.5522222222222
277.726	161.59262626262625
277.957	156.38050505050506
278.189	155.29969696969695
278.421	154.00676767676768
278.652	153.36030303030304
278.884	155.00676767676768
279.115	154.18858585858587
279.347	154.4209090909091
279.579	156.19868686868688
279.81	156.4209090909091
280.042	159.46131313131312
280.273	162.48151515151517
280.505	160.1279797979798
280.736	157.6027272727273
280.968	156.04717171717172
281.199	157.25929292929294
281.431	157.43101010101012
281.662	158.49161616161618
281.894	160.8350505050505
282.125	166.77444444444444
282.356	182.9158585858586
282.588	199.31989898989897
282.819	180.39060606060607
283.051	163.5522222222222
283.282	158.9259595959596
283.513	162.86535353535353
283.745	163.88555555555556
283.976	162.8350505050505
284.207	162.27949494949496
284.439	161.319898989899
284.67	161.86535353535353
284.901	162.36030303030304
285.132	163.59262626262625
285.364	161.70373737373737
285.595	163.59262626262625
285.826	162.8350505050505
286.057	164.7239393939394
286.288	162.54212121212123
286.52	163.33
286.751	162.51181818181817
286.982	165.61282828282827
287.213	164.00676767676768
287.444	164.39060606060607
287.675	167.9360606060606
287.906	171.98656565656566
288.138	172.79464646464646
288.369	172.15828282828284
288.6	171.8350505050505
288.831	170.07747474747472
289.062	170.71383838383838
289.293	169.95626262626263
289.524	166.4108080808081
289.755	168.46131313131315
289.986	167.76434343434343
290.217	167.90575757575755
290.448	168.46131313131315
290.679	170.00676767676768
290.91	168.9158585858586
291.141	167.7037373737374
291.371	168.29969696969695
291.602	166.95626262626263
291.833	165.61282828282827
292.064	168.16838383838385
292.295	168.92595959595963
292.526	169.61282828282827
292.757	168.9360606060606
292.987	170.07747474747472
293.218	167.16838383838385
293.449	171.34010101010102
293.68	169.4108080808081
293.91	169.58252525252527
294.141	171.17848484848483
294.372	168.9360606060606
294.603	170.16838383838385
294.833	170.67343434343434
295.064	170.10777777777778
295.295	170.1481818181818
295.525	173.79464646464646
295.756	181.49161616161615
295.987	190.07747474747472
296.217	209.89565656565657
296.448	200.38050505050506
296.679	175.12797979797978
296.909	173.17848484848483
297.14	173.27949494949496
297.37	176.86535353535353
297.601	175.65323232323234
297.831	173.28959595959597
298.062	176.4108080808081
298.292	175.81484848484848
298.523	180.43101010101012
298.753	177.1178787878788
298.984	174.75424242424245
299.214	177.5522222222222
299.445	178.8249494949495
299.675	180.8249494949495
299.905	182.10777777777778
300.136	179.6431313131313
300.366	177.56232323232322
300.597	182.08757575757576
300.827	183.06737373737374
301.057	190.26939393939392
301.288	193.62292929292929
301.518	186.8249494949495
301.748	184.6027272727273
301.979	195.63303030303032
302.209	188.19868686868685
302.439	186.19868686868685
302.669	182.67343434343434
302.9	182.350202020202
303.13	182.81484848484848
303.36	190.2491919191919
303.59	192.36030303030304
303.82	197.6027272727273
304.051	187.8249494949495
304.281	187.31989898989897
304.511	184.26939393939392
304.741	183.10777777777778
304.971	182.87545454545455
305.201	182.16838383838385
305.431	183.06737373737374
305.661	184.17848484848483
305.891	183.97646464646462
306.121	185.28959595959597
306.352	191.77444444444444
306.582	194.05727272727273
306.812	185.4512121212121
307.042	185.5522222222222
307.272	188.0370707070707
307.502	190.18858585858587
307.731	188.59262626262625
307.961	185.78454545454545
308.191	181.98656565656566
308.421	184.37040404040403
308.651	184.79464646464646
308.881	186.23909090909092
309.111	186.97646464646462
309.341	188.57242424242423
309.571	192.26939393939392
309.8	191.66333333333333
310.03	193.47141414141413
310.26	194.33
310.49	194.07747474747472
310.72	198.7340404040404
310.949	201.77444444444444
311.179	200.8451515151515
311.409	194.2188888888889
311.639	194.95626262626263
311.868	197.66333333333333
312.098	196.75424242424245
312.328	200.08757575757576
312.557	205.8451515151515
312.787	209.75424242424245
313.017	204.10777777777778
313.246	199.87545454545455
313.476	195.8249494949495
313.706	199.31989898989897
313.935	202.19868686868685
314.165	205.99666666666667
314.394	207.13808080808082
314.624	205.10777777777778
314.853	200.87545454545455
315.083	200.66333333333333
315.312	196.7441414141414
315.542	198.4411111111111
315.771	197.34010101010102
316.001	194.9158585858586
316.23	194.8249494949495
316.46	192.4108080808081
316.689	197.17848484848483
316.919	197.76434343434343
317.148	200.36030303030304
317.377	199.33
317.607	198.34010101010102
317.836	196.34010101010102
318.065	194.13808080808082
318.295	194.9360606060606
318.524	193.99666666666667
318.753	195.350202020202
318.983	196.78454545454545
319.212	201.10777777777778
319.441	206.97646464646462
319.67	206.52191919191918
319.9	197.2087878787879
320.129	197.05727272727273
320.358	199.78454545454545
320.587	199.05727272727273
320.816	202.06737373737374
321.046	205.56232323232322
321.275	204.79464646464646
321.504	202.7340404040404
321.733	204.10777777777778
321.962	205.96636363636364
322.191	212.350202020202
322.42	215.39060606060607
322.649	218.33
322.878	225.17848484848483
323.108	229.39060606060607
323.337	238.2087878787879
323.566	248.56232323232322
323.795	271.7845454545454
324.024	326.27949494949496
324.253	507.6027272727273
324.482	927.1077777777778
324.71	1738.9057575757574
324.939	2216.420909090909
325.168	977.7239393939394
325.397	382.289595959596
325.626	280.2491919191919
325.855	255.26939393939392
326.084	251.2087878787879
326.313	255.38050505050506
326.542	274.2693939393939
326.77	349.03707070707065
326.999	558.8249494949495
327.228	1020.6532323232324
327.457	1759.360303030303
327.686	1458.8350505050505
327.914	512.0269696969697
328.143	343.6936363636363
328.372	307.4007070707071
328.6	272.30979797979796
328.829	258.299696969697
329.058	266.4310101010101
329.287	266.0976767676768
329.515	247.9158585858586
329.744	247.19868686868685
329.972	264.0976767676768
330.201	301.1683838383838
330.43	333.08757575757573
330.658	296.1986868686869
330.887	289.4209090909091
331.115	265.0976767676768
331.344	239.40070707070706
331.572	237.89565656565657
331.801	242.309797979798
332.03	242.6027272727273
332.258	236.97646464646462
332.486	235.81484848484848
332.715	238.4411111111111
332.943	246.2491919191919
333.172	249.90575757575755
333.4	257.8855555555555
333.629	270.2693939393939
333.857	281.39060606060605
334.085	292.23909090909086
334.314	326.5219191919192
334.542	385.1279797979798
334.771	367.94616161616165
334.999	277.7845454545454
335.227	254.0370707070707
335.455	247.87545454545452
335.684	244.39060606060605
335.912	243.48151515151517
336.14	242.8451515151515
336.369	238.57242424242423
336.597	240.350202020202
336.825	237.33
337.053	233.6027272727273
337.281	230.22898989898988
337.51	227.56232323232322
337.738	229.21888888888887
337.966	225.68353535353535
338.194	227.7340404040404
338.422	224.7340404040404
338.65	221.99666666666664
338.878	221.2390909090909
339.106	220.70373737373734
339.334	221.69363636363636
339.562	216.25929292929294
339.79	216.81484848484848
340.018	215.23909090909092
340.246	215.86535353535353
340.474	218.4108080808081
340.702	216.8047474747475
340.93	215.31989898989897
341.158	216.07747474747472
341.386	218.6027272727273
341.614	218.78454545454545
341.842	215.96636363636364
342.07	212.38050505050506
342.298	213.0370707070707
342.526	212.8249494949495
342.754	212.40070707070706
342.981	212.16838383838385
343.209	214.88555555555556
343.437	233.66333333333333
343.665	226.96636363636364
343.893	238.0370707070707
344.12	241.59262626262625
344.348	231.07747474747472
344.576	227.7340404040404
344.804	225.80474747474744
345.031	224.58252525252522
345.259	223.7441414141414
345.487	218.9360606060606
345.714	216.04717171717172
345.942	212.56232323232322
346.17	211.47141414141413
346.397	210.8249494949495
346.625	209.26939393939392
346.853	208.28959595959597
347.08	207.350202020202
347.308	212.58252525252527
347.535	215.77444444444444
347.763	216.9158585858586
347.99	215.25929292929294
348.218	218.36030303030304
348.445	220.6431313131313
348.673	212.98656565656566
348.9	209.8350505050505
349.128	211.49161616161615
349.355	209.88555555555556
349.583	209.89565656565657
349.81	209.02696969696967
350.037	207.57242424242423
350.265	207.08757575757576
350.492	206.95626262626263
350.72	211.17848484848483
350.947	212.89565656565657
351.174	218.43101010101012
351.402	222.4411111111111
351.629	215.68353535353538
351.856	216.89565656565657
352.083	216.0168686868687
352.311	219.16838383838385
352.538	222.06737373737374
352.765	220.7037373737374
352.992	224.2491919191919
353.22	221.13808080808082
353.447	218.33
353.674	211.92595959595963
353.901	210.28959595959597
354.128	206.4411111111111
354.355	206.0168686868687
354.583	208.92595959595963
354.81	208.67343434343434
355.037	209.02696969696967
355.264	206.47141414141413
355.491	205.58252525252527
355.718	204.78454545454545
355.945	207.5522222222222
356.172	206.4411111111111
356.399	207.18858585858587
356.626	208.07747474747472
356.853	206.5118181818182
357.08	206.02696969696967
357.307	203.61282828282827
357.534	204.5421212121212
357.761	206.5118181818182
357.988	208.8249494949495
358.215	208.7340404040404
358.441	207.2491919191919
358.668	207.78454545454545
358.895	206.350202020202
359.122	205.26939393939392
359.349	207.97646464646462
359.576	210.71383838383838
359.802	219.9360606060606
360.029	229.40070707070706
360.256	227.5421212121212
360.483	218.0370707070707
360.709	208.78454545454545
360.936	211.350202020202
361.163	212.05727272727273
361.39	212.8047474747475
361.616	211.06737373737374
361.843	206.7037373737374
362.07	209.53202020202022
362.296	210.07747474747472
362.523	207.4411111111111
362.749	208.7239393939394
362.976	203.42090909090908
363.203	205.15828282828284
363.429	201.67343434343434
363.656	207.43101010101012
363.882	203.87545454545455
364.109	205.34010101010102
364.335	204.68353535353538
364.562	205.65323232323234
364.788	204.0370707070707
365.015	208.05727272727273
365.241	210.78454545454545
365.468	217.13808080808082
365.694	216.07747474747472
365.92	209.17848484848483
366.147	205.99666666666667
366.373	203.23909090909092
366.599	202.7239393939394
366.826	202.10777777777778
367.052	202.25929292929294
367.278	205.71383838383838
367.505	206.17848484848483
367.731	207.2188888888889
367.957	205.23909090909092
368.184	206.59262626262625
368.41	212.50171717171716
368.636	222.95626262626263
368.862	227.38050505050506
369.089	218.8350505050505
369.315	209.4411111111111
369.541	208.22898989898988
369.767	208.26939393939392
369.993	208.7037373737374
370.219	208.96636363636364
370.445	209.10777777777778
370.672	208.5421212121212
370.898	207.56232323232322
371.124	209.57242424242423
371.35	212.12797979797978
371.576	211.66333333333333
371.802	210.27949494949496
372.028	209.86535353535353
372.254	209.61282828282827
372.48	210.76434343434343
372.706	214.58252525252522
372.932	216.79464646464646
373.158	215.33
373.384	213.31989898989897
373.61	212.2087878787879
373.835	213.81484848484848
374.061	213.67343434343434
374.287	217.309797979798
374.513	217.42090909090908
374.739	222.70373737373734
374.965	224.96636363636364
375.191	223.81484848484848
375.416	224.15828282828284
375.642	219.52191919191918
375.868	220.41080808080807
376.094	217.6330303030303
376.319	214.98656565656566
376.545	212.94616161616162
376.771	216.6027272727273
376.997	212.94616161616162
377.222	214.34010101010102
377.448	213.8451515151515
377.674	212.1481818181818
377.899	213.39060606060607
378.125	215.52191919191918
378.35	214.34010101010102
378.576	213.47141414141413
378.802	213.2188888888889
379.027	213.4411111111111
379.253	216.90575757575755
379.478	214.7441414141414
379.704	215.49161616161615
379.929	217.81484848484848
380.155	217.1481818181818
380.38	218.09767676767677
380.606	220.13808080808082
380.831	219.36030303030304
381.057	223.53202020202022
381.282	219.48151515151517
381.507	220.37040404040403
381.733	223.79464646464646
381.958	223.49161616161615
382.184	226.28959595959594
382.409	229.27949494949496
382.634	231.26939393939392
382.86	229.99666666666664
383.085	233.9360606060606
383.31	235.12797979797978
383.535	239.6532323232323
383.761	237.29969696969695
383.986	242.39060606060605
384.211	243.98656565656566
384.436	246.62292929292929
384.662	247.8552525252525
384.887	252.98656565656566
385.112	258.0471717171717
385.337	257.90575757575755
385.562	258.5421212121212
385.787	258.7239393939394
386.013	264.0471717171717
386.238	268.34010101010097
386.463	260.1683838383838
386.688	264.8552525252525
386.913	256.38050505050506
387.138	258.64313131313133
387.363	254.39060606060605
387.588	248.06737373737374
387.813	252.78454545454545
388.038	257.57242424242423
388.263	265.96636363636367
388.488	262.00676767676765
388.713	246.77444444444444
388.938	243.36030303030304
389.163	240.40070707070706
389.387	241.41080808080807
389.612	238.9158585858586
389.837	236.340101010101
390.062	237.43101010101012
390.287	238.6330303030303
390.512	236.78454545454545
390.736	238.99666666666664
390.961	239.66333333333333
391.186	246.6330303030303
391.411	249.82494949494946
391.636	251.5421212121212
391.86	251.09767676767675
392.085	251.58252525252522
392.31	249.10777777777778
392.534	246.21888888888887
392.759	244.88555555555556
392.984	242.49161616161615
393.208	242.38050505050506
393.433	244.2491919191919
393.658	242.59262626262625
393.882	238.92595959595957
394.107	241.1481818181818
394.331	243.67343434343434
394.556	242.95626262626263
394.78	246.340101010101
395.005	247.53202020202016
395.229	245.41080808080807
395.454	251.48151515151517
395.678	253.09767676767675
395.903	255.56232323232322
396.127	256.89565656565657
396.352	249.78454545454545
396.576	243.43101010101012
396.801	243.67343434343434
397.025	245.40070707070706
397.249	249.88555555555556
397.474	256.4007070707071
397.698	252.6431313131313
397.922	257.5017171717172
398.147	260.2289898989899
398.371	262.92595959595957
398.595	268.10777777777776
398.82	275.08757575757573
399.044	291.70373737373734
399.268	313.07747474747475
399.492	344.44111111111107
399.717	365.8350505050505
399.941	357.7037373737374
400.165	342.8956565656566
400.389	321.350202020202
400.613	296.90575757575755
400.837	280.7542424242424
401.062	279.20878787878786
401.286	276.4209090909091
401.51	277.25929292929294
401.734	274.9562626262626
401.958	286.17848484848486
402.182	306.41080808080807
402.406	330.52191919191915
402.63	303.0976767676768
402.854	291.28959595959594
403.078	292.299696969697
403.302	294.38050505050506
403.526	300.1986868686869
403.75	300.0168686868687
403.974	301.6229292929293
404.198	300.79464646464646
404.422	303.2289898989899
404.645	304.5522222222222
404.869	306.10777777777776
405.093	317.9562626262626
405.317	333.5320202020202
405.541	331.6330303030303
405.765	312.28959595959594
405.988	316.79464646464646
406.212	362.380505050505
406.436	400.46131313131315
406.66	348.1784848484848
406.883	317.08757575757573
407.107	327.7845454545454
407.331	346.15828282828284
407.555	363.4209090909091
407.778	352.5421212121212
408.002	328.5926262626262
408.226	315.87545454545455
408.449	311.6229292929293
408.673	308.7340404040404
408.896	316.9158585858586
409.12	320.1380808080808
409.344	306.92595959595957
409.567	296.9360606060606
409.791	296.67343434343434
410.014	294.9461616161616
410.238	292.8350505050505
410.461	290.5219191919192
410.685	293.82494949494946
410.908	299.5623232323232
411.132	309.4613131313131
411.355	307.59262626262625
411.578	294.51181818181817
411.802	284.6633333333333
412.025	286.67343434343434
412.249	294.1279797979798
412.472	306.4613131313131
412.695	318.0370707070707
412.919	296.4209090909091
413.142	286.5017171717172
413.365	282.25929292929294
413.589	279.7340404040404
413.812	276.67343434343434
414.035	274.7239393939394
414.258	274.97646464646465
414.482	276.0976767676768
414.705	277.2289898989899
414.928	275.9158585858586
415.151	277.17848484848486
415.374	278.1986868686869
415.597	272.23909090909086
415.821	270.21888888888884
416.044	271.30979797979796
416.267	271.17848484848486
416.49	269.6229292929293
416.713	268.36030303030304
416.936	272.4613131313131
417.159	270.7542424242424
417.382	272.9461616161616
417.605	272.8148484848485
417.828	282.4007070707071
418.051	282.90575757575755
418.274	277.57242424242423
418.497	272.25929292929294
418.72	276.1380808080808
418.943	276.7845454545454
419.166	287.7643434343434
419.389	300.08757575757573
419.611	296.6229292929293
419.834	292.28959595959594
420.057	289.48151515151517
420.28	288.5825252525252
420.503	282.41080808080807
420.726	280.8148484848485
420.948	282.5320202020202
421.171	295.82494949494946
421.394	293.5421212121212
421.617	279.6835353535353
421.839	276.38050505050506
422.062	279.00676767676765
422.285	287.2491919191919
422.507	308.8148484848485
422.73	323.9562626262626
422.953	304.0471717171717
423.175	287.9461616161616
423.398	289.7542424242424
423.621	290.1380808080808
423.843	295.5320202020202
424.066	293.7340404040404
424.288	291.8855555555555
424.511	299.4209090909091
424.733	315.49161616161615
424.956	332.94616161616165
425.178	314.96636363636367
425.401	321.0269696969697
425.623	317.0370707070707
425.846	285.2289898989899
426.068	280.67343434343434
426.291	276.7239393939394
426.513	277.6532323232323
426.735	283.38050505050506
426.958	293.7239393939394
427.18	323.98656565656563
427.402	376.93606060606066
427.625	401.1986868686869
427.847	347.8148484848485
428.069	320.18858585858584
428.292	280.59262626262625
428.514	265.5825252525252
428.736	259.7643434343434
428.958	259.30979797979796
429.181	254.350202020202
429.403	252.15828282828284
429.625	258.49161616161615
429.847	269.5017171717172
430.069	291.0471717171717
430.292	273.6835353535353
430.514	254.59262626262625
430.736	253.4512121212121
430.958	252.67343434343434
431.18	248.4512121212121
431.402	250.2087878787879
431.624	249.09767676767675
431.846	250.6027272727273
432.068	251.99666666666664
432.29	253.27949494949496
432.512	252.48151515151517
432.734	255.79464646464646
432.956	256.1481818181818
433.178	264.5623232323232
433.4	264.2693939393939
433.622	254.87545454545452
433.844	254.12797979797978
434.066	258.10777777777776
434.287	257.6532323232323
434.509	265.79464646464646
434.731	271.10777777777776
434.953	271.7643434343434
435.175	278.1380808080808
435.397	281.92595959595957
435.618	278.23909090909086
435.84	295.6229292929293
436.062	333.51181818181817
436.284	324.30979797979796
436.505	284.10777777777776
436.727	276.20878787878786
436.949	260.20878787878786
437.17	254.37040404040403
437.392	250.98656565656566
437.614	261.07747474747475
437.835	279.5522222222222
438.057	308.6330303030303
438.278	326.08757575757573
438.5	319.23909090909086
438.721	355.8350505050505
438.943	313.27949494949496
439.165	269.92595959595957
439.386	264.8653535353535
439.608	267.9562626262626
439.829	275.18858585858584
440.05	298.21888888888884
440.272	322.5421212121212
440.493	277.48151515151517
440.715	263.84515151515154
440.936	262.8653535353535
441.158	264.8653535353535
441.379	266.2289898989899
441.6	279.8350505050505
441.822	288.11787878787874
442.043	298.1380808080808
442.264	323.8855555555555
442.486	314.89565656565657
442.707	287.05727272727273
442.928	288.7542424242424
443.149	309.6027272727273
443.371	317.0269696969697
443.592	319.10777777777776
443.813	349.84515151515154
444.034	344.1178787878788
444.255	305.5522222222222
444.476	298.8855555555555
444.698	302.9158585858586
444.919	306.08757575757573
445.14	341.00676767676765
445.361	324.7239393939394
445.582	317.47141414141413
445.803	342.57242424242423
446.024	358.45121212121217
446.245	351.6532323232323
446.466	313.06737373737377
446.687	272.57242424242423
446.908	261.59262626262625
447.129	253.66333333333333
447.35	251.7441414141414
447.571	252.15828282828284
447.792	248.25929292929294
448.013	255.43101010101012
448.234	263.8350505050505
448.455	281.00676767676765
448.675	322.97646464646465
448.896	336.5522222222222
449.117	286.8148484848485
449.338	294.4512121212121
449.559	346.6027272727273
449.779	357.93606060606066
450.0	275.38050505050506
450.221	253.8552525252525
450.442	246.5421212121212
450.662	247.57242424242423
450.883	254.22898989898988
451.104	260.9461616161616
451.324	247.61282828282827
451.545	239.29969696969695
451.766	235.15828282828284
451.986	232.6027272727273
452.207	232.10777777777778
452.428	235.57242424242423
452.648	239.4411111111111
452.869	247.9158585858586
453.089	251.6027272727273
453.31	256.92595959595957
453.53	237.05727272727273
453.751	233.25929292929294
453.971	242.07747474747472
454.192	246.8451515151515
454.412	232.19868686868685
454.633	226.8552525252525
454.853	225.89565656565657
455.073	226.87545454545452
455.294	239.90575757575755
455.514	259.9461616161616
455.734	241.00676767676768
455.955	224.29969696969695
456.175	219.67343434343434
456.395	218.58252525252522
456.616	217.16838383838382
456.836	219.5421212121212
457.056	217.2390909090909
457.276	214.8552525252525
457.497	221.1481818181818
457.717	220.92595959595957
457.937	222.58252525252522
458.157	226.36030303030304
458.377	231.66333333333333
458.598	249.53202020202016
458.818	294.27949494949496
459.038	318.6128282828283
459.258	289.9562626262626
459.478	257.44111111111107
459.698	252.7340404040404
459.918	256.0471717171717
460.138	259.8653535353535
460.358	265.67343434343434
460.578	268.5522222222222
460.798	271.96636363636367
461.018	270.36030303030304
461.238	267.28959595959594
461.458	264.350202020202
461.678	262.7845454545454
461.898	267.7340404040404
462.118	268.21888888888884
462.338	278.21888888888884
462.558	284.6027272727273
462.777	290.17848484848486
462.997	308.1380808080808
463.217	321.5522222222222
463.437	315.8653535353535
463.657	297.1986868686869
463.876	293.319898989899
464.096	294.48151515151517
464.316	295.6027272727273
464.536	297.30979797979796
464.755	291.7239393939394
464.975	298.1986868686869
465.195	336.77444444444444
465.414	327.4007070707071
465.634	267.57242424242423
465.854	254.68353535353535
466.073	247.89565656565657
466.293	245.26939393939392
466.512	238.7340404040404
466.732	236.49161616161615
466.951	238.27949494949496
467.171	239.9158585858586
467.391	245.39060606060605
467.61	251.66333333333333
467.829	251.16838383838382
468.049	266.11787878787874
468.268	272.6532323232323
468.488	237.62292929292929
468.707	231.89565656565657
468.927	229.77444444444444
469.146	229.88555555555556
469.365	230.8552525252525
469.585	235.31989898989897
469.804	243.28959595959594
470.023	248.41080808080807
470.243	246.12797979797978
470.462	250.99666666666664
470.681	260.7340404040404
470.901	247.37040404040403
471.12	242.48151515151517
471.339	242.2491919191919
471.558	241.16838383838382
471.777	240.2390909090909
471.997	246.80474747474744
472.216	301.30979797979796
472.435	384.36030303030304
472.654	267.5623232323232
472.873	240.0471717171717
473.092	233.9461616161616
473.311	231.95626262626263
473.53	233.0471717171717
473.749	235.67343434343434
473.968	253.90575757575755
474.187	286.7138383838384
474.406	268.89565656565657
474.625	241.18858585858587
474.844	234.19868686868685
475.063	233.76434343434343
475.282	230.6431313131313
475.501	232.37040404040403
475.72	237.43101010101012
475.939	233.90575757575755
476.158	236.340101010101
476.377	235.8350505050505
476.596	239.18858585858587
476.814	245.6027272727273
477.033	245.6027272727273
477.252	245.38050505050506
477.471	245.89565656565657
477.69	249.36030303030304
477.908	254.56232323232322
478.127	260.1380808080808
478.346	260.27949494949496
478.564	262.59262626262625
478.783	271.2289898989899
479.002	274.49161616161615
479.22	272.69363636363636
479.439	279.87545454545455
479.658	286.10777777777776
479.876	280.77444444444444
480.095	284.299696969697
480.313	298.7542424242424
480.532	298.08757575757573
480.751	302.4310101010101
480.969	354.67343434343434
481.188	568.1784848484849
481.406	450.30979797979796
481.624	302.0269696969697
481.843	277.1279797979798
482.061	269.1481818181818
482.28	263.6330303030303
482.498	263.5320202020202
482.717	260.48151515151517
482.935	260.80474747474744
483.153	260.23909090909086
483.372	259.34010101010097
483.59	259.5623232323232
483.808	259.8653535353535
484.027	261.4007070707071
484.245	261.0370707070707
484.463	263.350202020202
484.681	270.90575757575755
484.9	269.0976767676768
485.118	273.74414141414144
485.336	272.7239393939394
485.554	278.0269696969697
485.772	279.48151515151517
485.99	284.1380808080808
486.209	286.1683838383838
486.427	283.34010101010097
486.645	290.5825252525252
486.863	292.2491919191919
487.081	284.8552525252525
487.299	281.00676767676765
487.517	279.51181818181817
487.735	274.8855555555555
487.953	274.33
488.171	275.90575757575755
488.389	277.4209090909091
488.607	277.9360606060606
488.825	274.6027272727273
489.043	275.2289898989899
489.261	276.9360606060606
489.479	277.350202020202
489.696	278.20878787878786
489.914	281.7239393939394
490.132	281.7138383838384
490.35	284.18858585858584
490.568	284.2289898989899
490.786	288.15828282828284
491.003	291.07747474747475
491.221	296.1481818181818
491.439	299.90575757575755
491.657	302.299696969697
491.874	304.90575757575755
492.092	305.7643434343434
492.31	308.51181818181817
492.527	305.9158585858586
492.745	308.4613131313131
492.963	311.74414141414144
493.18	311.00676767676765
493.398	313.7239393939394
493.615	319.67343434343434
493.833	317.27949494949496
494.05	313.69363636363636
494.268	313.6330303030303
494.485	311.0269696969697
494.703	309.51181818181817
494.92	310.23909090909086
495.138	309.15828282828284
495.355	311.299696969697
495.573	311.4310101010101
495.79	310.1986868686869
496.008	313.8552525252525
496.225	309.07747474747475
496.442	309.6027272727273
496.66	315.5421212121212
496.877	312.57242424242423
497.094	315.90575757575755
497.312	319.299696969697
497.529	324.6128282828283
497.746	329.8350505050505
497.963	333.13808080808076
498.181	348.74414141414144
498.398	359.7239393939394
498.615	377.87545454545455
498.832	388.77444444444444
499.049	394.6532323232324
499.267	414.6330303030303
499.484	435.2188888888889
499.701	459.48151515151517
499.918	482.8350505050505
500.135	509.36030303030304
500.352	529.5623232323233
500.569	532.9966666666667
500.786	531.360303030303
501.003	517.1683838383839
501.22	493.1178787878788
501.437	470.67343434343434
501.654	446.319898989899
501.871	432.24919191919196
502.088	403.1380808080809
502.305	385.8249494949495
502.522	371.77444444444444
502.739	357.87545454545455
502.956	346.64313131313133
503.172	340.72393939393936
503.389	330.77444444444444
503.606	334.14818181818185
503.823	329.46131313131315
504.04	325.57242424242423
504.256	326.05727272727273
504.473	329.20878787878786
504.69	332.5522222222222
504.907	324.11787878787874
505.123	310.299696969697
505.34	304.4007070707071
505.557	299.10777777777776
505.773	295.38050505050506
505.99	292.7643434343434
506.207	289.6330303030303
506.423	290.70373737373734
506.64	285.70373737373734
506.856	284.350202020202
507.073	284.90575757575755
507.289	281.9562626262626
507.506	282.4512121212121
507.722	294.74414141414144
507.939	294.0269696969697
508.155	278.0976767676768
508.372	272.64313131313133
508.588	273.2289898989899
508.805	274.84515151515154
509.021	276.23909090909086
509.238	281.48151515151517
509.454	282.51181818181817
509.67	280.2491919191919
509.887	282.8148484848485
510.103	298.5320202020202
510.319	366.92595959595957
510.536	814.9360606060607
510.752	2086.521919191919
510.968	709.4411111111111
511.184	309.8653535353535
511.401	277.2289898989899
511.617	269.34010101010097
511.833	266.8855555555555
512.049	267.84515151515154
512.265	266.15828282828284
512.481	262.23909090909086
512.698	260.44111111111107
512.914	260.0269696969697
513.13	260.49161616161615
513.346	257.5017171717172
513.562	259.90575757575755
513.778	264.8148484848485
513.994	264.4613131313131
514.21	269.6835353535353
514.426	284.21888888888884
514.642	300.7138383838384
514.858	299.87545454545455
515.074	338.9057575757576
515.29	582.8653535353535
515.506	1371.289595959596
515.721	625.9259595959596
515.937	324.6229292929293
516.153	292.98656565656563
516.369	284.30979797979796
516.585	283.92595959595957
516.801	285.4613131313131
517.016	293.2491919191919
517.232	299.0168686868687
517.448	304.25929292929294
517.664	308.8855555555555
517.879	309.0976767676768
518.095	307.7643434343434
518.311	303.28959595959594
518.527	295.9360606060606
518.742	287.7239393939394
518.958	280.98656565656563
519.173	277.97646464646465
519.389	273.8350505050505
519.605	270.23909090909086
519.82	268.67343434343434
520.036	275.370404040404
520.251	288.00676767676765
520.467	282.84515151515154
520.682	277.67343434343434
520.898	277.59262626262625
521.113	286.5825252525252
521.329	307.9158585858586
521.544	369.8552525252525
521.76	682.6633333333333
521.975	2139.259292929293
522.19	1336.3704040404039
522.406	432.7340404040404
522.621	281.00676767676765
522.836	257.319898989899
523.052	250.80474747474744
523.267	244.99666666666664
523.482	242.49161616161615
523.698	245.19868686868685
523.913	259.5623232323232
524.128	246.59262626262625
524.343	237.48151515151517
524.559	235.52191919191918
524.774	233.309797979798
524.989	234.21888888888887
525.204	242.61282828282827
525.419	237.6431313131313
525.634	230.8451515151515
525.849	229.70373737373734
526.064	229.39060606060605
526.28	227.57242424242423
526.495	226.02696969696967
526.71	225.28959595959594
526.925	225.5522222222222
527.14	225.97646464646462
527.355	225.2390909090909
527.57	225.29969696969695
527.785	224.9158585858586
527.999	224.07747474747472
528.214	228.7441414141414
528.429	229.9158585858586
528.644	227.9158585858586
528.859	227.26939393939392
529.074	231.11787878787877
529.289	254.53202020202016
529.503	301.00676767676765
529.718	247.00676767676768
529.933	232.89565656565657
530.148	227.8350505050505
530.363	226.87545454545452
530.577	225.22898989898988
530.792	226.9461616161616
531.007	224.48151515151517
531.221	227.37040404040403
531.436	222.4411111111111
531.651	225.6532323232323
531.865	225.87545454545452
532.08	223.51181818181817
532.295	224.25929292929294
532.509	225.6330303030303
532.724	223.69363636363636
532.938	225.8350505050505
533.153	228.53202020202016
533.367	224.95626262626263
533.582	225.62292929292929
533.796	223.48151515151517
534.011	222.81484848484848
534.225	222.6431313131313
534.44	220.90575757575755
534.654	222.86535353535353
534.868	220.92595959595957
535.083	221.13808080808082
535.297	221.68353535353535
535.511	228.19868686868685
535.726	229.39060606060605
535.94	225.31989898989897
536.154	219.79464646464646
536.369	216.7340404040404
536.583	213.2087878787879
536.797	214.81484848484848
537.011	215.27949494949496
537.225	213.00676767676768
537.44	211.63303030303032
537.654	212.43101010101012
537.868	212.23909090909092
538.082	213.57242424242423
538.296	213.57242424242423
538.51	214.33
538.724	212.23909090909092
538.938	210.71383838383838
539.153	214.15828282828284
539.367	224.41080808080807
539.581	216.71383838383838
539.795	211.43101010101012
540.009	212.57242424242423
540.222	211.38050505050506
540.436	211.29969696969695
540.65	210.56232323232322
540.864	211.92595959595963
541.078	214.1481818181818
541.292	213.57242424242423
541.506	209.4512121212121
541.72	208.1178787878788
541.934	205.97646464646462
542.147	207.04717171717172
542.361	204.7441414141414
542.575	203.12797979797978
542.789	205.37040404040403
543.002	206.8552525252525
543.216	210.36030303030304
543.43	213.13808080808082
543.644	209.9158585858586
543.857	208.16838383838385
544.071	209.66333333333333
544.285	212.27949494949496
544.498	209.69363636363636
544.712	207.59262626262625
544.925	206.52191919191918
545.139	208.46131313131315
545.352	208.98656565656566
545.566	208.7441414141414
545.779	207.13808080808082
545.993	207.05727272727273
546.206	209.06737373737374
546.42	207.26939393939392
546.633	208.8552525252525
546.847	209.81484848484848
547.06	206.65323232323234
547.274	204.88555555555556
547.487	205.34010101010102
547.7	205.33
547.914	206.309797979798
548.127	206.4108080808081
548.34	208.39060606060607
548.554	207.92595959595963
548.767	207.17848484848483
548.98	207.81484848484848
549.193	207.43101010101012
549.407	210.27949494949496
549.62	211.33
549.833	209.6027272727273
550.046	208.6027272727273
550.259	206.15828282828284
550.473	205.23909090909092
550.686	205.1481818181818
550.899	205.8451515151515
551.112	204.1481818181818
551.325	203.49161616161615
551.538	204.29969696969695
551.751	203.56232323232322
551.964	206.2491919191919
552.177	208.49161616161615
552.39	206.67343434343434
552.603	208.94616161616162
552.816	214.13808080808082
553.029	216.12797979797978
553.242	220.81484848484848
553.455	224.5421212121212
553.667	230.309797979798
553.88	227.08757575757576
554.093	217.79464646464646
554.306	215.81484848484848
554.519	211.67343434343434
554.732	206.89565656565657
554.944	205.98656565656566
555.157	202.59262626262625
555.37	201.49161616161615
555.583	199.19868686868685
555.795	198.96636363636364
556.008	196.31989898989897
556.221	196.10777777777778
556.433	194.98656565656566
556.646	194.31989898989897
556.859	191.7239393939394
557.071	193.23909090909092
557.284	190.13808080808082
557.496	189.8350505050505
557.709	188.7037373737374
557.921	189.71383838383838
558.134	188.36030303030304
558.346	186.61282828282827
558.559	187.52191919191918
558.771	184.39060606060607
558.984	184.8451515151515
559.196	185.7239393939394
559.409	183.89565656565657
559.621	184.4512121212121
559.833	183.7037373737374
560.046	182.67343434343434
560.258	183.97646464646462
560.47	183.75424242424245
560.683	183.31989898989897
560.895	182.81484848484848
561.107	183.40070707070706
561.32	181.0370707070707
561.532	183.58252525252527
561.744	184.2087878787879
561.956	185.10777777777778
562.168	184.53202020202022
562.381	185.0370707070707
562.593	185.10777777777778
562.805	184.9158585858586
563.017	185.92595959595963
563.229	185.90575757575755
563.441	182.90575757575755
563.653	185.15828282828284
563.865	183.67343434343434
564.077	185.75424242424245
564.289	187.2087878787879
564.501	189.08757575757576
564.713	190.5421212121212
564.925	196.25929292929294
565.137	205.10777777777778
565.349	200.56232323232322
565.561	199.17848484848483
565.773	204.28959595959597
565.985	208.50171717171716
566.197	214.11787878787877
566.408	225.06737373737374
566.62	232.0168686868687
566.832	239.88555555555556
567.044	244.00676767676768
567.255	244.6532323232323
567.467	248.82494949494946
567.679	259.10777777777776
567.891	266.07747474747475
568.102	265.6229292929293
568.314	256.0471717171717
568.526	238.1481818181818
568.737	229.7340404040404
568.949	216.99666666666664
569.161	206.77444444444444
569.372	200.4411111111111
569.584	196.23909090909092
569.795	195.8350505050505
570.007	209.5421212121212
570.218	308.18858585858584
570.43	220.61282828282827
570.641	186.2087878787879
570.853	182.8451515151515
571.064	185.7441414141414
571.276	182.98656565656566
571.487	180.9360606060606
571.698	177.26939393939392
571.91	175.2087878787879
572.121	171.81484848484848
572.333	170.0168686868687
572.544	168.97646464646462
572.755	168.08757575757576
572.966	166.81484848484848
573.178	166.31989898989897
573.389	167.49161616161615
573.6	165.27949494949496
573.811	164.13808080808082
574.023	164.46131313131315
574.234	163.25929292929294
574.445	164.39060606060607
574.656	162.41080808080807
574.867	161.76434343434343
575.078	164.7239393939394
575.289	163.14818181818183
575.501	162.6330303030303
575.712	161.0370707070707
575.923	160.87545454545455
576.134	160.77444444444444
576.345	159.08757575757576
576.556	161.95626262626263
576.767	159.78454545454545
576.978	158.28959595959594
577.188	159.17848484848483
577.399	160.10777777777778
577.61	159.65323232323234
577.821	163.7340404040404
578.032	174.8047474747475
578.243	301.0976767676768
578.454	673.1784848484848
578.665	252.1481818181818
578.875	165.309797979798
579.086	158.5522222222222
579.297	153.99666666666667
579.508	152.75424242424242
579.718	153.89565656565657
579.929	150.99666666666667
580.14	149.29969696969695
580.35	149.96636363636364
580.561	151.59262626262625
580.772	150.43101010101012
580.982	148.7340404040404
581.193	147.79464646464646
581.403	148.97646464646465
581.614	149.50171717171716
581.825	148.69363636363636
582.035	149.41080808080807
582.246	150.66333333333333
582.456	148.36030303030304
582.667	148.14818181818183
582.877	148.06737373737374
583.087	147.25929292929294
583.298	148.00676767676768
583.508	146.76434343434343
583.719	146.43101010101012
583.929	148.99666666666667
584.139	147.54212121212123
584.35	145.66333333333333
584.56	147.4512121212121
584.77	145.89565656565657
584.981	145.56232323232322
585.191	145.76434343434343
585.401	147.319898989899
585.611	145.6330303030303
585.821	145.36030303030304
586.032	145.96636363636364
586.242	145.40070707070706
586.452	145.52191919191918
586.662	144.10777777777778
586.872	142.68353535353535
587.082	142.29969696969695
587.292	144.319898989899
587.502	144.08757575757576
587.713	144.04717171717172
587.923	144.44111111111113
588.133	144.59262626262625
588.343	143.309797979798
588.553	143.25929292929294
588.762	148.4512121212121
588.972	149.6027272727273
589.182	165.2188888888889
589.392	151.5320202020202
589.602	147.05727272727273
589.812	155.88555555555556
590.022	150.4209090909091
590.232	144.75424242424242
590.441	142.54212121212123
590.651	144.9259595959596
590.861	145.9360606060606
591.071	145.87545454545455
591.281	147.8249494949495
591.49	145.39060606060605
591.7	147.66333333333333
591.91	151.0269696969697
592.119	149.09767676767677
592.329	155.19868686868688
592.539	159.1279797979798
592.748	156.8350505050505
592.958	157.26939393939395
593.167	156.62292929292929
593.377	158.0168686868687
593.587	165.28959595959597
593.796	162.340101010101
594.006	161.68353535353535
594.215	161.69363636363636
594.424	160.94616161616162
594.634	158.7239393939394
594.843	155.319898989899
595.053	152.5320202020202
595.262	150.49161616161618
595.472	147.94616161616162
595.681	146.33
595.89	144.25929292929294
596.1	144.0168686868687
596.309	144.13808080808082
596.518	142.00676767676768
596.727	141.9360606060606
596.937	142.14818181818183
597.146	138.54212121212123
597.355	139.1178787878788
597.564	136.5522222222222
597.774	139.27949494949496
597.983	135.70373737373737
598.192	135.38050505050506
598.401	135.81484848484848
598.61	134.98656565656566
598.819	134.14818181818183
599.028	133.04717171717172
599.237	133.05727272727273
599.446	132.6027272727273
599.655	135.51181818181817
599.864	134.99666666666667
600.073	133.15828282828284
600.282	135.33
600.491	133.57242424242423
600.7	134.41080808080807
600.909	132.1178787878788
601.118	134.65323232323234
601.327	134.18858585858587
601.536	134.14818181818183
601.745	132.0370707070707
601.953	133.39060606060605
602.162	131.8350505050505
602.371	132.340101010101
602.58	130.79464646464646
602.789	131.98656565656566
602.997	130.41080808080807
603.206	131.86535353535353
603.415	129.88555555555556
603.623	128.81484848484848
603.832	130.340101010101
604.041	130.24919191919193
604.249	127.50171717171717
604.458	128.0168686868687
604.666	127.51181818181819
604.875	128.25929292929294
605.084	127.38050505050505
605.292	127.2289898989899
605.501	127.25929292929294
605.709	126.96636363636364
605.918	125.9461616161616
606.126	128.18858585858587
606.334	126.59262626262625
606.543	126.85525252525252
606.751	128.8350505050505
606.96	126.44111111111111
607.168	127.34010101010101
607.376	126.31989898989899
607.585	127.95626262626263
607.793	126.69363636363636
608.001	126.77444444444446
608.21	127.46131313131313
608.418	125.4310101010101
608.626	124.66333333333334
608.834	125.89565656565657
609.043	126.54212121212122
609.251	125.88555555555554
609.459	125.80474747474747
609.667	125.6229292929293
609.875	123.27949494949495
610.083	123.95626262626263
610.291	125.91585858585859
610.499	125.52191919191918
610.707	125.53202020202019
610.916	125.53202020202019
611.124	126.35020202020202
611.332	124.39060606060606
611.54	124.59262626262625
611.748	123.98656565656566
611.955	126.48151515151515
612.163	124.19868686868688
612.371	124.90575757575758
612.579	122.70373737373737
612.787	123.69363636363636
612.995	125.81484848484848
613.203	126.89565656565657
613.411	122.7138383838384
613.618	122.85525252525252
613.826	122.68353535353535
614.034	124.2289898989899
614.242	125.48151515151515
614.449	125.21888888888888
614.657	124.7239393939394
614.865	122.37040404040404
615.072	125.97646464646465
615.28	124.7138383838384
615.488	126.50171717171717
615.695	128.6330303030303
615.903	132.10777777777778
616.111	135.0168686868687
616.318	136.79464646464646
616.526	131.66333333333333
616.733	130.95626262626263
616.941	125.2289898989899
617.148	127.20878787878787
617.356	126.01686868686869
617.563	123.93606060606061
617.771	123.99666666666666
617.978	123.60272727272728
618.185	124.51181818181819
618.393	122.84515151515151
618.6	123.07747474747475
618.807	121.54212121212122
619.015	122.14818181818183
619.222	122.46131313131313
619.429	121.52191919191918
619.637	122.38050505050505
619.844	121.51181818181819
620.051	119.30979797979799
620.258	121.2289898989899
620.466	120.39060606060606
620.673	118.75424242424242
620.88	117.76434343434343
621.087	118.37040404040404
621.294	118.83505050505052
621.501	119.07747474747475
621.708	119.77444444444446
621.915	120.35020202020202
622.122	120.76434343434343
622.329	119.4209090909091
622.536	119.05727272727272
622.743	118.52191919191918
622.95	118.35020202020202
623.157	117.41080808080807
623.364	117.20878787878787
623.571	118.51181818181819
623.778	117.46131313131313
623.985	117.7138383838384
624.192	116.41080808080807
624.399	117.78454545454547
624.606	117.79464646464646
624.812	116.2390909090909
625.019	117.89565656565657
625.226	115.96636363636364
625.433	117.96636363636364
625.639	115.30979797979799
625.846	114.86535353535353
626.053	114.59262626262625
626.259	115.1279797979798
626.466	114.33
626.673	112.55222222222223
626.879	114.24919191919193
627.086	116.77444444444446
627.293	116.14818181818183
627.499	114.39060606060606
627.706	115.60272727272728
627.912	113.89565656565657
628.119	112.47141414141413
628.325	116.56232323232324
628.532	114.06737373737374
628.738	114.39060606060606
628.945	113.1279797979798
629.151	112.37040404040404
629.357	112.90575757575758
629.564	113.2390909090909
629.77	111.46131313131313
629.976	111.07747474747475
630.183	110.11787878787878
630.389	111.21888888888888
630.595	111.04717171717171
630.802	112.19868686868688
631.008	110.01686868686869
631.214	111.04717171717171
631.42	112.17848484848484
631.627	115.4310101010101
631.833	110.76434343434343
632.039	109.31989898989899
632.245	110.68353535353535
632.451	109.97646464646465
632.657	109.67343434343435
632.863	109.7138383838384
633.069	110.41080808080807
633.275	110.55222222222223
633.481	108.30979797979799
633.688	108.96636363636364
633.893	110.97646464646465
634.099	110.1279797979798
634.305	107.78454545454547
634.511	108.03707070707071
634.717	107.9259595959596
634.923	106.99666666666666
635.129	107.36030303030304
635.335	107.61282828282829
635.541	108.54212121212122
635.747	109.44111111111111
635.952	108.85525252525252
636.158	108.58252525252524
636.364	120.9259595959596
636.57	118.35020202020202
636.775	110.36030303030304
636.981	107.80474747474747
637.187	108.85525252525252
637.392	107.39060606060606
637.598	107.8249494949495
637.804	107.41080808080807
638.009	106.9461616161616
638.215	108.89565656565657
638.421	106.75424242424242
638.626	105.07747474747475
638.832	107.29969696969697
639.037	104.11787878787878
639.243	106.08757575757576
639.448	106.4209090909091
639.654	108.60272727272728
639.859	105.9259595959596
640.065	106.66333333333334
640.27	108.86535353535353
640.475	105.9259595959596
640.681	104.69363636363636
640.886	106.74414141414141
641.091	104.07747474747475
641.297	108.04717171717171
641.502	105.99666666666666
641.707	108.20878787878787
641.913	106.87545454545455
642.118	104.98656565656566
642.323	103.19868686868688
642.528	105.58252525252524
642.733	106.84515151515151
642.939	105.2289898989899
643.144	105.16838383838383
643.349	104.21888888888888
643.554	105.86535353535353
643.759	105.59262626262625
643.964	103.46131313131313
644.169	105.65323232323233
644.374	104.50171717171717
644.579	105.2390909090909
644.784	103.06737373737374
644.989	102.04717171717171
645.194	102.9461616161616
645.399	105.6431313131313
645.604	104.29969696969697
645.809	106.19868686868688
646.014	104.96636363636364
646.219	104.97646464646465
646.423	104.76434343434343
646.628	105.70373737373737
646.833	104.40070707070707
647.038	104.68353535353535
647.243	108.17848484848484
647.447	105.34010101010101
647.652	106.69363636363636
647.857	105.24919191919193
648.062	108.08757575757576
648.266	108.38050505050505
648.471	110.61282828282829
648.676	112.90575757575758
648.88	111.95626262626263
649.085	111.67343434343435
649.289	110.24919191919193
649.494	117.86535353535353
649.698	145.56232323232322
649.903	118.33
650.107	108.09767676767677
650.312	105.07747474747475
650.516	100.4310101010101
650.721	102.75424242424242
650.925	99.15828282828282
651.13	99.93606060606061
651.334	100.26939393939394
651.539	99.0269696969697
651.743	97.99666666666666
651.947	98.2289898989899
652.152	98.89565656565657
652.356	98.41080808080807
652.56	99.37040404040404
652.764	96.9259595959596
652.969	96.04717171717171
653.173	95.6330303030303
653.377	94.60272727272728
653.581	95.13808080808082
653.785	96.6431313131313
653.99	95.99666666666666
654.194	95.2289898989899
654.398	96.06737373737374
654.602	95.09767676767677
654.806	101.1279797979798
655.01	112.61282828282829
655.214	99.86535353535353
655.418	96.30979797979799
655.622	95.99666666666666
655.826	96.36030303030304
656.03	98.95626262626263
656.234	100.97646464646465
656.438	106.51181818181819
656.642	108.59262626262625
656.846	99.9461616161616
657.049	95.40070707070707
657.253	95.65323232323233
657.457	93.26939393939394
657.661	92.29969696969697
657.865	89.85525252525252
658.068	88.75424242424242
658.272	87.44111111111111
658.476	87.6431313131313
658.68	87.9461616161616
658.883	86.6229292929293
659.087	85.91585858585859
659.291	88.47141414141413
659.494	85.85525252525252
659.698	83.60272727272728
659.901	85.81484848484848
660.105	85.89565656565657
660.309	85.52191919191918
660.512	84.35020202020202
660.716	83.1279797979798
660.919	82.98656565656566
661.123	87.13808080808082
661.326	83.78454545454547
661.53	83.24919191919193
661.733	84.88555555555554
661.936	84.19868686868688
662.14	82.51181818181819
662.343	81.6330303030303
662.546	83.06737373737374
662.75	84.33
662.953	84.4209090909091
663.156	82.10777777777777
663.36	82.38050505050505
663.563	81.74414141414141
663.766	81.61282828282829
663.969	82.97646464646465
664.173	82.15828282828282
664.376	81.39060606060606
664.579	80.16838383838385
664.782	82.8249494949495
664.985	81.46131313131313
665.188	82.78454545454547
665.391	82.65323232323233
665.594	81.19868686868688
665.797	81.5320202020202
666.0	81.66333333333333
666.203	83.17848484848484
666.406	81.25929292929294
666.609	81.25929292929294
666.812	82.84515151515151
667.015	82.36030303030304
667.218	82.48151515151515
667.421	82.7239393939394
667.624	81.15828282828282
667.827	82.56232323232324
668.03	80.38050505050505
668.232	80.74414141414141
668.435	82.01686868686869
668.638	81.2390909090909
668.841	82.14818181818183
669.043	80.09767676767677
669.246	80.34010101010101
669.449	81.16838383838385
669.651	81.21888888888888
669.854	81.87545454545455
670.057	81.72393939393939
670.259	81.57242424242423
670.462	83.36030303030304
670.665	80.8249494949495
670.867	81.46131313131313
671.07	81.8350505050505
671.272	82.55222222222223
671.475	84.91585858585859
671.677	82.37040404040404
671.88	82.7340404040404
672.082	81.21888888888888
672.284	82.46131313131313
672.487	82.97646464646465
672.689	82.1279797979798
672.892	80.30979797979798
