223.165	-15.4368
223.4	-15.4368
223.635	-15.4368
223.869	-18.666800000000002
224.104	-19.7268
224.338	-15.9068
224.573	-14.726799999999999
224.808	-13.316799999999999
225.042	-7.8268
225.277	-7.0468
225.511	-2.8068
225.746	3.4632
225.98	7.0432
226.215	11.0532
226.449	16.4332
226.683	21.0832
226.918	25.4032
227.152	30.9832
227.387	35.1132
227.621	38.9532
227.856	45.983200000000004
228.09	45.2132
228.324	50.5932
228.559	56.1232
228.793	59.3032
229.027	69.2032
229.262	75.3732
229.496	81.35319999999999
229.73	89.4732
229.964	91.1232
230.199	84.3032
230.433	81.0532
230.667	86.2232
230.901	83.7032
231.136	84.9632
231.37	87.69319999999999
231.604	86.3032
231.838	88.18319999999999
232.072	88.7132
232.306	88.60319999999999
232.541	88.1632
232.775	89.1232
233.009	88.4732
233.243	88.56320000000001
233.477	89.2632
233.711	88.19319999999999
233.945	89.42320000000001
234.179	88.7132
234.413	89.9132
234.647	89.93319999999999
234.881	88.10319999999999
235.115	88.56320000000001
235.349	88.11319999999999
235.583	89.9532
235.817	87.3832
236.051	88.8332
236.285	87.68319999999999
236.519	88.39320000000001
236.753	91.6332
236.987	93.8832
237.221	103.9532
237.455	107.7032
237.689	94.1532
237.922	90.0532
238.156	89.5432
238.39	88.4132
238.624	87.7332
238.858	87.02319999999999
239.091	88.0532
239.325	87.9832
239.559	90.10319999999999
239.793	91.18319999999999
240.027	92.10319999999999
240.26	92.2132
240.494	94.11319999999999
240.728	92.6232
240.961	92.2532
241.195	92.59320000000001
241.429	92.4032
241.662	89.1532
241.896	90.4632
242.13	90.5032
242.363	89.31320000000001
242.597	90.7532
242.83	92.85319999999999
243.064	91.6332
243.298	91.9732
243.531	91.7132
243.765	93.9532
243.998	94.93319999999999
244.232	95.1532
244.465	97.35319999999999
244.699	96.3832
244.932	93.31320000000001
245.166	95.0732
245.399	95.84320000000001
245.633	94.9032
245.866	95.5532
246.099	95.9032
246.333	95.85319999999999
246.566	94.94319999999999
246.8	97.1232
247.033	98.26320000000001
247.266	96.8032
247.5	98.3832
247.733	100.6332
247.966	100.3832
248.2	102.0432
248.433	101.67320000000001
248.666	102.56320000000001
248.899	105.85319999999999
249.133	111.35319999999999
249.366	117.0732
249.599	113.69319999999999
249.832	105.4632
250.066	107.3832
250.299	105.5732
250.532	106.89320000000001
250.765	108.8032
250.998	112.4132
251.231	110.77319999999999
251.465	107.77319999999999
251.698	106.3032
251.931	106.3432
252.164	105.6532
252.397	106.7132
252.63	108.4032
252.863	109.4932
253.096	110.5832
253.329	113.5332
253.562	111.5432
253.795	109.9032
254.028	110.36319999999999
254.261	112.27319999999999
254.494	114.11319999999999
254.727	123.27319999999999
254.96	122.7132
255.193	117.56320000000001
255.426	112.9132
255.659	112.2632
255.892	114.77319999999999
256.124	113.18319999999999
256.357	113.4032
256.59	113.6232
256.823	110.9932
257.056	109.7932
257.289	110.27319999999999
257.521	111.93319999999999
257.754	110.93319999999999
257.987	109.3832
258.22	112.5532
258.452	111.39320000000001
258.685	111.0032
258.918	112.17320000000001
259.151	112.7132
259.383	114.3332
259.616	114.3032
259.849	115.3732
260.081	118.6532
260.314	122.2832
260.547	120.4132
260.779	117.4632
261.012	116.89320000000001
261.244	116.60319999999999
261.477	118.64320000000001
261.71	121.8732
261.942	129.8832
262.175	133.8432
262.407	118.2332
262.64	114.17320000000001
262.872	113.6532
263.105	114.5732
263.337	114.61319999999999
263.57	114.5432
263.802	114.42320000000001
264.035	114.5532
264.267	113.7132
264.499	113.7132
264.732	116.0332
264.964	114.3832
265.197	115.1232
265.429	115.86319999999999
265.661	116.4032
265.894	115.9932
266.126	116.5132
266.358	117.5932
266.591	118.43319999999999
266.823	117.89320000000001
267.055	116.8432
267.287	119.31320000000001
267.52	118.6532
267.752	119.42320000000001
267.984	119.6232
268.216	119.0732
268.448	121.61319999999999
268.681	122.5032
268.913	125.4132
269.145	128.16320000000002
269.377	131.1132
269.609	127.60319999999999
269.841	125.61319999999999
270.073	129.1932
270.306	135.4732
270.538	136.0832
270.77	135.16320000000002
271.002	130.4932
271.234	130.2132
271.466	134.3532
271.698	135.5332
271.93	136.4932
272.162	138.0532
272.394	136.50320000000002
272.626	132.04319999999998
272.858	129.7732
273.09	129.6032
273.322	127.92320000000001
273.553	125.92320000000001
273.785	128.16320000000002
274.017	128.1032
274.249	129.3932
274.481	127.10319999999999
274.713	127.4032
274.945	129.5932
275.176	128.25320000000002
275.408	130.9032
275.64	127.86319999999999
275.872	128.8732
276.104	132.29319999999998
276.335	131.79319999999998
276.567	138.79319999999998
276.799	144.00320000000002
277.031	145.3032
277.262	143.7232
277.494	141.4632
277.726	136.1332
277.957	132.7832
278.189	131.3732
278.421	132.8332
278.652	132.0232
278.884	130.2732
279.115	131.6032
279.347	132.29319999999998
279.579	131.54319999999998
279.81	131.04319999999998
280.042	131.8432
280.273	133.8332
280.505	131.4532
280.736	130.5732
280.968	131.66320000000002
281.199	133.5532
281.431	132.29319999999998
281.662	134.3932
281.894	136.5632
282.125	142.00320000000002
282.356	155.04319999999998
282.588	168.6332
282.819	151.8232
283.051	137.5732
283.282	134.1232
283.513	137.2132
283.745	137.16320000000002
283.976	137.2032
284.207	137.0232
284.439	137.4232
284.67	135.8232
284.901	138.1932
285.132	136.9732
285.364	137.3032
285.595	138.8632
285.826	137.8732
286.057	140.25320000000002
286.288	137.1432
286.52	138.1532
286.751	137.5732
286.982	140.2332
287.213	138.4432
287.444	139.1132
287.675	141.6532
287.906	144.3832
288.138	143.9932
288.369	146.9032
288.6	144.1832
288.831	141.50320000000002
289.062	143.3432
289.293	141.1732
289.524	140.0332
289.755	141.0932
289.986	139.51319999999998
290.217	141.7832
290.448	139.8732
290.679	141.75320000000002
290.91	143.2032
291.141	141.91320000000002
291.371	142.76319999999998
291.602	141.3132
291.833	141.01319999999998
292.064	143.2332
292.295	142.0332
292.526	142.6232
292.757	141.6332
292.987	143.41320000000002
293.218	141.79319999999998
293.449	140.66320000000002
293.68	143.51319999999998
293.91	141.9432
294.141	143.7332
294.372	141.2132
294.603	143.4632
294.833	142.3932
295.064	142.7432
295.295	145.8532
295.525	146.2732
295.756	151.8732
295.987	161.6332
296.217	180.9732
296.448	167.3632
296.679	149.1232
296.909	145.5232
297.14	147.1132
297.37	149.1432
297.601	147.1832
297.831	145.9732
298.062	149.3432
298.292	148.0232
298.523	149.0732
298.753	148.6432
298.984	147.3332
299.214	148.0332
299.445	150.0232
299.675	150.1432
299.905	152.1932
300.136	149.7832
300.366	149.2032
300.597	150.4932
300.827	153.5532
301.057	159.0332
301.288	160.3132
301.518	155.1132
301.748	154.1432
301.979	165.57319999999999
302.209	155.66320000000002
302.439	152.9732
302.669	152.6132
302.9	151.7232
303.13	154.9232
303.36	156.4732
303.59	161.8132
303.82	163.1532
304.051	156.3332
304.281	154.1832
304.511	154.1332
304.741	151.9332
304.971	151.4732
305.201	154.1432
305.431	152.1432
305.661	152.6132
305.891	153.3732
306.121	153.8532
306.352	160.2332
306.582	162.3632
306.812	153.9532
307.042	153.6932
307.272	154.41320000000002
307.502	155.16320000000002
307.731	154.7832
307.961	153.2432
308.191	153.1932
308.421	153.8132
308.651	154.3132
308.881	154.9932
309.111	156.1032
309.341	157.6032
309.571	159.6732
309.8	157.8032
310.03	161.6832
310.26	162.87320000000003
310.49	161.9932
310.72	165.2432
310.949	168.6132
311.179	165.35320000000002
311.409	161.3132
311.639	162.28320000000002
311.868	162.87320000000003
312.098	162.9032
312.328	165.37320000000003
312.557	171.8132
312.787	172.9932
313.017	170.4332
313.246	166.0232
313.476	162.3432
313.706	163.7032
313.935	167.19320000000002
314.165	170.2432
314.394	171.6332
314.624	169.3132
314.853	167.8832
315.083	165.7632
315.312	163.69320000000002
315.542	164.1732
315.771	162.2732
316.001	160.1432
316.23	160.3332
316.46	160.8932
316.689	160.6832
316.919	164.5132
317.148	164.39319999999998
317.377	165.28320000000002
317.607	164.4032
317.836	161.5732
318.065	160.9932
318.295	160.9832
318.524	160.3132
318.753	160.5832
318.983	161.41320000000002
319.212	165.6132
319.441	171.23319999999998
319.67	171.1832
319.9	162.89319999999998
320.129	162.9232
320.358	162.78320000000002
320.587	163.78320000000002
320.816	166.10320000000002
321.046	169.7532
321.275	168.0932
321.504	165.44320000000002
321.733	168.0132
321.962	169.30319999999998
322.191	171.9532
322.42	176.48319999999998
322.649	182.53320000000002
322.878	184.0932
323.108	188.0832
323.337	194.39319999999998
323.566	203.14319999999998
323.795	219.82319999999999
324.024	264.3032
324.253	414.0032
324.482	756.7532
324.71	1412.1432
324.939	1783.9932000000001
325.168	770.4531999999999
325.397	307.0732
325.626	225.21319999999997
325.855	206.7032
326.084	201.64319999999998
326.313	206.7032
326.542	220.8832
326.77	283.8932
326.999	457.6332
327.228	834.2331999999999
327.457	1427.3832
327.686	1172.9232
327.914	406.8732
328.143	265.3532
328.372	231.94320000000002
328.6	209.1332
328.829	202.05319999999998
329.058	211.7432
329.287	210.6732
329.515	196.4032
329.744	191.0132
329.972	194.0232
330.201	204.3432
330.43	217.0032
330.658	214.7732
330.887	225.37319999999997
331.115	209.21319999999997
331.344	191.05319999999998
331.572	190.04319999999998
331.801	190.8632
332.03	192.4932
332.258	188.78319999999997
332.486	187.60320000000002
332.715	190.2632
332.943	193.55319999999998
333.172	198.1832
333.4	200.9332
333.629	208.80319999999998
333.857	216.4732
334.085	214.73319999999998
334.314	218.14319999999998
334.542	231.7432
334.771	228.2232
334.999	201.79319999999998
335.227	196.30319999999998
335.455	192.9932
335.684	194.5632
335.912	192.94320000000002
336.14	193.44320000000002
336.369	191.0032
336.597	192.2632
336.825	192.55319999999998
337.053	187.1132
337.281	186.23319999999998
337.51	184.2232
337.738	184.2632
337.966	181.7632
338.194	183.1732
338.422	184.7532
338.65	182.21319999999997
338.878	180.73319999999998
339.106	178.6832
339.334	180.32319999999999
339.562	174.1832
339.79	174.4132
340.018	175.10320000000002
340.246	176.80319999999998
340.474	176.44320000000002
340.702	176.04319999999998
340.93	174.8832
341.158	176.5932
341.386	178.2232
341.614	177.1832
341.842	176.6832
342.07	174.8632
342.298	177.71319999999997
342.526	173.48319999999998
342.754	171.4132
342.981	172.6132
343.209	175.2732
343.437	189.1132
343.665	185.44320000000002
343.893	191.6732
344.12	194.4232
344.348	187.0132
344.576	181.9732
344.804	182.5132
345.031	181.21319999999997
345.259	182.0632
345.487	178.8432
345.714	177.1532
345.942	174.2432
346.17	173.32319999999999
346.397	172.7532
346.625	172.0232
346.853	172.0032
347.08	173.05319999999998
347.308	174.9132
347.535	176.23319999999998
347.763	179.62319999999997
347.99	179.0032
348.218	179.9132
348.445	180.35320000000002
348.673	176.1732
348.9	175.2532
349.128	174.6332
349.355	170.32319999999999
349.583	171.6832
349.81	173.1532
350.037	171.0932
350.265	171.48319999999998
350.492	171.6332
350.72	172.89319999999998
350.947	175.3432
351.174	181.37320000000003
351.402	182.4232
351.629	177.7232
351.856	178.2532
352.083	179.19320000000002
352.311	182.87319999999997
352.538	182.2032
352.765	183.9932
352.992	186.14319999999998
353.22	182.5632
353.447	179.0132
353.674	176.6532
353.901	173.1132
354.128	172.8632
354.355	171.60320000000002
354.583	172.7432
354.81	174.1532
355.037	172.3432
355.264	171.8832
355.491	170.62320000000003
355.718	167.85320000000002
355.945	170.32319999999999
356.172	172.32319999999999
356.399	172.3132
356.626	172.39319999999998
356.853	170.10320000000002
357.08	169.2632
357.307	169.9932
357.534	167.1832
357.761	172.12320000000003
357.988	172.62320000000003
358.215	174.7632
358.441	171.03320000000002
358.668	170.8132
358.895	169.62320000000003
359.122	168.6132
359.349	168.0232
359.576	173.1532
359.802	178.5832
360.029	186.7032
360.256	186.1332
360.483	178.6832
360.709	170.44320000000002
360.936	172.48319999999998
361.163	172.4532
361.39	172.04319999999998
361.616	170.78319999999997
361.843	171.8632
362.07	173.14319999999998
362.296	173.8832
362.523	171.5232
362.749	169.48319999999998
362.976	167.9232
363.203	169.57319999999999
363.429	167.6732
363.656	167.14319999999998
363.882	167.6332
364.109	168.6632
364.335	169.3432
364.562	167.39319999999998
364.788	165.4732
365.015	170.0132
365.241	172.9532
365.468	176.7032
365.694	177.79319999999998
365.92	170.29319999999998
366.147	169.3132
366.373	167.71320000000003
366.599	166.1832
366.826	165.6632
367.052	165.5032
367.278	169.69320000000002
367.505	167.71320000000003
367.731	169.4932
367.957	170.32319999999999
368.184	169.7732
368.41	174.8132
368.636	181.6832
368.862	190.1832
369.089	178.1732
369.315	170.8432
369.541	169.35320000000002
369.767	170.5232
369.993	170.60320000000002
370.219	170.7032
370.445	168.4032
370.672	170.12319999999997
370.898	170.4732
371.124	170.4532
371.35	173.0632
371.576	171.9932
371.802	170.6832
372.028	172.0232
372.254	171.5132
372.48	172.3432
372.706	172.9932
372.932	176.9032
373.158	174.60320000000002
373.384	176.0632
373.61	174.78319999999997
373.835	174.44320000000002
374.061	173.73319999999998
374.287	177.5232
374.513	177.4032
374.739	179.4532
374.965	183.05319999999998
375.191	182.73319999999998
375.416	179.82319999999999
375.642	179.03319999999997
375.868	180.1732
376.094	176.54319999999998
376.319	175.82319999999999
376.545	174.28319999999997
376.771	174.12319999999997
376.997	175.21319999999997
377.222	175.0832
377.448	174.2032
377.674	173.4332
377.899	174.1632
378.125	174.9932
378.35	174.23319999999998
378.576	172.9932
378.802	174.46319999999997
379.027	175.85320000000002
379.253	176.55319999999998
379.478	172.9032
379.704	175.55319999999998
379.929	176.5032
380.155	176.0632
380.38	176.4032
380.606	177.35320000000002
380.831	177.2432
381.057	182.05319999999998
381.282	177.64319999999998
381.507	179.8632
381.733	182.0632
381.958	179.8832
382.184	182.9932
382.409	184.8832
382.634	189.28319999999997
382.86	187.35320000000002
383.085	189.5632
383.31	192.98319999999998
383.535	191.5132
383.761	193.0032
383.986	193.5132
384.211	193.3832
384.436	196.6532
384.662	197.3132
384.887	201.96319999999997
385.112	203.8432
385.337	205.85320000000002
385.562	204.80319999999998
385.787	207.03319999999997
386.013	212.5232
386.238	213.82319999999999
386.463	207.64319999999998
386.688	211.98319999999998
386.913	204.6632
387.138	204.89319999999998
387.363	202.48319999999998
387.588	201.21319999999997
387.813	201.1732
388.038	204.19320000000002
388.263	211.94320000000002
388.488	209.1732
388.713	199.0932
388.938	194.82319999999999
389.163	193.55319999999998
389.387	195.1532
389.612	193.60320000000002
389.837	191.5232
390.062	191.29319999999998
390.287	192.2432
390.512	190.7732
390.736	191.35320000000002
390.961	192.85320000000002
391.186	195.4932
391.411	201.5032
391.636	201.7032
391.86	199.7232
392.085	201.6332
392.31	196.5132
392.534	195.46319999999997
392.759	196.0632
392.984	193.9932
393.208	194.3832
393.433	196.79319999999998
393.658	194.7532
393.882	191.5632
394.107	192.3132
394.331	193.73319999999998
394.556	192.8832
394.78	197.1332
395.005	197.2032
395.229	194.6332
395.454	198.9032
395.678	199.82319999999999
395.903	201.2532
396.127	203.94320000000002
396.352	199.39319999999998
396.576	193.4732
396.801	192.8832
397.025	196.2432
397.249	197.7232
397.474	203.98319999999998
397.698	200.30319999999998
397.922	204.0932
398.147	205.12319999999997
398.371	208.5832
398.595	210.35320000000002
398.82	213.4932
399.044	225.5832
399.268	242.6732
399.492	265.6932
399.717	278.46320000000003
399.941	272.4432
400.165	262.93320000000006
400.389	247.4332
400.613	229.3632
400.837	219.85320000000002
401.062	217.19320000000002
401.286	215.80319999999998
401.51	216.2532
401.734	215.2032
401.958	225.07319999999999
402.182	241.78319999999997
402.406	262.1132
402.63	238.5232
402.854	226.9532
403.078	226.9032
403.302	228.1332
403.526	230.5632
403.75	231.6632
403.974	232.23319999999998
404.198	232.8332
404.422	233.5032
404.645	234.0132
404.869	234.6532
405.093	241.69320000000002
405.317	247.05319999999998
405.541	248.9132
405.765	238.29319999999998
405.988	245.19320000000002
406.212	283.4632
406.436	318.6032
406.66	270.4332
406.883	244.03319999999997
407.107	254.1432
407.331	268.4532
407.555	279.1532
407.778	269.46320000000003
408.002	251.7032
408.226	243.37319999999997
408.449	241.7532
408.673	237.6732
408.896	244.3832
409.12	246.7732
409.344	238.14319999999998
409.567	230.4532
409.791	231.80319999999998
410.014	232.1632
410.238	228.82319999999999
410.461	228.37319999999997
410.685	231.3632
410.908	235.4332
411.132	244.1532
411.355	238.9032
411.578	228.69320000000002
411.802	219.87319999999997
412.025	222.0132
412.249	224.8332
412.472	229.4532
412.695	232.7632
412.919	222.8332
413.142	218.4532
413.365	216.7632
413.589	215.7432
413.812	215.71319999999997
414.035	214.1132
414.258	213.89319999999998
414.482	215.64319999999998
414.705	214.8132
414.928	216.05319999999998
415.151	219.37319999999997
415.374	218.14319999999998
415.597	215.1632
415.821	210.96319999999997
416.044	212.4132
416.267	210.29319999999998
416.49	211.94320000000002
416.713	208.89319999999998
416.936	211.7432
417.159	211.96319999999997
417.382	211.48319999999998
417.605	213.6532
417.828	218.12319999999997
418.051	219.8832
418.274	215.4032
418.497	211.7432
418.72	217.8632
418.943	215.2032
419.166	223.04319999999998
419.389	231.37319999999997
419.611	230.3832
419.834	224.89319999999998
420.057	222.44320000000002
420.28	219.21319999999997
420.503	215.0032
420.726	214.9932
420.948	218.9332
421.171	228.4032
421.394	228.0232
421.617	219.0132
421.839	217.96319999999997
422.062	217.7232
422.285	223.8432
422.507	240.87319999999997
422.73	251.3832
422.953	234.80319999999998
423.175	226.71319999999997
423.398	225.69320000000002
423.621	225.07319999999999
423.843	229.7732
424.066	226.6132
424.288	225.7632
424.511	232.10320000000002
424.733	244.4732
424.956	256.34319999999997
425.178	243.6832
425.401	245.9932
425.623	245.32319999999999
425.846	222.1132
426.068	218.7432
426.291	215.9332
426.513	215.12319999999997
426.735	220.4032
426.958	229.0932
427.18	249.07319999999999
427.402	289.1332
427.625	306.6332
427.847	262.1232
428.069	237.10320000000002
428.292	213.8432
428.514	207.1332
428.736	203.4732
428.958	201.1532
429.181	199.94320000000002
429.403	199.6832
429.625	204.98319999999998
429.847	210.9332
430.069	225.07319999999999
430.292	213.9332
430.514	200.39319999999998
430.736	200.55319999999998
430.958	197.07319999999999
431.18	196.73319999999998
431.402	197.2432
431.624	197.1832
431.846	199.60320000000002
432.068	198.9732
432.29	201.9532
432.512	201.4732
432.734	200.29319999999998
432.956	202.54319999999998
433.178	209.44320000000002
433.4	208.35320000000002
433.622	204.0832
433.844	202.54319999999998
434.066	202.8332
434.287	205.4232
434.509	207.9532
434.731	212.10320000000002
434.953	211.4032
435.175	218.35320000000002
435.397	221.73319999999998
435.618	219.80319999999998
435.84	232.69320000000002
436.062	256.8632
436.284	252.7032
436.505	221.9232
436.727	214.80319999999998
436.949	208.4032
437.17	203.1832
437.392	198.6532
437.614	206.2232
437.835	220.0032
438.057	242.8132
438.278	251.80319999999998
438.5	247.7032
438.721	274.25320000000005
438.943	241.9032
439.165	211.73319999999998
439.386	206.78319999999997
439.608	210.8832
439.829	215.3132
440.05	236.2532
440.272	252.8432
440.493	219.04319999999998
440.715	207.7232
440.936	204.29319999999998
441.158	206.54319999999998
441.379	208.4532
441.6	217.82319999999999
441.822	222.9332
442.043	231.37319999999997
442.264	249.8132
442.486	243.57319999999999
442.707	224.98319999999998
442.928	229.1132
443.149	244.8832
443.371	247.85320000000002
443.592	247.1732
443.813	268.3032
444.034	265.3032
444.255	236.2432
444.476	230.5932
444.698	236.1832
444.919	236.5832
445.14	272.5132
445.361	256.09319999999997
445.582	246.69320000000002
445.803	267.4932
446.024	279.1232
446.245	274.1432
446.466	242.0932
446.687	213.1132
446.908	207.0932
447.129	200.1632
447.35	197.6632
447.571	200.48319999999998
447.792	197.7632
448.013	202.19320000000002
448.234	209.1532
448.455	219.7532
448.675	251.6332
448.896	259.8132
449.117	224.23319999999998
449.338	230.5632
449.559	269.1132
449.779	275.0232
450.0	214.04319999999998
450.221	198.3632
450.442	194.6832
450.662	196.6132
450.883	203.10320000000002
451.104	208.4032
451.324	195.79319999999998
451.545	191.71319999999997
451.766	189.3132
451.986	185.2232
452.207	188.1532
452.428	187.1332
452.648	192.5832
452.869	197.7632
453.089	200.5932
453.31	204.7632
453.53	187.12319999999997
453.751	186.0232
453.971	192.2232
454.192	196.78319999999997
454.412	185.53319999999997
454.633	183.9132
454.853	181.2632
455.073	182.2632
455.294	190.60320000000002
455.514	205.0932
455.734	192.3132
455.955	179.69320000000002
456.175	177.78319999999997
456.395	177.30319999999998
456.616	176.9532
456.836	177.1732
457.056	175.96319999999997
457.276	173.28319999999997
457.497	177.8432
457.717	176.6732
457.937	179.64319999999998
458.157	179.8832
458.377	183.5132
458.598	198.89319999999998
458.818	235.2632
459.038	256.28319999999997
459.258	228.62319999999997
459.478	201.96319999999997
459.698	199.9732
459.918	201.30319999999998
460.138	202.3432
460.358	207.46319999999997
460.578	211.1732
460.798	211.3832
461.018	211.32319999999999
461.238	207.21319999999997
461.458	207.69320000000002
461.678	204.9532
461.898	211.6732
462.118	209.9532
462.338	214.8832
462.558	220.5232
462.777	225.8132
462.997	237.2632
463.217	246.2432
463.437	238.9232
463.657	230.2532
463.876	227.8632
464.096	229.96319999999997
464.316	230.4132
464.536	231.6632
464.755	225.8832
464.975	232.0932
465.195	266.1432
465.414	260.6932
465.634	210.5132
465.854	201.9332
466.073	195.94320000000002
466.293	192.94320000000002
466.512	191.5832
466.732	188.2432
466.951	188.85320000000002
467.171	191.4532
467.391	193.57319999999999
467.61	197.55319999999998
467.829	194.46319999999997
468.049	197.54319999999998
468.268	193.79319999999998
468.488	185.3432
468.707	184.46319999999997
468.927	183.9332
469.146	183.10320000000002
469.365	186.07319999999999
469.585	187.62319999999997
469.804	194.4032
470.023	196.53319999999997
470.243	195.2532
470.462	198.44320000000002
470.681	206.9932
470.901	196.3332
471.12	188.3132
471.339	189.46319999999997
471.558	189.64319999999998
471.777	189.0632
471.997	189.4532
472.216	204.28319999999997
472.435	224.85320000000002
472.654	191.4932
472.873	185.4532
473.092	183.1532
473.311	182.60320000000002
473.53	183.7032
473.749	187.2632
473.968	202.37319999999997
474.187	223.5232
474.406	210.2432
474.625	190.9132
474.844	186.30319999999998
475.063	184.21319999999997
475.282	184.2232
475.501	185.6132
475.72	188.5132
475.939	187.07319999999999
476.158	186.4032
476.377	189.62319999999997
476.596	187.54319999999998
476.814	191.9932
477.033	195.73319999999998
477.252	193.55319999999998
477.471	193.57319999999999
477.69	198.04319999999998
477.908	201.89319999999998
478.127	205.19320000000002
478.346	206.5032
478.564	208.85320000000002
478.783	211.5632
479.002	212.6632
479.22	213.69320000000002
479.439	220.3832
479.658	222.4032
479.876	218.1532
480.095	217.6732
480.313	230.28319999999997
480.532	228.6332
480.751	226.60320000000002
480.969	239.4732
481.188	299.1532
481.406	259.7132
481.624	216.5232
481.843	210.48319999999998
482.061	205.53319999999997
482.28	205.8632
482.498	201.87319999999997
482.717	202.12319999999997
482.935	205.54319999999998
483.153	204.3632
483.372	207.05319999999998
483.59	204.9232
483.808	204.1532
484.027	205.8332
484.245	208.82319999999999
484.463	208.29319999999998
484.681	214.4032
484.9	212.64319999999998
485.118	214.9332
485.336	215.6532
485.554	220.7432
485.772	222.8632
485.99	225.5032
486.209	226.79319999999998
486.427	226.2432
486.645	228.4932
486.863	233.30319999999998
487.081	225.3632
487.299	221.82319999999999
487.517	220.1632
487.735	216.1132
487.953	214.8132
488.171	216.23319999999998
488.389	215.1132
488.607	219.8632
488.825	214.0932
489.043	213.5932
489.261	214.62319999999997
489.479	214.7032
489.696	217.4732
489.914	216.29319999999998
490.132	217.62319999999997
490.35	219.53319999999997
490.568	218.60320000000002
490.786	220.69320000000002
491.003	221.9532
491.221	224.7632
491.439	228.2032
491.657	230.5032
491.874	229.54319999999998
492.092	229.9132
492.31	230.79319999999998
492.527	232.5232
492.745	232.3132
492.963	232.4032
493.18	233.5932
493.398	237.4332
493.615	244.2032
493.833	240.5632
494.05	236.96319999999997
494.268	239.3132
494.485	235.32319999999999
494.703	237.19320000000002
494.92	236.3432
495.138	235.9232
495.355	236.03319999999997
495.573	239.07319999999999
495.79	236.3432
496.008	240.1532
496.225	237.2632
496.442	235.3432
496.66	242.3132
496.877	241.29319999999998
497.094	244.12319999999997
497.312	243.10320000000002
497.529	250.6532
497.746	252.7032
497.963	254.2632
498.181	264.2232
498.398	271.6232
498.615	289.5432
498.832	291.75320000000005
499.049	297.39320000000004
499.267	309.6732
499.484	324.25320000000005
499.701	340.6832
499.918	357.06320000000005
500.135	370.5732
500.352	384.4732
500.569	386.63320000000004
500.786	385.74320000000006
501.003	375.06320000000005
501.22	360.6832
501.437	345.58320000000003
501.654	330.5532
501.871	322.82320000000004
502.088	300.6932
502.305	291.50320000000005
502.522	280.3532
502.739	272.9432
502.956	262.5932
503.172	258.71320000000003
503.389	254.8832
503.606	256.8032
503.823	252.3632
504.04	250.0232
504.256	248.0632
504.473	250.71320000000003
504.69	253.2532
504.907	249.4032
505.123	237.30319999999998
505.34	234.23319999999998
505.557	231.4132
505.773	230.6732
505.99	225.9732
506.207	224.71319999999997
506.423	223.85320000000002
506.64	222.48319999999998
506.856	221.46319999999997
507.073	222.10320000000002
507.289	221.78319999999997
507.506	222.8332
507.722	230.7732
507.939	231.80319999999998
508.155	219.8832
508.372	214.7532
508.588	216.6632
508.805	216.6332
509.021	218.2532
509.238	223.0132
509.454	221.2432
509.67	221.5832
509.887	223.7732
510.103	237.6532
510.319	296.5232
510.536	689.7932000000001
510.752	1787.7931999999998
510.968	595.6532
511.184	250.04319999999998
511.401	217.62319999999997
511.617	208.6632
511.833	206.2732
512.049	205.98319999999998
512.265	205.3432
512.481	205.78319999999997
512.698	204.03319999999997
512.914	203.46319999999997
513.13	204.1132
513.346	202.44320000000002
513.562	205.6532
513.778	208.2432
513.994	207.85320000000002
514.21	212.28319999999997
514.426	225.9332
514.642	237.4232
514.858	233.7232
515.074	267.0132
515.29	472.9532
515.506	1138.6032
515.721	508.7032
515.937	256.8732
516.153	230.5232
516.369	223.0632
516.585	222.0632
516.801	224.4932
517.016	229.8632
517.232	232.3832
517.448	234.6832
517.664	239.98319999999998
517.879	239.23319999999998
518.095	237.54319999999998
518.311	235.5832
518.527	231.35320000000002
518.742	226.4732
518.958	220.64319999999998
519.173	218.55319999999998
519.389	215.8432
519.605	214.28319999999997
519.82	212.98319999999998
520.036	217.2432
520.251	227.7032
520.467	225.28319999999997
520.682	220.35320000000002
520.898	220.60320000000002
521.113	227.5232
521.329	244.85320000000002
521.544	298.4532
521.76	555.8932
521.975	1784.8732
522.19	1108.1032
522.406	352.7532
522.621	224.7032
522.836	205.37319999999997
523.052	200.96319999999997
523.267	194.6332
523.482	194.2532
523.698	197.0632
523.913	209.5032
524.128	196.0832
524.343	190.3832
524.559	191.37319999999997
524.774	187.39319999999998
524.989	190.1332
525.204	195.8832
525.419	189.6532
525.634	186.14319999999998
525.849	184.5832
526.064	183.8332
526.28	184.8832
526.495	182.0032
526.71	181.30319999999998
526.925	180.2532
527.14	181.1532
527.355	182.1632
527.57	182.9732
527.785	180.98319999999998
527.999	181.3432
528.214	184.23319999999998
528.429	185.7732
528.644	182.6132
528.859	183.85320000000002
529.074	185.1132
529.289	205.55319999999998
529.503	241.7532
529.718	197.12319999999997
529.933	183.10320000000002
530.148	182.23319999999998
530.363	183.71319999999997
530.577	182.3132
530.792	180.2232
531.007	181.57319999999999
531.221	182.3132
531.436	181.82319999999999
531.651	183.30319999999998
531.865	182.8332
532.08	182.3332
532.295	183.82319999999999
532.509	181.19320000000002
532.724	182.1532
532.938	184.48319999999998
533.153	184.9332
533.367	183.07319999999999
533.582	184.3832
533.796	182.8632
534.011	182.7532
534.225	179.7032
534.44	179.4732
534.654	180.98319999999998
534.868	179.23319999999998
535.083	180.69320000000002
535.297	179.2632
535.511	185.1732
535.726	185.5632
535.94	181.44320000000002
536.154	180.96319999999997
536.369	177.30319999999998
536.583	173.1332
536.797	175.32319999999999
537.011	174.2532
537.225	172.4232
537.44	173.29319999999998
537.654	174.2432
537.868	171.8132
538.082	174.9232
538.296	173.28319999999997
538.51	173.2632
538.724	173.1132
538.938	173.64319999999998
539.153	175.55319999999998
539.367	181.94320000000002
539.581	177.9732
539.795	170.05319999999998
540.009	171.6532
540.222	171.7432
540.436	172.0632
540.65	171.0232
540.864	173.80319999999998
541.078	174.3832
541.292	174.1532
541.506	172.6532
541.72	169.54319999999998
541.934	167.71320000000003
542.147	170.10320000000002
542.361	168.5232
542.575	165.6332
542.789	167.7532
543.002	168.82319999999999
543.216	172.71319999999997
543.43	175.10320000000002
543.644	173.3632
543.857	170.4332
544.071	170.10320000000002
544.285	172.8432
544.498	168.62319999999997
544.712	169.9132
544.925	170.30319999999998
545.139	168.73319999999998
545.352	171.05319999999998
545.566	169.9232
545.779	168.8832
545.993	169.9032
546.206	168.94320000000002
546.42	169.53320000000002
546.633	169.73319999999998
546.847	173.5632
547.06	168.57319999999999
547.274	168.8332
547.487	167.10320000000002
547.7	168.5132
547.914	169.85320000000002
548.127	170.10320000000002
548.34	168.39319999999998
548.554	167.7632
548.767	170.94320000000002
548.98	170.10320000000002
549.193	170.94320000000002
549.407	171.2032
549.62	171.71320000000003
549.833	171.5832
550.046	168.54319999999998
550.259	169.4132
550.473	167.3832
550.686	167.4232
550.899	167.2532
551.112	166.2732
551.325	166.0132
551.538	165.55319999999998
551.751	167.5032
551.964	170.6632
552.177	168.7632
552.39	169.9532
552.603	172.07319999999999
552.816	174.0132
553.029	175.96319999999997
553.242	177.9132
553.455	180.62319999999997
553.667	187.6832
553.88	184.04319999999998
554.093	176.89319999999998
554.306	174.3632
554.519	173.2732
554.732	170.3632
554.944	168.8332
555.157	165.6132
555.37	165.2732
555.583	165.48319999999998
555.795	165.62320000000003
556.008	161.54319999999998
556.221	160.9532
556.433	161.79319999999998
556.646	160.5332
556.859	160.2432
557.071	159.7732
557.284	157.1732
557.496	157.1232
557.709	157.4432
557.921	157.8032
558.134	155.54319999999998
558.346	155.1132
558.559	154.7332
558.771	153.9232
558.984	154.3132
559.196	154.4532
559.409	151.1932
559.621	152.9232
559.833	152.3032
560.046	152.5732
560.258	151.8632
560.47	151.5932
560.683	152.9632
560.895	151.8432
561.107	153.2032
561.32	153.5532
561.532	151.8632
561.744	153.9832
561.956	156.5532
562.168	155.4232
562.381	154.2432
562.593	154.9032
562.805	154.9532
563.017	154.5532
563.229	155.1532
563.441	153.6432
563.653	153.8732
563.865	152.3532
564.077	152.9032
564.289	157.1332
564.501	155.4432
564.713	157.66320000000002
564.925	163.80319999999998
565.137	168.85320000000002
565.349	165.4732
565.561	165.4132
565.773	167.44320000000002
565.985	169.1632
566.197	174.6632
566.408	180.8832
566.62	185.87319999999997
566.832	192.7532
567.044	195.2432
567.255	193.57319999999999
567.467	196.9032
567.679	202.71319999999997
567.891	209.1332
568.102	209.8632
568.314	199.19320000000002
568.526	189.2032
568.737	183.4332
568.949	174.85320000000002
569.161	169.7532
569.372	163.0132
569.584	160.8332
569.795	161.0932
570.007	174.7732
570.218	255.8332
570.43	183.03320000000002
570.641	156.3532
570.853	152.8132
571.064	153.4732
571.276	152.7032
571.487	151.4932
571.698	149.2132
571.91	147.9032
572.121	145.3032
572.333	143.66320000000002
572.544	141.7132
572.755	142.0932
572.966	141.2332
573.178	141.0332
573.389	143.0932
573.6	138.8032
573.811	138.3832
574.023	138.8332
574.234	138.2432
574.445	139.4232
574.656	139.2032
574.867	139.2432
575.078	137.8332
575.289	138.7332
575.501	138.75320000000002
575.712	136.0232
575.923	137.7732
576.134	137.4732
576.345	135.41320000000002
576.556	137.8132
576.767	138.3332
576.978	138.2332
577.188	137.9532
577.399	137.4632
577.61	136.6932
577.821	140.9932
578.032	151.04319999999998
578.243	259.5432
578.454	567.0932
578.665	211.4732
578.875	141.1932
579.086	133.6432
579.297	132.1532
579.508	132.51319999999998
579.718	133.1732
579.929	131.25320000000002
580.14	129.8432
580.35	129.3032
580.561	129.0832
580.772	129.9732
580.982	129.2132
581.193	129.5932
581.403	129.4432
581.614	128.9632
581.825	129.5532
582.035	130.01319999999998
582.246	129.2132
582.456	128.50320000000002
582.667	127.39320000000001
582.877	128.4532
583.087	127.18319999999999
583.298	126.9032
583.508	128.5932
583.719	127.2432
583.929	129.5732
584.139	126.93319999999999
584.35	126.92320000000001
584.56	128.1832
584.77	126.8032
584.981	127.5132
585.191	126.39320000000001
585.401	127.1532
585.611	125.8832
585.821	129.6032
586.032	128.6032
586.242	124.81320000000001
586.452	125.7432
586.662	125.8332
586.872	122.9832
587.082	124.3332
587.292	124.8732
587.502	122.39320000000001
587.713	125.44319999999999
587.923	126.0532
588.133	127.36319999999999
588.343	124.8832
588.553	124.56320000000001
588.762	128.3132
588.972	132.9932
589.182	160.3932
589.392	138.8432
589.602	131.4832
589.812	145.7132
590.022	133.79319999999998
590.232	126.0832
590.441	125.2932
590.651	125.60319999999999
590.861	123.8432
591.071	125.77319999999999
591.281	128.1532
591.49	125.86319999999999
591.7	127.1532
591.91	130.0632
592.119	129.1232
592.329	132.5832
592.539	135.1132
592.748	134.0932
592.958	134.2032
593.167	133.3832
593.377	136.1432
593.587	140.8332
593.796	135.76319999999998
594.006	137.0532
594.215	134.5232
594.424	136.1532
594.634	134.9532
594.843	132.7432
595.053	130.6432
595.262	130.7032
595.472	130.7432
595.681	127.67320000000001
595.89	125.89320000000001
596.1	124.4932
596.309	124.5032
596.518	122.5732
596.727	123.14320000000001
596.937	122.2332
597.146	121.8232
597.355	120.9132
597.564	119.3432
597.774	121.02319999999999
597.983	119.14320000000001
598.192	117.60319999999999
598.401	118.68319999999999
598.61	117.5132
598.819	119.5432
599.028	119.4632
599.237	118.5432
599.446	118.4032
599.655	119.2932
599.864	119.0732
600.073	117.0532
600.282	121.6532
600.491	119.4032
600.7	117.0832
600.909	118.5432
601.118	121.2432
601.327	119.52319999999999
601.536	119.89320000000001
601.745	117.27319999999999
601.953	117.44319999999999
602.162	118.56320000000001
602.371	117.5332
602.58	115.9932
602.789	116.89320000000001
602.997	116.2332
603.206	117.64320000000001
603.415	115.81320000000001
603.623	112.9032
603.832	115.27319999999999
604.041	114.61319999999999
604.249	113.0732
604.458	114.5332
604.666	114.19319999999999
604.875	114.0332
605.084	113.3732
605.292	114.2832
605.501	114.0832
605.709	113.9032
605.918	112.9932
606.126	114.3832
606.334	112.5132
606.543	113.8232
606.751	113.9632
606.96	112.5432
607.168	114.18319999999999
607.376	112.7932
607.585	113.1632
607.793	114.0532
608.001	113.3332
608.21	113.7332
608.418	111.3432
608.626	111.93319999999999
608.834	113.8332
609.043	113.2532
609.251	113.3832
609.459	112.85319999999999
609.667	113.2432
609.875	111.85319999999999
610.083	112.92320000000001
610.291	112.0432
610.499	112.4032
610.707	111.7632
610.916	112.7132
611.124	112.2032
611.332	112.0932
611.54	111.81320000000001
611.748	110.93319999999999
611.955	111.81320000000001
612.163	111.2232
612.371	110.43319999999999
612.579	110.35319999999999
612.787	110.7932
612.995	111.8832
613.203	114.7832
613.411	109.7232
613.618	111.0132
613.826	110.1232
614.034	110.77319999999999
614.242	113.2132
614.449	110.94319999999999
614.657	109.6232
614.865	110.44319999999999
615.072	112.2132
615.28	113.7532
615.488	113.4932
615.695	116.8232
615.903	119.9732
616.111	123.0532
616.318	122.9832
616.526	118.4532
616.733	118.17320000000001
616.941	113.06320000000001
617.148	115.64320000000001
617.356	112.7532
617.563	111.56320000000001
617.771	112.10319999999999
617.978	110.36319999999999
618.185	112.2232
618.393	110.5832
618.6	111.4532
618.807	110.11319999999999
619.015	111.4832
619.222	109.6632
619.429	111.0732
619.637	109.92320000000001
619.844	109.3332
620.051	109.60319999999999
620.258	110.3432
620.466	108.85319999999999
620.673	106.92320000000001
620.88	107.3432
621.087	106.5532
621.294	108.9032
621.501	109.2232
621.708	107.5332
621.915	107.9932
622.122	108.4932
622.329	109.8332
622.536	108.8432
622.743	107.77319999999999
622.95	105.2632
623.157	106.7532
623.364	106.35319999999999
623.571	108.0332
623.778	106.6332
623.985	107.7632
624.192	105.7932
624.399	106.42320000000001
624.606	108.0332
624.812	105.5832
625.019	105.8032
625.226	104.81320000000001
625.433	106.8832
625.639	106.1332
625.846	103.8432
626.053	104.5432
626.259	107.0532
626.466	107.14320000000001
626.673	104.6232
626.879	104.3432
627.086	107.1232
627.293	106.56320000000001
627.499	105.27319999999999
627.706	104.3332
627.912	103.5932
628.119	103.44319999999999
628.325	106.9532
628.532	104.2832
628.738	104.4932
628.945	104.11319999999999
629.151	103.77319999999999
629.357	103.6632
629.564	102.7032
629.77	102.1632
629.976	103.5532
630.183	103.11319999999999
630.389	102.1532
630.595	102.1232
630.802	102.36319999999999
631.008	101.9632
631.214	102.1332
631.42	103.17320000000001
631.627	104.9132
631.833	101.6532
632.039	100.31320000000001
632.245	102.2432
632.451	101.2032
632.657	101.84320000000001
632.863	100.51320000000001
633.069	101.7032
633.275	101.7232
633.481	99.76320000000001
633.688	101.5832
633.893	101.3832
634.099	101.4132
634.305	101.0032
634.511	100.51320000000001
634.717	101.4932
634.923	98.39320000000001
635.129	100.9632
635.335	99.8732
635.541	100.61319999999999
635.747	101.31320000000001
635.952	100.5732
636.158	100.14320000000001
636.364	104.81320000000001
636.57	100.9532
636.775	100.2132
636.981	98.6632
637.187	101.6632
637.392	99.77319999999999
637.598	99.11319999999999
637.804	99.51320000000001
638.009	99.69319999999999
638.215	100.17320000000001
638.421	97.3032
638.626	99.17320000000001
638.832	99.2032
639.037	97.7932
639.243	97.5832
639.448	97.7232
639.654	100.7232
639.859	97.14320000000001
640.065	97.9832
640.27	102.7932
640.475	98.5532
640.681	98.1632
640.886	99.34320000000001
641.091	97.61319999999999
641.297	100.3832
641.502	98.2532
641.707	99.2132
641.913	101.2232
642.118	95.7832
642.323	98.0732
642.528	101.2332
642.733	99.2532
642.939	99.2432
643.144	98.93319999999999
643.349	99.59320000000001
643.554	99.8232
643.759	97.89320000000001
643.964	96.5332
644.169	98.06320000000001
644.374	97.6332
644.579	99.7432
644.784	99.8732
644.989	97.8032
645.194	97.7232
645.399	98.14320000000001
645.604	98.27319999999999
645.809	100.5532
646.014	99.27319999999999
646.219	97.5732
646.423	97.6532
646.628	97.1632
646.833	98.51320000000001
647.038	98.7932
647.243	98.93319999999999
647.447	97.7032
647.652	97.81320000000001
647.857	99.64320000000001
648.062	100.9032
648.266	101.8832
648.471	103.42320000000001
648.676	107.4532
648.88	104.2232
649.085	104.60319999999999
649.289	102.4932
649.494	111.11319999999999
649.698	132.2632
649.903	109.5532
650.107	100.93319999999999
650.312	102.17320000000001
650.516	96.27319999999999
650.721	97.17320000000001
650.925	95.6332
651.13	94.9032
651.334	94.18319999999999
651.539	94.9732
651.743	94.7832
651.947	94.11319999999999
652.152	93.9032
652.356	93.76320000000001
652.56	93.3832
652.764	91.92320000000001
652.969	92.43319999999999
653.173	90.9732
653.377	93.36319999999999
653.581	90.9132
653.785	90.89320000000001
653.99	92.5832
654.194	92.68319999999999
654.398	91.2332
654.602	91.8032
654.806	95.8232
655.01	105.61319999999999
655.214	95.86319999999999
655.418	92.0532
655.622	92.5732
655.826	94.39320000000001
656.03	94.4632
656.234	99.44319999999999
656.438	103.2332
656.642	102.67320000000001
656.846	98.11319999999999
657.049	92.81320000000001
657.253	92.1332
657.457	89.19319999999999
657.661	88.8332
657.865	86.9932
658.068	86.7332
658.272	87.5032
658.476	87.0032
658.68	86.0432
658.883	84.11319999999999
659.087	85.8332
659.291	85.1232
659.494	84.31320000000001
659.698	84.0732
659.901	84.09320000000001
660.105	83.0532
660.309	84.1232
660.512	82.56320000000001
660.716	82.9832
660.919	82.2932
661.123	85.6332
661.326	84.4932
661.53	81.92320000000001
661.733	83.8332
661.936	83.67320000000001
662.14	82.9732
662.343	84.1532
662.546	83.3032
662.75	84.9532
662.953	83.06320000000001
663.156	82.2832
663.36	80.58319999999999
663.563	82.7832
663.766	81.3332
663.969	81.8232
664.173	81.3332
664.376	81.8032
664.579	81.89320000000001
664.782	82.10319999999999
664.985	82.1232
665.188	80.7732
665.391	82.2432
665.594	81.35319999999999
665.797	81.67320000000001
666.0	80.6532
666.203	81.89320000000001
666.406	82.14320000000001
666.609	81.8732
666.812	83.4032
667.015	81.7432
667.218	82.5732
667.421	82.31320000000001
667.624	80.06320000000001
667.827	80.3032
668.03	81.7132
668.232	79.8832
668.435	83.61319999999999
668.638	80.8532
668.841	82.5832
669.043	80.83319999999999
669.246	81.1332
669.449	81.7832
669.651	81.7232
669.854	79.7732
670.057	82.42320000000001
670.259	79.5432
670.462	82.09320000000001
670.665	80.56320000000001
670.867	83.4532
671.07	81.64320000000001
671.272	81.3332
671.475	85.2932
671.677	81.0432
671.88	81.1032
672.082	80.7932
672.284	81.9632
672.487	83.34320000000001
672.689	81.42320000000001
672.892	79.8432
