223.165	-16.799500000000002
223.4	-16.799500000000002
223.635	-16.799500000000002
223.869	-18.729499999999998
224.104	-18.6295
224.338	-15.4995
224.573	-15.1395
224.808	-13.3695
225.042	-8.2795
225.277	-5.7095
225.511	-2.1995
225.746	4.4805
225.98	7.3905
226.215	11.480500000000001
226.449	14.5505
226.683	19.1705
226.918	25.4005
227.152	31.890500000000003
227.387	34.6605
227.621	39.2805
227.856	44.3605
228.09	46.1505
228.324	48.5005
228.559	55.8205
228.793	58.9605
229.027	64.2105
229.262	67.1505
229.496	74.9605
229.73	87.2205
229.964	85.9105
230.199	76.23049999999999
230.433	74.7405
230.667	78.2705
230.901	78.3305
231.136	78.4305
231.37	77.4405
231.604	79.9305
231.838	78.9005
232.072	79.8305
232.306	80.7805
232.541	79.7505
232.775	81.4905
233.009	80.8005
233.243	80.8105
233.477	80.1205
233.711	81.09049999999999
233.945	80.5005
234.179	77.3505
234.413	81.1205
234.647	79.5105
234.881	79.54050000000001
235.115	79.3805
235.349	79.0105
235.583	78.79050000000001
235.817	78.6405
236.051	77.84049999999999
236.285	76.7205
236.519	78.7105
236.753	78.0205
236.987	80.2005
237.221	84.00049999999999
237.455	85.34049999999999
237.689	79.0605
237.922	76.4105
238.156	76.7105
238.39	76.5705
238.624	77.2805
238.858	78.6705
239.091	77.4705
239.325	78.48049999999999
239.559	80.0005
239.793	80.4905
240.027	79.8005
240.26	77.3705
240.494	79.2005
240.728	76.9905
240.961	77.6505
241.195	78.8105
241.429	77.4905
241.662	75.8705
241.896	77.0305
242.13	75.6405
242.363	77.4405
242.597	76.2405
242.83	78.2205
243.064	77.73049999999999
243.298	75.9305
243.531	77.1305
243.765	77.0805
243.998	78.6205
244.232	79.6005
244.465	83.5305
244.699	80.2705
244.932	79.2605
245.166	79.6605
245.399	78.79050000000001
245.633	78.29050000000001
245.866	77.8005
246.099	77.3505
246.333	78.5605
246.566	78.0705
246.8	78.98049999999999
247.033	76.8105
247.266	78.1805
247.5	80.1905
247.733	78.1205
247.966	79.3505
248.2	80.3705
248.433	80.1205
248.666	79.34049999999999
248.899	82.9805
249.133	85.2705
249.366	97.5305
249.599	96.6105
249.832	80.3805
250.066	82.7805
250.299	80.34049999999999
250.532	80.3805
250.765	80.8005
250.998	79.7805
251.231	79.3305
251.465	80.3705
251.698	79.73049999999999
251.931	79.4405
252.164	80.1105
252.397	77.2805
252.63	80.9105
252.863	79.23049999999999
253.096	80.7605
253.329	80.29050000000001
253.562	80.4905
253.795	79.6905
254.028	81.7005
254.261	81.7205
254.494	80.29050000000001
254.727	85.3805
254.96	81.3005
255.193	80.9005
255.426	80.7805
255.659	80.9305
255.892	83.4305
256.124	80.5805
256.357	80.5105
256.59	81.0505
256.823	80.6505
257.056	81.7105
257.289	82.1205
257.521	81.0605
257.754	80.7805
257.987	80.59049999999999
258.22	84.1205
258.452	82.29050000000001
258.685	80.9705
258.918	82.7305
259.151	81.9905
259.383	82.09049999999999
259.616	80.5805
259.849	80.9905
260.081	80.7405
260.314	82.0305
260.547	84.1805
260.779	81.8205
261.012	83.5205
261.244	85.7005
261.477	90.04050000000001
261.71	96.4305
261.942	117.4305
262.175	123.3105
262.407	91.6405
262.64	84.1005
262.872	83.8805
263.105	83.3605
263.337	85.3205
263.57	83.1305
263.802	83.8005
264.035	83.6805
264.267	81.54050000000001
264.499	82.7605
264.732	83.6805
264.964	84.08049999999999
265.197	84.4405
265.429	85.04050000000001
265.661	82.40050000000001
265.894	83.84049999999999
266.126	84.3805
266.358	84.1405
266.591	83.6205
266.823	84.0505
267.055	83.6405
267.287	83.40050000000001
267.52	83.5505
267.752	85.3705
267.984	84.3705
268.216	83.7205
268.448	84.9405
268.681	84.1205
268.913	84.1205
269.145	84.40050000000001
269.377	84.42049999999999
269.609	82.1805
269.841	84.7105
270.073	84.4605
270.306	84.8805
270.538	84.3905
270.77	82.7805
271.002	82.7105
271.234	84.25049999999999
271.466	85.8905
271.698	84.5605
271.93	85.0605
272.162	85.9905
272.394	87.50049999999999
272.626	86.04050000000001
272.858	86.09049999999999
273.09	85.29050000000001
273.322	85.50049999999999
273.553	82.6005
273.785	83.0105
274.017	83.59049999999999
274.249	85.65050000000001
274.481	84.9905
274.713	85.00049999999999
274.945	85.4505
275.176	87.1805
275.408	87.0605
275.64	87.54050000000001
275.872	85.2805
276.104	89.40050000000001
276.335	91.8805
276.567	101.8605
276.799	113.3505
277.031	105.7205
277.262	93.6905
277.494	88.65050000000001
277.726	87.7805
277.957	85.75049999999999
278.189	85.42049999999999
278.421	84.7405
278.652	86.3505
278.884	85.7005
279.115	86.1005
279.347	85.6305
279.579	86.0705
279.81	85.2205
280.042	87.9905
280.273	91.25049999999999
280.505	88.9305
280.736	88.0705
280.968	87.4805
281.199	88.1305
281.431	87.6605
281.662	88.1605
281.894	90.9505
282.125	102.0105
282.356	125.7605
282.588	152.2305
282.819	119.42049999999999
283.051	92.2005
283.282	87.3905
283.513	89.4105
283.745	86.1205
283.976	85.29050000000001
284.207	85.34049999999999
284.439	86.7405
284.67	88.3805
284.901	86.3905
285.132	86.8205
285.364	86.7805
285.595	87.3105
285.826	87.3505
286.057	88.50049999999999
286.288	86.1105
286.52	86.4905
286.751	85.42049999999999
286.982	87.1005
287.213	86.3105
287.444	88.1605
287.675	88.0605
287.906	90.1205
288.138	90.5105
288.369	93.1905
288.6	91.4805
288.831	87.4705
289.062	89.4805
289.293	88.6605
289.524	86.7805
289.755	87.5505
289.986	86.2705
290.217	88.3105
290.448	86.17049999999999
290.679	86.3205
290.91	88.1305
291.141	87.1605
291.371	89.67049999999999
291.602	86.2605
291.833	87.83049999999999
292.064	87.1305
292.295	87.33049999999999
292.526	87.25049999999999
292.757	88.29050000000001
292.987	87.6805
293.218	89.1605
293.449	87.4905
293.68	88.8005
293.91	88.6905
294.141	90.0305
294.372	87.75049999999999
294.603	88.7005
294.833	89.6605
295.064	88.9405
295.295	90.33049999999999
295.525	92.6205
295.756	103.08049999999999
295.987	122.1405
296.217	152.6805
296.448	132.9305
296.679	96.0305
296.909	92.04050000000001
297.14	89.3905
297.37	89.5705
297.601	89.33049999999999
297.831	88.9505
298.062	90.6305
298.292	88.7205
298.523	90.8505
298.753	89.4405
298.984	88.8905
299.214	89.34049999999999
299.445	91.90050000000001
299.675	93.4905
299.905	95.3005
300.136	91.3705
300.366	88.8805
300.597	90.09049999999999
300.827	95.8705
301.057	101.90050000000001
301.288	107.0705
301.518	95.8605
301.748	90.15050000000001
301.979	100.54050000000001
302.209	92.7605
302.439	92.6105
302.669	88.8605
302.9	90.3505
303.13	92.7605
303.36	94.4305
303.59	104.00049999999999
303.82	109.0305
304.051	96.0205
304.281	91.15050000000001
304.511	92.7805
304.741	89.5505
304.971	88.6605
305.201	90.29050000000001
305.431	90.90050000000001
305.661	90.7205
305.891	91.9505
306.121	95.7805
306.352	105.4805
306.582	106.59049999999999
306.812	96.3605
307.042	93.2205
307.272	95.0705
307.502	97.4605
307.731	96.3805
307.961	92.04050000000001
308.191	90.9105
308.421	91.7105
308.651	92.59049999999999
308.881	94.4405
309.111	94.40050000000001
309.341	96.2005
309.571	102.04050000000001
309.8	97.5205
310.03	99.5505
310.26	99.08049999999999
310.49	96.3605
310.72	100.67049999999999
310.949	106.7105
311.179	102.3205
311.409	94.54050000000001
311.639	95.6905
311.868	98.4805
312.098	95.5505
312.328	98.7005
312.557	105.04050000000001
312.787	110.5205
313.017	104.1905
313.246	95.3905
313.476	93.54050000000001
313.706	94.0505
313.935	98.65050000000001
314.165	101.6405
314.394	104.4405
314.624	99.4705
314.853	99.42049999999999
315.083	95.4605
315.312	93.2705
315.542	92.0205
315.771	93.5505
316.001	91.7705
316.23	92.5105
316.46	91.7005
316.689	92.4705
316.919	95.67049999999999
317.148	96.8205
317.377	96.7805
317.607	96.33049999999999
317.836	94.7705
318.065	92.1805
318.295	92.00049999999999
318.524	92.8505
318.753	94.1405
318.983	94.9905
319.212	103.1105
319.441	112.2205
319.67	111.4905
319.9	97.3705
320.129	93.8905
320.358	96.4405
320.587	98.15050000000001
320.816	101.5105
321.046	104.09049999999999
321.275	100.9405
321.504	97.9805
321.733	99.8805
321.962	101.5205
322.191	103.25049999999999
322.42	108.4805
322.649	115.67049999999999
322.878	118.4805
323.108	124.3905
323.337	134.9405
323.566	146.8405
323.795	173.43050000000002
324.024	245.6705
324.253	502.63050000000004
324.482	1096.8405
324.71	2297.3205
324.939	3004.4604999999997
325.168	1065.7905
325.397	298.3705
325.626	170.5605
325.855	143.47050000000002
326.084	138.9205
326.313	147.8005
326.542	174.79049999999998
326.77	277.7305
326.999	588.7305
327.228	1246.6605
327.457	2300.5205
327.686	1788.9005
327.914	465.1405
328.143	233.3105
328.372	181.29049999999998
328.6	143.7705
328.829	129.9605
329.058	141.65050000000002
329.287	142.3305
329.515	117.8005
329.744	111.9105
329.972	116.3805
330.201	136.0405
330.43	162.0105
330.658	150.2105
330.887	162.95049999999998
331.115	137.41049999999998
331.344	104.8705
331.572	106.4905
331.801	108.75049999999999
332.03	107.5605
332.258	101.3005
332.486	94.3205
332.715	96.1605
332.943	96.50049999999999
333.172	99.54050000000001
333.4	101.83049999999999
333.629	109.6105
333.857	120.1105
334.085	120.79050000000001
334.314	131.3805
334.542	165.7305
334.771	162.4605
334.999	112.17049999999999
335.227	100.7805
335.455	98.8805
335.684	99.00049999999999
335.912	97.08049999999999
336.14	100.2005
336.369	100.2305
336.597	102.9605
336.825	101.2205
337.053	95.09049999999999
337.281	95.09049999999999
337.51	92.1305
337.738	95.5205
337.966	95.0205
338.194	99.9305
338.422	98.29050000000001
338.65	95.8605
338.878	94.04050000000001
339.106	89.8705
339.334	93.90050000000001
339.562	92.34049999999999
339.79	92.4905
340.018	92.9105
340.246	94.7805
340.474	95.2105
340.702	92.90050000000001
340.93	93.6905
341.158	93.4605
341.386	96.2805
341.614	98.8105
341.842	96.8505
342.07	93.42049999999999
342.298	95.6905
342.526	91.8905
342.754	90.0605
342.981	90.1905
343.209	90.7205
343.437	97.9505
343.665	90.9105
343.893	91.34049999999999
344.12	93.83049999999999
344.348	91.6305
344.576	93.2105
344.804	93.9805
345.031	99.3505
345.259	100.2605
345.487	96.8005
345.714	96.4405
345.942	94.0205
346.17	91.75049999999999
346.397	93.1805
346.625	93.00049999999999
346.853	95.3605
347.08	93.1405
347.308	97.4905
347.535	98.9705
347.763	101.83049999999999
347.99	101.7705
348.218	104.4405
348.445	106.9605
348.673	101.2305
348.9	97.58049999999999
349.128	96.3205
349.355	93.79050000000001
349.583	93.50049999999999
349.81	94.4805
350.037	95.7005
350.265	96.3805
350.492	94.75049999999999
350.72	98.7205
350.947	102.65050000000001
351.174	111.5505
351.402	115.4405
351.629	105.00049999999999
351.856	101.9705
352.083	107.0205
352.311	108.0705
352.538	113.08049999999999
352.765	113.6205
352.992	116.79050000000001
353.22	115.7105
353.447	107.8905
353.674	102.2105
353.901	98.8905
354.128	97.42049999999999
354.355	97.9405
354.583	100.3205
354.81	98.4605
355.037	97.7405
355.264	94.8105
355.491	94.00049999999999
355.718	91.9305
355.945	95.08049999999999
356.172	95.9305
356.399	95.9905
356.626	94.0505
356.853	93.6605
357.08	94.6605
357.307	92.0505
357.534	92.83049999999999
357.761	95.1205
357.988	95.92049999999999
358.215	95.50049999999999
358.441	93.8105
358.668	92.7305
358.895	92.4105
359.122	92.5605
359.349	90.8605
359.576	95.4505
359.802	104.5505
360.029	119.6905
360.256	119.4105
360.483	103.0705
360.709	91.1305
360.936	95.6305
361.163	96.4705
361.39	99.4105
361.616	97.7705
361.843	93.3705
362.07	97.1105
362.296	98.2005
362.523	94.6205
362.749	92.5305
362.976	93.6405
363.203	94.65050000000001
363.429	90.3005
363.656	91.54050000000001
363.882	92.84049999999999
364.109	91.7405
364.335	94.1205
364.562	93.17049999999999
364.788	92.2005
365.015	96.4105
365.241	102.0505
365.468	110.8605
365.694	107.9905
365.92	100.25049999999999
366.147	94.6205
366.373	91.2405
366.599	90.5705
366.826	90.67049999999999
367.052	90.3005
367.278	92.42049999999999
367.505	92.7105
367.731	94.0505
367.957	93.2605
368.184	95.17049999999999
368.41	101.09049999999999
368.636	115.34049999999999
368.862	125.25049999999999
369.089	111.8205
369.315	97.7205
369.541	93.0305
369.767	92.1005
369.993	93.9905
370.219	92.8805
370.445	87.90050000000001
370.672	89.09049999999999
370.898	90.7705
371.124	90.4605
371.35	89.1905
371.576	88.79050000000001
371.802	89.3105
372.028	88.8705
372.254	90.9405
372.48	87.6805
372.706	86.6305
372.932	88.54050000000001
373.158	88.2605
373.384	91.7105
373.61	91.00049999999999
373.835	90.2205
374.061	89.8805
374.287	92.9305
374.513	91.7405
374.739	90.92049999999999
374.965	89.4305
375.191	90.08049999999999
375.416	89.7005
375.642	91.3105
375.868	93.75049999999999
376.094	91.79050000000001
376.319	90.5305
376.545	89.6005
376.771	90.42049999999999
376.997	90.0305
377.222	91.5205
377.448	93.4505
377.674	91.2305
377.899	91.92049999999999
378.125	90.3705
378.35	92.5305
378.576	91.4405
378.802	90.4905
379.027	89.4405
379.253	95.1605
379.478	92.8205
379.704	93.75049999999999
379.929	94.3705
380.155	95.2105
380.38	95.2305
380.606	97.7105
380.831	95.4405
381.057	98.75049999999999
381.282	97.1205
381.507	95.5205
381.733	97.6105
381.958	96.29050000000001
382.184	98.4405
382.409	100.9105
382.634	104.50049999999999
382.86	100.0205
383.085	102.75049999999999
383.31	101.9105
383.535	103.5705
383.761	100.4705
383.986	100.3105
384.211	99.84049999999999
384.436	100.0705
384.662	102.3905
384.887	103.4405
385.112	106.0305
385.337	106.7405
385.562	106.08049999999999
385.787	108.59049999999999
386.013	114.2405
386.238	117.83049999999999
386.463	108.5305
386.688	110.1805
386.913	105.8805
387.138	109.3705
387.363	104.5205
387.588	100.9405
387.813	102.0705
388.038	107.7205
388.263	114.3705
388.488	111.2205
388.713	97.6805
388.938	95.0305
389.163	95.3005
389.387	95.9405
389.612	93.8705
389.837	92.25049999999999
390.062	93.58049999999999
390.287	91.7705
390.512	91.6905
390.736	92.58049999999999
390.961	92.9405
391.186	93.2605
391.411	95.1405
391.636	90.7205
391.86	87.6105
392.085	87.3905
392.31	88.1205
392.534	87.6405
392.759	88.9805
392.984	89.0605
393.208	90.2205
393.433	95.0605
393.658	92.1205
393.882	86.6205
394.107	87.1205
394.331	86.6305
394.556	86.8805
394.78	90.67049999999999
395.005	89.8205
395.229	86.3105
395.454	87.9105
395.678	87.2105
395.903	87.6805
396.127	90.5505
396.352	88.1605
396.576	87.58049999999999
396.801	89.34049999999999
397.025	91.2805
397.249	87.4705
397.474	89.84049999999999
397.698	88.25049999999999
397.922	88.9905
398.147	87.6105
398.371	86.0505
398.595	87.6405
398.82	87.7005
399.044	85.6105
399.268	86.9705
399.492	89.0305
399.717	90.4605
399.941	90.40050000000001
400.165	93.40050000000001
400.389	91.6105
400.613	88.4805
400.837	87.7805
401.062	89.3105
401.286	89.9405
401.51	90.5705
401.734	93.7705
401.958	103.9705
402.182	136.40050000000002
402.406	175.4605
402.63	131.5005
402.854	97.8505
403.078	90.7005
403.302	88.34049999999999
403.526	89.2705
403.75	89.8505
403.974	87.40050000000001
404.198	89.50049999999999
404.422	88.1905
404.645	89.08049999999999
404.869	92.3005
405.093	97.1805
405.317	104.4705
405.541	103.3105
405.765	102.84049999999999
405.988	124.29050000000001
406.212	192.4605
406.436	263.2805
406.66	166.9905
406.883	108.59049999999999
407.107	98.1205
407.331	99.3205
407.555	102.5605
407.778	99.5105
408.002	93.6105
408.226	90.54050000000001
408.449	89.75049999999999
408.673	89.9905
408.896	95.6005
409.12	97.1105
409.344	90.4305
409.567	89.8105
409.791	93.8105
410.014	95.00049999999999
410.238	94.90050000000001
410.461	93.67049999999999
410.685	94.6205
410.908	97.1905
411.132	105.3505
411.355	100.0605
411.578	93.79050000000001
411.802	90.4705
412.025	90.1405
412.249	91.9105
412.472	95.3605
412.695	98.0305
412.919	91.83049999999999
413.142	89.1405
413.365	87.7805
413.589	88.1305
413.812	89.00049999999999
414.035	92.08049999999999
414.258	89.5205
414.482	90.3505
414.705	90.6805
414.928	91.6205
415.151	92.7605
415.374	93.0205
415.597	89.0605
415.821	88.4605
416.044	88.9705
416.267	89.50049999999999
416.49	88.65050000000001
416.713	89.5505
416.936	90.6205
417.159	89.2305
417.382	89.6405
417.605	89.2605
417.828	95.3705
418.051	94.0605
418.274	90.15050000000001
418.497	89.04050000000001
418.72	87.2705
418.943	89.4405
419.166	88.4305
419.389	90.4505
419.611	90.2405
419.834	89.75049999999999
420.057	89.5705
420.28	88.29050000000001
420.503	88.7205
420.726	88.2705
420.948	90.9505
421.171	93.9705
421.394	95.1405
421.617	90.9405
421.839	90.1305
422.062	90.3705
422.285	93.5505
422.507	99.7105
422.73	104.0105
422.953	95.8105
423.175	91.9505
423.398	90.0105
423.621	89.9705
423.843	86.9605
424.066	86.67049999999999
424.288	89.3905
424.511	92.34049999999999
424.733	99.2405
424.956	108.4905
425.178	102.6905
425.401	102.04050000000001
425.623	102.15050000000001
425.846	93.59049999999999
426.068	95.1005
426.291	93.2805
426.513	92.65050000000001
426.735	91.40050000000001
426.958	94.9305
427.18	110.2005
427.402	150.1405
427.625	192.3705
427.847	150.81050000000002
428.069	120.1805
428.292	93.6605
428.514	89.4105
428.736	86.9805
428.958	86.25049999999999
429.181	87.2705
429.403	87.2705
429.625	89.40050000000001
429.847	93.92049999999999
430.069	100.6805
430.292	95.5605
430.514	87.7805
430.736	87.6205
430.958	88.4905
431.18	86.7205
431.402	87.6205
431.624	85.67049999999999
431.846	87.0105
432.068	85.42049999999999
432.29	88.50049999999999
432.512	89.5105
432.734	88.2005
432.956	92.9905
433.178	101.5205
433.4	103.5705
433.622	93.2405
433.844	91.2005
434.066	91.8805
434.287	92.4605
434.509	91.0105
434.731	92.5205
434.953	91.3705
435.175	89.7605
435.397	90.7405
435.618	95.1405
435.84	107.6405
436.062	130.9305
436.284	123.5305
436.505	106.4405
436.727	107.1805
436.949	94.4805
437.17	89.83049999999999
437.392	89.7805
437.614	95.1105
437.835	110.9605
438.057	126.2105
438.278	115.50049999999999
438.5	107.84049999999999
438.721	126.1905
438.943	104.8105
439.165	90.5705
439.386	87.7605
439.608	94.15050000000001
439.829	104.4405
440.05	133.90050000000002
440.272	157.7605
440.493	104.09049999999999
440.715	88.9905
440.936	88.58049999999999
441.158	90.09049999999999
441.379	89.9405
441.6	94.7705
441.822	96.2205
442.043	97.6105
442.264	106.3005
442.486	104.40050000000001
442.707	96.3005
442.928	110.9405
443.149	141.82049999999998
443.371	142.1905
443.592	117.2705
443.813	117.29050000000001
444.034	112.4705
444.255	93.9405
444.476	90.00049999999999
444.698	89.2805
444.919	90.4705
445.14	131.2405
445.361	128.8605
445.582	125.2305
445.803	153.9405
446.024	149.9905
446.245	147.4505
446.466	117.2805
446.687	93.9105
446.908	89.92049999999999
447.129	89.6805
447.35	90.6005
447.571	95.3705
447.792	93.9305
448.013	101.79050000000001
448.234	111.9905
448.455	104.3005
448.675	116.7705
448.896	123.3705
449.117	104.6805
449.338	107.79050000000001
449.559	137.2305
449.779	140.6305
450.0	98.0105
450.221	90.7605
450.442	90.7205
450.662	97.1205
450.883	112.0705
451.104	117.67049999999999
451.324	98.42049999999999
451.545	90.25049999999999
451.766	87.2105
451.986	88.04050000000001
452.207	90.8805
452.428	93.42049999999999
452.648	99.75049999999999
452.869	115.8505
453.089	120.4505
453.31	127.2605
453.53	98.1205
453.751	92.7805
453.971	106.9805
454.192	116.7305
454.412	95.4505
454.633	88.5605
454.853	88.6805
455.073	88.1605
455.294	91.8805
455.514	100.58049999999999
455.734	91.3905
455.955	88.7005
456.175	85.34049999999999
456.395	87.3205
456.616	87.0605
456.836	85.9105
457.056	85.5205
457.276	86.0105
457.497	85.4905
457.717	87.33049999999999
457.937	87.4505
458.157	90.5205
458.377	92.0105
458.598	113.54050000000001
458.818	168.0505
459.038	181.2405
459.258	123.6605
459.478	93.7005
459.698	87.5705
459.918	87.1905
460.138	85.8905
460.358	86.6305
460.578	89.3505
460.798	92.1405
461.018	90.92049999999999
461.238	86.2805
461.458	85.3905
461.678	85.9105
461.898	86.83049999999999
462.118	87.3605
462.338	86.1605
462.558	87.3105
462.777	85.1205
462.997	87.7405
463.217	87.1305
463.437	87.84049999999999
463.657	86.83049999999999
463.876	86.2405
464.096	90.2805
464.316	95.4705
464.536	95.6005
464.755	97.5205
464.975	114.40050000000001
465.195	191.95049999999998
465.414	185.3705
465.634	102.7205
465.854	89.4705
466.073	87.2805
466.293	89.0705
466.512	88.2405
466.732	86.2105
466.951	89.00049999999999
467.171	93.6605
467.391	97.6405
467.61	107.92049999999999
467.829	101.3905
468.049	106.7805
468.268	114.1405
468.488	91.1305
468.707	87.40050000000001
468.927	86.40050000000001
469.146	86.1405
469.365	87.5605
469.585	90.3905
469.804	98.5605
470.023	101.15050000000001
470.243	94.9305
470.462	104.5305
470.681	115.7605
470.901	92.4105
471.12	88.4105
471.339	87.67049999999999
471.558	88.4505
471.777	89.3505
471.997	95.42049999999999
472.216	130.6105
472.435	185.9005
472.654	107.58049999999999
472.873	91.54050000000001
473.092	87.8205
473.311	87.0205
473.53	88.0605
473.749	89.15050000000001
473.968	94.9405
474.187	106.25049999999999
474.406	97.5105
474.625	87.7005
474.844	88.3705
475.063	86.6805
475.282	85.7705
475.501	86.1005
475.72	91.8505
475.939	85.2405
476.158	86.4405
476.377	87.3505
476.596	89.3205
476.814	94.6805
477.033	95.1005
477.252	90.6005
477.471	88.6605
477.69	90.00049999999999
477.908	89.1005
478.127	88.9705
478.346	89.1105
478.564	91.9705
478.783	97.8505
479.002	95.8605
479.22	92.5505
479.439	103.1205
479.658	108.2605
479.876	98.6105
480.095	93.54050000000001
480.313	95.2405
480.532	93.7305
480.751	96.4305
480.969	130.9205
481.188	272.3205
481.406	200.5505
481.624	103.7005
481.843	91.6105
482.061	89.1805
482.28	90.8205
482.498	89.40050000000001
482.717	87.4605
482.935	90.0205
483.153	90.1205
483.372	90.4505
483.59	88.7305
483.808	90.0305
484.027	91.08049999999999
484.245	94.2305
484.463	93.9305
484.681	96.7805
484.9	93.15050000000001
485.118	97.3605
485.336	96.33049999999999
485.554	99.25049999999999
485.772	103.7105
485.99	105.08049999999999
486.209	105.9305
486.427	107.6305
486.645	115.6805
486.863	118.54050000000001
487.081	105.42049999999999
487.299	99.6605
487.517	96.4405
487.735	93.7205
487.953	92.58049999999999
488.171	94.9605
488.389	96.0705
488.607	100.6405
488.825	92.79050000000001
489.043	90.9605
489.261	92.4505
489.479	90.08049999999999
489.696	91.09049999999999
489.914	89.4305
490.132	90.17049999999999
490.35	90.2805
490.568	90.3805
490.786	90.9705
491.003	89.29050000000001
491.221	89.9905
491.439	90.33049999999999
491.657	92.8105
491.874	93.7105
492.092	90.5705
492.31	91.3205
492.527	90.4705
492.745	90.9805
492.963	90.65050000000001
493.18	91.0305
493.398	93.3105
493.615	96.3205
493.833	93.9105
494.05	90.4405
494.268	91.50049999999999
494.485	90.9805
494.703	89.6305
494.92	91.0605
495.138	89.2005
495.355	89.4705
495.573	91.6205
495.79	90.6205
496.008	93.1605
496.225	91.54050000000001
496.442	89.2705
496.66	92.83049999999999
496.877	91.3505
497.094	92.6805
497.312	89.9805
497.529	90.8605
497.746	92.4105
497.963	90.65050000000001
498.181	92.1605
498.398	96.2205
498.615	112.09049999999999
498.832	107.0305
499.049	92.6105
499.267	91.8705
499.484	90.1205
499.701	92.0605
499.918	91.0605
500.135	89.1005
500.352	91.00049999999999
500.569	91.1305
500.786	92.6805
501.003	91.54050000000001
501.22	90.6405
501.437	91.3905
501.654	98.2805
501.871	113.0305
502.088	94.4905
502.305	91.79050000000001
502.522	91.5205
502.739	90.8705
502.956	91.6805
503.172	92.2705
503.389	97.4405
503.606	109.04050000000001
503.823	99.50049999999999
504.04	92.92049999999999
504.256	91.5105
504.473	90.9405
504.69	89.4805
504.907	93.08049999999999
505.123	90.9105
505.34	91.3505
505.557	91.0705
505.773	91.2005
505.99	89.33049999999999
506.207	89.7705
506.423	91.1105
506.64	89.9805
506.856	91.2405
507.073	91.3505
507.289	94.1005
507.506	98.8105
507.722	118.0205
507.939	116.84049999999999
508.155	98.92049999999999
508.372	93.6605
508.588	94.3705
508.805	96.3205
509.021	97.8205
509.238	100.65050000000001
509.454	99.8905
509.67	103.8805
509.887	113.5105
510.103	141.3805
510.319	237.70049999999998
510.536	894.1105
510.752	2958.9004999999997
510.968	807.0105000000001
511.184	174.3905
511.401	119.7605
511.617	102.2805
511.833	94.7805
512.049	93.34049999999999
512.265	92.9605
512.481	93.6105
512.698	93.7205
512.914	93.1805
513.13	94.2405
513.346	95.1405
513.562	97.1905
513.778	99.0305
513.994	101.92049999999999
514.21	106.90050000000001
514.426	126.1205
514.642	148.6405
514.858	138.2805
515.074	192.8505
515.29	579.4805
515.506	1972.1705
515.721	710.4305
515.937	180.34050000000002
516.153	119.8105
516.369	103.8605
516.585	96.9905
516.801	95.9405
517.016	97.1105
517.232	95.2305
517.448	96.1305
517.664	95.50049999999999
517.879	96.17049999999999
518.095	94.4305
518.311	95.5105
518.527	94.2705
518.742	94.1305
518.958	95.4605
519.173	96.33049999999999
519.389	98.42049999999999
519.605	96.3505
519.82	99.33049999999999
520.036	108.2005
520.251	129.4305
520.467	119.0605
520.682	111.33049999999999
520.898	112.59049999999999
521.113	123.7305
521.329	154.7005
521.544	244.7105
521.76	729.6205000000001
521.975	3252.3905000000004
522.19	1947.8504999999998
522.406	398.49050000000005
522.621	142.2805
522.836	108.4105
523.052	102.2405
523.267	98.1005
523.482	97.6805
523.698	106.04050000000001
523.913	131.5905
524.128	111.79050000000001
524.343	96.1205
524.559	96.40050000000001
524.774	93.5105
524.989	99.90050000000001
525.204	109.50049999999999
525.419	102.92049999999999
525.634	94.4705
525.849	92.3205
526.064	91.3005
526.28	91.6605
526.495	90.3605
526.71	91.2105
526.925	90.00049999999999
527.14	90.9705
527.355	89.8105
527.57	91.2705
527.785	90.50049999999999
527.999	90.6605
528.214	93.4105
528.429	95.2105
528.644	92.7405
528.859	93.83049999999999
529.074	98.5305
529.289	135.57049999999998
529.503	213.9605
529.718	111.6205
529.933	93.8605
530.148	91.5105
530.363	90.92049999999999
530.577	90.59049999999999
530.792	89.8605
531.007	94.25049999999999
531.221	92.58049999999999
531.436	91.7705
531.651	91.9105
531.865	91.2005
532.08	91.7705
532.295	94.33049999999999
532.509	93.4305
532.724	91.9405
532.938	94.3805
533.153	94.6305
533.367	93.1205
533.582	93.0205
533.796	93.33049999999999
534.011	92.79050000000001
534.225	91.8105
534.44	93.0305
534.654	92.4305
534.868	91.15050000000001
535.083	92.1805
535.297	96.2605
535.511	104.2705
535.726	106.3905
535.94	101.3605
536.154	95.8205
536.369	93.58049999999999
536.583	88.9105
536.797	92.83049999999999
537.011	89.25049999999999
537.225	90.4605
537.44	91.7105
537.654	91.6105
537.868	91.2105
538.082	90.33049999999999
538.296	90.5505
538.51	89.4905
538.724	90.9605
538.938	92.3105
539.153	96.84049999999999
539.367	110.9605
539.581	97.0705
539.795	91.5505
540.009	91.2205
540.222	90.54050000000001
540.436	90.17049999999999
540.65	90.3805
540.864	92.2705
541.078	95.7205
541.292	93.9305
541.506	90.67049999999999
541.72	89.8605
541.934	88.4605
542.147	90.1905
542.361	88.6105
542.575	88.4105
542.789	88.7405
543.002	90.34049999999999
543.216	94.6905
543.43	99.84049999999999
543.644	94.8605
543.857	92.4905
544.071	91.00049999999999
544.285	91.9305
544.498	90.2305
544.712	91.2705
544.925	88.67049999999999
545.139	89.7305
545.352	89.34049999999999
545.566	88.2205
545.779	87.3005
545.993	89.7305
546.206	89.0505
546.42	91.5105
546.633	92.17049999999999
546.847	93.4505
547.06	90.3505
547.274	88.9605
547.487	89.6305
547.7	87.9705
547.914	88.34049999999999
548.127	89.1105
548.34	88.3005
548.554	89.09049999999999
548.767	90.0705
548.98	90.04050000000001
549.193	89.83049999999999
549.407	89.6605
549.62	88.40050000000001
549.833	89.9305
550.046	88.42049999999999
550.259	88.9305
550.473	89.3905
550.686	89.1605
550.899	90.3605
551.112	89.92049999999999
551.325	87.4405
551.538	89.3205
551.751	90.3605
551.964	89.8205
552.177	90.3905
552.39	88.8505
552.603	89.4605
552.816	89.9105
553.029	91.75049999999999
553.242	93.5705
553.455	100.09049999999999
553.667	107.6305
553.88	104.8505
554.093	94.84049999999999
554.306	92.79050000000001
554.519	91.6005
554.732	91.1005
554.944	91.1605
555.157	89.3605
555.37	92.25049999999999
555.583	92.5205
555.795	94.40050000000001
556.008	91.1005
556.221	90.6205
556.433	92.7205
556.646	94.54050000000001
556.859	92.3605
557.071	91.8605
557.284	91.8805
557.496	90.0305
557.709	89.8205
557.921	91.2305
558.134	90.65050000000001
558.346	90.7705
558.559	90.29050000000001
558.771	87.6805
558.984	89.4805
559.196	88.9905
559.409	88.08049999999999
559.621	87.8705
559.833	87.90050000000001
560.046	89.0105
560.258	87.59049999999999
560.47	91.09049999999999
560.683	89.15050000000001
560.895	90.7005
561.107	89.4705
561.32	89.6605
561.532	90.2405
561.744	91.34049999999999
561.956	92.4405
562.168	92.1205
562.381	90.25049999999999
562.593	90.8605
562.805	93.0105
563.017	91.50049999999999
563.229	90.9805
563.441	90.2605
563.653	88.9905
563.865	88.7805
564.077	88.7605
564.289	89.7705
564.501	88.7005
564.713	90.1805
564.925	95.3905
565.137	105.54050000000001
565.349	94.2805
565.561	89.2105
565.773	88.08049999999999
565.985	89.1105
566.197	87.4605
566.408	87.0105
566.62	86.5205
566.832	88.6405
567.044	88.92049999999999
567.255	87.8805
567.467	88.59049999999999
567.679	88.6005
567.891	88.2805
568.102	87.2205
568.314	87.17049999999999
568.526	87.3205
568.737	90.4805
568.949	89.3605
569.161	89.5505
569.372	87.2805
569.584	90.2205
569.795	94.5505
570.007	123.0505
570.218	281.3405
570.43	148.4905
570.641	93.6205
570.853	89.5705
571.064	88.8505
571.276	88.5305
571.487	88.7205
571.698	88.0705
571.91	88.90050000000001
572.121	86.75049999999999
572.333	88.3505
572.544	86.8105
572.755	89.5605
572.966	87.5105
573.178	88.6005
573.389	92.6005
573.6	88.2205
573.811	87.54050000000001
574.023	87.92049999999999
574.234	88.54050000000001
574.445	89.3805
574.656	88.8105
574.867	88.9605
575.078	88.4605
575.289	87.6805
575.501	91.4805
575.712	89.4905
575.923	88.7605
576.134	89.2605
576.345	89.5205
576.556	91.17049999999999
576.767	92.4705
576.978	90.1105
577.188	91.5105
577.399	92.9105
577.61	93.8105
577.821	100.67049999999999
578.032	120.1005
578.243	307.0205
578.454	917.9804999999999
578.665	244.7105
578.875	105.8905
579.086	93.2705
579.297	89.8905
579.508	90.15050000000001
579.718	90.6205
579.929	89.6305
580.14	88.9305
580.35	86.8005
580.561	87.2705
580.772	86.9405
580.982	86.5205
581.193	87.7005
581.403	87.7405
581.614	88.4505
581.825	88.4705
582.035	87.3005
582.246	88.8505
582.456	86.3605
582.667	87.7605
582.877	90.1105
583.087	85.3905
583.298	88.7105
583.508	88.79050000000001
583.719	87.8705
583.929	90.4905
584.139	86.9805
584.35	86.3205
584.56	89.6305
584.77	86.79050000000001
584.981	87.90050000000001
585.191	89.0305
585.401	90.8505
585.611	87.6105
585.821	90.09049999999999
586.032	88.1605
586.242	86.6305
586.452	87.6105
586.662	86.2705
586.872	86.0505
587.082	87.00049999999999
587.292	86.2605
587.502	87.5705
587.713	85.7005
587.923	86.92049999999999
588.133	88.0305
588.343	85.1905
588.553	86.2305
588.762	91.83049999999999
588.972	96.5605
589.182	140.0305
589.392	107.6005
589.602	95.8705
589.812	117.0505
590.022	96.17049999999999
590.232	87.8705
590.441	85.8105
590.651	86.5605
590.861	86.6405
591.071	86.3005
591.281	87.17049999999999
591.49	85.2805
591.7	85.5105
591.91	87.5505
592.119	84.9705
592.329	92.2305
592.539	96.1105
592.748	88.7705
592.958	86.9905
593.167	85.7705
593.377	87.42049999999999
593.587	90.8705
593.796	87.1305
594.006	87.58049999999999
594.215	85.8805
594.424	85.4405
594.634	86.67049999999999
594.843	86.8205
595.053	86.4305
595.262	85.5305
595.472	85.5605
595.681	86.3905
595.89	86.6005
596.1	85.8605
596.309	86.7205
596.518	87.1205
596.727	87.5105
596.937	89.7005
597.146	87.2805
597.355	87.9405
597.564	85.9405
597.774	88.17049999999999
597.983	86.3005
598.192	86.6105
598.401	85.00049999999999
598.61	86.3605
598.819	85.5305
599.028	85.9905
599.237	84.8705
599.446	86.7005
599.655	89.04050000000001
599.864	88.2105
600.073	88.40050000000001
600.282	91.8605
600.491	86.9505
600.7	88.09049999999999
600.909	87.2205
601.118	89.42049999999999
601.327	90.6205
601.536	88.4405
601.745	88.2205
601.953	86.04050000000001
602.162	89.7405
602.371	88.8105
602.58	86.4905
602.789	87.6905
602.997	86.8005
603.206	87.5205
603.415	86.8805
603.623	85.33049999999999
603.832	86.50049999999999
604.041	86.83049999999999
604.249	85.4305
604.458	85.00049999999999
604.666	85.1805
604.875	86.6405
605.084	85.8605
605.292	85.29050000000001
605.501	86.2105
605.709	86.8905
605.918	85.67049999999999
606.126	87.6905
606.334	85.8905
606.543	86.8705
606.751	87.7805
606.96	87.5505
607.168	87.50049999999999
607.376	88.1805
607.585	88.2205
607.793	87.83049999999999
608.001	85.2105
608.21	86.2105
608.418	84.7005
608.626	85.5605
608.834	85.40050000000001
609.043	85.9505
609.251	86.34049999999999
609.459	85.50049999999999
609.667	86.65050000000001
609.875	85.9605
610.083	84.54050000000001
610.291	85.5705
610.499	86.0305
610.707	85.2105
610.916	86.65050000000001
611.124	86.40050000000001
611.332	86.2105
611.54	84.1005
611.748	85.3605
611.955	86.3905
612.163	86.54050000000001
612.371	86.7805
612.579	84.3505
612.787	87.9705
612.995	87.6905
613.203	87.59049999999999
613.411	86.00049999999999
613.618	85.7105
613.826	85.5605
614.034	86.8805
614.242	86.5505
614.449	86.5605
614.657	85.9305
614.865	87.00049999999999
615.072	87.3605
615.28	87.25049999999999
615.488	87.8605
615.695	90.7805
615.903	96.0105
616.111	98.83049999999999
616.318	100.3605
616.526	92.9705
616.733	93.3205
616.941	90.00049999999999
617.148	90.6605
617.356	88.4405
617.563	86.75049999999999
617.771	89.1905
617.978	85.8505
618.185	85.8805
618.393	86.17049999999999
618.6	83.9505
618.807	84.8705
619.015	86.4305
619.222	85.59049999999999
619.429	85.1805
619.637	86.92049999999999
619.844	85.58049999999999
620.051	85.5305
620.258	84.6805
620.466	86.6905
620.673	85.2205
620.88	83.90050000000001
621.087	84.9505
621.294	84.2805
621.501	84.8205
621.708	86.34049999999999
621.915	87.4905
622.122	86.1805
622.329	86.15050000000001
622.536	86.25049999999999
622.743	84.3005
622.95	84.0105
623.157	85.1405
623.364	84.3805
623.571	85.4105
623.778	86.2405
623.985	88.3205
624.192	84.4905
624.399	85.9405
624.606	86.9405
624.812	84.75049999999999
625.019	85.2405
625.226	85.84049999999999
625.433	87.3705
625.639	84.0505
625.846	85.7705
626.053	83.40050000000001
626.259	85.17049999999999
626.466	86.3005
626.673	84.1305
626.879	84.84049999999999
627.086	87.50049999999999
627.293	85.6205
627.499	84.8205
627.706	86.6405
627.912	83.3505
628.119	82.6105
628.325	86.9405
628.532	84.3805
628.738	84.8105
628.945	85.1005
629.151	83.2005
629.357	83.6205
629.564	84.1605
629.77	84.2705
629.976	83.3205
630.183	84.0605
630.389	85.15050000000001
630.595	83.4605
630.802	83.5105
631.008	83.1005
631.214	85.3805
631.42	84.3705
631.627	87.0705
631.833	84.0505
632.039	83.4105
632.245	82.6305
632.451	84.4705
632.657	84.9305
632.863	83.2305
633.069	83.1105
633.275	85.7805
633.481	82.1905
633.688	84.4505
633.893	85.00049999999999
634.099	85.4605
634.305	83.00049999999999
634.511	85.40050000000001
634.717	84.1905
634.923	83.17049999999999
635.129	84.2405
635.335	84.9405
635.541	83.5205
635.747	84.58049999999999
635.952	82.8905
636.158	85.5605
636.364	95.6805
636.57	91.7305
636.775	84.8805
636.981	84.5305
637.187	84.58049999999999
637.392	83.50049999999999
637.598	85.1905
637.804	86.0205
638.009	83.3905
638.215	84.9105
638.421	83.50049999999999
638.626	82.5705
638.832	84.1205
639.037	84.2605
639.243	84.8705
639.448	84.9705
639.654	88.4905
639.859	83.5305
640.065	83.2705
640.27	88.1405
640.475	83.3805
640.681	83.0505
640.886	85.17049999999999
641.091	84.54050000000001
641.297	87.0505
641.502	83.7005
641.707	86.2805
641.913	85.0605
642.118	84.1905
642.323	84.1105
642.528	87.2605
642.733	86.04050000000001
642.939	86.3105
643.144	85.17049999999999
643.349	84.5105
643.554	84.6205
643.759	83.8805
643.964	83.7205
644.169	85.3805
644.374	82.6805
644.579	86.5305
644.784	85.5105
644.989	84.1805
645.194	83.7705
645.399	85.3205
645.604	84.9305
645.809	87.8605
646.014	86.1905
646.219	86.2205
646.423	83.67049999999999
646.628	84.9805
646.833	86.0705
647.038	84.7305
647.243	85.15050000000001
647.447	85.1405
647.652	84.6805
647.857	85.67049999999999
648.062	88.1205
648.266	87.0705
648.471	90.92049999999999
648.676	93.7105
648.88	90.7605
649.085	90.2405
649.289	92.75049999999999
649.494	105.6105
649.698	147.7605
649.903	105.6605
650.107	90.3205
650.312	86.58049999999999
650.516	85.2605
650.721	85.33049999999999
650.925	84.59049999999999
651.13	83.3005
651.334	83.3105
651.539	83.1405
651.743	83.54050000000001
651.947	82.50049999999999
652.152	84.5305
652.356	83.1405
652.56	84.4805
652.764	83.0105
652.969	82.4305
653.173	81.25049999999999
653.377	82.42049999999999
653.581	82.8005
653.785	83.7105
653.99	84.34049999999999
654.194	84.5705
654.398	83.9405
654.602	84.2805
654.806	92.5305
655.01	108.1305
655.214	91.7405
655.418	85.9505
655.622	84.58049999999999
655.826	86.2805
656.03	87.4705
656.234	90.6805
656.438	96.7705
656.642	97.7105
656.846	90.2605
657.049	87.2605
657.253	86.0105
657.457	84.3105
657.661	83.7405
657.865	83.2605
658.068	81.8705
658.272	82.34049999999999
658.476	83.4305
658.68	82.92049999999999
658.883	81.1805
659.087	81.2105
659.291	82.3705
659.494	82.4805
659.698	81.6105
659.901	81.6205
660.105	81.6605
660.309	81.54050000000001
660.512	80.1005
660.716	82.3705
660.919	81.9905
661.123	82.7205
661.326	81.7205
661.53	82.34049999999999
661.733	82.0205
661.936	81.7305
662.14	81.6005
662.343	81.5205
662.546	82.4305
662.75	82.04050000000001
662.953	83.3005
663.156	81.6105
663.36	81.1905
663.563	81.0605
663.766	81.1805
663.969	82.9605
664.173	82.40050000000001
664.376	80.2805
664.579	80.59049999999999
664.782	80.54050000000001
664.985	80.3605
665.188	80.9705
665.391	81.7705
665.594	81.6205
665.797	81.3505
666.0	80.9505
666.203	81.1405
666.406	81.04050000000001
666.609	82.7305
666.812	81.5605
667.015	81.2005
667.218	82.0505
667.421	80.4705
667.624	80.6805
667.827	80.9305
668.03	78.73049999999999
668.232	80.3305
668.435	81.8905
668.638	81.3205
668.841	81.6905
669.043	81.1605
669.246	79.5205
669.449	79.5105
669.651	81.6805
669.854	81.4405
670.057	82.7005
670.259	81.33049999999999
670.462	79.84049999999999
670.665	80.3305
670.867	82.6405
671.07	82.8005
671.272	81.7605
671.475	83.6105
671.677	81.1405
671.88	80.6005
672.082	80.2505
672.284	81.6405
672.487	81.54050000000001
672.689	81.90050000000001
672.892	80.6505
