223.165	-18.339
223.4	-18.339
223.635	-18.339
223.869	-18.559
224.104	-19.159
224.338	-16.019000000000002
224.573	-13.889
224.808	-14.109
225.042	-7.819000000000001
225.277	-6.239
225.511	-3.939
225.746	4.451
225.98	7.321000000000001
226.215	12.470999999999998
226.449	16.031000000000002
226.683	21.371
226.918	25.041
227.152	31.391
227.387	35.021
227.621	37.471
227.856	44.271
228.09	45.291
228.324	50.541
228.559	56.641
228.793	60.010999999999996
229.027	67.131
229.262	71.941
229.496	77.33099999999999
229.73	89.401
229.964	90.221
230.199	78.70100000000001
230.433	78.681
230.667	82.86099999999999
230.901	82.871
231.136	81.821
231.37	82.61099999999999
231.604	83.231
231.838	82.891
232.072	85.871
232.306	85.871
232.541	85.371
232.775	84.651
233.009	85.651
233.243	84.671
233.477	85.141
233.711	84.951
233.945	84.571
234.179	85.631
234.413	86.661
234.647	84.311
234.881	84.811
235.115	84.211
235.349	82.52099999999999
235.583	83.421
235.817	84.311
236.051	83.84100000000001
236.285	84.60100000000001
236.519	84.331
236.753	85.321
236.987	88.221
237.221	95.731
237.455	98.131
237.689	85.961
237.922	83.68100000000001
238.156	82.141
238.39	83.61099999999999
238.624	82.94099999999999
238.858	85.041
239.091	82.481
239.325	84.561
239.559	87.571
239.793	85.501
240.027	86.621
240.26	85.59100000000001
240.494	88.501
240.728	86.251
240.961	84.28099999999999
241.195	85.741
241.429	86.26100000000001
241.662	80.961
241.896	83.44099999999999
242.13	84.971
242.363	83.921
242.597	83.801
242.83	85.631
243.064	85.76100000000001
243.298	87.161
243.531	85.871
243.765	86.711
243.998	86.221
244.232	89.411
244.465	93.641
244.699	90.901
244.932	88.391
245.166	88.651
245.399	85.94099999999999
245.633	87.451
245.866	88.981
246.099	87.891
246.333	89.971
246.566	87.93100000000001
246.8	88.581
247.033	90.151
247.266	88.671
247.5	89.951
247.733	90.901
247.966	92.09100000000001
248.2	92.381
248.433	91.131
248.666	91.901
248.899	94.77100000000002
249.133	100.371
249.366	110.02100000000002
249.599	108.01100000000001
249.832	97.411
250.066	98.201
250.299	99.421
250.532	106.60100000000001
250.765	104.331
250.998	98.891
251.231	97.86099999999999
251.465	97.69099999999999
251.698	96.18100000000001
251.931	95.821
252.164	95.85100000000001
252.397	94.671
252.63	95.821
252.863	96.131
253.096	97.68100000000001
253.329	98.741
253.562	98.35100000000001
253.795	97.18100000000001
254.028	98.35100000000001
254.261	97.491
254.494	98.161
254.727	103.10100000000001
254.96	103.52100000000002
255.193	101.551
255.426	101.59100000000001
255.659	105.811
255.892	116.471
256.124	125.67099999999999
256.357	118.53099999999999
256.59	108.721
256.823	102.701
257.056	102.421
257.289	101.581
257.521	100.961
257.754	100.911
257.987	100.491
258.22	102.02100000000002
258.452	101.77100000000002
258.685	100.661
258.918	100.09100000000001
259.151	99.151
259.383	100.901
259.616	98.801
259.849	99.02100000000002
260.081	101.94099999999999
260.314	102.28099999999999
260.547	103.201
260.779	101.751
261.012	105.221
261.244	104.791
261.477	107.36099999999999
261.71	108.891
261.942	125.171
262.175	130.041
262.407	106.03099999999999
262.64	101.221
262.872	101.001
263.105	100.43100000000001
263.337	102.061
263.57	100.471
263.802	100.991
264.035	99.151
264.267	98.61099999999999
264.499	98.831
264.732	102.891
264.964	99.541
265.197	100.391
265.429	100.311
265.661	101.631
265.894	100.69099999999999
266.126	103.151
266.358	100.411
266.591	101.01100000000001
266.823	100.831
267.055	102.18100000000001
267.287	102.311
267.52	100.86099999999999
267.752	103.69099999999999
267.984	103.141
268.216	102.491
268.448	104.541
268.681	105.161
268.913	107.041
269.145	106.551
269.377	108.51100000000001
269.609	103.791
269.841	107.061
270.073	107.61099999999999
270.306	108.901
270.538	111.151
270.77	108.01100000000001
271.002	106.78099999999999
271.234	108.891
271.466	113.44099999999999
271.698	111.831
271.93	110.44099999999999
272.162	111.901
272.394	112.241
272.626	109.371
272.858	107.881
273.09	108.151
273.322	107.821
273.553	106.381
273.785	107.121
274.017	107.241
274.249	108.02100000000002
274.481	106.951
274.713	107.491
274.945	108.741
275.176	110.02100000000002
275.408	111.741
275.64	116.151
275.872	116.93100000000001
276.104	115.951
276.335	116.291
276.567	123.891
276.799	137.181
277.031	141.161
277.262	142.781
277.494	127.991
277.726	117.581
277.957	112.03099999999999
278.189	113.221
278.421	112.911
278.652	112.231
278.884	111.541
279.115	111.901
279.347	112.171
279.579	115.871
279.81	123.631
280.042	137.721
280.273	152.561
280.505	134.58100000000002
280.736	117.741
280.968	114.891
281.199	113.471
281.431	114.201
281.662	112.93100000000001
281.894	115.701
282.125	122.86099999999999
282.356	140.871
282.588	162.55100000000002
282.819	138.811
283.051	116.43100000000001
283.282	111.751
283.513	116.18100000000001
283.745	112.701
283.976	113.621
284.207	115.231
284.439	113.231
284.67	115.321
284.901	113.551
285.132	114.391
285.364	113.19099999999999
285.595	116.041
285.826	115.641
286.057	116.78099999999999
286.288	115.121
286.52	114.471
286.751	113.28099999999999
286.982	114.461
287.213	112.001
287.444	115.831
287.675	117.78099999999999
287.906	118.36099999999999
288.138	117.651
288.369	120.84100000000001
288.6	120.78099999999999
288.831	117.141
289.062	115.911
289.293	117.321
289.524	115.541
289.755	115.241
289.986	115.731
290.217	115.881
290.448	115.791
290.679	115.951
290.91	117.981
291.141	116.52100000000002
291.371	117.541
291.602	117.051
291.833	115.061
292.064	114.971
292.295	117.241
292.526	116.61099999999999
292.757	116.801
292.987	116.871
293.218	115.161
293.449	116.201
293.68	116.69099999999999
293.91	116.651
294.141	119.93100000000001
294.372	116.77100000000002
294.603	117.53099999999999
294.833	118.10100000000001
295.064	117.461
295.295	116.51100000000001
295.525	119.491
295.756	128.631
295.987	142.251
296.217	162.711
296.448	150.221
296.679	123.561
296.909	119.85100000000001
297.14	118.471
297.37	119.34100000000001
297.601	119.311
297.831	119.001
298.062	121.121
298.292	120.961
298.523	118.401
298.753	120.561
298.984	121.26100000000001
299.214	120.971
299.445	121.981
299.675	123.641
299.905	128.401
300.136	122.331
300.366	120.53099999999999
300.597	123.811
300.827	125.671
301.057	130.511
301.288	135.77100000000002
301.518	128.891
301.748	124.36099999999999
301.979	135.981
302.209	126.571
302.439	124.901
302.669	124.381
302.9	122.791
303.13	125.52100000000002
303.36	128.911
303.59	138.051
303.82	144.171
304.051	128.801
304.281	124.831
304.511	125.19099999999999
304.741	121.121
304.971	120.53099999999999
305.201	124.161
305.431	122.03099999999999
305.661	124.671
305.891	123.661
306.121	126.911
306.352	134.101
306.582	135.791
306.812	129.301
307.042	132.631
307.272	143.71099999999998
307.502	151.781
307.731	152.71099999999998
307.961	136.861
308.191	125.43100000000001
308.421	124.59100000000001
308.651	124.811
308.881	126.121
309.111	126.01100000000001
309.341	128.651
309.571	133.351
309.8	129.381
310.03	132.111
310.26	132.821
310.49	132.821
310.72	134.001
310.949	139.46099999999998
311.179	137.311
311.409	129.751
311.639	132.02100000000002
311.868	132.111
312.098	132.151
312.328	132.751
312.557	140.031
312.787	144.521
313.017	140.27100000000002
313.246	132.201
313.476	129.501
313.706	130.71099999999998
313.935	134.051
314.165	138.951
314.394	138.891
314.624	135.851
314.853	134.801
315.083	132.96099999999998
315.312	130.531
315.542	128.781
315.771	129.161
316.001	130.08100000000002
316.23	128.031
316.46	126.68100000000001
316.689	130.551
316.919	130.601
317.148	134.011
317.377	132.591
317.607	132.291
317.836	130.791
318.065	129.02100000000002
318.295	129.931
318.524	128.801
318.753	129.321
318.983	131.991
319.212	135.481
319.441	144.541
319.67	143.401
319.9	132.761
320.129	129.611
320.358	130.741
320.587	133.02100000000002
320.816	135.951
321.046	139.391
321.275	136.631
321.504	133.171
321.733	133.641
321.962	137.591
322.191	140.751
322.42	147.301
322.649	152.311
322.878	153.751
323.108	158.281
323.337	168.231
323.566	180.021
323.795	202.58100000000002
324.024	261.061
324.253	462.36100000000005
324.482	942.951
324.71	1900.911
324.939	2513.881
325.168	978.8009999999999
325.397	315.041
325.626	205.121
325.855	180.08100000000002
326.084	176.541
326.313	182.43099999999998
326.542	205.071
326.77	285.87100000000004
326.999	526.991
327.228	1063.5910000000001
327.457	1941.221
327.686	1580.531
327.914	495.631
328.143	347.08099999999996
328.372	352.40099999999995
328.6	251.051
328.829	192.941
329.058	196.111
329.287	198.631
329.515	185.321
329.744	210.18099999999998
329.972	288.37100000000004
330.201	449.18100000000004
330.43	583.651
330.658	341.451
330.887	238.891
331.115	194.111
331.344	163.631
331.572	161.051
331.801	162.941
332.03	162.271
332.258	155.561
332.486	154.271
332.715	155.68099999999998
332.943	160.09099999999998
333.172	166.061
333.4	173.881
333.629	187.09099999999998
333.857	222.221
334.085	293.061
334.314	451.551
334.542	724.4209999999999
334.771	681.4810000000001
334.999	282.07099999999997
335.227	186.621
335.455	166.801
335.684	160.58100000000002
335.912	156.751
336.14	156.471
336.369	155.851
336.597	156.481
336.825	153.371
337.053	146.901
337.281	145.111
337.51	142.131
337.738	143.93099999999998
337.966	142.691
338.194	145.521
338.422	143.751
338.65	142.021
338.878	141.321
339.106	137.171
339.334	137.68099999999998
339.562	136.34099999999998
339.79	136.191
340.018	136.541
340.246	138.071
340.474	139.511
340.702	137.631
340.93	135.811
341.158	138.471
341.386	139.771
341.614	140.191
341.842	139.111
342.07	136.111
342.298	136.951
342.526	134.311
342.754	134.68099999999998
342.981	131.891
343.209	132.96099999999998
343.437	143.321
343.665	138.401
343.893	142.881
344.12	143.951
344.348	140.901
344.576	138.221
344.804	139.621
345.031	142.271
345.259	142.781
345.487	138.58100000000002
345.714	136.811
345.942	136.481
346.17	134.861
346.397	133.131
346.625	135.93099999999998
346.853	133.131
347.08	133.46099999999998
347.308	135.921
347.535	139.771
347.763	142.101
347.99	140.851
348.218	142.791
348.445	143.731
348.673	140.881
348.9	137.291
349.128	136.851
349.355	132.981
349.583	132.101
349.81	134.441
350.037	133.511
350.265	135.18099999999998
350.492	134.531
350.72	135.371
350.947	139.291
351.174	146.691
351.402	150.791
351.629	142.991
351.856	141.821
352.083	143.671
352.311	146.161
352.538	149.051
352.765	148.371
352.992	151.541
353.22	150.001
353.447	142.821
353.674	139.21099999999998
353.901	136.881
354.128	136.031
354.355	134.27100000000002
354.583	136.83100000000002
354.81	135.96099999999998
355.037	136.27100000000002
355.264	134.151
355.491	133.681
355.718	131.83100000000002
355.945	133.591
356.172	134.161
356.399	133.821
356.626	132.481
356.853	131.911
357.08	133.02100000000002
357.307	131.551
357.534	131.301
357.761	132.991
357.988	135.471
358.215	136.46099999999998
358.441	134.27100000000002
358.668	134.681
358.895	132.691
359.122	131.301
359.349	131.921
359.576	134.08100000000002
359.802	143.231
360.029	155.041
360.256	155.251
360.483	141.621
360.709	131.381
360.936	135.641
361.163	135.71099999999998
361.39	135.601
361.616	136.791
361.843	131.501
362.07	135.361
362.296	137.741
362.523	134.661
362.749	132.971
362.976	132.43099999999998
363.203	132.241
363.429	130.721
363.656	133.561
363.882	129.821
364.109	131.421
364.335	132.171
364.562	131.551
364.788	131.641
365.015	133.521
365.241	136.691
365.468	145.661
365.694	143.721
365.92	137.741
366.147	131.671
366.373	129.511
366.599	129.601
366.826	128.621
367.052	127.801
367.278	130.511
367.505	131.58100000000002
367.731	133.881
367.957	130.151
368.184	133.191
368.41	138.731
368.636	151.09099999999998
368.862	158.281
369.089	144.991
369.315	135.921
369.541	133.981
369.767	133.18099999999998
369.993	132.111
370.219	131.891
370.445	132.021
370.672	130.571
370.898	130.511
371.124	131.901
371.35	132.251
371.576	129.911
371.802	130.301
372.028	130.941
372.254	131.921
372.48	131.751
372.706	131.611
372.932	132.901
373.158	133.541
373.384	134.871
373.61	134.631
373.835	133.901
374.061	133.011
374.287	135.33100000000002
374.513	134.451
374.739	136.33100000000002
374.965	134.991
375.191	136.261
375.416	135.18099999999998
375.642	134.83100000000002
375.868	136.511
376.094	133.981
376.319	134.521
376.545	132.59099999999998
376.771	133.59099999999998
376.997	133.671
377.222	133.321
377.448	135.131
377.674	132.771
377.899	132.621
378.125	133.34099999999998
378.35	135.311
378.576	133.761
378.802	134.041
379.027	134.861
379.253	133.58100000000002
379.478	134.001
379.704	135.531
379.929	137.011
380.155	137.121
380.38	140.041
380.606	138.641
380.831	138.041
381.057	143.291
381.282	139.151
381.507	139.311
381.733	139.351
381.958	141.351
382.184	142.84099999999998
382.409	143.821
382.634	147.371
382.86	145.93099999999998
383.085	146.981
383.31	146.641
383.535	147.691
383.761	146.991
383.986	148.921
384.211	148.471
384.436	150.261
384.662	152.611
384.887	158.281
385.112	158.801
385.337	158.351
385.562	159.34099999999998
385.787	160.731
386.013	167.311
386.238	168.351
386.463	161.281
386.688	163.471
386.913	157.051
387.138	161.93099999999998
387.363	156.131
387.588	151.131
387.813	153.191
388.038	158.631
388.263	168.781
388.488	164.111
388.713	150.191
388.938	144.571
389.163	144.671
389.387	143.471
389.612	141.821
389.837	142.241
390.062	143.811
390.287	141.311
390.512	142.631
390.736	142.691
390.961	143.001
391.186	145.131
391.411	147.381
391.636	147.161
391.86	144.151
392.085	146.041
392.31	142.451
392.534	142.96099999999998
392.759	144.111
392.984	145.861
393.208	161.151
393.433	189.761
393.658	172.481
393.882	142.781
394.107	141.08100000000002
394.331	139.71099999999998
394.556	140.501
394.78	144.671
395.005	141.391
395.229	140.631
395.454	144.521
395.678	142.651
395.903	145.761
396.127	149.041
396.352	147.611
396.576	147.371
396.801	156.21099999999998
397.025	167.08100000000002
397.249	149.811
397.474	147.741
397.698	145.84099999999998
397.922	149.08100000000002
398.147	147.781
398.371	150.531
398.595	149.951
398.82	151.441
399.044	158.501
399.268	165.241
399.492	177.241
399.717	185.86100000000002
399.941	182.55100000000002
400.165	180.82100000000003
400.389	170.201
400.613	160.011
400.837	155.821
401.062	155.001
401.286	153.43099999999998
401.51	156.731
401.734	156.171
401.958	164.93099999999998
402.182	187.68099999999998
402.406	218.441
402.63	184.09099999999998
402.854	163.93099999999998
403.078	160.051
403.302	158.851
403.526	162.25099999999998
403.75	163.361
403.974	162.861
404.198	163.371
404.422	166.391
404.645	165.68099999999998
404.869	173.25099999999998
405.093	185.61100000000002
405.317	200.64100000000002
405.541	197.05100000000002
405.765	181.571
405.988	191.00099999999998
406.212	240.521
406.436	297.081
406.66	221.451
406.883	176.941
407.107	177.881
407.331	184.191
407.555	193.08100000000002
407.778	186.04100000000003
408.002	173.70100000000002
408.226	169.321
408.449	166.871
408.673	165.71099999999998
408.896	171.18099999999998
409.12	173.301
409.344	165.151
409.567	161.96099999999998
409.791	161.18099999999998
410.014	165.381
410.238	161.59099999999998
410.461	161.531
410.685	162.741
410.908	164.531
411.132	174.71099999999998
411.355	173.491
411.578	163.231
411.802	159.731
412.025	160.701
412.249	169.641
412.472	180.621
412.695	197.351
412.919	176.371
413.142	168.33100000000002
413.365	162.951
413.589	159.251
413.812	156.111
414.035	158.661
414.258	157.34099999999998
414.482	156.891
414.705	155.031
414.928	156.321
415.151	156.221
415.374	157.631
415.597	152.441
415.821	154.18099999999998
416.044	153.351
416.267	153.751
416.49	153.661
416.713	151.33100000000002
416.936	154.141
417.159	152.611
417.382	154.951
417.605	159.751
417.828	162.761
418.051	160.771
418.274	157.031
418.497	152.391
418.72	152.59099999999998
418.943	154.291
419.166	158.421
419.389	163.141
419.611	164.191
419.834	164.221
420.057	165.241
420.28	166.571
420.503	163.91099999999997
420.726	162.771
420.948	162.84099999999998
421.171	169.381
421.394	164.43099999999998
421.617	158.271
421.839	155.71099999999998
422.062	155.621
422.285	158.371
422.507	174.46099999999998
422.73	188.68099999999998
422.953	171.021
423.175	160.321
423.398	160.151
423.621	159.521
423.843	160.811
424.066	159.571
424.288	158.751
424.511	163.43099999999998
424.733	173.881
424.956	182.521
425.178	175.00099999999998
425.401	176.231
425.623	175.291
425.846	158.71099999999998
426.068	159.68099999999998
426.291	156.351
426.513	156.801
426.735	156.651
426.958	165.851
427.18	183.91099999999997
427.402	229.91100000000003
427.625	270.921
427.847	246.741
428.069	237.851
428.292	175.59099999999998
428.514	153.83100000000002
428.736	148.061
428.958	148.021
429.181	145.691
429.403	145.001
429.625	148.421
429.847	154.34099999999998
430.069	166.91099999999997
430.292	156.371
430.514	144.321
430.736	145.071
430.958	144.691
431.18	142.161
431.402	143.481
431.624	142.221
431.846	143.291
432.068	143.571
432.29	145.391
432.512	146.631
432.734	145.971
432.956	147.801
433.178	155.721
433.4	157.751
433.622	149.131
433.844	147.611
434.066	149.021
434.287	148.08100000000002
434.509	148.511
434.731	153.131
434.953	152.351
435.175	154.201
435.397	156.811
435.618	156.291
435.84	170.191
436.062	200.361
436.284	190.84099999999998
436.505	165.361
436.727	160.83100000000002
436.949	151.83100000000002
437.17	145.771
437.392	145.68099999999998
437.614	152.43099999999998
437.835	166.941
438.057	189.16099999999997
438.278	187.391
438.5	177.271
438.721	204.59100000000004
438.943	175.761
439.165	151.33100000000002
439.386	150.821
439.608	153.751
439.829	162.571
440.05	187.16099999999997
440.272	212.311
440.493	163.151
440.715	148.661
440.936	148.251
441.158	149.221
441.379	151.651
441.6	156.401
441.822	162.551
442.043	165.031
442.264	183.361
442.486	177.611
442.707	160.751
442.928	170.301
443.149	196.08100000000002
443.371	198.781
443.592	184.651
443.813	196.91100000000003
444.034	191.191
444.255	165.761
444.476	160.46099999999998
444.698	162.641
444.919	164.221
445.14	202.011
445.361	193.451
445.582	188.75099999999998
445.803	217.291
446.024	221.34100000000004
446.245	218.16100000000003
446.466	182.871
446.687	155.161
446.908	149.18099999999998
447.129	145.021
447.35	145.231
447.571	148.721
447.792	147.93099999999998
448.013	153.801
448.234	162.33100000000002
448.455	163.741
448.675	187.221
448.896	195.731
449.117	165.491
449.338	171.241
449.559	206.151
449.779	212.971
450.0	159.191
450.221	144.651
450.442	143.861
450.662	147.891
450.883	158.731
451.104	166.111
451.324	146.311
451.545	141.96099999999998
451.766	139.521
451.986	138.251
452.207	138.861
452.428	139.621
452.648	148.491
452.869	159.451
453.089	160.421
453.31	163.391
453.53	142.151
453.751	140.921
453.971	150.09099999999998
454.192	159.96099999999998
454.412	142.391
454.633	136.651
454.853	135.321
455.073	135.571
455.294	143.371
455.514	156.011
455.734	142.251
455.955	132.011
456.175	132.921
456.395	131.231
456.616	130.881
456.836	132.371
457.056	131.901
457.276	130.451
457.497	133.291
457.717	132.541
457.937	134.84099999999998
458.157	135.93099999999998
458.377	139.83100000000002
458.598	159.001
458.818	206.701
459.038	223.84099999999998
459.258	179.93099999999998
459.478	149.701
459.698	145.691
459.918	145.941
460.138	146.46099999999998
460.358	147.84099999999998
460.578	151.201
460.798	153.411
461.018	152.96099999999998
461.238	149.171
461.458	148.221
461.678	147.951
461.898	148.96099999999998
462.118	150.18099999999998
462.338	153.641
462.558	155.241
462.777	158.621
462.997	166.201
463.217	173.34100000000004
463.437	165.861
463.657	160.021
463.876	160.241
464.096	161.71099999999998
464.316	163.481
464.536	164.721
464.755	165.011
464.975	173.84099999999998
465.195	233.43099999999998
465.414	227.061
465.634	158.68099999999998
465.854	149.371
466.073	144.891
466.293	142.991
466.512	140.571
466.732	139.491
466.951	141.641
467.171	144.481
467.391	151.821
467.61	164.231
467.829	182.891
468.049	298.231
468.268	374.26099999999997
468.488	181.281
468.707	145.921
468.927	140.851
469.146	140.041
469.365	142.08100000000002
469.585	141.701
469.804	149.291
470.023	151.96099999999998
470.243	149.58100000000002
470.462	157.311
470.681	168.131
470.901	149.031
471.12	146.911
471.339	147.691
471.558	151.161
471.777	161.731
471.997	214.791
472.216	494.841
472.435	944.101
472.654	323.44100000000003
472.873	176.141
473.092	153.021
473.311	147.381
473.53	145.891
473.749	145.061
473.968	155.191
474.187	172.631
474.406	158.991
474.625	143.691
474.844	142.101
475.063	139.701
475.282	142.201
475.501	138.801
475.72	143.221
475.939	141.111
476.158	140.551
476.377	140.561
476.596	141.531
476.814	147.731
477.033	148.311
477.252	146.141
477.471	145.021
477.69	147.34099999999998
477.908	150.501
478.127	151.981
478.346	150.921
478.564	153.981
478.783	160.561
479.002	160.171
479.22	161.291
479.439	169.951
479.658	172.881
479.876	168.791
480.095	169.58100000000002
480.313	179.881
480.532	189.301
480.751	235.231
480.969	498.381
481.188	1608.501
481.406	992.081
481.624	279.32099999999997
481.843	188.281
482.061	170.50099999999998
482.28	162.571
482.498	160.531
482.717	157.381
482.935	155.141
483.153	154.171
483.372	152.541
483.59	153.981
483.808	152.691
484.027	154.271
484.245	155.311
484.463	153.781
484.681	159.111
484.9	156.18099999999998
485.118	156.84099999999998
485.336	158.381
485.554	159.391
485.772	165.00099999999998
485.99	166.891
486.209	168.84099999999998
486.427	168.951
486.645	174.08100000000002
486.863	177.651
487.081	167.311
487.299	162.971
487.517	164.301
487.735	159.58100000000002
487.953	158.281
488.171	160.281
488.389	161.43099999999998
488.607	164.571
488.825	157.811
489.043	157.271
489.261	161.041
489.479	158.08100000000002
489.696	159.921
489.914	158.96099999999998
490.132	161.861
490.35	165.151
490.568	164.96099999999998
490.786	167.541
491.003	168.621
491.221	172.011
491.439	177.73100000000002
491.657	178.721
491.874	179.77100000000002
492.092	180.371
492.31	183.73100000000002
492.527	183.09100000000004
492.745	185.73100000000002
492.963	186.75100000000003
493.18	183.82100000000003
493.398	185.79100000000003
493.615	187.711
493.833	182.851
494.05	179.441
494.268	177.09100000000004
494.485	177.50100000000003
494.703	175.651
494.92	176.241
495.138	174.211
495.355	174.33100000000002
495.573	174.91100000000003
495.79	173.671
496.008	173.57100000000003
496.225	171.36100000000002
496.442	172.721
496.66	174.82100000000003
496.877	173.64100000000002
497.094	174.811
497.312	172.98100000000002
497.529	175.33100000000002
497.746	176.221
497.963	177.871
498.181	182.79100000000003
498.398	189.55100000000002
498.615	204.561
498.832	204.261
499.049	199.621
499.267	207.04100000000003
499.484	212.371
499.701	218.311
499.918	226.59100000000004
500.135	234.70100000000002
500.352	239.57100000000003
500.569	242.39100000000002
500.786	244.16100000000003
501.003	236.95100000000002
501.22	230.191
501.437	223.77100000000002
501.654	217.601
501.871	221.811
502.088	201.33100000000002
502.305	195.95100000000002
502.522	188.32100000000003
502.739	186.54100000000003
502.956	179.901
503.172	178.991
503.389	180.631
503.606	186.32100000000003
503.823	179.25100000000003
504.04	174.80100000000002
504.256	172.901
504.473	171.671
504.69	172.881
504.907	174.29100000000003
505.123	166.731
505.34	164.631
505.557	161.46099999999998
505.773	162.33100000000002
505.99	158.921
506.207	160.18099999999998
506.423	158.821
506.64	158.68099999999998
506.856	155.641
507.073	159.151
507.289	158.911
507.506	162.201
507.722	175.551
507.939	175.781
508.155	160.261
508.372	155.291
508.588	154.781
508.805	157.451
509.021	158.691
509.238	162.84099999999998
509.454	163.101
509.67	162.111
509.887	168.68099999999998
510.103	188.111
510.319	264.331
510.536	770.881
510.752	2367.5009999999997
510.968	697.781
511.184	213.351
511.401	169.791
511.617	164.031
511.833	166.891
512.049	165.231
512.265	161.271
512.481	157.441
512.698	153.691
512.914	155.251
513.13	153.611
513.346	153.131
513.562	153.751
513.778	156.521
513.994	158.621
514.21	164.41099999999997
514.426	178.511
514.642	198.261
514.858	190.491
515.074	231.921
515.29	518.381
515.506	1554.261
515.721	608.911
515.937	219.941
516.153	177.701
516.369	164.701
516.585	161.801
516.801	164.601
517.016	165.441
517.232	166.18099999999998
517.448	168.171
517.664	168.101
517.879	169.721
518.095	167.471
518.311	170.34099999999998
518.527	165.691
518.742	162.231
518.958	158.33100000000002
519.173	158.471
519.389	158.84099999999998
519.605	156.08100000000002
519.82	156.151
520.036	165.021
520.251	180.221
520.467	174.201
520.682	166.981
520.898	167.521
521.113	177.311
521.329	201.141
521.544	272.631
521.76	643.481
521.975	2531.741
522.19	1532.201
522.406	376.97099999999995
522.621	184.93099999999998
522.836	159.701
523.052	152.891
523.267	149.261
523.482	147.701
523.698	151.691
523.913	169.891
524.128	153.96099999999998
524.343	143.261
524.559	145.83100000000002
524.774	140.731
524.989	145.481
525.204	153.911
525.419	147.43099999999998
525.634	140.261
525.849	138.881
526.064	139.761
526.28	140.921
526.495	138.371
526.71	137.631
526.925	135.071
527.14	136.901
527.355	136.751
527.57	136.161
527.785	135.601
527.999	138.441
528.214	139.071
528.429	139.68099999999998
528.644	139.601
528.859	138.941
529.074	142.351
529.289	171.621
529.503	231.171
529.718	157.471
529.933	140.911
530.148	138.701
530.363	138.21099999999998
530.577	137.561
530.792	137.46099999999998
531.007	136.641
531.221	139.281
531.436	137.501
531.651	137.551
531.865	136.971
532.08	137.251
532.295	137.981
532.509	137.911
532.724	137.061
532.938	138.761
533.153	140.34099999999998
533.367	139.93099999999998
533.582	139.021
533.796	137.531
534.011	136.871
534.225	137.381
534.44	136.301
534.654	136.671
534.868	136.09099999999998
535.083	136.891
535.297	139.08100000000002
535.511	145.291
535.726	146.141
535.94	143.241
536.154	139.551
536.369	134.781
536.583	134.201
536.797	135.851
537.011	133.46099999999998
537.225	132.051
537.44	133.511
537.654	132.741
537.868	132.881
538.082	133.58100000000002
538.296	132.381
538.51	134.84099999999998
538.724	132.741
538.938	132.471
539.153	136.501
539.367	145.34099999999998
539.581	137.84099999999998
539.795	134.911
540.009	132.971
540.222	133.171
540.436	132.481
540.65	132.421
540.864	134.541
541.078	137.941
541.292	136.59099999999998
541.506	132.141
541.72	132.251
541.934	129.871
542.147	129.891
542.361	129.171
542.575	129.031
542.789	130.71099999999998
543.002	130.151
543.216	134.511
543.43	138.991
543.644	133.011
543.857	132.061
544.071	132.371
544.285	135.051
544.498	131.101
544.712	130.551
544.925	130.381
545.139	130.151
545.352	129.901
545.566	130.84099999999998
545.779	129.531
545.993	131.371
546.206	130.83100000000002
546.42	129.291
546.633	132.161
546.847	133.68099999999998
547.06	130.231
547.274	129.671
547.487	130.291
547.7	128.761
547.914	128.111
548.127	130.611
548.34	130.21099999999998
548.554	129.58100000000002
548.767	131.191
548.98	130.571
549.193	129.411
549.407	132.551
549.62	130.411
549.833	132.351
550.046	129.511
550.259	131.111
550.473	130.261
550.686	130.101
550.899	128.511
551.112	131.08100000000002
551.325	130.851
551.538	130.291
551.751	130.321
551.964	130.511
552.177	130.921
552.39	129.84099999999998
552.603	133.71099999999998
552.816	135.621
553.029	134.821
553.242	135.971
553.455	143.131
553.667	150.071
553.88	146.111
554.093	136.661
554.306	138.33100000000002
554.519	138.751
554.732	133.311
554.944	131.771
555.157	130.33100000000002
555.37	129.421
555.583	131.621
555.795	131.701
556.008	128.041
556.221	126.641
556.433	126.27100000000002
556.646	126.871
556.859	125.621
557.071	126.371
557.284	125.881
557.496	123.401
557.709	123.28099999999999
557.921	124.331
558.134	125.371
558.346	123.661
558.559	124.331
558.771	122.381
558.984	122.221
559.196	123.371
559.409	122.831
559.621	121.371
559.833	122.321
560.046	122.751
560.258	127.821
560.47	132.321
560.683	125.451
560.895	123.69099999999999
561.107	121.891
561.32	120.84100000000001
561.532	122.02100000000002
561.744	123.331
561.956	124.311
562.168	123.411
562.381	122.901
562.593	123.571
562.805	125.711
563.017	123.811
563.229	123.301
563.441	123.651
563.653	121.981
563.865	122.451
564.077	122.02100000000002
564.289	124.28099999999999
564.501	124.041
564.713	126.491
564.925	130.221
565.137	139.511
565.349	130.621
565.561	128.481
565.773	130.301
565.985	129.661
566.197	132.101
566.408	134.781
566.62	139.151
566.832	141.021
567.044	141.801
567.255	142.83100000000002
567.467	143.701
567.679	147.471
567.891	151.971
568.102	150.351
568.314	147.191
568.526	142.281
568.737	139.601
568.949	133.541
569.161	129.521
569.372	125.69099999999999
569.584	127.35100000000001
569.795	130.221
570.007	148.431
570.218	266.80100000000004
570.43	163.811
570.641	126.10100000000001
570.853	122.03099999999999
571.064	120.631
571.276	119.52100000000002
571.487	120.35100000000001
571.698	121.121
571.91	118.69099999999999
572.121	117.52100000000002
572.333	118.09100000000001
572.544	116.831
572.755	116.001
572.966	115.211
573.178	115.671
573.389	119.231
573.6	114.811
573.811	115.811
574.023	114.701
574.234	114.911
574.445	114.631
574.656	114.44099999999999
574.867	113.651
575.078	115.291
575.289	114.451
575.501	116.041
575.712	113.34100000000001
575.923	112.36099999999999
576.134	113.35100000000001
576.345	113.231
576.556	114.471
576.767	114.201
576.978	115.461
577.188	115.741
577.399	116.28099999999999
577.61	115.59100000000001
577.821	121.331
578.032	137.031
578.243	279.55100000000004
578.454	738.381
578.665	226.711
578.875	124.311
579.086	113.711
579.297	111.911
579.508	112.171
579.718	112.85100000000001
579.929	112.881
580.14	109.971
580.35	110.131
580.561	109.251
580.772	109.44099999999999
580.982	109.071
581.193	108.471
581.403	109.041
581.614	107.541
581.825	109.241
582.035	108.78099999999999
582.246	109.311
582.456	107.711
582.667	107.43100000000001
582.877	109.951
583.087	107.371
583.298	110.171
583.508	109.53099999999999
583.719	108.501
583.929	110.971
584.139	108.081
584.35	107.061
584.56	110.94099999999999
584.77	108.161
584.981	106.471
585.191	106.791
585.401	108.02100000000002
585.611	107.641
585.821	109.61099999999999
586.032	110.11099999999999
586.242	106.86099999999999
586.452	109.081
586.662	107.821
586.872	107.671
587.082	106.881
587.292	107.071
587.502	106.03099999999999
587.713	106.171
587.923	108.201
588.133	107.84100000000001
588.343	108.251
588.553	107.951
588.762	114.26100000000001
588.972	128.311
589.182	236.121
589.392	155.101
589.602	129.491
589.812	185.83100000000002
590.022	127.071
590.232	108.86099999999999
590.441	107.141
590.651	107.301
590.861	106.701
591.071	108.36099999999999
591.281	109.19099999999999
591.49	106.471
591.7	107.701
591.91	110.76100000000001
592.119	109.311
592.329	112.651
592.539	117.59100000000001
592.748	112.84100000000001
592.958	113.28099999999999
593.167	110.661
593.377	112.541
593.587	117.661
593.796	111.981
594.006	111.871
594.215	112.52100000000002
594.424	110.621
594.634	112.811
594.843	111.571
595.053	109.43100000000001
595.262	110.471
595.472	109.551
595.681	108.081
595.89	106.951
596.1	107.621
596.309	107.671
596.518	106.53099999999999
596.727	108.631
596.937	105.911
597.146	104.451
597.355	105.78099999999999
597.564	103.77100000000002
597.774	105.69099999999999
597.983	102.03099999999999
598.192	103.391
598.401	103.77100000000002
598.61	103.141
598.819	103.151
599.028	103.161
599.237	103.411
599.446	103.821
599.655	104.081
599.864	105.221
600.073	102.981
600.282	104.10100000000001
600.491	102.501
600.7	103.831
600.909	102.93100000000001
601.118	105.02100000000002
601.327	106.481
601.536	103.35100000000001
601.745	104.121
601.953	105.18100000000001
602.162	104.34100000000001
602.371	104.36099999999999
602.58	101.891
602.789	103.221
602.997	102.301
603.206	102.28099999999999
603.415	102.36099999999999
603.623	100.69099999999999
603.832	102.301
604.041	102.901
604.249	99.801
604.458	101.131
604.666	100.541
604.875	99.821
605.084	101.741
605.292	101.03099999999999
605.501	101.231
605.709	100.86099999999999
605.918	101.981
606.126	101.78099999999999
606.334	101.581
606.543	102.291
606.751	104.59100000000001
606.96	101.151
607.168	102.741
607.376	102.061
607.585	101.451
607.793	101.821
608.001	101.081
608.21	99.641
608.418	100.721
608.626	101.291
608.834	101.421
609.043	100.211
609.251	100.231
609.459	101.201
609.667	102.161
609.875	100.881
610.083	101.18100000000001
610.291	100.481
610.499	102.69099999999999
610.707	100.301
610.916	101.491
611.124	102.35100000000001
611.332	100.641
611.54	101.251
611.748	100.331
611.955	99.131
612.163	99.94099999999999
612.371	99.391
612.579	98.501
612.787	99.671
612.995	101.331
613.203	104.141
613.411	99.951
613.618	99.19099999999999
613.826	99.221
614.034	100.061
614.242	100.481
614.449	100.131
614.657	100.77100000000002
614.865	100.391
615.072	101.02100000000002
615.28	100.94099999999999
615.488	101.76100000000001
615.695	103.11099999999999
615.903	105.34100000000001
616.111	109.571
616.318	111.28099999999999
616.526	105.751
616.733	105.121
616.941	101.93100000000001
617.148	102.331
617.356	99.93100000000001
617.563	100.211
617.771	100.391
617.978	97.60100000000001
618.185	100.77100000000002
618.393	98.991
618.6	99.311
618.807	100.27100000000002
619.015	98.971
619.222	97.791
619.429	97.94099999999999
619.637	99.081
619.844	99.18100000000001
620.051	98.501
620.258	98.381
620.466	97.631
620.673	96.981
620.88	96.661
621.087	97.621
621.294	98.61099999999999
621.501	97.35100000000001
621.708	98.43100000000001
621.915	98.36099999999999
622.122	97.701
622.329	97.951
622.536	97.981
622.743	96.701
622.95	96.331
623.157	96.60100000000001
623.364	95.821
623.571	96.741
623.778	98.28099999999999
623.985	99.071
624.192	97.53099999999999
624.399	97.241
624.606	96.571
624.812	97.561
625.019	94.061
625.226	95.371
625.433	98.34100000000001
625.639	97.561
625.846	94.651
626.053	95.381
626.259	95.481
626.466	96.18100000000001
626.673	95.481
626.879	94.901
627.086	96.961
627.293	97.421
627.499	95.061
627.706	94.94099999999999
627.912	94.671
628.119	94.201
628.325	96.561
628.532	95.09100000000001
628.738	94.69099999999999
628.945	92.541
629.151	96.581
629.357	94.381
629.564	94.311
629.77	93.541
629.976	93.561
630.183	93.981
630.389	94.751
630.595	93.961
630.802	93.311
631.008	94.68100000000001
631.214	93.61099999999999
631.42	94.491
631.627	96.61099999999999
631.833	92.821
632.039	92.211
632.245	93.391
632.451	94.721
632.657	93.631
632.863	93.94099999999999
633.069	93.371
633.275	95.301
633.481	92.731
633.688	93.071
633.893	96.27099999999999
634.099	92.35100000000001
634.305	92.53099999999999
634.511	93.43100000000001
634.717	93.69099999999999
634.923	92.53099999999999
635.129	92.211
635.335	92.61099999999999
635.541	93.081
635.747	95.59100000000001
635.952	95.94099999999999
636.158	106.85100000000001
636.364	181.33100000000002
636.57	156.77100000000002
636.775	105.34100000000001
636.981	97.171
637.187	95.78099999999999
637.392	93.84100000000001
637.598	93.411
637.804	94.331
638.009	93.701
638.215	94.501
638.421	92.641
638.626	92.241
638.832	92.621
639.037	92.871
639.243	92.53099999999999
639.448	91.461
639.654	93.981
639.859	90.911
640.065	92.641
640.27	95.951
640.475	93.211
640.681	90.951
640.886	91.561
641.091	92.02099999999999
641.297	95.02099999999999
641.502	93.661
641.707	96.491
641.913	94.26100000000001
642.118	91.76100000000001
642.323	91.411
642.528	93.52099999999999
642.733	92.76100000000001
642.939	93.481
643.144	92.61099999999999
643.349	93.581
643.554	93.231
643.759	92.52099999999999
643.964	91.051
644.169	93.03099999999999
644.374	91.93100000000001
644.579	92.061
644.784	92.291
644.989	91.561
645.194	91.141
645.399	91.84100000000001
645.604	92.69099999999999
645.809	93.61099999999999
646.014	92.911
646.219	92.561
646.423	89.371
646.628	91.69099999999999
646.833	91.53099999999999
647.038	94.951
647.243	93.991
647.447	91.471
647.652	93.36099999999999
647.857	91.121
648.062	93.641
648.266	94.071
648.471	96.84100000000001
648.676	100.901
648.88	99.451
649.085	99.19099999999999
649.289	95.871
649.494	109.241
649.698	143.491
649.903	106.141
650.107	96.09100000000001
650.312	94.85100000000001
650.516	90.77099999999999
650.721	91.211
650.925	89.571
651.13	88.141
651.334	87.59100000000001
651.539	88.671
651.743	88.491
651.947	89.141
652.152	90.28099999999999
652.356	91.11099999999999
652.56	89.581
652.764	87.381
652.969	88.201
653.173	85.821
653.377	87.951
653.581	88.721
653.785	88.76100000000001
653.99	89.811
654.194	86.721
654.398	87.221
654.602	87.621
654.806	92.35099999999998
655.01	106.69099999999999
655.214	94.27099999999999
655.418	90.051
655.622	88.211
655.826	88.581
656.03	89.731
656.234	93.741
656.438	97.971
656.642	98.11099999999999
656.846	93.751
657.049	88.68100000000001
657.253	90.371
657.457	87.331
657.661	86.51100000000001
657.865	86.94099999999999
658.068	84.821
658.272	84.731
658.476	84.551
658.68	85.411
658.883	84.28099999999999
659.087	82.971
659.291	82.411
659.494	84.961
659.698	84.411
659.901	84.871
660.105	81.051
660.309	82.60099999999998
660.512	83.151
660.716	85.241
660.919	82.711
661.123	85.491
661.326	82.981
661.53	84.161
661.733	83.86099999999999
661.936	83.35099999999998
662.14	81.84100000000001
662.343	83.121
662.546	82.701
662.75	82.401
662.953	82.69099999999999
663.156	82.561
663.36	82.51100000000001
663.563	83.411
663.766	80.191
663.969	82.68100000000001
664.173	83.19099999999999
664.376	83.151
664.579	81.43100000000001
664.782	80.981
664.985	81.621
665.188	81.321
665.391	83.18100000000001
665.594	80.621
665.797	81.291
666.0	81.981
666.203	80.861
666.406	81.991
666.609	81.391
666.812	82.751
667.015	81.951
667.218	82.801
667.421	81.641
667.624	80.141
667.827	82.621
668.03	80.221
668.232	80.611
668.435	81.85099999999998
668.638	82.18100000000001
668.841	83.641
669.043	82.721
669.246	81.971
669.449	81.301
669.651	81.44099999999999
669.854	81.401
670.057	80.971
670.259	80.461
670.462	81.59100000000001
670.665	80.721
670.867	82.311
671.07	83.161
671.272	83.001
671.475	83.94099999999999
671.677	81.94099999999999
671.88	81.68100000000001
672.082	81.491
672.284	82.061
672.487	81.94099999999999
672.689	80.821
672.892	80.431
