223.165	-17.2263
223.4	-17.2263
223.635	-17.2263
223.869	-18.4563
224.104	-18.6463
224.338	-16.3363
224.573	-15.6363
224.808	-14.0163
225.042	-7.7463
225.277	-5.8363000000000005
225.511	-1.9163000000000001
225.746	4.4637
225.98	7.8736999999999995
226.215	11.9337
226.449	15.3637
226.683	20.5137
226.918	25.9437
227.152	29.723699999999997
227.387	35.8737
227.621	38.673700000000004
227.856	44.1837
228.09	45.4937
228.324	50.4637
228.559	56.2137
228.793	62.1237
229.027	74.5137
229.262	79.1037
229.496	89.4237
229.73	107.70370000000001
229.964	107.9737
230.199	89.6537
230.433	88.30369999999999
230.667	89.5737
230.901	89.2637
231.136	89.0937
231.37	91.12370000000001
231.604	91.6037
231.838	92.30369999999999
232.072	93.1637
232.306	93.30369999999999
232.541	92.2737
232.775	92.20370000000001
233.009	94.1037
233.243	92.6937
233.477	93.2437
233.711	94.37370000000001
233.945	93.2337
234.179	92.7537
234.413	93.2537
234.647	93.87370000000001
234.881	92.63369999999999
235.115	91.3537
235.349	92.2437
235.583	93.88369999999999
235.817	95.4237
236.051	94.3337
236.285	92.61370000000001
236.519	95.20370000000001
236.753	98.6537
236.987	106.2337
237.221	122.6037
237.455	127.79369999999999
237.689	102.0837
237.922	96.20370000000001
238.156	96.6037
238.39	93.4037
238.624	91.6937
238.858	94.21369999999999
239.091	93.0837
239.325	96.37370000000001
239.559	99.8237
239.793	99.37370000000001
240.027	99.6437
240.26	104.8337
240.494	106.11370000000001
240.728	103.3137
240.961	102.6037
241.195	101.4137
241.429	98.9737
241.662	96.5937
241.896	97.9037
242.13	96.28370000000001
242.363	98.2437
242.597	98.54369999999999
242.83	101.03370000000001
243.064	100.13369999999999
243.298	101.36370000000001
243.531	100.6937
243.765	101.7637
243.998	103.7737
244.232	105.6037
244.465	110.36370000000001
244.699	107.1037
244.932	103.5637
245.166	103.36370000000001
245.399	104.5637
245.633	105.0837
245.866	105.46369999999999
246.099	104.4437
246.333	105.6037
246.566	105.61370000000001
246.8	105.7637
247.033	109.2537
247.266	108.79369999999999
247.5	109.45370000000001
247.733	112.5237
247.966	113.7437
248.2	115.0037
248.433	114.6737
248.666	114.6037
248.899	120.2437
249.133	127.6537
249.366	140.18370000000002
249.599	138.68370000000002
249.832	121.5237
250.066	126.4337
250.299	138.1937
250.532	156.4837
250.765	152.4837
250.998	142.7237
251.231	135.2937
251.465	128.2837
251.698	125.2237
251.931	122.62370000000001
252.164	123.46369999999999
252.397	120.8137
252.63	124.5137
252.863	125.21369999999999
253.096	130.9937
253.329	129.1537
253.562	126.45370000000001
253.795	127.8137
254.028	125.8237
254.261	129.4637
254.494	135.4437
254.727	148.1537
254.96	147.3537
255.193	140.7537
255.426	140.9137
255.659	151.3637
255.892	186.9637
256.124	218.2337
256.357	192.7937
256.59	161.4537
256.823	146.31369999999998
257.056	140.7537
257.289	138.8337
257.521	135.1037
257.754	133.0137
257.987	132.9637
258.22	133.6637
258.452	133.8537
258.685	133.27370000000002
258.918	130.0937
259.151	131.4537
259.383	133.1637
259.616	132.6937
259.849	134.6937
260.081	140.0437
260.314	145.1237
260.547	142.0937
260.779	139.6937
261.012	143.8737
261.244	141.27370000000002
261.477	140.31369999999998
261.71	144.0037
261.942	163.19369999999998
262.175	171.8337
262.407	139.6437
262.64	131.8737
262.872	133.0737
263.105	131.4737
263.337	134.4537
263.57	131.8037
263.802	133.93370000000002
264.035	133.7437
264.267	129.5437
264.499	129.8437
264.732	134.06369999999998
264.964	130.9637
265.197	132.9637
265.429	134.9837
265.661	133.9837
265.894	133.7937
266.126	136.1237
266.358	133.9637
266.591	135.1737
266.823	138.0737
267.055	137.7637
267.287	138.3437
267.52	134.2637
267.752	138.5737
267.984	139.4637
268.216	137.7037
268.448	141.2937
268.681	142.6637
268.913	145.6537
269.145	150.8637
269.377	153.0537
269.609	147.7037
269.841	148.1437
270.073	153.8237
270.306	160.7237
270.538	164.9537
270.77	157.7537
271.002	155.4437
271.234	155.6737
271.466	163.9537
271.698	165.2337
271.93	160.8537
272.162	163.69369999999998
272.394	164.6337
272.626	156.18370000000002
272.858	152.52370000000002
273.09	151.2937
273.322	151.0337
273.553	149.0037
273.785	149.9637
274.017	150.6437
274.249	152.2237
274.481	152.9137
274.713	151.31369999999998
274.945	156.3237
275.176	156.8337
275.408	160.5737
275.64	162.1737
275.872	167.9637
276.104	163.27370000000002
276.335	164.1137
276.567	176.8237
276.799	197.8837
277.031	209.4737
277.262	219.8137
277.494	196.7237
277.726	171.6637
277.957	165.60369999999998
278.189	162.49370000000002
278.421	161.3037
278.652	161.1037
278.884	160.4237
279.115	159.2837
279.347	161.9237
279.579	165.78369999999998
279.81	177.6137
280.042	203.02370000000002
280.273	233.62369999999999
280.505	200.5737
280.736	173.3337
280.968	166.5537
281.199	164.9837
281.431	163.7937
281.662	161.8937
281.894	165.4237
282.125	175.68370000000002
282.356	198.8237
282.588	225.85369999999998
282.819	196.1337
283.051	166.8137
283.282	161.8437
283.513	164.8837
283.745	164.43370000000002
283.976	164.4137
284.207	164.7337
284.439	165.18370000000002
284.67	164.53369999999998
284.901	164.76369999999997
285.132	162.9237
285.364	164.5537
285.595	165.85369999999998
285.826	164.35369999999998
286.057	168.35369999999998
286.288	165.5837
286.52	166.0637
286.751	165.68370000000002
286.982	166.52370000000002
287.213	167.24370000000002
287.444	168.7137
287.675	172.0537
287.906	174.27370000000002
288.138	176.2937
288.369	179.1637
288.6	178.3937
288.831	170.69369999999998
289.062	172.9237
289.293	172.2537
289.524	169.5037
289.755	170.9537
289.986	168.5537
290.217	169.26369999999997
290.448	171.0637
290.679	170.4137
290.91	171.8337
291.141	169.78369999999998
291.371	172.3937
291.602	170.8037
291.833	168.77370000000002
292.064	171.3237
292.295	169.6137
292.526	172.15370000000001
292.757	171.53369999999998
292.987	170.2937
293.218	169.3337
293.449	172.76369999999997
293.68	170.8837
293.91	172.03369999999998
294.141	171.8837
294.372	170.1337
294.603	171.26369999999997
294.833	173.01369999999997
295.064	172.0437
295.295	173.26369999999997
295.525	174.03369999999998
295.756	185.3937
295.987	201.1437
296.217	229.8337
296.448	217.68370000000002
296.679	180.60369999999998
296.909	177.4237
297.14	175.5537
297.37	177.76369999999997
297.601	176.77370000000002
297.831	176.24370000000002
298.062	179.5537
298.292	179.18370000000002
298.523	181.65370000000001
298.753	178.4537
298.984	178.3137
299.214	179.6337
299.445	182.37369999999999
299.675	183.01369999999997
299.905	188.43370000000002
300.136	183.35369999999998
300.366	181.3637
300.597	185.2337
300.827	187.5837
301.057	196.65370000000001
301.288	201.6137
301.518	193.62369999999999
301.748	190.5837
301.979	202.0037
302.209	194.9637
302.439	192.7337
302.669	188.40370000000001
302.9	187.76369999999997
303.13	190.2237
303.36	197.2937
303.59	209.37369999999999
303.82	218.2037
304.051	197.87369999999999
304.281	188.9737
304.511	186.51369999999997
304.741	184.8637
304.971	184.40370000000001
305.201	184.94369999999998
305.431	185.9237
305.661	186.3137
305.891	186.65370000000001
306.121	191.3337
306.352	199.3337
306.582	202.2937
306.812	195.49370000000002
307.042	199.6137
307.272	218.24370000000002
307.502	229.3837
307.731	226.5037
307.961	203.3137
308.191	190.7537
308.421	189.62369999999999
308.651	189.26369999999997
308.881	190.35369999999998
309.111	191.7337
309.341	193.9837
309.571	199.5537
309.8	199.87369999999999
310.03	204.1137
310.26	203.35369999999998
310.49	201.3237
310.72	209.8637
310.949	219.3637
311.179	215.0937
311.409	203.1737
311.639	202.27370000000002
311.868	204.4237
312.098	204.0037
312.328	209.2237
312.557	219.5637
312.787	226.44369999999998
313.017	217.9837
313.246	206.9737
313.476	201.5437
313.706	204.24370000000002
313.935	209.0837
314.165	216.12369999999999
314.394	219.5937
314.624	213.74370000000002
314.853	210.1337
315.083	205.8837
315.312	201.37369999999999
315.542	200.7537
315.771	202.0437
316.001	199.8437
316.23	199.3837
316.46	197.99370000000002
316.689	200.9837
316.919	204.15370000000001
317.148	210.0937
317.377	206.90370000000001
317.607	206.8837
317.836	204.6337
318.065	201.3037
318.295	199.6737
318.524	200.3137
318.753	201.5737
318.983	203.4237
319.212	208.3637
319.441	218.4137
319.67	218.6337
319.9	205.4637
320.129	202.6337
320.358	204.8437
320.587	207.2037
320.816	213.3137
321.046	216.0837
321.275	212.78369999999998
321.504	209.6137
321.733	211.5437
321.962	214.4537
322.191	221.15370000000001
322.42	227.9537
322.649	236.68370000000002
322.878	239.8937
323.108	248.51370000000003
323.337	264.9737
323.566	277.5037
323.795	310.0337
324.024	380.4137
324.253	629.3537
324.482	1205.3936999999999
324.71	2277.7437
324.939	2896.7237000000005
325.168	1270.9337
325.397	453.1637
325.626	313.5237
325.855	280.6137
326.084	273.9637
326.313	284.38370000000003
326.542	311.26370000000003
326.77	410.5937
326.999	692.5437000000001
327.228	1306.6737
327.457	2269.5937
327.686	1884.4137
327.914	690.4337
328.143	552.6937
328.372	596.5437
328.6	428.9137
328.829	329.1237
329.058	334.8737
329.287	345.1937
329.515	327.0537
329.744	372.8637
329.972	512.4037
330.201	791.8937
330.43	1027.0037
330.658	608.0537
330.887	420.93370000000004
331.115	340.4437
331.344	282.9537
331.572	275.13370000000003
331.801	279.89369999999997
332.03	277.1737
332.258	269.4837
332.486	265.8037
332.715	271.4037
332.943	278.3437
333.172	292.2137
333.4	309.0437
333.629	341.1737
333.857	400.38370000000003
334.085	534.2937
334.314	817.5837
334.542	1257.0337
334.771	1204.8037
334.999	514.3537
335.227	340.3637
335.455	296.7437
335.684	281.6937
335.912	271.3337
336.14	264.9937
336.369	262.7037
336.597	263.63370000000003
336.825	256.4937
337.053	246.0537
337.281	243.2037
337.51	239.33370000000002
337.738	240.2537
337.966	239.40370000000001
338.194	241.78369999999998
338.422	239.42370000000003
338.65	232.35370000000003
338.878	230.3837
339.106	228.15370000000001
339.334	229.2137
339.562	225.1337
339.79	224.2337
340.018	225.2237
340.246	225.4737
340.474	226.52370000000002
340.702	225.03369999999998
340.93	223.7137
341.158	225.5937
341.386	228.6337
341.614	229.9537
341.842	227.01370000000003
342.07	221.2537
342.298	221.26370000000003
342.526	218.76370000000003
342.754	215.8437
342.981	217.08370000000002
343.209	219.26370000000003
343.437	234.7137
343.665	234.5037
343.893	240.01370000000003
344.12	245.4537
344.348	235.03369999999998
344.576	229.74370000000002
344.804	233.0537
345.031	235.87369999999999
345.259	235.27370000000002
345.487	228.02370000000002
345.714	222.7337
345.942	218.26370000000003
346.17	215.5937
346.397	215.3237
346.625	216.3937
346.853	214.26370000000003
347.08	212.8037
347.308	220.0737
347.535	225.2137
347.763	228.19369999999998
347.99	224.90370000000001
348.218	229.2237
348.445	234.4837
348.673	227.0637
348.9	219.87369999999999
349.128	218.02370000000002
349.355	210.8637
349.583	212.2937
349.81	212.4837
350.037	213.3837
350.265	213.76369999999997
350.492	213.43370000000002
350.72	213.93370000000002
350.947	219.9837
351.174	232.4537
351.402	233.85370000000003
351.629	225.0437
351.856	223.77370000000002
352.083	229.3037
352.311	231.93370000000002
352.538	236.9637
352.765	233.33370000000002
352.992	236.19369999999998
353.22	231.65370000000001
353.447	224.78369999999998
353.674	219.9737
353.901	213.77370000000002
354.128	213.12369999999999
354.355	211.77370000000002
354.583	214.9637
354.81	213.19369999999998
355.037	212.7037
355.264	208.77370000000002
355.491	209.5937
355.718	207.3137
355.945	209.3137
356.172	208.51369999999997
356.399	209.15370000000001
356.626	209.7237
356.853	207.5437
357.08	206.94369999999998
357.307	207.74370000000002
357.534	205.0637
357.761	207.8037
357.988	211.2137
358.215	212.6437
358.441	212.74370000000002
358.668	211.4537
358.895	211.3237
359.122	208.9637
359.349	212.5437
359.576	219.93370000000002
359.802	232.5537
360.029	254.67370000000003
360.256	250.8237
360.483	232.83370000000002
360.709	214.3937
360.936	217.76370000000003
361.163	218.62369999999999
361.39	220.2537
361.616	219.78369999999998
361.843	214.42370000000003
362.07	219.15370000000001
362.296	221.6437
362.523	215.17370000000003
362.749	217.37369999999999
362.976	214.1137
363.203	211.8137
363.429	211.7937
363.656	210.1737
363.882	209.1637
364.109	209.7237
364.335	212.85369999999998
364.562	210.8637
364.788	211.0937
365.015	215.7037
365.241	217.9737
365.468	226.7237
365.694	225.85369999999998
365.92	219.0737
366.147	212.6437
366.373	210.6137
366.599	208.0937
366.826	207.4237
367.052	206.1637
367.278	211.37369999999999
367.505	210.02370000000002
367.731	213.6737
367.957	212.7237
368.184	212.5637
368.41	221.2937
368.636	233.40370000000001
368.862	240.2237
369.089	229.0037
369.315	216.10370000000003
369.541	215.5437
369.767	212.6437
369.993	215.1337
370.219	214.1437
370.445	210.69369999999998
370.672	211.3237
370.898	212.2537
371.124	213.5437
371.35	215.2137
371.576	213.1137
371.802	212.8037
372.028	212.83370000000002
372.254	214.7237
372.48	214.4837
372.706	214.4137
372.932	216.8637
373.158	215.44369999999998
373.384	218.3037
373.61	218.15370000000001
373.835	216.7537
374.061	216.49370000000002
374.287	221.9737
374.513	222.3837
374.739	224.5637
374.965	227.0937
375.191	225.5437
375.416	225.67370000000003
375.642	220.19369999999998
375.868	221.94369999999998
376.094	219.02370000000002
376.319	216.51370000000003
376.545	216.9137
376.771	216.0737
376.997	217.10370000000003
377.222	217.2337
377.448	216.3237
377.674	215.78369999999998
377.899	214.7537
378.125	215.49370000000002
378.35	215.10370000000003
378.576	212.7937
378.802	213.7537
379.027	215.58370000000002
379.253	218.1137
379.478	215.99370000000002
379.704	217.9737
379.929	221.0537
380.155	221.8237
380.38	220.3837
380.606	222.5637
380.831	221.2937
381.057	226.5537
381.282	224.3037
381.507	223.7537
381.733	225.8637
381.958	226.28369999999998
382.184	230.5437
382.409	231.67370000000003
382.634	235.5937
382.86	233.90370000000001
383.085	236.5637
383.31	239.40370000000001
383.535	239.7137
383.761	242.4137
383.986	240.8837
384.211	244.53369999999998
384.436	247.4837
384.662	252.19369999999998
384.887	258.0337
385.112	259.0537
385.337	260.0937
385.562	260.89369999999997
385.787	260.8337
386.013	269.3737
386.238	276.6737
386.463	265.7237
386.688	266.2437
386.913	259.1737
387.138	261.9637
387.363	258.4537
387.588	250.7237
387.813	252.9737
388.038	260.1637
388.263	269.5337
388.488	266.31370000000004
388.713	247.0037
388.938	240.99370000000002
389.163	242.4137
389.387	240.0637
389.612	236.8437
389.837	238.28369999999998
390.062	238.0037
390.287	238.78369999999998
390.512	236.8637
390.736	238.78369999999998
390.961	242.7537
391.186	244.2137
391.411	250.1637
391.636	252.9537
391.86	252.9537
392.085	254.33370000000002
392.31	249.74370000000002
392.534	247.2237
392.759	243.1337
392.984	243.44369999999998
393.208	242.8937
393.433	243.52370000000002
393.658	241.93370000000002
393.882	240.7537
394.107	242.27370000000002
394.331	244.12369999999999
394.556	244.3137
394.78	247.5937
395.005	248.44369999999998
395.229	247.3137
395.454	254.03369999999998
395.678	256.4037
395.903	256.6637
396.127	261.31370000000004
396.352	254.27370000000002
396.576	245.8037
396.801	245.0437
397.025	246.85370000000003
397.249	251.27370000000002
397.474	255.9637
397.698	256.1137
397.922	261.6537
398.147	263.76370000000003
398.371	263.31370000000004
398.595	270.6037
398.82	278.13370000000003
399.044	292.76370000000003
399.268	314.2137
399.492	345.4137
399.717	365.3937
399.941	360.2137
400.165	347.8037
400.389	324.4437
400.613	299.1637
400.837	284.88370000000003
401.062	281.81370000000004
401.286	279.0037
401.51	278.63370000000003
401.734	281.4137
401.958	293.4037
402.182	319.0337
402.406	357.0937
402.63	321.6537
402.854	300.89369999999997
403.078	295.2137
403.302	297.3637
403.526	300.6137
403.75	303.7937
403.974	305.1237
404.198	307.9137
404.422	311.8737
404.645	317.4237
404.869	327.7437
405.093	355.0537
405.317	387.6837
405.541	379.08369999999996
405.765	341.4537
405.988	340.65369999999996
406.212	394.4437
406.436	457.31370000000004
406.66	385.5537
406.883	334.97369999999995
407.107	339.0537
407.331	357.40369999999996
407.555	374.3537
407.778	360.3937
408.002	333.2037
408.226	320.5037
408.449	315.4437
408.673	314.38370000000003
408.896	323.5237
409.12	329.0937
409.344	309.9837
409.567	298.0437
409.791	301.1237
410.014	298.0837
410.238	296.76370000000003
410.461	298.26370000000003
410.685	299.2937
410.908	304.01370000000003
411.132	319.01370000000003
411.355	316.1237
411.578	298.5537
411.802	291.01370000000003
412.025	300.5237
412.249	321.1237
412.472	346.2737
412.695	381.2837
412.919	341.4837
413.142	316.5737
413.365	303.2237
413.589	294.9837
413.812	286.9437
414.035	285.06370000000004
414.258	286.1637
414.482	284.5937
414.705	283.26370000000003
414.928	280.9937
415.151	280.9137
415.374	282.0837
415.597	278.1237
415.821	276.9437
416.044	279.51370000000003
416.267	277.8037
416.49	273.9037
416.713	271.9037
416.936	275.7237
417.159	275.2737
417.382	283.89369999999997
417.605	290.9337
417.828	298.7237
418.051	292.1637
418.274	281.89369999999997
418.497	277.3237
418.72	279.7537
418.943	281.3337
419.166	293.0237
419.389	303.8037
419.611	307.1837
419.834	304.6237
420.057	311.4837
420.28	319.0937
420.503	313.01370000000003
420.726	301.4637
420.948	302.7237
421.171	315.1537
421.394	305.3037
421.617	287.6837
421.839	282.9037
422.062	284.2537
422.285	290.8337
422.507	316.8637
422.73	338.2737
422.953	307.2237
423.175	292.9737
423.398	292.6037
423.621	294.2037
423.843	297.8037
424.066	294.7037
424.288	293.2937
424.511	304.7037
424.733	324.8537
424.956	346.0237
425.178	324.9837
425.401	330.3937
425.623	328.33369999999996
425.846	288.76370000000003
426.068	287.0437
426.291	283.81370000000004
426.513	282.9537
426.735	287.4237
426.958	305.1137
427.18	344.3037
427.402	419.3537
427.625	478.5137
427.847	442.13370000000003
428.069	426.2737
428.292	318.5837
428.514	278.0537
428.736	265.5837
428.958	262.88370000000003
429.181	258.4937
429.403	255.42370000000003
429.625	264.7137
429.847	278.0437
430.069	304.31370000000004
430.292	281.4537
430.514	256.6237
430.736	256.9137
430.958	254.2937
431.18	250.17370000000003
431.402	251.5037
431.624	249.17370000000003
431.846	250.8837
432.068	251.18370000000002
432.29	254.4837
432.512	254.93370000000002
432.734	258.0737
432.956	258.4837
433.178	267.9737
433.4	268.9537
433.622	258.5337
433.844	259.3537
434.066	260.4637
434.287	259.9437
434.509	267.7437
434.731	272.1237
434.953	275.3437
435.175	277.76370000000003
435.397	284.8337
435.618	283.0337
435.84	307.7237
436.062	357.6137
436.284	345.4637
436.505	293.2437
436.727	281.7437
436.949	265.81370000000004
437.17	256.7837
437.392	255.33370000000002
437.614	263.88370000000003
437.835	294.0237
438.057	337.9237
438.278	350.83369999999996
438.5	337.2137
438.721	383.0437
438.943	322.7737
439.165	274.9037
439.386	270.2137
439.608	274.1237
439.829	287.9537
440.05	328.50370000000004
440.272	365.47369999999995
440.493	290.56370000000004
440.715	267.6937
440.936	264.2737
441.158	266.8637
441.379	269.9137
441.6	283.6737
441.822	293.6537
442.043	308.3737
442.264	342.1137
442.486	329.4137
442.707	293.4037
442.928	304.2837
443.149	341.5337
443.371	350.2437
443.592	338.3437
443.813	371.4837
444.034	362.5237
444.255	310.3737
444.476	299.7537
444.698	304.4337
444.919	308.2737
445.14	339.33369999999996
445.361	332.75370000000004
445.582	337.18370000000004
445.803	391.7037
446.024	409.8737
446.245	391.3937
446.466	333.5337
446.687	276.9637
446.908	264.9937
447.129	258.01370000000003
447.35	253.4137
447.571	255.62369999999999
447.792	253.8137
448.013	262.9037
448.234	276.4137
448.455	291.4237
448.675	343.4837
448.896	363.2937
449.117	296.8337
449.338	307.4737
449.559	376.50370000000004
449.779	386.3437
450.0	281.9237
450.221	254.4537
450.442	249.5037
450.662	254.43370000000002
450.883	269.3437
451.104	279.2337
451.324	257.1137
451.545	244.3837
451.766	237.6337
451.986	235.24370000000002
452.207	236.7937
452.428	238.8437
452.648	246.52370000000002
452.869	259.0737
453.089	263.6937
453.31	270.6837
453.53	243.18370000000002
453.751	238.60370000000003
453.971	249.7337
454.192	263.9137
454.412	239.60370000000003
454.633	231.0037
454.853	228.44369999999998
455.073	229.77370000000002
455.294	247.5037
455.514	273.7537
455.734	246.9837
455.955	226.7037
456.175	222.6637
456.395	221.10370000000003
456.616	218.53369999999998
456.836	221.2537
457.056	219.9837
457.276	219.3837
457.497	224.02370000000002
457.717	223.26370000000003
457.937	227.33370000000002
458.157	230.4137
458.377	236.62369999999999
458.598	263.6537
458.818	335.1437
459.038	376.8637
459.258	318.5337
459.478	265.5837
459.698	257.0937
459.918	259.6237
460.138	262.9537
460.358	266.3737
460.578	271.2837
460.798	274.8037
461.018	273.9037
461.238	267.7237
461.458	266.0437
461.678	267.3537
461.898	269.7237
462.118	272.6037
462.338	280.2737
462.558	286.0337
462.777	292.6237
462.997	311.9237
463.217	330.00370000000004
463.437	317.8037
463.657	299.7237
463.876	297.4637
464.096	298.06370000000004
464.316	301.1037
464.536	306.1737
464.755	298.4937
464.975	307.5437
465.195	384.40369999999996
465.414	386.5537
465.634	282.5837
465.854	262.4737
466.073	256.2737
466.293	248.3937
466.512	245.52370000000002
466.732	239.58370000000002
466.951	242.8137
467.171	247.3037
467.391	256.1137
467.61	274.9937
467.829	304.26370000000003
468.049	466.6237
468.268	601.7837000000001
468.488	314.4737
468.707	254.3937
468.927	243.3237
469.146	240.53369999999998
469.365	240.6637
469.585	242.5937
469.804	255.2237
470.023	262.6537
470.243	255.3237
470.462	267.39369999999997
470.681	285.8437
470.901	261.0337
471.12	252.7237
471.339	256.3437
471.558	260.8237
471.777	278.0937
471.997	352.8537
472.216	755.1637
472.435	1467.9137
472.654	560.3037
472.873	314.4437
473.092	270.1937
473.311	259.6537
473.53	252.2037
473.749	254.7537
473.968	274.26370000000003
474.187	317.4537
474.406	291.3737
474.625	250.77370000000002
474.844	242.4137
475.063	239.5737
475.282	241.3137
475.501	242.0637
475.72	242.65370000000001
475.939	241.90370000000001
476.158	243.19369999999998
476.377	243.6337
476.596	245.01370000000003
476.814	253.33370000000002
477.033	258.2837
477.252	254.69369999999998
477.471	256.2437
477.69	259.2737
477.908	262.7537
478.127	267.51370000000003
478.346	267.89369999999997
478.564	275.4137
478.783	282.56370000000004
479.002	287.31370000000004
479.22	288.1937
479.439	299.2437
479.658	309.7337
479.876	306.8537
480.095	311.9437
480.313	332.7737
480.532	347.4137
480.751	412.5437
480.969	791.2137
481.188	2394.0137
481.406	1606.5537000000002
481.624	524.0736999999999
481.843	362.6937
482.061	324.1837
482.28	305.0037
482.498	294.1537
482.717	286.7237
482.935	282.2037
483.153	281.76370000000003
483.372	279.4437
483.59	277.01370000000003
483.808	273.7837
484.027	276.63370000000003
484.245	278.0437
484.463	277.7137
484.681	283.2737
484.9	279.1137
485.118	284.5037
485.336	285.2237
485.554	290.39369999999997
485.772	292.3537
485.99	295.38370000000003
486.209	299.6037
486.427	300.9537
486.645	306.2837
486.863	314.9537
487.081	302.1137
487.299	293.6737
487.517	291.5537
487.735	289.0737
487.953	287.1737
488.171	287.63370000000003
488.389	292.0437
488.607	296.1837
488.825	290.4737
489.043	290.1737
489.261	293.6737
489.479	295.0737
489.696	295.2237
489.914	298.5337
490.132	302.9937
490.35	308.4837
490.568	311.5837
490.786	317.2237
491.003	323.4237
491.221	341.3437
491.439	353.8437
491.657	356.3437
491.874	357.3237
492.092	361.4137
492.31	363.1637
492.527	375.7437
492.745	378.4937
492.963	378.6237
493.18	372.22369999999995
493.398	368.9637
493.615	369.1437
493.833	364.83369999999996
494.05	354.9137
494.268	347.97369999999995
494.485	344.0737
494.703	340.2137
494.92	339.3537
495.138	336.6437
495.355	334.81370000000004
495.573	334.5737
495.79	330.8437
496.008	333.9237
496.225	329.22369999999995
496.442	325.81370000000004
496.66	328.65369999999996
496.877	328.3437
497.094	332.3637
497.312	334.6837
497.529	340.8437
497.746	344.1837
497.963	349.22369999999995
498.181	362.6637
498.398	371.7637
498.615	396.2837
498.832	403.0437
499.049	407.2037
499.267	421.9637
499.484	443.4537
499.701	466.6237
499.918	490.0037
500.135	511.33369999999996
500.352	530.6237
500.569	538.5837
500.786	541.1437000000001
501.003	523.8137
501.22	501.8637
501.437	477.88370000000003
501.654	457.7037
501.871	450.9937
502.088	413.2937
502.305	391.3637
502.522	376.72369999999995
502.739	366.1637
502.956	353.88370000000003
503.172	346.97369999999995
503.389	342.8937
503.606	351.6637
503.823	340.5037
504.04	332.50370000000004
504.256	330.1637
504.473	332.6737
504.69	333.5037
504.907	328.8437
505.123	316.1237
505.34	309.6137
505.557	304.6137
505.773	303.1537
505.99	299.2537
506.207	298.4537
506.423	295.56370000000004
506.64	291.38370000000003
506.856	289.3037
507.073	288.4537
507.289	287.64369999999997
507.506	291.2337
507.722	314.5437
507.939	310.0937
508.155	286.2737
508.372	278.0337
508.588	276.6937
508.805	280.0037
509.021	282.3737
509.238	290.9537
509.454	288.0337
509.67	285.1737
509.887	290.2137
510.103	308.3037
510.319	388.9537
510.536	926.0437000000001
510.752	2632.9237
510.968	860.7337000000001
511.184	335.2937
511.401	296.7837
511.617	292.9137
511.833	312.64369999999997
512.049	311.9837
512.265	292.56370000000004
512.481	282.3237
512.698	277.06370000000004
512.914	275.1137
513.13	272.0737
513.346	268.3437
513.562	271.0937
513.778	272.1137
513.994	275.56370000000004
514.21	282.7737
514.426	306.4637
514.642	334.9837
514.858	330.0337
515.074	382.1037
515.29	724.5936999999999
515.506	1943.9636999999998
515.721	833.8136999999999
515.937	367.8037
516.153	313.3537
516.369	295.6737
516.585	293.9037
516.801	297.2537
517.016	300.2437
517.232	305.7737
517.448	310.3437
517.664	315.0837
517.879	313.6937
518.095	312.9737
518.311	312.6537
518.527	305.9637
518.742	294.6737
518.958	285.9237
519.173	283.1137
519.389	280.76370000000003
519.605	277.1837
519.82	277.4037
520.036	285.5237
520.251	310.4037
520.467	302.4037
520.682	292.7737
520.898	294.2137
521.113	307.6037
521.329	340.4837
521.544	436.2037
521.76	879.0837
521.975	3110.6737
522.19	1940.1637
522.406	550.1137
522.621	311.1137
522.836	272.2837
523.052	259.6637
523.267	254.0937
523.482	249.3237
523.698	255.8937
523.913	275.7437
524.128	257.6537
524.343	243.37369999999999
524.559	243.02370000000002
524.774	237.4837
524.989	242.4637
525.204	252.8637
525.419	248.4837
525.634	234.93370000000002
525.849	234.02370000000002
526.064	232.9637
526.28	232.90370000000001
526.495	227.42370000000003
526.71	229.68370000000002
526.925	226.8137
527.14	229.53369999999998
527.355	229.24370000000002
527.57	228.4637
527.785	228.7537
527.999	227.12369999999999
528.214	232.8437
528.429	232.62369999999999
528.644	232.0037
528.859	231.6137
529.074	234.53369999999998
529.289	273.63370000000003
529.503	363.56370000000004
529.718	262.6637
529.933	239.2237
530.148	231.2937
530.363	230.68370000000002
530.577	226.7937
530.792	226.4837
531.007	227.2537
531.221	229.1437
531.436	228.51370000000003
531.651	227.9637
531.865	226.8637
532.08	225.67370000000003
532.295	228.3137
532.509	227.02370000000002
532.724	225.7037
532.938	228.49370000000002
533.153	229.8237
533.367	227.24370000000002
533.582	227.9537
533.796	225.76370000000003
534.011	226.4137
534.225	223.7537
534.44	223.85370000000003
534.654	223.8837
534.868	222.65370000000001
535.083	223.8937
535.297	225.65370000000001
535.511	234.0037
535.726	239.33370000000002
535.94	233.9537
536.154	225.28369999999998
536.369	222.0537
536.583	216.0737
536.797	218.4737
537.011	216.90370000000001
537.225	215.2237
537.44	214.8437
537.654	214.1337
537.868	215.27370000000002
538.082	216.5637
538.296	216.12369999999999
538.51	216.1437
538.724	216.15370000000001
538.938	213.40370000000001
539.153	219.8937
539.367	234.2137
539.581	219.08370000000002
539.795	214.33370000000002
540.009	212.4837
540.222	212.7237
540.436	215.1337
540.65	213.93370000000002
540.864	215.43370000000002
541.078	222.28369999999998
541.292	215.19369999999998
541.506	211.94369999999998
541.72	210.5437
541.934	207.0837
542.147	207.18370000000002
542.361	205.37369999999999
542.575	206.7037
542.789	206.9637
543.002	207.10370000000003
543.216	214.6137
543.43	219.7037
543.644	212.6637
543.857	211.2237
544.071	211.9137
544.285	212.9537
544.498	210.1437
544.712	209.49370000000002
544.925	210.4837
545.139	209.99370000000002
545.352	207.18370000000002
545.566	210.7237
545.779	208.5937
545.993	208.8937
546.206	209.03369999999998
546.42	207.0637
546.633	211.0637
546.847	212.42370000000003
547.06	208.10369999999998
547.274	209.53369999999998
547.487	208.8437
547.7	206.3937
547.914	206.6337
548.127	209.7137
548.34	210.2037
548.554	207.60369999999998
548.767	210.53369999999998
548.98	209.40370000000001
549.193	208.87369999999999
549.407	208.02370000000002
549.62	211.3037
549.833	211.51370000000003
550.046	208.67370000000003
550.259	209.03369999999998
550.473	208.1137
550.686	208.4737
550.899	206.3937
551.112	206.6737
551.325	204.78369999999998
551.538	209.40370000000001
551.751	207.60369999999998
551.964	208.3037
552.177	210.90370000000001
552.39	209.1437
552.603	214.1637
552.816	217.49370000000002
553.029	218.4837
553.242	221.83370000000002
553.455	229.12369999999999
553.667	238.42370000000003
553.88	237.24370000000002
554.093	223.85370000000003
554.306	224.1337
554.519	222.87369999999999
554.732	212.8937
554.944	210.03369999999998
555.157	204.8137
555.37	202.77370000000002
555.583	203.6737
555.795	203.2337
556.008	196.9537
556.221	196.9837
556.433	197.3637
556.646	194.2237
556.859	194.03369999999998
557.071	193.37369999999999
557.284	190.2337
557.496	191.0937
557.709	190.43370000000002
557.921	189.5737
558.134	188.5037
558.346	186.10369999999998
558.559	187.6737
558.771	185.8037
558.984	184.7237
559.196	185.1337
559.409	186.0637
559.621	186.0837
559.833	186.2037
560.046	186.3037
560.258	192.1437
560.47	201.3837
560.683	192.53369999999998
560.895	185.3037
561.107	183.7337
561.32	183.5837
561.532	184.37369999999999
561.744	183.85369999999998
561.956	186.4537
562.168	185.3937
562.381	186.65370000000001
562.593	185.68370000000002
562.805	185.76369999999997
563.017	185.7037
563.229	187.60369999999998
563.441	185.78369999999998
563.653	185.3037
563.865	185.62369999999999
564.077	187.5437
564.289	189.28369999999998
564.501	189.60369999999998
564.713	193.7037
564.925	197.2537
565.137	210.76369999999997
565.349	202.01369999999997
565.561	202.2037
565.773	205.2937
565.985	209.19369999999998
566.197	215.18370000000002
566.408	222.85370000000003
566.62	230.78369999999998
566.832	240.2337
567.044	243.08370000000002
567.255	240.83370000000002
567.467	247.9837
567.679	255.2937
567.891	265.3037
568.102	263.7737
568.314	252.35370000000003
568.526	239.18370000000002
568.737	227.7337
568.949	217.7937
569.161	208.3137
569.372	199.5737
569.584	197.27370000000002
569.795	197.27370000000002
570.007	215.53369999999998
570.218	340.32370000000003
570.43	229.62369999999999
570.641	187.7137
570.853	185.51369999999997
571.064	183.78369999999998
571.276	183.19369999999998
571.487	181.27370000000002
571.698	175.94369999999998
571.91	173.3437
572.121	172.43370000000002
572.333	170.62369999999999
572.544	168.2137
572.755	168.6437
572.966	167.3937
573.178	166.8437
573.389	169.49370000000002
573.6	165.9737
573.811	164.62369999999999
574.023	164.27370000000002
574.234	164.5937
574.445	165.1337
574.656	163.8037
574.867	163.02370000000002
575.078	162.9837
575.289	163.6337
575.501	163.4237
575.712	162.6437
575.923	161.9737
576.134	161.06369999999998
576.345	160.2637
576.556	161.3937
576.767	159.9137
576.978	160.7437
577.188	161.31369999999998
577.399	162.77370000000002
577.61	161.7037
577.821	165.19369999999998
578.032	181.4637
578.243	328.0937
578.454	810.2637000000001
578.665	277.4337
578.875	168.6137
579.086	157.6637
579.297	153.4937
579.508	153.2637
579.718	154.1737
579.929	154.2137
580.14	151.27370000000002
580.35	150.2337
580.561	151.0337
580.772	151.6037
580.982	149.9737
581.193	150.1537
581.403	151.1937
581.614	147.3737
581.825	148.2537
582.035	148.7837
582.246	151.4137
582.456	149.1537
582.667	148.0837
582.877	147.9837
583.087	149.3837
583.298	148.0837
583.508	148.3737
583.719	147.4737
583.929	149.7037
584.139	147.7937
584.35	144.6637
584.56	148.6037
584.77	146.5437
584.981	146.8537
585.191	147.4137
585.401	148.06369999999998
585.611	147.5037
585.821	147.0437
586.032	146.5337
586.242	144.2137
586.452	145.8637
586.662	145.2637
586.872	143.9637
587.082	144.1637
587.292	142.8237
587.502	143.7137
587.713	144.5537
587.923	144.2337
588.133	145.4537
588.343	144.8237
588.553	146.2537
588.762	151.9037
588.972	165.77370000000002
589.182	269.4537
589.392	190.1637
589.602	173.5437
589.812	222.02370000000002
590.022	165.9737
590.232	147.1637
590.441	145.6637
590.651	146.3237
590.861	144.93370000000002
591.071	146.4537
591.281	147.7337
591.49	146.5737
591.7	148.4737
591.91	150.0737
592.119	148.2437
592.329	154.3437
592.539	161.8637
592.748	157.1037
592.958	158.5437
593.167	159.02370000000002
593.377	159.6037
593.587	164.2137
593.796	160.5437
594.006	159.2137
594.215	160.68370000000002
594.424	158.9537
594.634	156.6437
594.843	154.2137
595.053	152.43370000000002
595.262	148.7337
595.472	148.9837
595.681	146.9837
595.89	146.3237
596.1	143.4237
596.309	143.2837
596.518	142.2537
596.727	142.7637
596.937	141.0137
597.146	139.06369999999998
597.355	139.1337
597.564	137.02370000000002
597.774	138.1737
597.983	136.0937
598.192	135.6137
598.401	132.2037
598.61	134.6637
598.819	134.9437
599.028	134.9137
599.237	133.77370000000002
599.446	134.8837
599.655	135.9837
599.864	135.4437
600.073	134.5437
600.282	135.8737
600.491	135.1337
600.7	136.4737
600.909	133.9537
601.118	135.6237
601.327	134.31369999999998
601.536	136.2437
601.745	133.4437
601.953	133.8037
602.162	134.8837
602.371	135.9937
602.58	131.56369999999998
602.789	133.8937
602.997	131.02370000000002
603.206	131.2237
603.415	130.7637
603.623	129.7237
603.832	129.0137
604.041	129.8737
604.249	130.9537
604.458	128.7637
604.666	129.8837
604.875	127.88369999999999
605.084	126.0937
605.292	129.6337
605.501	129.0837
605.709	128.68370000000002
605.918	129.2637
606.126	130.3937
606.334	127.1937
606.543	129.3637
606.751	128.2337
606.96	126.5837
607.168	129.4937
607.376	130.2037
607.585	128.8037
607.793	128.8437
608.001	127.8437
608.21	125.9437
608.418	127.70370000000001
608.626	127.70370000000001
608.834	128.4237
609.043	128.2137
609.251	127.5137
609.459	127.9937
609.667	129.2937
609.875	126.6637
610.083	127.2437
610.291	127.8137
610.499	126.4337
610.707	127.03370000000001
610.916	127.3437
611.124	128.5037
611.332	126.80369999999999
611.54	126.9137
611.748	124.95370000000001
611.955	126.2237
612.163	126.2637
612.371	125.4837
612.579	123.6037
612.787	124.9237
612.995	127.04369999999999
613.203	126.7337
613.411	124.8537
613.618	124.71369999999999
613.826	124.3937
614.034	124.3437
614.242	124.78370000000001
614.449	123.0637
614.657	124.4737
614.865	125.29369999999999
615.072	124.3537
615.28	127.8237
615.488	128.1037
615.695	128.3937
615.903	129.31369999999998
616.111	134.0037
616.318	135.7637
616.526	130.52370000000002
616.733	131.6037
616.941	126.1837
617.148	127.6437
617.356	124.88369999999999
617.563	126.0837
617.771	125.03370000000001
617.978	123.1837
618.185	124.5637
618.393	123.55369999999999
618.6	123.36370000000001
618.807	124.5837
619.015	124.20370000000001
619.222	120.7237
619.429	122.5637
619.637	123.12370000000001
619.844	121.29369999999999
620.051	121.2437
620.258	120.0037
620.466	118.5937
620.673	118.86370000000001
620.88	119.21369999999999
621.087	117.4037
621.294	120.2337
621.501	120.4437
621.708	120.5037
621.915	121.1437
622.122	118.88369999999999
622.329	120.36370000000001
622.536	117.05369999999999
622.743	118.2537
622.95	117.5237
623.157	116.1437
623.364	118.2237
623.571	118.0637
623.778	116.9737
623.985	117.8337
624.192	115.6537
624.399	116.1937
624.606	118.5937
624.812	114.8137
625.019	114.28370000000001
625.226	115.9937
625.433	118.11370000000001
625.639	115.8937
625.846	114.5237
626.053	116.4037
626.259	115.8537
626.466	116.7237
626.673	113.9837
626.879	116.3237
627.086	115.55369999999999
627.293	114.70370000000001
627.499	114.4237
627.706	114.5637
627.912	114.7237
628.119	113.63369999999999
628.325	115.12370000000001
628.532	113.6537
628.738	112.9437
628.945	112.7237
629.151	112.9437
629.357	112.0637
629.564	113.2537
629.77	111.9137
629.976	110.2537
630.183	112.5937
630.389	110.7537
630.595	111.3437
630.802	110.80369999999999
631.008	110.8337
631.214	110.3437
631.42	111.0037
631.627	114.29369999999999
631.833	109.1937
632.039	110.4037
632.245	110.1937
632.451	111.3237
632.657	110.79369999999999
632.863	108.86370000000001
633.069	109.8937
633.275	110.5137
633.481	108.5837
633.688	109.1537
633.893	111.0837
634.099	109.9037
634.305	108.3137
634.511	107.88369999999999
634.717	109.8137
634.923	110.3337
635.129	109.86370000000001
635.335	109.5637
635.541	112.4037
635.747	112.9937
635.952	115.3237
636.158	130.2937
636.364	237.12369999999999
636.57	211.5937
636.775	134.31369999999998
636.981	121.6937
637.187	114.03370000000001
637.392	112.13369999999999
637.598	110.37370000000001
637.804	110.11370000000001
638.009	109.9337
638.215	108.8537
638.421	106.3537
638.626	107.4737
638.832	108.0137
639.037	107.04369999999999
639.243	105.7637
639.448	107.0737
639.654	109.1737
639.859	105.0937
640.065	103.8137
640.27	111.6037
640.475	105.3937
640.681	103.7437
640.886	106.3537
641.091	103.70370000000001
641.297	108.7737
641.502	105.05369999999999
641.707	108.5637
641.913	108.0937
642.118	105.0937
642.323	104.3937
642.528	106.3337
642.733	106.0237
642.939	104.4237
643.144	104.5937
643.349	104.6737
643.554	105.78370000000001
643.759	104.6537
643.964	103.5937
644.169	106.04369999999999
644.374	101.95370000000001
644.579	106.1937
644.784	103.2637
644.989	103.6937
645.194	104.3337
645.399	104.30369999999999
645.604	104.2637
645.809	105.5737
646.014	103.5237
646.219	104.3137
646.423	103.8237
646.628	102.71369999999999
646.833	105.8337
647.038	104.63369999999999
647.243	106.05369999999999
647.447	105.38369999999999
647.652	106.2437
647.857	105.1537
648.062	105.7437
648.266	106.5237
648.471	111.11370000000001
648.676	113.2537
648.88	111.1637
649.085	110.1437
649.289	110.6937
649.494	124.3937
649.698	161.9137
649.903	123.21369999999999
650.107	107.8337
650.312	104.9437
650.516	102.6537
650.721	102.8137
650.925	100.0137
651.13	98.9737
651.334	98.8537
651.539	97.1537
651.743	98.7337
651.947	98.0837
652.152	98.9237
652.356	96.3237
652.56	98.5237
652.764	97.54369999999999
652.969	96.30369999999999
653.173	95.13369999999999
653.377	95.61370000000001
653.581	94.7537
653.785	95.95370000000001
653.99	96.5737
654.194	96.2637
654.398	94.71369999999999
654.602	96.6037
654.806	101.03370000000001
655.01	116.7737
655.214	103.28370000000001
655.418	96.9837
655.622	95.37370000000001
655.826	96.38369999999999
656.03	98.6037
656.234	102.4337
656.438	107.3537
656.642	108.0237
656.846	101.46369999999999
657.049	95.87370000000001
657.253	94.6637
657.457	92.9437
657.661	89.55369999999999
657.865	89.5837
658.068	90.2537
658.272	89.2637
658.476	88.3437
658.68	87.3337
658.883	85.2437
659.087	85.1537
659.291	85.8937
659.494	83.8137
659.698	85.5737
659.901	85.5737
660.105	83.96369999999999
660.309	83.3937
660.512	83.55369999999999
660.716	85.55369999999999
660.919	84.6437
661.123	88.2637
661.326	83.9237
661.53	84.0637
661.733	84.13369999999999
661.936	84.0837
662.14	82.6737
662.343	82.5637
662.546	83.1637
662.75	82.8337
662.953	83.9037
663.156	81.7437
663.36	82.8937
663.563	83.0637
663.766	81.4737
663.969	82.3237
664.173	82.70370000000001
664.376	80.3237
664.579	81.0837
664.782	80.9637
664.985	81.4437
665.188	80.89370000000001
665.391	81.9337
665.594	80.6237
665.797	82.70370000000001
666.0	81.95370000000001
666.203	81.3337
666.406	80.0837
666.609	80.8837
666.812	81.8337
667.015	80.27369999999999
667.218	83.2737
667.421	81.28370000000001
667.624	81.9137
667.827	80.3537
668.03	80.3037
668.232	80.9137
668.435	80.9037
668.638	80.8637
668.841	82.7237
669.043	80.5837
669.246	82.0137
669.449	80.8837
669.651	81.2637
669.854	80.9537
670.057	80.8737
670.259	79.8137
670.462	81.78370000000001
670.665	80.7637
670.867	82.3537
671.07	82.7637
671.272	83.9437
671.475	84.5737
671.677	82.4037
671.88	81.5637
672.082	80.1037
672.284	81.8237
672.487	81.79369999999999
672.689	80.2137
672.892	81.6537
