223.165	-17.9074
223.4	-17.9074
223.635	-17.9074
223.869	-17.7374
224.104	-18.1874
224.338	-14.7774
224.573	-15.387400000000001
224.808	-12.5174
225.042	-7.407400000000001
225.277	-6.2374
225.511	-3.0174000000000003
225.746	2.7226
225.98	6.342599999999999
226.215	13.132599999999998
226.449	15.7426
226.683	19.9826
226.918	25.4726
227.152	29.782600000000002
227.387	33.3726
227.621	37.802600000000005
227.856	42.022600000000004
228.09	45.6126
228.324	50.072599999999994
228.559	56.322599999999994
228.793	62.0026
229.027	69.5826
229.262	74.3126
229.496	82.43260000000001
229.73	94.1326
229.964	94.02260000000001
230.199	82.5026
230.433	81.6626
230.667	85.2226
230.901	85.65259999999999
231.136	85.0726
231.37	86.10260000000001
231.604	87.4126
231.838	87.68260000000001
232.072	85.8426
232.306	86.85260000000001
232.541	87.93260000000001
232.775	88.0726
233.009	88.7226
233.243	89.1126
233.477	87.9726
233.711	90.3826
233.945	89.35260000000001
234.179	88.4126
234.413	88.8026
234.647	88.27260000000001
234.881	88.18260000000001
235.115	88.93260000000001
235.349	87.6726
235.583	89.15259999999999
235.817	88.7026
236.051	87.79260000000001
236.285	88.2026
236.519	86.8326
236.753	90.81259999999999
236.987	92.98259999999999
237.221	103.85260000000001
237.455	105.77260000000001
237.689	93.46260000000001
237.922	90.64259999999999
238.156	88.52260000000001
238.39	87.8026
238.624	86.4526
238.858	88.7526
239.091	88.5926
239.325	88.2526
239.559	92.0526
239.793	91.3626
240.027	91.96260000000001
240.26	93.54260000000001
240.494	94.2626
240.728	92.65259999999999
240.961	92.0726
241.195	92.43260000000001
241.429	91.3726
241.662	89.4426
241.896	89.8726
242.13	90.0726
242.363	90.27260000000001
242.597	90.1726
242.83	92.2026
243.064	93.1726
243.298	92.0826
243.531	90.40259999999999
243.765	93.1726
243.998	95.04260000000001
244.232	95.52260000000001
244.465	97.8326
244.699	96.43260000000001
244.932	94.81259999999999
245.166	95.6126
245.399	94.8426
245.633	93.5126
245.866	95.54260000000001
246.099	94.5026
246.333	95.3426
246.566	94.5126
246.8	96.2026
247.033	96.98259999999999
247.266	97.7526
247.5	99.0026
247.733	99.77260000000001
247.966	102.3426
248.2	99.8326
248.433	99.52260000000001
248.666	100.8226
248.899	105.79260000000001
249.133	109.1126
249.366	118.89259999999999
249.599	117.18260000000001
249.832	104.31259999999999
250.066	105.4526
250.299	106.3226
250.532	111.4126
250.765	111.2826
250.998	112.7626
251.231	109.6626
251.465	108.2626
251.698	106.10260000000001
251.931	107.27260000000001
252.164	104.79260000000001
252.397	105.0126
252.63	108.63260000000001
252.863	108.1226
253.096	107.88260000000001
253.329	112.38260000000001
253.562	109.79260000000001
253.795	109.68260000000001
254.028	109.63260000000001
254.261	108.93260000000001
254.494	112.6926
254.727	119.06259999999999
254.96	119.65259999999999
255.193	116.39259999999999
255.426	112.4726
255.659	113.38260000000001
255.892	120.54260000000001
256.124	122.31259999999999
256.357	120.81259999999999
256.59	115.9726
256.823	112.5726
257.056	113.2026
257.289	111.2826
257.521	112.6226
257.754	112.2626
257.987	111.0926
258.22	113.23259999999999
258.452	112.0726
258.685	111.39259999999999
258.918	111.6626
259.151	113.29260000000001
259.383	113.8326
259.616	113.0826
259.849	114.05260000000001
260.081	116.4526
260.314	119.1926
260.547	117.39259999999999
260.779	118.05260000000001
261.012	115.4526
261.244	114.68260000000001
261.477	119.65259999999999
261.71	123.81259999999999
261.942	141.2326
262.175	145.4726
262.407	122.9726
262.64	114.04260000000001
262.872	113.2526
263.105	115.06259999999999
263.337	115.1226
263.57	113.90259999999999
263.802	116.18260000000001
264.035	114.9126
264.267	113.9926
264.499	115.48259999999999
264.732	115.64259999999999
264.964	114.39259999999999
265.197	117.0326
265.429	114.06259999999999
265.661	114.9526
265.894	115.9926
266.126	118.56259999999999
266.358	116.39259999999999
266.591	117.1226
266.823	119.1926
267.055	117.2626
267.287	118.38260000000001
267.52	118.31259999999999
267.752	118.77260000000001
267.984	119.60260000000001
268.216	118.1126
268.448	121.8626
268.681	119.98259999999999
268.913	123.5126
269.145	126.1726
269.377	127.2526
269.609	125.15259999999999
269.841	127.48259999999999
270.073	127.38260000000001
270.306	130.5126
270.538	133.9326
270.77	131.8326
271.002	127.93260000000001
271.234	127.21260000000001
271.466	132.8726
271.698	131.5726
271.93	133.8226
272.162	135.61260000000001
272.394	133.4426
272.626	130.95260000000002
272.858	127.6926
273.09	127.5026
273.322	127.1726
273.553	126.27260000000001
273.785	126.8226
274.017	124.90259999999999
274.249	126.0826
274.481	127.10260000000001
274.713	127.1926
274.945	130.7426
275.176	128.9226
275.408	129.4226
275.64	130.6826
275.872	129.7726
276.104	131.3126
276.335	134.3526
276.567	142.9826
276.799	152.1326
277.031	151.4626
277.262	148.11260000000001
277.494	140.1326
277.726	135.4326
277.957	133.8926
278.189	131.1826
278.421	131.36260000000001
278.652	129.3326
278.884	130.0026
279.115	130.0326
279.347	130.6726
279.579	130.4726
279.81	134.61260000000001
280.042	136.79260000000002
280.273	142.3226
280.505	135.2626
280.736	133.2126
280.968	135.04260000000002
281.199	133.2826
281.431	133.8926
281.662	134.5626
281.894	139.4626
282.125	146.7726
282.356	167.1526
282.588	189.91260000000003
282.819	163.4926
283.051	139.4626
283.282	133.8826
283.513	138.1826
283.745	135.7526
283.976	136.8326
284.207	138.1326
284.439	135.6926
284.67	138.6226
284.901	138.04260000000002
285.132	135.6326
285.364	135.5526
285.595	136.5126
285.826	136.3126
286.057	139.1526
286.288	137.6426
286.52	137.2826
286.751	136.2426
286.982	138.6426
287.213	135.4626
287.444	141.6226
287.675	142.9326
287.906	144.8426
288.138	144.1826
288.369	147.4926
288.6	146.5926
288.831	140.2426
289.062	143.6226
289.293	141.4726
289.524	140.6726
289.755	141.8526
289.986	140.7826
290.217	140.6826
290.448	141.9726
290.679	141.9426
290.91	143.5226
291.141	141.6226
291.371	143.4926
291.602	142.8526
291.833	141.4426
292.064	144.0726
292.295	142.95260000000002
292.526	141.7326
292.757	143.0026
292.987	143.8026
293.218	144.1426
293.449	143.1726
293.68	143.8526
293.91	143.8926
294.141	144.5126
294.372	142.7426
294.603	144.0126
294.833	144.6926
295.064	142.5926
295.295	144.7526
295.525	147.6026
295.756	156.8726
295.987	172.57260000000002
296.217	196.4926
296.448	182.4026
296.679	152.5726
296.909	147.2526
297.14	145.7626
297.37	147.3326
297.601	147.4726
297.831	146.4226
298.062	149.4026
298.292	147.6326
298.523	149.9826
298.753	148.2426
298.984	146.6826
299.214	148.4726
299.445	150.7626
299.675	154.0526
299.905	157.1026
300.136	151.2526
300.366	150.61260000000001
300.597	151.7426
300.827	156.86260000000001
301.057	163.1526
301.288	166.16260000000003
301.518	157.9826
301.748	154.1926
301.979	165.91260000000003
302.209	158.3026
302.439	155.5526
302.669	153.1426
302.9	153.20260000000002
303.13	154.1726
303.36	157.8126
303.59	165.68259999999998
303.82	168.9426
304.051	159.1626
304.281	155.8226
304.511	154.61260000000001
304.741	151.8526
304.971	151.9926
305.201	153.3826
305.431	153.8826
305.661	154.1026
305.891	153.3926
306.121	158.1826
306.352	164.0826
306.582	167.4926
306.812	156.8826
307.042	157.4226
307.272	161.2826
307.502	163.7226
307.731	163.4526
307.961	159.7226
308.191	155.0126
308.421	154.5226
308.651	156.8126
308.881	157.5626
309.111	157.9426
309.341	160.0526
309.571	165.3026
309.8	162.0126
310.03	164.6326
310.26	164.0526
310.49	163.9026
310.72	168.5326
310.949	174.0426
311.179	168.5326
311.409	162.9926
311.639	164.2026
311.868	166.3126
312.098	166.6526
312.328	166.8726
312.557	174.34260000000003
312.787	178.1526
313.017	172.9626
313.246	168.59260000000003
313.476	163.8726
313.706	164.7126
313.935	168.1326
314.165	171.1026
314.394	174.5126
314.624	171.52259999999998
314.853	170.2126
315.083	167.5426
315.312	166.3526
315.542	164.59260000000003
315.771	164.43259999999998
316.001	163.1326
316.23	163.1326
316.46	160.8526
316.689	163.1526
316.919	164.3726
317.148	167.0626
317.377	167.5426
317.607	164.5526
317.836	163.9426
318.065	162.4226
318.295	160.7126
318.524	161.7526
318.753	161.6426
318.983	164.32260000000002
319.212	169.9226
319.441	177.23260000000002
319.67	177.23260000000002
319.9	165.8626
320.129	164.0126
320.358	167.18259999999998
320.587	167.68259999999998
320.816	170.66260000000003
321.046	173.0126
321.275	171.75260000000003
321.504	167.16260000000003
321.733	169.5626
321.962	171.9226
322.191	176.82260000000002
322.42	179.0426
322.649	186.5626
322.878	187.30259999999998
323.108	192.3626
323.337	200.7326
323.566	210.1426
323.795	229.1426
324.024	276.3126
324.253	438.76259999999996
324.482	807.8126
324.71	1489.6726
324.939	1883.8726000000001
325.168	839.0426
325.397	326.9325999999999
325.626	233.8926
325.855	213.4526
326.084	208.77259999999998
326.313	211.34259999999998
326.542	227.96259999999998
326.77	292.3126
326.999	464.08259999999996
327.228	835.2226
327.457	1413.7726
327.686	1183.0026
327.914	437.9325999999999
328.143	307.8026
328.372	280.19259999999997
328.6	236.62259999999998
328.829	218.6526
329.058	228.50259999999997
329.287	230.32259999999997
329.515	212.6326
329.744	215.69259999999997
329.972	235.10259999999997
330.201	286.4726
330.43	320.8126
330.658	267.6226
330.887	255.8826
331.115	226.68259999999998
331.344	201.2926
331.572	198.3826
331.801	200.2026
332.03	202.66259999999997
332.258	196.60259999999997
332.486	194.0626
332.715	198.9826
332.943	202.0626
333.172	207.44259999999997
333.4	212.1326
333.629	227.59259999999998
333.857	243.03259999999997
334.085	262.44259999999997
334.314	306.69259999999997
334.542	383.3126
334.771	357.3726
334.999	241.1726
335.227	211.6326
335.455	204.69259999999997
335.684	202.8926
335.912	200.0626
336.14	200.27259999999998
336.369	198.93259999999998
336.597	200.85259999999997
336.825	194.9926
337.053	189.1326
337.281	185.7426
337.51	185.9026
337.738	185.9226
337.966	186.32259999999997
338.194	188.46259999999998
338.422	186.5626
338.65	183.82259999999997
338.878	181.7226
339.106	180.4726
339.334	182.1426
339.562	178.03259999999997
339.79	175.6726
340.018	176.80259999999998
340.246	178.62259999999998
340.474	179.78259999999997
340.702	177.6326
340.93	177.80259999999998
341.158	178.9226
341.386	180.1426
341.614	180.62259999999998
341.842	178.05259999999998
342.07	175.85259999999997
342.298	175.9526
342.526	174.35259999999997
342.754	173.8826
342.981	173.3126
343.209	175.07259999999997
343.437	188.5826
343.665	185.3926
343.893	193.4826
344.12	194.2926
344.348	188.0826
344.576	183.60259999999997
344.804	185.30259999999998
345.031	186.43259999999998
345.259	182.82259999999997
345.487	179.9026
345.714	178.91259999999997
345.942	175.09259999999998
346.17	175.53259999999997
346.397	175.34259999999998
346.625	174.41259999999997
346.853	173.5426
347.08	172.6726
347.308	176.6126
347.535	179.12259999999998
347.763	181.4026
347.99	179.12259999999998
348.218	181.6126
348.445	184.9926
348.673	180.9226
348.9	176.07259999999997
349.128	175.6026
349.355	169.91260000000003
349.583	172.3526
349.81	173.77259999999998
350.037	172.6926
350.265	172.84260000000003
350.492	173.73260000000002
350.72	174.2026
350.947	178.9526
351.174	187.66259999999997
351.402	189.7026
351.629	180.91260000000003
351.856	179.1726
352.083	182.27259999999998
352.311	186.6526
352.538	186.5626
352.765	188.0426
352.992	190.7026
353.22	189.2126
353.447	182.89260000000002
353.674	177.09260000000003
353.901	174.3526
354.128	174.0526
354.355	174.0426
354.583	173.5626
354.81	174.9626
355.037	173.3626
355.264	174.57260000000002
355.491	171.4726
355.718	170.7626
355.945	173.5326
356.172	174.02259999999998
356.399	172.9726
356.626	172.2626
356.853	170.2426
357.08	169.48260000000002
357.307	170.5326
357.534	169.59260000000003
357.761	170.34260000000003
357.988	173.68259999999998
358.215	174.3826
358.441	172.9526
358.668	171.4026
358.895	170.3626
359.122	170.2826
359.349	170.2926
359.576	175.71259999999998
359.802	183.21259999999998
360.029	195.4226
360.256	194.68259999999998
360.483	181.4526
360.709	170.84259999999998
360.936	174.1126
361.163	174.00259999999997
361.39	176.77259999999998
361.616	174.7926
361.843	172.16259999999997
362.07	175.28259999999997
362.296	175.1326
362.523	173.51259999999996
362.749	172.7826
362.976	172.16260000000003
363.203	172.2926
363.429	167.41260000000003
363.656	170.6726
363.882	169.91260000000003
364.109	168.68259999999998
364.335	170.2926
364.562	169.6326
364.788	168.4426
365.015	172.59260000000003
365.241	176.8326
365.468	184.9826
365.694	181.6126
365.92	173.5826
366.147	171.50260000000003
366.373	167.73260000000002
366.599	168.64260000000002
366.826	166.6326
367.052	168.7426
367.278	168.82260000000002
367.505	168.5626
367.731	172.1226
367.957	169.8826
368.184	170.4026
368.41	181.05259999999998
368.636	190.4726
368.862	198.03259999999997
369.089	187.57259999999997
369.315	172.1126
369.541	172.0826
369.767	173.2426
369.993	173.0826
370.219	171.64260000000002
370.445	170.7226
370.672	171.4026
370.898	171.60259999999997
371.124	172.93259999999998
371.35	172.4226
371.576	171.82259999999997
371.802	170.03259999999997
372.028	171.50259999999997
372.254	174.30259999999998
372.48	174.50259999999997
372.706	175.07259999999997
372.932	175.71259999999998
373.158	175.07259999999997
373.384	177.84259999999998
373.61	175.2326
373.835	176.05259999999998
374.061	174.7226
374.287	177.3326
374.513	178.19259999999997
374.739	180.9526
374.965	182.6526
375.191	183.68259999999998
375.416	182.52259999999998
375.642	179.7426
375.868	180.26259999999996
376.094	176.60259999999997
376.319	174.26259999999996
376.545	176.16259999999997
376.771	177.2926
376.997	174.35259999999997
377.222	176.3326
377.448	177.18259999999998
377.674	175.96259999999998
377.899	174.5826
378.125	174.77259999999998
378.35	175.75259999999997
378.576	174.12259999999998
378.802	173.93259999999998
379.027	175.4526
379.253	176.5826
379.478	173.6426
379.704	176.6526
379.929	177.9026
380.155	179.30259999999998
380.38	179.41259999999997
380.606	179.0626
380.831	178.4926
381.057	183.2326
381.282	180.2226
381.507	182.32259999999997
381.733	184.4926
381.958	185.00259999999997
382.184	187.82259999999997
382.409	188.2226
382.634	192.82259999999997
382.86	188.96259999999998
383.085	192.44259999999997
383.31	193.82259999999997
383.535	195.28259999999997
383.761	196.3926
383.986	196.75259999999997
384.211	197.2026
384.436	200.50259999999997
384.662	200.93259999999998
384.887	207.51259999999996
385.112	207.6726
385.337	210.69259999999997
385.562	209.57259999999997
385.787	210.3826
386.013	215.07259999999997
386.238	220.7926
386.463	212.4026
386.688	215.2226
386.913	207.3126
387.138	211.21259999999998
387.363	209.6326
387.588	202.19259999999997
387.813	204.4026
388.038	210.1426
388.263	217.4026
388.488	215.30259999999998
388.713	197.9726
388.938	196.46259999999998
389.163	196.6426
389.387	197.03259999999997
389.612	191.41259999999997
389.837	191.32259999999997
390.062	192.3626
390.287	191.8626
390.512	192.18259999999998
390.736	190.37259999999998
390.961	195.01259999999996
391.186	197.7326
391.411	200.91259999999997
391.636	204.7326
391.86	202.53259999999997
392.085	203.6126
392.31	200.5826
392.534	198.37259999999998
392.759	197.69259999999997
392.984	196.9026
393.208	200.68259999999998
393.433	213.3326
393.658	206.4926
393.882	193.5626
394.107	193.30259999999998
394.331	196.35259999999997
394.556	194.35259999999997
394.78	196.4726
395.005	197.09259999999998
395.229	195.5826
395.454	201.6326
395.678	200.34259999999998
395.903	203.37259999999998
396.127	203.66259999999997
396.352	198.43259999999998
396.576	198.09259999999998
396.801	200.4726
397.025	207.19259999999997
397.249	202.94259999999997
397.474	204.4726
397.698	203.03259999999997
397.922	204.5426
398.147	206.76259999999996
398.371	206.55259999999998
398.595	210.6526
398.82	218.4226
399.044	229.2226
399.268	244.35259999999997
399.492	268.92260000000005
399.717	282.8526
399.941	276.93260000000004
400.165	263.8926
400.389	249.0826
400.613	231.9926
400.837	224.1426
401.062	221.4726
401.286	220.30259999999998
401.51	218.8126
401.734	219.6426
401.958	229.5626
402.182	252.7326
402.406	287.14259999999996
402.63	253.2226
402.854	232.0426
403.078	229.27259999999998
403.302	233.2226
403.526	234.10259999999997
403.75	236.21259999999998
403.974	237.0826
404.198	236.2026
404.422	238.18259999999998
404.645	238.02259999999998
404.869	240.82259999999997
405.093	251.19259999999997
405.317	260.87260000000003
405.541	258.45259999999996
405.765	248.02259999999998
405.988	260.7726
406.212	313.0826
406.436	369.76259999999996
406.66	291.8726
406.883	252.9926
407.107	258.5826
407.331	268.3926
407.555	280.5126
407.778	273.3826
408.002	254.6926
408.226	247.00259999999997
408.449	242.3826
408.673	239.59259999999998
408.896	245.52259999999998
409.12	247.5826
409.344	238.16259999999997
409.567	230.6526
409.791	232.8126
410.014	235.32259999999997
410.238	230.05259999999998
410.461	231.52259999999998
410.685	233.0626
410.908	237.5826
411.132	246.25259999999997
411.355	240.82259999999997
411.578	229.87259999999998
411.802	223.7326
412.025	226.7226
412.249	234.27259999999998
412.472	241.05259999999998
412.695	249.27259999999998
412.919	232.0826
413.142	224.9926
413.365	222.9526
413.589	221.44259999999997
413.812	218.3826
414.035	217.3126
414.258	215.6726
414.482	219.0826
414.705	216.8126
414.928	219.19259999999997
415.151	219.8626
415.374	221.96259999999998
415.597	215.19259999999997
415.821	212.4526
416.044	213.09259999999998
416.267	215.4726
416.49	210.8126
416.713	210.71259999999998
416.936	215.2926
417.159	214.35259999999997
417.382	216.75259999999997
417.605	216.4826
417.828	221.9726
418.051	223.60259999999997
418.274	217.6426
418.497	216.0826
418.72	217.71259999999998
418.943	218.9726
419.166	225.8326
419.389	235.62259999999998
419.611	233.53259999999997
419.834	225.9826
420.057	227.59259999999998
420.28	225.44259999999997
420.503	222.02259999999998
420.726	220.50259999999997
420.948	223.01259999999996
421.171	231.4726
421.394	227.68259999999998
421.617	221.3926
421.839	219.3926
422.062	221.34259999999998
422.285	225.4526
422.507	241.8826
422.73	253.7326
422.953	238.9926
423.175	226.9226
423.398	225.69259999999997
423.621	226.18259999999998
423.843	230.0426
424.066	227.9226
424.288	227.1526
424.511	234.21259999999998
424.733	243.6126
424.956	254.32259999999997
425.178	245.30259999999998
425.401	249.6426
425.623	245.7026
425.846	221.7926
426.068	222.60259999999997
426.291	219.9226
426.513	216.55259999999998
426.735	220.25259999999997
426.958	230.8326
427.18	249.0426
427.402	291.97260000000006
427.625	324.00260000000003
427.847	279.8626
428.069	251.94259999999997
428.292	220.10259999999997
428.514	208.8926
428.736	204.2426
428.958	204.82259999999997
429.181	201.51259999999996
429.403	199.07259999999997
429.625	202.0826
429.847	212.43259999999998
430.069	225.7026
430.292	213.44259999999997
430.514	200.01259999999996
430.736	199.57259999999997
430.958	199.07259999999997
431.18	196.53259999999997
431.402	197.6526
431.624	198.1526
431.846	199.27259999999998
432.068	200.16259999999997
432.29	201.53259999999997
432.512	202.66259999999997
432.734	202.60259999999997
432.956	204.6426
433.178	209.19259999999997
433.4	206.5626
433.622	203.6726
433.844	202.18259999999998
434.066	204.84259999999998
434.287	206.34259999999998
434.509	210.9726
434.731	214.28259999999997
434.953	215.8126
435.175	217.71259999999998
435.397	220.16259999999997
435.618	216.91259999999997
435.84	229.28259999999997
436.062	254.76259999999996
436.284	249.4026
436.505	222.03259999999997
436.727	213.53259999999997
436.949	206.05259999999998
437.17	202.9226
437.392	199.46259999999998
437.614	206.77259999999998
437.835	223.05259999999998
438.057	249.3326
438.278	251.1726
438.5	244.9926
438.721	268.8226
438.943	237.3926
439.165	209.3626
439.386	207.51259999999996
439.608	210.9526
439.829	218.7326
440.05	238.9926
440.272	259.4926
440.493	219.1426
440.715	207.8626
440.936	205.01259999999996
441.158	207.55259999999998
441.379	210.28259999999997
441.6	219.3826
441.822	225.82259999999997
442.043	233.0426
442.264	248.93259999999998
442.486	243.2926
442.707	226.94259999999997
442.928	232.02259999999998
443.149	255.01259999999996
443.371	259.21259999999995
443.592	250.51259999999996
443.813	265.7126
444.034	264.5126
444.255	235.59259999999998
444.476	232.8326
444.698	236.52259999999998
444.919	237.32259999999997
445.14	274.32259999999997
445.361	255.5626
445.582	250.62259999999998
445.803	274.9226
446.024	282.4726
446.245	271.5026
446.466	241.9226
446.687	212.7326
446.908	206.51259999999996
447.129	203.53259999999997
447.35	198.96259999999998
447.571	201.26259999999996
447.792	199.37259999999998
448.013	207.01259999999996
448.234	215.16259999999997
448.455	221.4526
448.675	249.05259999999998
448.896	258.9126
449.117	223.9726
449.338	228.6526
449.559	267.6126
449.779	270.3026
450.0	214.10259999999997
450.221	197.5426
450.442	195.2226
450.662	198.85259999999997
450.883	208.9726
451.104	216.41259999999997
451.324	199.34259999999998
451.545	191.77259999999998
451.766	188.30259999999998
451.986	186.4226
452.207	188.6126
452.428	189.52259999999998
452.648	198.0626
452.869	205.71259999999998
453.089	209.07259999999997
453.31	213.3326
453.53	193.4926
453.751	190.7026
453.971	199.6526
454.192	205.8826
454.412	188.78259999999997
454.633	183.8126
454.853	183.12259999999998
455.073	183.4826
455.294	191.6426
455.514	206.85259999999997
455.734	191.05259999999998
455.955	180.05259999999998
456.175	178.3626
456.395	178.3926
456.616	176.50259999999997
456.836	177.18259999999998
457.056	176.7026
457.276	174.6726
457.497	178.82259999999997
457.717	176.6726
457.937	180.6726
458.157	183.00259999999997
458.377	187.52259999999998
458.598	206.1726
458.818	253.2026
459.038	276.95259999999996
459.258	236.3826
459.478	205.6726
459.698	202.5626
459.918	204.5626
460.138	206.16259999999997
460.358	210.30259999999998
460.578	212.8126
460.798	217.34259999999998
461.018	216.01259999999996
461.238	209.69259999999997
461.458	210.9926
461.678	209.16259999999997
461.898	214.5626
462.118	212.6426
462.338	219.5626
462.558	224.12259999999998
462.777	229.32259999999997
462.997	242.35259999999997
463.217	250.97260000000003
463.437	247.4826
463.657	233.1726
463.876	231.8326
464.096	232.18259999999998
464.316	234.41259999999997
464.536	235.78259999999997
464.755	231.4726
464.975	239.2926
465.195	293.2726
465.414	285.6126
465.634	217.75259999999997
465.854	204.1126
466.073	200.3626
466.293	194.76259999999996
466.512	190.76259999999996
466.732	188.7426
466.951	191.9226
467.171	193.77259999999998
467.391	197.9226
467.61	206.8626
467.829	208.25259999999997
468.049	232.30259999999998
468.268	247.26259999999996
468.488	196.16259999999997
468.707	189.4026
468.927	185.66259999999997
469.146	185.82259999999997
469.365	187.37259999999998
469.585	190.87259999999998
469.804	198.6726
470.023	201.02259999999998
470.243	197.75259999999997
470.462	206.46259999999998
470.681	216.4726
470.901	199.6126
471.12	196.46259999999998
471.339	195.27259999999998
471.558	194.8626
471.777	194.9826
471.997	209.4926
472.216	291.6026
472.435	404.6726
472.654	236.84259999999998
472.873	198.4026
473.092	191.4826
473.311	188.9826
473.53	186.80259999999998
473.749	191.84259999999998
473.968	204.2326
474.187	226.1726
474.406	211.03259999999997
474.625	191.4526
474.844	188.7026
475.063	184.18259999999998
475.282	187.1726
475.501	187.1126
475.72	190.28259999999997
475.939	187.84259999999998
476.158	188.62259999999998
476.377	190.7426
476.596	190.5126
476.814	199.19259999999997
477.033	198.5426
477.252	196.0626
477.471	198.69259999999997
477.69	200.87259999999998
477.908	203.9726
478.127	207.27259999999998
478.346	207.75259999999997
478.564	212.4726
478.783	217.75259999999997
479.002	217.28259999999997
479.22	219.46259999999998
479.439	227.26259999999996
479.658	228.9526
479.876	226.84259999999998
480.095	227.28259999999997
480.313	236.1526
480.532	238.05259999999998
480.751	248.62259999999998
480.969	328.6825999999999
481.188	638.6626
481.406	459.7626
481.624	253.0826
481.843	223.1326
482.061	216.5626
482.28	212.60259999999997
482.498	211.34259999999998
482.717	206.9026
482.935	208.9726
483.153	207.7226
483.372	206.7226
483.59	206.5426
483.808	208.21259999999998
484.027	208.8326
484.245	211.75259999999997
484.463	209.43259999999998
484.681	219.6126
484.9	212.50259999999997
485.118	215.59259999999998
485.336	217.2926
485.554	221.80259999999998
485.772	225.34259999999998
485.99	227.9826
486.209	229.5426
486.427	229.60259999999997
486.645	235.3826
486.863	238.6126
487.081	227.4026
487.299	221.9226
487.517	220.6726
487.735	218.16259999999997
487.953	217.50259999999997
488.171	219.68259999999998
488.389	220.78259999999997
488.607	222.30259999999998
488.825	215.4726
489.043	215.7926
489.261	216.77259999999998
489.479	216.5426
489.696	219.0426
489.914	219.6326
490.132	221.8326
490.35	223.37259999999998
490.568	223.9926
490.786	225.84259999999998
491.003	226.59259999999998
491.221	230.46259999999998
491.439	232.5826
491.657	234.4026
491.874	236.26259999999996
492.092	234.91259999999997
492.31	238.71259999999998
492.527	238.3826
492.745	239.9526
492.963	243.2026
493.18	242.46259999999998
493.398	244.5626
493.615	249.9526
493.833	247.8926
494.05	243.66259999999997
494.268	242.7326
494.485	240.0826
494.703	239.60259999999997
494.92	239.03259999999997
495.138	238.55259999999998
495.355	238.2926
495.573	241.3626
495.79	237.1326
496.008	242.55259999999998
496.225	238.82259999999997
496.442	240.28259999999997
496.66	242.43259999999998
496.877	242.2226
497.094	246.6326
497.312	248.80259999999998
497.529	249.1526
497.746	254.04260000000002
497.963	258.0526
498.181	265.9526
498.398	276.5526
498.615	294.7726
498.832	300.3026
499.049	300.4426
499.267	311.8226
499.484	328.4426
499.701	343.36260000000004
499.918	360.0626
500.135	377.45259999999996
500.352	389.9026
500.569	393.72260000000006
500.786	390.8926
501.003	381.0126
501.22	367.0126
501.437	350.63259999999997
501.654	336.68260000000004
501.871	329.79260000000005
502.088	304.4126
502.305	293.2026
502.522	281.9626
502.739	274.3826
502.956	267.0126
503.172	261.31260000000003
503.389	260.1526
503.606	264.0326
503.823	256.8726
504.04	250.18259999999998
504.256	250.12259999999998
504.473	253.40260000000004
504.69	256.0226
504.907	251.78259999999997
505.123	240.1326
505.34	235.60259999999997
505.557	231.2226
505.773	228.09259999999998
505.99	226.3826
506.207	224.44259999999997
506.423	222.6526
506.64	220.1326
506.856	219.9226
507.073	220.5626
507.289	222.1426
507.506	222.77259999999998
507.722	238.7026
507.939	236.2326
508.155	221.2426
508.372	214.2226
508.588	214.0626
508.805	216.6326
509.021	219.77259999999998
509.238	222.1526
509.454	222.9826
509.67	222.5626
509.887	228.9726
510.103	247.00259999999997
510.319	335.7426
510.536	905.3525999999999
510.752	2703.4526
510.968	823.2526
511.184	276.1226
511.401	226.4226
511.617	216.41259999999997
511.833	213.26259999999996
512.049	211.30259999999998
512.265	209.2926
512.481	208.8326
512.698	205.91259999999997
512.914	207.2326
513.13	206.7026
513.346	206.02259999999998
513.562	206.71259999999998
513.778	211.6526
513.994	212.8626
514.21	217.16259999999997
514.426	234.43259999999998
514.642	252.75259999999997
514.858	247.84259999999998
515.074	295.6826
515.29	586.4726
515.506	1623.1826
515.721	672.4626
515.937	279.7426
516.153	237.09259999999998
516.369	226.4226
516.585	223.57259999999997
516.801	226.07259999999997
517.016	231.37259999999998
517.232	234.2426
517.448	240.02259999999998
517.664	242.9226
517.879	244.1526
518.095	241.09259999999998
518.311	238.94259999999997
518.527	233.2326
518.742	227.59259999999998
518.958	224.60259999999997
519.173	220.16259999999997
519.389	219.52259999999998
519.605	215.03259999999997
519.82	214.6126
520.036	221.02259999999998
520.251	238.9226
520.467	231.68259999999998
520.682	223.75259999999997
520.898	227.3926
521.113	235.05259999999998
521.329	262.01259999999996
521.544	334.1825999999999
521.76	703.6326
521.975	2591.4226
522.19	1602.2626
522.406	431.2826
522.621	236.6426
522.836	210.82259999999997
523.052	205.18259999999998
523.267	199.09259999999998
523.482	196.62259999999998
523.698	200.94259999999997
523.913	220.52259999999998
524.128	203.28259999999997
524.343	194.43259999999998
524.559	192.26259999999996
524.774	189.1426
524.989	193.1726
525.204	202.0426
525.419	195.3126
525.634	186.51259999999996
525.849	185.3826
526.064	184.93259999999998
526.28	186.12259999999998
526.495	183.02259999999998
526.71	182.5826
526.925	182.51259999999996
527.14	182.35259999999997
527.355	182.9826
527.57	182.4526
527.785	182.5626
527.999	181.59259999999998
528.214	184.9526
528.429	186.7426
528.644	186.7026
528.859	186.1126
529.074	187.09259999999998
529.289	216.2426
529.503	274.6626
529.718	204.19259999999997
529.933	186.26259999999996
530.148	183.10259999999997
530.363	184.5826
530.577	183.6726
530.792	182.35259999999997
531.007	182.60259999999997
531.221	184.69259999999997
531.436	183.60259999999997
531.651	182.2926
531.865	183.57259999999997
532.08	181.8326
532.295	184.03259999999997
532.509	181.30259999999998
532.724	183.0626
532.938	183.4726
533.153	186.05259999999998
533.367	183.0426
533.582	183.85259999999997
533.796	181.78259999999997
534.011	182.34259999999998
534.225	181.19259999999997
534.44	179.84259999999998
534.654	180.69259999999997
534.868	179.1726
535.083	181.9526
535.297	183.44259999999997
535.511	188.78259999999997
535.726	191.2926
535.94	185.18259999999998
536.154	181.7326
536.369	177.7026
536.583	176.0826
536.797	175.5826
537.011	175.26259999999996
537.225	173.9926
537.44	175.18259999999998
537.654	175.8626
537.868	175.3626
538.082	177.6726
538.296	174.80259999999998
538.51	173.52259999999998
538.724	173.4726
538.938	173.71259999999998
539.153	175.7226
539.367	186.12259999999998
539.581	177.3126
539.795	171.84259999999998
540.009	171.7026
540.222	171.3626
540.436	173.50259999999997
540.65	170.80259999999998
540.864	173.8926
541.078	177.0426
541.292	175.4526
541.506	171.78259999999997
541.72	172.00260000000003
541.934	168.7826
542.147	169.02259999999998
542.361	168.9526
542.575	167.09260000000003
542.789	169.6526
543.002	169.43259999999998
543.216	173.35259999999997
543.43	177.19259999999997
543.644	171.00259999999997
543.857	170.6026
544.071	171.3826
544.285	172.9026
544.498	171.51259999999996
544.712	170.39260000000002
544.925	169.9726
545.139	171.2426
545.352	169.7626
545.566	169.1126
545.779	169.03259999999997
545.993	167.9926
546.206	168.68259999999998
546.42	169.8126
546.633	174.10259999999997
546.847	173.28259999999997
547.06	170.2026
547.274	168.9226
547.487	168.6026
547.7	170.5326
547.914	168.7426
548.127	170.1126
548.34	170.12259999999998
548.554	169.34259999999998
548.767	169.9926
548.98	170.07259999999997
549.193	167.7226
549.407	171.94259999999997
549.62	171.1426
549.833	171.16259999999997
550.046	171.82259999999997
550.259	168.6726
550.473	166.82260000000002
550.686	170.50260000000003
550.899	168.14260000000002
551.112	168.5626
551.325	167.8126
551.538	167.16260000000003
551.751	169.1726
551.964	167.6926
552.177	169.1526
552.39	170.7226
552.603	174.84259999999998
552.816	175.8826
553.029	175.00259999999997
553.242	178.25259999999997
553.455	187.12259999999998
553.667	191.55259999999998
553.88	188.68259999999998
554.093	178.9026
554.306	175.19259999999997
554.519	172.46259999999998
554.732	170.4026
554.944	169.1726
555.157	166.8526
555.37	165.6326
555.583	166.9226
555.795	168.02259999999998
556.008	161.9126
556.221	161.8326
556.433	159.7326
556.646	161.0326
556.859	160.6626
557.071	157.9826
557.284	158.3226
557.496	158.1426
557.709	156.9626
557.921	155.4826
558.134	156.7526
558.346	157.1826
558.559	155.3426
558.771	153.3726
558.984	154.0826
559.196	153.5126
559.409	152.4626
559.621	152.0326
559.833	151.7426
560.046	152.45260000000002
560.258	155.36260000000001
560.47	154.3926
560.683	153.20260000000002
560.895	153.3026
561.107	153.1726
561.32	152.7126
561.532	151.7726
561.744	153.9826
561.956	154.0026
562.168	155.2826
562.381	154.6026
562.593	154.7226
562.805	155.5826
563.017	155.11260000000001
563.229	154.7526
563.441	154.5526
563.653	153.8826
563.865	153.4926
564.077	155.2626
564.289	157.5626
564.501	156.9226
564.713	159.61260000000001
564.925	164.4426
565.137	174.14260000000002
565.349	166.2426
565.561	165.7626
565.773	168.8126
565.985	172.5626
566.197	176.2426
566.408	181.3626
566.62	187.4226
566.832	193.75259999999997
567.044	196.3926
567.255	195.7326
567.467	198.26259999999996
567.679	205.8926
567.891	212.57259999999997
568.102	212.5426
568.314	203.02259999999998
568.526	191.7426
568.737	185.76259999999996
568.949	176.6126
569.161	170.76259999999996
569.372	165.6326
569.584	162.84260000000003
569.795	162.75260000000003
570.007	183.27259999999998
570.218	310.38259999999997
570.43	198.6926
570.641	159.9326
570.853	154.3026
571.064	155.0726
571.276	154.0326
571.487	149.4826
571.698	148.5726
571.91	147.3226
572.121	145.6926
572.333	143.6726
572.544	142.6526
572.755	142.0926
572.966	142.8226
573.178	142.7626
573.389	143.6726
573.6	140.5726
573.811	139.3526
574.023	138.9626
574.234	140.04260000000002
574.445	139.7526
574.656	138.1826
574.867	138.1526
575.078	138.9826
575.289	139.7726
575.501	139.8926
575.712	137.0526
575.923	136.9626
576.134	136.3026
576.345	135.8226
576.556	137.7326
576.767	139.5626
576.978	139.4926
577.188	138.6926
577.399	139.3326
577.61	138.5526
577.821	142.8426
578.032	159.6026
578.243	313.2126
578.454	808.5226
578.665	258.63259999999997
578.875	148.79260000000002
579.086	135.8326
579.297	132.6626
579.508	132.3126
579.718	133.9126
579.929	132.5826
580.14	130.70260000000002
580.35	130.1826
580.561	130.04260000000002
580.772	130.4426
580.982	128.9826
581.193	128.2526
581.403	129.4826
581.614	129.0226
581.825	127.89259999999999
582.035	128.5326
582.246	128.4926
582.456	127.4926
582.667	127.9726
582.877	127.2026
583.087	127.38260000000001
583.298	127.9726
583.508	128.1926
583.719	128.86260000000001
583.929	130.1926
584.139	126.71260000000001
584.35	126.63260000000001
584.56	127.7626
584.77	127.4126
584.981	126.9426
585.191	127.2026
585.401	127.06259999999999
585.611	127.0326
585.821	128.0326
586.032	129.5026
586.242	125.8326
586.452	126.6126
586.662	126.21260000000001
586.872	124.5026
587.082	127.2226
587.292	125.29260000000001
587.502	125.23259999999999
587.713	125.1626
587.923	127.6926
588.133	126.9726
588.343	125.3326
588.553	125.2226
588.762	132.1626
588.972	147.3126
589.182	257.6026
589.392	175.2926
589.602	147.5926
589.812	202.7826
590.022	146.9026
590.232	127.0126
590.441	126.79260000000001
590.651	125.88260000000001
590.861	125.4426
591.071	128.2826
591.281	127.89259999999999
591.49	128.0326
591.7	127.2026
591.91	130.4626
592.119	129.7526
592.329	132.9426
592.539	137.9026
592.748	135.5326
592.958	135.0826
593.167	134.6726
593.377	135.2426
593.587	142.1226
593.796	136.8726
594.006	136.9426
594.215	137.4626
594.424	136.4726
594.634	134.6526
594.843	131.6226
595.053	130.5326
595.262	128.9826
595.472	129.5926
595.681	126.5026
595.89	126.7626
596.1	124.89259999999999
596.309	125.1226
596.518	124.04260000000001
596.727	123.6926
596.937	122.18260000000001
597.146	122.0826
597.355	122.7026
597.564	120.38260000000001
597.774	121.29260000000001
597.983	120.6226
598.192	118.0926
598.401	119.9226
598.61	120.23259999999999
598.819	120.29260000000001
599.028	119.2226
599.237	117.06259999999999
599.446	120.31259999999999
599.655	118.31259999999999
599.864	118.46260000000001
600.073	117.14259999999999
600.282	119.31259999999999
600.491	118.5926
600.7	117.2826
600.909	118.1226
601.118	119.10260000000001
601.327	119.0726
601.536	119.2026
601.745	118.38260000000001
601.953	118.2826
602.162	117.0726
602.371	117.4426
602.58	116.90259999999999
602.789	118.1226
602.997	115.7026
603.206	116.6626
603.415	114.27260000000001
603.623	114.9726
603.832	115.3226
604.041	114.3626
604.249	114.68260000000001
604.458	115.10260000000001
604.666	112.6926
604.875	113.1726
605.084	113.8626
605.292	112.96260000000001
605.501	114.43260000000001
605.709	114.1926
605.918	113.7026
606.126	115.40259999999999
606.334	113.2826
606.543	114.0026
606.751	114.3626
606.96	113.8326
607.168	113.2026
607.376	115.8726
607.585	115.1226
607.793	114.5926
608.001	112.2626
608.21	113.3426
608.418	112.3726
608.626	110.5126
608.834	112.46260000000001
609.043	113.04260000000001
609.251	111.7526
609.459	113.15259999999999
609.667	115.64259999999999
609.875	111.6926
610.083	112.0326
610.291	111.9426
610.499	111.64259999999999
610.707	111.3726
610.916	111.5726
611.124	111.79260000000001
611.332	112.3726
611.54	112.48259999999999
611.748	112.52260000000001
611.955	112.79260000000001
612.163	111.7426
612.371	112.1926
612.579	111.0926
612.787	111.4426
612.995	113.23259999999999
613.203	113.3426
613.411	111.4526
613.618	111.0726
613.826	111.48259999999999
614.034	110.71260000000001
614.242	113.4726
614.449	111.05260000000001
614.657	111.29260000000001
614.865	110.60260000000001
615.072	112.43260000000001
615.28	111.4126
615.488	113.4226
615.695	116.6126
615.903	118.8426
616.111	121.23259999999999
616.318	123.7526
616.526	117.77260000000001
616.733	119.31259999999999
616.941	114.89259999999999
617.148	116.0726
617.356	112.71260000000001
617.563	112.2826
617.771	112.0326
617.978	112.0026
618.185	110.96260000000001
618.393	110.73259999999999
618.6	111.3426
618.807	111.0826
619.015	111.2426
619.222	109.64259999999999
619.429	110.55260000000001
619.637	111.55260000000001
619.844	110.0726
620.051	109.8226
620.258	109.1226
620.466	108.8626
620.673	108.15259999999999
620.88	107.85260000000001
621.087	106.7226
621.294	108.5026
621.501	108.0826
621.708	107.48259999999999
621.915	108.06259999999999
622.122	107.64259999999999
622.329	108.6626
622.536	108.14259999999999
622.743	106.5926
622.95	107.0926
623.157	105.7826
623.364	108.5026
623.571	107.14259999999999
623.778	104.9526
623.985	107.5126
624.192	106.80260000000001
624.399	105.2226
624.606	107.96260000000001
624.812	105.96260000000001
625.019	104.4426
625.226	105.7426
625.433	107.9426
625.639	106.3326
625.846	106.54260000000001
626.053	103.3426
626.259	105.10260000000001
626.466	105.9726
626.673	105.1626
626.879	104.52260000000001
627.086	106.9226
627.293	106.31259999999999
627.499	106.1926
627.706	103.4926
627.912	103.8326
628.119	103.60260000000001
628.325	108.30260000000001
628.532	104.93260000000001
628.738	103.7826
628.945	102.64259999999999
629.151	104.7026
629.357	103.4926
629.564	105.13260000000001
629.77	103.43260000000001
629.976	102.10260000000001
630.183	101.73259999999999
630.389	100.98259999999999
630.595	103.9226
630.802	103.1726
631.008	101.71260000000001
631.214	101.52260000000001
631.42	102.2426
631.627	103.9226
631.833	102.1326
632.039	102.5326
632.245	101.7626
632.451	102.5526
632.657	101.0326
632.863	99.68260000000001
633.069	101.4426
633.275	101.6226
633.481	101.2026
633.688	101.0826
633.893	104.0326
634.099	99.85260000000001
634.305	99.8826
634.511	99.23259999999999
634.717	102.5026
634.923	99.10260000000001
635.129	99.1126
635.335	100.5526
635.541	99.6926
635.747	102.54260000000001
635.952	100.2826
636.158	102.89259999999999
636.364	121.14259999999999
636.57	114.64259999999999
636.775	103.0026
636.981	100.7226
637.187	100.4426
637.392	100.77260000000001
637.598	99.6326
637.804	100.77260000000001
638.009	98.9126
638.215	100.27260000000001
638.421	98.2826
638.626	99.0926
638.832	99.7526
639.037	99.73259999999999
639.243	99.29260000000001
639.448	99.1126
639.654	100.3626
639.859	97.6726
640.065	96.0926
640.27	102.2226
640.475	99.02260000000001
640.681	97.6126
640.886	100.0726
641.091	98.2226
641.297	100.5726
641.502	97.7526
641.707	100.1226
641.913	99.02260000000001
642.118	97.9426
642.323	98.27260000000001
642.528	99.77260000000001
642.733	100.6326
642.939	100.0126
643.144	98.31259999999999
643.349	97.0326
643.554	98.4926
643.759	97.1226
643.964	96.27260000000001
644.169	98.2026
644.374	97.27260000000001
644.579	99.40259999999999
644.784	97.9226
644.989	99.1326
645.194	98.2826
645.399	98.48259999999999
645.604	97.8626
645.809	100.90259999999999
646.014	99.43260000000001
646.219	98.2526
646.423	96.73259999999999
646.628	96.9226
646.833	95.10260000000001
647.038	98.9526
647.243	100.9926
647.447	97.1226
647.652	98.93260000000001
647.857	98.04260000000001
648.062	100.6126
648.266	99.60260000000001
648.471	104.23259999999999
648.676	105.8826
648.88	103.5726
649.085	104.02260000000001
649.289	102.5126
649.494	110.65259999999999
649.698	134.2226
649.903	109.10260000000001
650.107	100.6626
650.312	99.96260000000001
650.516	97.1626
650.721	97.4726
650.925	95.9726
651.13	94.4126
651.334	95.5026
651.539	93.3226
651.743	93.3826
651.947	94.2026
652.152	93.5826
652.356	94.10260000000001
652.56	93.8826
652.764	92.43260000000001
652.969	92.71260000000001
653.173	89.79260000000001
653.377	90.15259999999999
653.581	90.5526
653.785	92.0026
653.99	91.4526
654.194	91.3326
654.398	91.27260000000001
654.602	91.68260000000001
654.806	95.29260000000001
655.01	104.5926
655.214	96.3326
655.418	93.0126
655.622	91.0126
655.826	93.2426
656.03	94.0326
656.234	97.04260000000001
656.438	103.0026
656.642	101.54260000000001
656.846	95.4626
657.049	93.56259999999999
657.253	90.4226
657.457	90.1126
657.661	87.8326
657.865	87.1126
658.068	87.3026
658.272	85.3426
658.476	86.8826
658.68	86.5926
658.883	85.54260000000001
659.087	84.0926
659.291	86.1226
659.494	84.5826
659.698	84.02260000000001
659.901	84.98259999999999
660.105	84.60260000000001
660.309	83.7226
660.512	84.6226
660.716	84.9926
660.919	83.3726
661.123	86.18260000000001
661.326	83.5126
661.53	83.5526
661.733	84.5026
661.936	83.3026
662.14	82.5726
662.343	80.7126
662.546	82.4726
662.75	84.1626
662.953	83.7626
663.156	81.9226
663.36	82.43260000000001
663.563	82.8326
663.766	81.27260000000001
663.969	82.35260000000001
664.173	81.0826
664.376	80.8426
664.579	81.0926
664.782	81.0526
664.985	80.5426
665.188	82.15259999999999
665.391	81.93260000000001
665.594	81.3026
665.797	80.5826
666.0	81.23259999999999
666.203	81.6726
666.406	80.0526
666.609	80.3126
666.812	80.3026
667.015	81.7226
667.218	83.2626
667.421	82.2126
667.624	81.1126
667.827	82.5326
668.03	81.1126
668.232	80.3426
668.435	81.5726
668.638	80.7626
668.841	82.2026
669.043	81.65259999999999
669.246	82.5826
669.449	82.14259999999999
669.651	81.6226
669.854	80.7426
670.057	81.4126
670.259	81.2526
670.462	80.5626
670.665	82.1626
670.867	81.6926
671.07	81.4626
671.272	82.40259999999999
671.475	83.5926
671.677	80.60260000000001
671.88	81.7626
672.082	81.14259999999999
672.284	81.9726
672.487	81.5926
672.689	81.93260000000001
672.892	80.1926
