223.165	-18.3737
223.4	-18.3737
223.635	-18.3737
223.869	-19.2337
224.104	-19.973699999999997
224.338	-16.1937
224.573	-14.303700000000001
224.808	-13.0637
225.042	-6.5037
225.277	-5.6337
225.511	-1.3937
225.746	3.2763
225.98	6.4763
226.215	12.6763
226.449	15.9363
226.683	20.6963
226.918	25.5863
227.152	30.026300000000003
227.387	35.2563
227.621	38.716300000000004
227.856	44.3763
228.09	46.9763
228.324	50.5663
228.559	55.7863
228.793	59.406299999999995
229.027	67.27629999999999
229.262	69.6463
229.496	76.7463
229.73	86.4163
229.964	88.1763
230.199	78.85629999999999
230.433	79.05630000000001
230.667	82.6463
230.901	81.0663
231.136	80.30630000000001
231.37	83.0063
231.604	83.28630000000001
231.838	84.71629999999999
232.072	83.12629999999999
232.306	84.8063
232.541	84.21629999999999
232.775	84.19630000000001
233.009	83.4963
233.243	85.3363
233.477	84.4063
233.711	84.5663
233.945	84.4963
234.179	84.3363
234.413	85.5863
234.647	83.1063
234.881	83.03630000000001
235.115	82.7363
235.349	83.13629999999999
235.583	84.1463
235.817	84.4163
236.051	83.21629999999999
236.285	82.96629999999999
236.519	83.4863
236.753	83.7463
236.987	87.12629999999999
237.221	94.61630000000001
237.455	95.4963
237.689	86.38629999999999
237.922	84.2363
238.156	83.5863
238.39	81.9863
238.624	81.7763
238.858	81.71629999999999
239.091	81.8263
239.325	82.7563
239.559	85.61630000000001
239.793	84.1763
240.027	85.44630000000001
240.26	84.0063
240.494	87.4763
240.728	84.3363
240.961	85.4363
241.195	85.0763
241.429	83.94630000000001
241.662	81.2463
241.896	83.11630000000001
242.13	84.7263
242.363	82.28630000000001
242.597	83.3263
242.83	84.20630000000001
243.064	84.6663
243.298	85.53630000000001
243.531	84.3963
243.765	84.8463
243.998	86.03630000000001
244.232	86.04629999999999
244.465	89.5963
244.699	87.5563
244.932	85.7463
245.166	86.1863
245.399	86.0663
245.633	85.9363
245.866	85.5763
246.099	84.94630000000001
246.333	85.5963
246.566	87.5863
246.8	88.5663
247.033	87.62629999999999
247.266	89.0563
247.5	88.4263
247.733	90.4963
247.966	88.6663
248.2	89.1863
248.433	90.37629999999999
248.666	89.1063
248.899	93.2363
249.133	96.4163
249.366	106.2563
249.599	103.7463
249.832	91.7263
250.066	93.0063
250.299	92.5063
250.532	91.6863
250.765	94.5163
250.998	95.46629999999999
251.231	95.0563
251.465	93.4063
251.698	92.8463
251.931	91.9763
252.164	92.63629999999999
252.397	92.79629999999999
252.63	93.3063
252.863	93.4263
253.096	95.1663
253.329	98.0663
253.562	95.95630000000001
253.795	95.8563
254.028	95.4163
254.261	94.78630000000001
254.494	97.5563
254.727	103.0263
254.96	102.2763
255.193	97.9263
255.426	97.5263
255.659	95.6463
255.892	97.8463
256.124	93.12629999999999
256.357	96.3263
256.59	95.79629999999999
256.823	96.0063
257.056	94.87629999999999
257.289	94.5563
257.521	96.21629999999999
257.754	95.1563
257.987	95.0163
258.22	96.70630000000001
258.452	95.9863
258.685	96.44630000000001
258.918	96.3463
259.151	96.8263
259.383	98.21629999999999
259.616	96.5563
259.849	97.86630000000001
260.081	100.8263
260.314	102.6663
260.547	99.36630000000001
260.779	100.1063
261.012	99.1763
261.244	98.8463
261.477	101.69630000000001
261.71	107.1863
261.942	118.4763
262.175	121.1863
262.407	103.3063
262.64	98.1063
262.872	98.21629999999999
263.105	98.5163
263.337	99.1563
263.57	98.46629999999999
263.802	98.6763
264.035	100.37629999999999
264.267	98.4963
264.499	97.5863
264.732	99.5963
264.964	97.7763
265.197	97.8363
265.429	97.8463
265.661	100.2363
265.894	98.70630000000001
266.126	101.61630000000001
266.358	100.8163
266.591	99.79629999999999
266.823	101.28630000000001
267.055	100.54629999999999
267.287	102.1463
267.52	98.7763
267.752	99.29629999999999
267.984	101.20630000000001
268.216	100.2563
268.448	103.2663
268.681	102.7663
268.913	104.96629999999999
269.145	106.6063
269.377	107.4163
269.609	106.21629999999999
269.841	104.94630000000001
270.073	106.7763
270.306	109.4163
270.538	112.2563
270.77	109.2563
271.002	108.9063
271.234	108.4163
271.466	111.9763
271.698	110.45630000000001
271.93	110.13629999999999
272.162	112.2463
272.394	111.94630000000001
272.626	107.63629999999999
272.858	108.0963
273.09	106.46629999999999
273.322	105.2663
273.553	104.8563
273.785	105.7563
274.017	105.9063
274.249	106.28630000000001
274.481	105.4063
274.713	105.29629999999999
274.945	106.8063
275.176	105.3063
275.408	107.5663
275.64	106.4863
275.872	108.0963
276.104	108.71629999999999
276.335	110.5263
276.567	117.6763
276.799	125.28630000000001
277.031	121.6063
277.262	114.8263
277.494	114.2563
277.726	109.61630000000001
277.957	108.6663
278.189	109.3363
278.421	108.4063
278.652	108.1063
278.884	108.1763
279.115	108.21629999999999
279.347	109.3563
279.579	108.5563
279.81	106.0163
280.042	108.8363
280.273	110.0163
280.505	108.0063
280.736	108.69630000000001
280.968	107.8963
281.199	110.03630000000001
281.431	108.95630000000001
281.662	110.20630000000001
281.894	113.0763
282.125	118.63629999999999
282.356	135.4163
282.588	150.0363
282.819	129.8963
283.051	112.87629999999999
283.282	108.8363
283.513	113.1463
283.745	110.5663
283.976	111.6063
284.207	111.7363
284.439	111.5963
284.67	113.0063
284.901	111.12629999999999
285.132	110.5863
285.364	110.8463
285.595	111.45630000000001
285.826	112.3963
286.057	113.5663
286.288	111.5263
286.52	110.3063
286.751	112.2263
286.982	113.29629999999999
287.213	110.79629999999999
287.444	112.53630000000001
287.675	112.71629999999999
287.906	115.6663
288.138	115.61630000000001
288.369	117.7763
288.6	118.94630000000001
288.831	114.5663
289.062	116.1663
289.293	116.03630000000001
289.524	112.95630000000001
289.755	112.9363
289.986	114.7263
290.217	114.1863
290.448	113.8363
290.679	115.8263
290.91	116.19630000000001
291.141	112.8563
291.371	114.8263
291.602	113.44630000000001
291.833	115.2763
292.064	114.3063
292.295	115.54629999999999
292.526	115.6463
292.757	113.3463
292.987	114.8363
293.218	114.4063
293.449	114.5263
293.68	116.11630000000001
293.91	114.11630000000001
294.141	116.1663
294.372	115.13629999999999
294.603	116.3563
294.833	115.4963
295.064	116.8963
295.295	117.5963
295.525	118.2363
295.756	126.20630000000001
295.987	136.3863
296.217	153.9063
296.448	143.81629999999998
296.679	122.03630000000001
296.909	118.9163
297.14	117.0863
297.37	118.8163
297.601	116.2763
297.831	117.71629999999999
298.062	120.19630000000001
298.292	119.38629999999999
298.523	120.11630000000001
298.753	118.5063
298.984	119.2763
299.214	118.5563
299.445	120.03630000000001
299.675	118.9963
299.905	121.3563
300.136	120.21629999999999
300.366	116.7563
300.597	121.6763
300.827	123.0963
301.057	126.70630000000001
301.288	130.8463
301.518	124.0963
301.748	120.7663
301.979	132.1763
302.209	120.38629999999999
302.439	119.88629999999999
302.669	123.1863
302.9	121.7763
303.13	121.3163
303.36	125.0963
303.59	128.9663
303.82	132.5963
304.051	125.2763
304.281	122.3363
304.511	122.7363
304.741	120.3363
304.971	118.0963
305.201	121.5963
305.431	120.6063
305.661	121.9063
305.891	120.69630000000001
306.121	125.9363
306.352	129.7363
306.582	130.7163
306.812	124.9763
307.042	122.13629999999999
307.272	123.1763
307.502	123.7663
307.731	122.6463
307.961	121.29629999999999
308.191	120.5163
308.421	122.1463
308.651	123.6663
308.881	124.8463
309.111	123.1463
309.341	125.5563
309.571	129.1763
309.8	127.6663
310.03	128.9263
310.26	128.6563
310.49	127.21629999999999
310.72	129.97629999999998
310.949	132.6263
311.179	131.93630000000002
311.409	127.70630000000001
311.639	128.3563
311.868	128.5963
312.098	130.31629999999998
312.328	132.1163
312.557	134.6063
312.787	138.1063
313.017	136.1263
313.246	130.1563
313.476	128.2963
313.706	128.6963
313.935	129.72629999999998
314.165	133.18630000000002
314.394	136.1663
314.624	132.1163
314.853	131.7563
315.083	128.8063
315.312	127.95630000000001
315.542	127.54629999999999
315.771	126.8063
316.001	127.3463
316.23	126.5563
316.46	125.6063
316.689	126.7563
316.919	128.8263
317.148	130.3963
317.377	130.0563
317.607	129.93630000000002
317.836	127.62629999999999
318.065	127.38629999999999
318.295	126.86630000000001
318.524	125.6863
318.753	128.8563
318.983	128.8863
319.212	132.0463
319.441	139.06629999999998
319.67	138.1163
319.9	129.3663
320.129	128.6963
320.358	128.31629999999998
320.587	130.5263
320.816	133.4263
321.046	133.81629999999998
321.275	133.2963
321.504	132.31629999999998
321.733	134.0063
321.962	134.4863
322.191	136.68630000000002
322.42	140.78629999999998
322.649	143.3363
322.878	148.10629999999998
323.108	152.10629999999998
323.337	161.69629999999998
323.566	168.6763
323.795	190.1163
324.024	243.37630000000001
324.253	421.2063
324.482	833.5863
324.71	1613.5063000000002
324.939	2053.4463
325.168	830.7563
325.397	285.10630000000003
325.626	190.7463
325.855	170.5163
326.084	166.3663
326.313	169.8363
326.542	191.8363
326.77	267.0263
326.999	481.61629999999997
327.228	939.4963
327.457	1639.0763
327.686	1317.4863
327.914	406.41630000000004
328.143	241.46630000000002
328.372	194.66629999999998
328.6	169.0363
328.829	161.1763
329.058	169.3363
329.287	169.75629999999998
329.515	153.1363
329.744	145.9063
329.972	145.0863
330.201	147.5863
330.43	156.1163
330.658	164.55630000000002
330.887	181.6063
331.115	163.09629999999999
331.344	145.9663
331.572	146.5963
331.801	146.9563
332.03	148.7163
332.258	145.3463
332.486	142.0263
332.715	144.1463
332.943	145.4563
333.172	147.0263
333.4	148.9863
333.629	155.5563
333.857	160.2063
334.085	154.6363
334.314	150.5763
334.542	152.2063
334.771	152.1663
334.999	148.2063
335.227	145.4163
335.455	144.7763
335.684	144.8863
335.912	144.93630000000002
336.14	145.4063
336.369	144.4063
336.597	145.1263
336.825	143.7763
337.053	140.4563
337.281	139.2663
337.51	137.8763
337.738	141.2463
337.966	140.4863
338.194	145.8863
338.422	148.47629999999998
338.65	141.56629999999998
338.878	137.0163
339.106	133.7463
339.334	137.0763
339.562	133.1563
339.79	134.0963
340.018	134.7763
340.246	133.60629999999998
340.474	135.9963
340.702	136.2363
340.93	134.93630000000002
341.158	134.2663
341.386	137.1163
341.614	137.6763
341.842	134.5463
342.07	133.53629999999998
342.298	134.2063
342.526	133.0063
342.754	131.19629999999998
342.981	130.1163
343.209	132.9063
343.437	145.2063
343.665	138.0063
343.893	140.7163
344.12	141.4163
344.348	139.4863
344.576	137.7663
344.804	137.60629999999998
345.031	138.56629999999998
345.259	138.6563
345.487	135.68630000000002
345.714	134.9963
345.942	134.7763
346.17	134.18630000000002
346.397	133.0963
346.625	134.3463
346.853	132.3063
347.08	130.8963
347.308	135.47629999999998
347.535	137.7063
347.763	138.72629999999998
347.99	138.6363
348.218	141.31629999999998
348.445	141.3663
348.673	136.6663
348.9	137.7163
349.128	136.0463
349.355	131.4663
349.583	134.2663
349.81	134.28629999999998
350.037	133.9063
350.265	134.4863
350.492	134.4563
350.72	134.8763
350.947	139.10629999999998
351.174	145.81629999999998
351.402	146.0963
351.629	141.4563
351.856	139.1163
352.083	139.6463
352.311	143.44629999999998
352.538	143.9663
352.765	147.4163
352.992	148.8363
353.22	147.43630000000002
353.447	142.4263
353.674	140.6263
353.901	136.2863
354.128	135.9663
354.355	134.6163
354.583	135.9863
354.81	134.6763
355.037	136.8863
355.264	131.8063
355.491	132.1963
355.718	132.5363
355.945	132.68630000000002
356.172	133.3063
356.399	133.9963
356.626	133.0363
356.853	131.1063
357.08	132.3963
357.307	132.93630000000002
357.534	128.7663
357.761	132.6563
357.988	133.4863
358.215	133.8663
358.441	132.1663
358.668	130.9463
358.895	130.43630000000002
359.122	129.4063
359.349	129.53629999999998
359.576	132.8363
359.802	141.1663
360.029	148.9163
360.256	146.7563
360.483	138.9563
360.709	130.3763
360.936	133.31629999999998
361.163	134.3263
361.39	135.6163
361.616	133.9963
361.843	131.1463
362.07	133.4563
362.296	132.94629999999998
362.523	130.3763
362.749	133.69629999999998
362.976	129.7663
363.203	132.0763
363.429	128.06629999999998
363.656	130.03629999999998
363.882	129.0763
364.109	131.3763
364.335	131.9663
364.562	128.9063
364.788	129.7963
365.015	133.18630000000002
365.241	136.6763
365.468	142.7763
365.694	140.3763
365.92	134.69629999999998
366.147	129.78629999999998
366.373	128.3663
366.599	130.69629999999998
366.826	127.5063
367.052	128.31629999999998
367.278	130.2763
367.505	130.56629999999998
367.731	131.2763
367.957	130.4663
368.184	132.94629999999998
368.41	138.0863
368.636	146.5863
368.862	152.2063
369.089	141.10629999999998
369.315	130.8263
369.541	131.5063
369.767	129.6363
369.993	132.22629999999998
370.219	130.7463
370.445	130.3463
370.672	127.9263
370.898	129.1163
371.124	129.44629999999998
371.35	129.2163
371.576	130.22629999999998
371.802	127.4763
372.028	130.78629999999998
372.254	130.94629999999998
372.48	132.4863
372.706	131.8463
372.932	131.3963
373.158	132.0063
373.384	133.69629999999998
373.61	134.28629999999998
373.835	132.18630000000002
374.061	131.69629999999998
374.287	134.9063
374.513	132.8263
374.739	135.7063
374.965	135.9663
375.191	135.7563
375.416	135.0163
375.642	135.0163
375.868	135.60629999999998
376.094	134.4663
376.319	131.4663
376.545	131.56629999999998
376.771	133.6163
376.997	132.69629999999998
377.222	132.0763
377.448	132.3963
377.674	132.7563
377.899	131.5863
378.125	131.3063
378.35	132.56629999999998
378.576	132.53629999999998
378.802	132.0463
379.027	131.8063
379.253	132.8363
379.478	133.97629999999998
379.704	133.5063
379.929	134.9063
380.155	134.4263
380.38	134.93630000000002
380.606	135.1263
380.831	136.4863
381.057	139.93630000000002
381.282	136.9163
381.507	136.2663
381.733	138.60629999999998
381.958	139.10629999999998
382.184	139.9563
382.409	141.8063
382.634	144.6263
382.86	141.9863
383.085	144.28629999999998
383.31	144.35629999999998
383.535	143.4963
383.761	144.6363
383.986	145.10629999999998
384.211	144.7363
384.436	144.6763
384.662	147.6763
384.887	150.8363
385.112	149.22629999999998
385.337	150.97629999999998
385.562	150.8063
385.787	150.8263
386.013	158.0163
386.238	159.81629999999998
386.463	152.9863
386.688	158.2363
386.913	149.8263
387.138	152.8063
387.363	149.9563
387.588	148.22629999999998
387.813	149.8363
388.038	151.31629999999998
388.263	156.5063
388.488	154.0763
388.713	147.9163
388.938	146.9863
389.163	146.5963
389.387	145.9163
389.612	143.9163
389.837	141.5963
390.062	142.1563
390.287	143.4163
390.512	142.28629999999998
390.736	143.3663
390.961	142.7663
391.186	145.0463
391.411	149.10629999999998
391.636	147.8363
391.86	144.2163
392.085	144.35629999999998
392.31	142.3263
392.534	141.19629999999998
392.759	141.81629999999998
392.984	141.0963
393.208	139.8363
393.433	140.68630000000002
393.658	140.69629999999998
393.882	140.97629999999998
394.107	140.2063
394.331	142.44629999999998
394.556	142.3763
394.78	144.8463
395.005	144.9963
395.229	143.7763
395.454	143.5963
395.678	145.94629999999998
395.903	146.78629999999998
396.127	147.0463
396.352	144.3863
396.576	141.22629999999998
396.801	140.9063
397.025	142.43630000000002
397.249	142.2163
397.474	147.9263
397.698	146.2363
397.922	147.0063
398.147	147.0963
398.371	148.7363
398.595	150.8663
398.82	152.4563
399.044	157.7163
399.268	165.4563
399.492	176.7063
399.717	184.96630000000002
399.941	183.31629999999998
400.165	179.2063
400.389	170.9263
400.613	159.7363
400.837	154.5163
401.062	151.3263
401.286	154.7363
401.51	151.9563
401.734	152.94629999999998
401.958	163.82629999999997
402.182	182.09629999999999
402.406	210.0263
402.63	176.98629999999997
402.854	161.56629999999998
403.078	158.44629999999998
403.302	160.31629999999998
403.526	160.3963
403.75	161.4863
403.974	161.78629999999998
404.198	161.1463
404.422	163.7663
404.645	162.03629999999998
404.869	162.1763
405.093	165.3863
405.317	168.9363
405.541	172.2663
405.765	168.47629999999998
405.988	182.0363
406.212	228.0263
406.436	270.9663
406.66	207.9963
406.883	173.0163
407.107	175.6963
407.331	182.6663
407.555	189.1663
407.778	184.7763
408.002	173.4463
408.226	169.6763
408.449	165.5863
408.673	166.3363
408.896	170.91629999999998
409.12	172.5163
409.344	164.9363
409.567	160.9263
409.791	162.7763
410.014	163.97629999999998
410.238	161.1763
410.461	162.0463
410.685	164.1363
410.908	169.84629999999999
411.132	174.3563
411.355	170.16629999999998
411.578	161.4163
411.802	155.47629999999998
412.025	156.3763
412.249	158.7763
412.472	157.47629999999998
412.695	157.5163
412.919	154.72629999999998
413.142	152.35629999999998
413.365	152.0863
413.589	153.0463
413.812	152.8363
414.035	155.68630000000002
414.258	152.7663
414.482	153.9863
414.705	153.2763
414.928	153.9063
415.151	155.10629999999998
415.374	155.35629999999998
415.597	150.8263
415.821	150.3763
416.044	151.4963
416.267	150.1263
416.49	148.03629999999998
416.713	148.7963
416.936	152.2463
417.159	149.3463
417.382	150.5763
417.605	153.43630000000002
417.828	157.56629999999998
418.051	153.69629999999998
418.274	153.9163
418.497	151.31629999999998
418.72	152.1763
418.943	154.5563
419.166	156.1263
419.389	159.5763
419.611	158.9963
419.834	157.1263
420.057	156.3463
420.28	153.97629999999998
420.503	150.4663
420.726	152.6763
420.948	155.2463
421.171	161.8263
421.394	163.34629999999999
421.617	155.19629999999998
421.839	154.2663
422.062	155.1263
422.285	160.0163
422.507	171.4363
422.73	178.47629999999998
422.953	164.25629999999998
423.175	159.4063
423.398	158.2063
423.621	158.3863
423.843	159.6163
424.066	157.7963
424.288	157.8963
424.511	163.84629999999999
424.733	173.22629999999998
424.956	181.6963
425.178	173.3563
425.401	177.3863
425.623	174.9263
425.846	158.6563
426.068	156.9263
426.291	155.7963
426.513	154.8863
426.735	157.4663
426.958	165.9563
427.18	180.23629999999997
427.402	216.6563
427.625	237.31629999999998
427.847	191.34629999999999
428.069	166.8663
428.292	151.60629999999998
428.514	146.47629999999998
428.736	146.2163
428.958	144.60629999999998
429.181	145.06629999999998
429.403	143.56629999999998
429.625	147.8463
429.847	153.3963
430.069	163.1863
430.292	154.5963
430.514	144.85629999999998
430.736	142.8463
430.958	144.7163
431.18	141.2463
431.402	142.4263
431.624	141.56629999999998
431.846	142.8063
432.068	144.56629999999998
432.29	145.3063
432.512	145.1163
432.734	144.5263
432.956	147.5163
433.178	153.53629999999998
433.4	153.47629999999998
433.622	146.31629999999998
433.844	145.3663
434.066	147.9163
434.287	148.4263
434.509	149.78629999999998
434.731	152.1563
434.953	152.2163
435.175	154.8863
435.397	156.31629999999998
435.618	157.0263
435.84	170.34629999999999
436.062	191.98629999999997
436.284	185.2863
436.505	163.8563
436.727	161.0563
436.949	152.53629999999998
437.17	148.2363
437.392	146.47629999999998
437.614	151.69629999999998
437.835	163.2663
438.057	181.62630000000001
438.278	183.4963
438.5	180.4363
438.721	201.5063
438.943	175.0163
439.165	151.6463
439.386	149.6563
439.608	153.4863
439.829	159.3663
440.05	179.5463
440.272	196.50629999999998
440.493	159.35629999999998
440.715	148.94629999999998
440.936	149.0063
441.158	150.2463
441.379	150.2563
441.6	157.81629999999998
441.822	159.53629999999998
442.043	164.9363
442.264	180.3863
442.486	174.6763
442.707	161.6763
442.928	167.00629999999998
443.149	184.6563
443.371	188.8663
443.592	181.1563
443.813	191.8563
444.034	187.8663
444.255	167.4263
444.476	161.8263
444.698	162.75629999999998
444.919	165.16629999999998
445.14	203.64629999999997
445.361	191.6763
445.582	184.22629999999998
445.803	204.2463
446.024	210.3863
446.245	207.73630000000003
446.466	179.5863
446.687	154.6563
446.908	148.6563
447.129	148.3063
447.35	145.6563
447.571	147.0863
447.792	144.8063
448.013	151.60629999999998
448.234	156.3063
448.455	162.6163
448.675	183.8563
448.896	193.7463
449.117	163.4463
449.338	170.8563
449.559	204.5163
449.779	207.8363
450.0	157.3063
450.221	145.7063
450.442	144.9063
450.662	146.7463
450.883	153.8663
451.104	161.53629999999998
451.324	147.8663
451.545	140.7163
451.766	139.8663
451.986	138.5163
452.207	137.3963
452.428	140.8463
452.648	145.3263
452.869	152.2363
453.089	156.1463
453.31	159.0863
453.53	142.8063
453.751	141.4163
453.971	147.4963
454.192	151.9963
454.412	141.22629999999998
454.633	136.2963
454.853	136.0963
455.073	136.1663
455.294	142.3863
455.514	153.2763
455.734	143.2163
455.955	133.97629999999998
456.175	132.53629999999998
456.395	132.43630000000002
456.616	132.4863
456.836	130.4563
457.056	132.7063
457.276	130.3363
457.497	131.4063
457.717	131.1563
457.937	133.44629999999998
458.157	135.1463
458.377	138.78629999999998
458.598	154.93630000000002
458.818	190.9563
459.038	205.80630000000002
459.258	173.87630000000001
459.478	148.5063
459.698	144.72629999999998
459.918	146.03629999999998
460.138	147.0063
460.358	148.2563
460.578	149.9663
460.798	152.6663
461.018	151.1163
461.238	148.5163
461.458	147.3063
461.678	147.7763
461.898	150.5763
462.118	150.53629999999998
462.338	152.7763
462.558	153.56629999999998
462.777	156.5463
462.997	162.84629999999999
463.217	166.6863
463.437	164.47629999999998
463.657	158.93630000000002
463.876	159.0463
464.096	160.18630000000002
464.316	161.5163
464.536	163.1863
464.755	160.3763
464.975	171.00629999999998
465.195	214.1363
465.414	207.8663
465.634	155.8463
465.854	146.0963
466.073	144.43630000000002
466.293	142.2163
466.512	139.72629999999998
466.732	137.47629999999998
466.951	139.7563
467.171	142.8263
467.391	144.81629999999998
467.61	150.3363
467.829	145.6563
468.049	142.35629999999998
468.268	138.85629999999998
468.488	135.06629999999998
468.707	135.7163
468.927	133.7663
469.146	134.8263
469.365	136.1363
469.585	139.03629999999998
469.804	145.5463
470.023	146.47629999999998
470.243	144.2563
470.462	151.4963
470.681	156.28629999999998
470.901	143.8463
471.12	139.1763
471.339	139.28629999999998
471.558	139.3263
471.777	137.2463
471.997	138.18630000000002
472.216	141.03629999999998
472.435	144.2363
472.654	137.5763
472.873	136.8763
473.092	135.3763
473.311	136.5263
473.53	134.7063
473.749	137.5463
473.968	148.1663
474.187	165.3663
474.406	155.28629999999998
474.625	139.8763
474.844	138.3263
475.063	135.2963
475.282	136.8763
475.501	137.9063
475.72	140.2663
475.939	138.4563
476.158	137.7563
476.377	138.2963
476.596	140.1563
476.814	142.8263
477.033	143.9863
477.252	143.3363
477.471	142.3763
477.69	144.35629999999998
477.908	145.7163
478.127	148.0263
478.346	146.9263
478.564	150.8363
478.783	154.4163
479.002	153.0263
479.22	153.6563
479.439	160.3063
479.658	162.66629999999998
479.876	156.9863
480.095	155.7963
480.313	161.4863
480.532	159.8863
480.751	160.0463
480.969	158.5863
481.188	173.9363
481.406	163.1363
481.624	151.19629999999998
481.843	149.3363
482.061	146.60629999999998
482.28	147.0863
482.498	146.53629999999998
482.717	146.0163
482.935	145.6463
483.153	147.0963
483.372	147.9863
483.59	147.81629999999998
483.808	147.3063
484.027	148.9663
484.245	150.9063
484.463	149.2063
484.681	155.0563
484.9	151.5963
485.118	154.5963
485.336	155.28629999999998
485.554	156.97629999999998
485.772	158.7063
485.99	162.6063
486.209	162.96630000000002
486.427	163.4563
486.645	167.34629999999999
486.863	170.57629999999997
487.081	161.4263
487.299	159.0463
487.517	158.7063
487.735	156.10629999999998
487.953	154.5463
488.171	155.18630000000002
488.389	156.6363
488.607	158.0563
488.825	154.0163
489.043	152.28629999999998
489.261	153.0863
489.479	151.8463
489.696	153.1563
489.914	154.3363
490.132	154.9863
490.35	156.7363
490.568	154.19629999999998
490.786	155.0863
491.003	155.3863
491.221	159.3963
491.439	160.9163
491.657	162.47629999999998
491.874	162.6363
492.092	160.8263
492.31	161.69629999999998
492.527	161.0263
492.745	161.47629999999998
492.963	163.56629999999998
493.18	163.3563
493.398	167.62630000000001
493.615	169.8863
493.833	168.8663
494.05	164.6163
494.268	164.14629999999997
494.485	164.4963
494.703	163.75629999999998
494.92	164.22629999999998
495.138	163.4263
495.355	164.2863
495.573	165.91629999999998
495.79	164.84629999999999
496.008	167.50629999999998
496.225	164.4263
496.442	164.1963
496.66	168.32629999999997
496.877	167.4363
497.094	170.62630000000001
497.312	169.32629999999997
497.529	170.2663
497.746	174.0363
497.963	176.39630000000002
498.181	181.2463
498.398	185.0063
498.615	197.7763
498.832	199.7563
499.049	196.9263
499.267	202.7763
499.484	208.1163
499.701	218.5363
499.918	224.8563
500.135	232.0463
500.352	237.8863
500.569	237.87630000000001
500.786	238.1063
501.003	234.0963
501.22	226.8263
501.437	221.1763
501.654	214.4263
501.871	216.6663
502.088	199.9263
502.305	192.64630000000002
502.522	187.5263
502.739	183.7863
502.956	178.3663
503.172	177.2463
503.389	178.9063
503.606	182.93630000000002
503.823	177.1663
504.04	173.5863
504.256	172.1163
504.473	172.4063
504.69	172.2963
504.907	173.93630000000002
505.123	167.6363
505.34	165.7663
505.557	162.6863
505.773	163.81629999999998
505.99	160.9263
506.207	161.3263
506.423	158.94629999999998
506.64	159.4063
506.856	158.2063
507.073	158.68630000000002
507.289	159.2163
507.506	160.7463
507.722	169.66629999999998
507.939	171.25629999999998
508.155	158.6263
508.372	157.1763
508.588	155.0163
508.805	157.0563
509.021	156.6563
509.238	162.22629999999998
509.454	160.9263
509.67	162.55630000000002
509.887	170.23629999999997
510.103	186.97629999999998
510.319	259.2463
510.536	729.4463
510.752	2068.5563
510.968	626.8463
511.184	203.48629999999997
511.401	166.05630000000002
511.617	156.3063
511.833	151.7063
512.049	148.3663
512.265	150.6363
512.481	149.4863
512.698	148.3963
512.914	149.4663
513.13	150.3863
513.346	149.5263
513.562	151.06629999999998
513.778	155.3263
513.994	153.8463
514.21	158.0963
514.426	172.47629999999998
514.642	186.2463
514.858	182.80630000000002
515.074	219.2963
515.29	462.2963
515.506	1288.0363
515.721	524.8163
515.937	206.8663
516.153	170.22629999999998
516.369	162.9363
516.585	161.2163
516.801	160.3263
517.016	163.06629999999998
517.232	166.82629999999997
517.448	166.89629999999997
517.664	166.1963
517.879	167.89629999999997
518.095	168.22629999999998
518.311	165.9563
518.527	163.55630000000002
518.742	160.5163
518.958	159.4963
519.173	157.6363
519.389	158.19629999999998
519.605	155.1563
519.82	156.1163
520.036	162.8863
520.251	175.73629999999997
520.467	170.8363
520.682	163.72629999999998
520.898	165.91629999999998
521.113	172.8563
521.329	191.6763
521.544	253.47629999999998
521.76	562.7463
521.975	2078.7563
522.19	1270.7563
522.406	334.5463
522.621	176.4963
522.836	155.2363
523.052	150.5063
523.267	146.0263
523.482	146.9163
523.698	149.03629999999998
523.913	163.6863
524.128	151.47629999999998
524.343	144.18630000000002
524.559	142.8863
524.774	139.2363
524.989	144.10629999999998
525.204	151.2663
525.419	146.3263
525.634	140.93630000000002
525.849	138.6263
526.064	136.4063
526.28	139.5263
526.495	135.5963
526.71	138.2763
526.925	136.85629999999998
527.14	137.4063
527.355	135.10629999999998
527.57	137.06629999999998
527.785	136.7963
527.999	137.1163
528.214	139.8363
528.429	141.72629999999998
528.644	138.35629999999998
528.859	139.0863
529.074	140.6163
529.289	164.6063
529.503	209.56629999999998
529.718	151.9563
529.933	138.7963
530.148	137.5763
530.363	136.9063
530.577	136.3063
530.792	137.1663
531.007	135.94629999999998
531.221	139.6263
531.436	136.53629999999998
531.651	138.0463
531.865	137.2463
532.08	137.0263
532.295	138.6163
532.509	137.6463
532.724	137.2563
532.938	141.1563
533.153	140.94629999999998
533.367	139.3763
533.582	138.53629999999998
533.796	137.1463
534.011	135.7963
534.225	137.2663
534.44	134.31629999999998
534.654	136.7963
534.868	136.1163
535.083	136.03629999999998
535.297	137.3063
535.511	142.9963
535.726	144.2063
535.94	141.3663
536.154	137.9263
536.369	136.6663
536.583	132.22629999999998
536.797	133.6463
537.011	132.2663
537.225	132.6563
537.44	132.1463
537.654	133.28629999999998
537.868	131.4963
538.082	133.6463
538.296	132.19629999999998
538.51	132.7063
538.724	131.3263
538.938	133.93630000000002
539.153	135.22629999999998
539.367	144.44629999999998
539.581	135.5263
539.795	131.6263
540.009	131.7663
540.222	132.03629999999998
540.436	132.9263
540.65	131.6263
540.864	132.9163
541.078	134.19629999999998
541.292	134.97629999999998
541.506	132.8663
541.72	130.7663
541.934	128.3463
542.147	129.8063
542.361	128.6363
542.575	128.7963
542.789	129.5463
543.002	130.3263
543.216	134.3763
543.43	135.3963
543.644	132.6563
543.857	132.60629999999998
544.071	132.22629999999998
544.285	133.3463
544.498	130.5463
544.712	131.69629999999998
544.925	129.4163
545.139	129.9663
545.352	128.18630000000002
545.566	130.5463
545.779	131.03629999999998
545.993	131.7563
546.206	130.7763
546.42	128.8363
546.633	132.31629999999998
546.847	132.5563
547.06	129.56629999999998
547.274	128.6263
547.487	129.4163
547.7	127.53630000000001
547.914	127.8963
548.127	129.06629999999998
548.34	130.06629999999998
548.554	129.0163
548.767	130.0063
548.98	130.5563
549.193	128.9063
549.407	129.7763
549.62	130.6663
549.833	131.9063
550.046	129.1163
550.259	130.85629999999998
550.473	128.5963
550.686	129.1563
550.899	128.0063
551.112	128.0863
551.325	127.0763
551.538	128.5463
551.751	127.7263
551.964	127.2263
552.177	129.7163
552.39	130.3663
552.603	132.68630000000002
552.816	131.56629999999998
553.029	133.8363
553.242	134.6563
553.455	140.2363
553.667	143.4163
553.88	143.1363
554.093	136.1763
554.306	134.8363
554.519	131.0163
554.732	131.0963
554.944	131.3463
555.157	126.79629999999999
555.37	127.44630000000001
555.583	129.5463
555.795	129.9463
556.008	126.79629999999999
556.221	126.3963
556.433	127.13629999999999
556.646	126.7263
556.859	127.36630000000001
557.071	124.5563
557.284	124.8263
557.496	124.4863
557.709	124.04629999999999
557.921	125.3063
558.134	124.38629999999999
558.346	124.1563
558.559	122.8063
558.771	122.86630000000001
558.984	120.8563
559.196	121.79629999999999
559.409	119.5663
559.621	120.7563
559.833	120.3363
560.046	119.44630000000001
560.258	120.4863
560.47	121.2263
560.683	122.0263
560.895	120.5263
561.107	120.2763
561.32	121.62629999999999
561.532	121.87629999999999
561.744	122.2363
561.956	123.12629999999999
562.168	123.5663
562.381	124.1563
562.593	122.12629999999999
562.805	123.94630000000001
563.017	124.21629999999999
563.229	123.0763
563.441	120.86630000000001
563.653	121.2263
563.865	121.5763
564.077	122.3963
564.289	121.9863
564.501	124.4263
564.713	125.11630000000001
564.925	128.4463
565.137	136.2763
565.349	130.4863
565.561	129.5363
565.773	129.3463
565.985	130.7163
566.197	132.3063
566.408	134.78629999999998
566.62	138.2063
566.832	139.1663
567.044	140.47629999999998
567.255	140.8263
567.467	143.69629999999998
567.679	145.8063
567.891	150.5263
568.102	147.1163
568.314	147.5163
568.526	141.72629999999998
568.737	136.7563
568.949	132.9563
569.161	128.8863
569.372	127.4363
569.584	127.7263
569.795	128.6363
570.007	146.6563
570.218	253.89630000000002
570.43	160.2063
570.641	124.9363
570.853	121.9863
571.064	122.5963
571.276	122.0563
571.487	120.0263
571.698	119.03630000000001
571.91	118.3163
572.121	116.54629999999999
572.333	116.0763
572.544	114.20630000000001
572.755	116.4163
572.966	114.5863
573.178	114.9163
573.389	115.86630000000001
573.6	114.0263
573.811	113.1063
574.023	113.2663
574.234	114.7663
574.445	114.5963
574.656	113.20630000000001
574.867	114.6063
575.078	114.4963
575.289	112.9763
575.501	116.03630000000001
575.712	111.9363
575.923	113.2663
576.134	113.3063
576.345	112.20630000000001
576.556	112.6763
576.767	113.44630000000001
576.978	112.4863
577.188	114.38629999999999
577.399	114.1463
577.61	115.7363
577.821	119.6663
578.032	133.9963
578.243	272.8863
578.454	691.0962999999999
578.665	221.2863
578.875	122.8463
579.086	114.88629999999999
579.297	110.4263
579.508	110.6863
579.718	110.8163
579.929	112.0163
580.14	109.7563
580.35	108.3563
580.561	110.3363
580.772	108.6063
580.982	108.2763
581.193	107.12629999999999
581.403	108.96629999999999
581.614	107.9263
581.825	106.9163
582.035	108.53630000000001
582.246	109.5963
582.456	108.12629999999999
582.667	108.36630000000001
582.877	108.71629999999999
583.087	106.6663
583.298	108.8463
583.508	106.6863
583.719	107.7563
583.929	110.6763
584.139	106.95630000000001
584.35	106.7563
584.56	109.0563
584.77	106.29629999999999
584.981	107.12629999999999
585.191	108.5163
585.401	107.69630000000001
585.611	107.7763
585.821	109.0063
586.032	108.6063
586.242	106.1863
586.452	107.4863
586.662	107.6563
586.872	105.9763
587.082	107.6063
587.292	106.5563
587.502	106.38629999999999
587.713	106.1063
587.923	106.8463
588.133	106.9063
588.343	106.29629999999999
588.553	104.71629999999999
588.762	109.0263
588.972	108.3063
589.182	109.4863
589.392	107.3063
589.602	106.8563
589.812	106.62629999999999
590.022	109.6763
590.232	105.03630000000001
590.441	105.1863
590.651	107.7263
590.861	105.5063
591.071	107.04629999999999
591.281	106.7263
591.49	105.3363
591.7	106.9163
591.91	108.9163
592.119	107.2563
592.329	112.1863
592.539	113.3263
592.748	113.1663
592.958	111.9763
593.167	110.1063
593.377	110.7663
593.587	116.5863
593.796	112.4163
594.006	111.3263
594.215	111.13629999999999
594.424	111.3263
594.634	111.87629999999999
594.843	109.11630000000001
595.053	107.5163
595.262	108.4063
595.472	108.9263
595.681	108.1763
595.89	106.86630000000001
596.1	106.9063
596.309	106.8363
596.518	104.1563
596.727	106.5863
596.937	106.0163
597.146	104.44630000000001
597.355	105.9863
597.564	104.4263
597.774	105.04629999999999
597.983	104.5863
598.192	100.8063
598.401	102.20630000000001
598.61	101.8363
598.819	102.13629999999999
599.028	104.20630000000001
599.237	101.6063
599.446	103.04629999999999
599.655	103.8263
599.864	102.6463
600.073	102.9963
600.282	105.54629999999999
600.491	104.0763
600.7	103.86630000000001
600.909	103.63629999999999
601.118	104.6463
601.327	105.6763
601.536	103.5163
601.745	102.78630000000001
601.953	102.5663
602.162	102.87629999999999
602.371	102.7363
602.58	103.3163
602.789	103.0663
602.997	101.88629999999999
603.206	101.9863
603.415	100.70630000000001
603.623	100.20630000000001
603.832	100.5663
604.041	100.5563
604.249	99.8563
604.458	99.4163
604.666	99.4363
604.875	100.21629999999999
605.084	99.0863
605.292	99.0863
605.501	99.6763
605.709	100.6463
605.918	99.8163
606.126	101.8963
606.334	100.7563
606.543	101.63629999999999
606.751	99.88629999999999
606.96	99.0563
607.168	99.8363
607.376	100.54629999999999
607.585	100.0663
607.793	101.1063
608.001	100.2363
608.21	99.61630000000001
608.418	98.9263
608.626	98.6463
608.834	98.8563
609.043	100.29629999999999
609.251	99.38629999999999
609.459	98.78630000000001
609.667	100.9063
609.875	98.03630000000001
610.083	98.0963
610.291	98.4363
610.499	97.28630000000001
610.707	99.8263
610.916	99.0863
611.124	98.5963
611.332	97.9763
611.54	98.8963
611.748	98.7763
611.955	98.0063
612.163	97.5863
612.371	98.5663
612.579	98.0563
612.787	99.0963
612.995	100.0063
613.203	100.9163
613.411	99.19630000000001
613.618	98.1763
613.826	97.11630000000001
614.034	97.95630000000001
614.242	99.2363
614.449	98.0563
614.657	97.6063
614.865	99.1663
615.072	100.0563
615.28	99.5763
615.488	101.4263
615.695	103.4063
615.903	108.45630000000001
616.111	110.69630000000001
616.318	111.7563
616.526	107.04629999999999
616.733	107.04629999999999
616.941	103.38629999999999
617.148	104.20630000000001
617.356	100.3263
617.563	100.5663
617.771	100.8963
617.978	99.04629999999999
618.185	99.3363
618.393	98.8463
618.6	98.7563
618.807	98.5663
619.015	97.71629999999999
619.222	97.63629999999999
619.429	97.9363
619.637	98.71629999999999
619.844	97.3463
620.051	98.3063
620.258	97.1463
620.466	96.8063
620.673	96.7263
620.88	97.04629999999999
621.087	96.29629999999999
621.294	99.5163
621.501	95.7663
621.708	96.19630000000001
621.915	99.0863
622.122	97.2663
622.329	97.20630000000001
622.536	97.5163
622.743	96.0863
622.95	96.2563
623.157	95.2463
623.364	96.5863
623.571	98.0063
623.778	95.8463
623.985	98.0563
624.192	96.0263
624.399	93.8063
624.606	98.2263
624.812	95.1763
625.019	96.4063
625.226	94.6763
625.433	97.8563
625.639	95.0963
625.846	94.6063
626.053	94.6563
626.259	94.0663
626.466	96.8063
626.673	94.8963
626.879	94.8163
627.086	96.9363
627.293	97.5163
627.499	95.3163
627.706	94.9363
627.912	93.4763
628.119	94.11630000000001
628.325	97.4163
628.532	95.3363
628.738	94.69630000000001
628.945	93.4063
629.151	94.46629999999999
629.357	93.1763
629.564	94.7563
629.77	95.1763
629.976	92.5863
630.183	93.8563
630.389	93.1563
630.595	93.7763
630.802	93.3963
631.008	93.5163
631.214	92.5663
631.42	93.8063
631.627	95.28630000000001
631.833	92.86630000000001
632.039	91.37629999999999
632.245	91.4763
632.451	93.9263
632.657	93.5663
632.863	92.3563
633.069	93.45630000000001
633.275	93.0563
633.481	90.8063
633.688	92.3563
633.893	94.4263
634.099	92.9763
634.305	90.94630000000001
634.511	92.4263
634.717	93.7363
634.923	91.5163
635.129	90.8163
635.335	91.4163
635.541	90.19630000000001
635.747	93.21629999999999
635.952	93.4963
636.158	92.0263
636.364	94.37629999999999
636.57	93.0663
636.775	93.1863
636.981	92.3163
637.187	91.4963
637.392	91.8363
637.598	93.19630000000001
637.804	94.12629999999999
638.009	91.37629999999999
638.215	91.69630000000001
638.421	91.4163
638.626	92.62629999999999
638.832	92.4163
639.037	91.4063
639.243	90.9763
639.448	92.5863
639.654	94.1863
639.859	90.36630000000001
640.065	91.6463
640.27	94.7563
640.475	92.11630000000001
640.681	91.12629999999999
640.886	90.9063
641.091	91.53630000000001
641.297	94.5863
641.502	90.1863
641.707	93.7763
641.913	94.12629999999999
642.118	91.61630000000001
642.323	90.7563
642.528	94.6663
642.733	94.13629999999999
642.939	92.0663
643.144	91.0563
643.349	90.13629999999999
643.554	92.1863
643.759	92.3263
643.964	91.3063
644.169	91.1863
644.374	90.94630000000001
644.579	92.2263
644.784	91.2763
644.989	92.4363
645.194	90.5863
645.399	92.3263
645.604	90.9163
645.809	94.7463
646.014	92.6663
646.219	93.38629999999999
646.423	91.1563
646.628	90.79629999999999
646.833	92.0063
647.038	92.5263
647.243	93.12629999999999
647.447	91.6063
647.652	92.3163
647.857	91.0963
648.062	93.7663
648.266	94.63629999999999
648.471	97.6563
648.676	99.53630000000001
648.88	99.7363
649.085	98.3363
649.289	97.63629999999999
649.494	106.54629999999999
649.698	133.81629999999998
649.903	106.11630000000001
650.107	95.8263
650.312	92.6463
650.516	89.1763
650.721	90.37629999999999
650.925	90.0163
651.13	88.9363
651.334	88.6863
651.539	88.4063
651.743	88.4763
651.947	90.38629999999999
652.152	89.87629999999999
652.356	89.5663
652.56	88.61630000000001
652.764	86.71629999999999
652.969	87.70630000000001
653.173	86.7463
653.377	88.3963
653.581	86.87629999999999
653.785	87.4263
653.99	87.63629999999999
654.194	86.95630000000001
654.398	86.54629999999999
654.602	86.8563
654.806	92.5563
655.01	105.2563
655.214	94.8963
655.418	87.7263
655.622	86.63629999999999
655.826	88.6863
656.03	87.95630000000001
656.234	95.0263
656.438	97.3163
656.642	97.29629999999999
656.846	92.0563
657.049	90.1463
657.253	87.62629999999999
657.457	87.62629999999999
657.661	85.54629999999999
657.865	83.8363
658.068	84.2763
658.272	83.3063
658.476	85.0663
658.68	83.5663
658.883	83.3363
659.087	84.4263
659.291	83.5963
659.494	83.0563
659.698	83.79629999999999
659.901	84.3163
660.105	82.6063
660.309	82.70630000000001
660.512	82.21629999999999
660.716	83.3463
660.919	81.8963
661.123	83.2363
661.326	82.4263
661.53	82.3163
661.733	83.6763
661.936	82.45630000000001
662.14	81.13629999999999
662.343	81.3463
662.546	81.4063
662.75	83.3163
662.953	84.70630000000001
663.156	81.7763
663.36	84.28630000000001
663.563	80.5063
663.766	80.6863
663.969	81.54629999999999
664.173	81.4763
664.376	80.72630000000001
664.579	80.9063
664.782	81.0463
664.985	82.0163
665.188	82.3963
665.391	81.3163
665.594	81.3963
665.797	82.7363
666.0	80.8463
666.203	81.7463
666.406	80.85629999999999
666.609	81.2763
666.812	82.37629999999999
667.015	82.71629999999999
667.218	82.6563
667.421	81.46629999999999
667.624	81.4963
667.827	83.1463
668.03	80.4963
668.232	80.9263
668.435	83.36630000000001
668.638	80.6563
668.841	82.62629999999999
669.043	80.4163
669.246	82.21629999999999
669.449	80.5463
669.651	81.0063
669.854	81.05630000000001
670.057	82.0063
670.259	81.46629999999999
670.462	80.1863
670.665	80.6663
670.867	82.0063
671.07	81.8363
671.272	81.5263
671.475	82.36630000000001
671.677	80.4363
671.88	80.72630000000001
672.082	81.9963
672.284	80.7463
672.487	83.45630000000001
672.689	81.4763
672.892	80.2563
