223.165	-16.6103
223.4	-16.6103
223.635	-16.6103
223.869	-18.9203
224.104	-20.6503
224.338	-14.8803
224.573	-14.8603
224.808	-14.1103
225.042	-8.1403
225.277	-5.850300000000001
225.511	-2.8903
225.746	4.7497
225.98	8.0197
226.215	11.2097
226.449	15.3397
226.683	20.4897
226.918	25.9897
227.152	31.109700000000004
227.387	35.4397
227.621	38.2897
227.856	45.0597
228.09	47.039699999999996
228.324	50.8397
228.559	56.6897
228.793	58.6397
229.027	62.8397
229.262	64.6397
229.496	67.7897
229.73	75.0597
229.964	77.6797
230.199	73.2097
230.433	75.8197
230.667	77.72970000000001
230.901	77.41969999999999
231.136	79.0897
231.37	78.0697
231.604	79.1097
231.838	81.3597
232.072	79.1297
232.306	80.0597
232.541	80.3797
232.775	80.2797
233.009	80.0397
233.243	81.9897
233.477	80.8797
233.711	80.4697
233.945	80.91969999999999
234.179	82.3797
234.413	81.1097
234.647	79.7997
234.881	80.7997
235.115	79.41969999999999
235.349	78.0397
235.583	79.3497
235.817	79.0897
236.051	78.6497
236.285	78.66969999999999
236.519	78.0997
236.753	78.97970000000001
236.987	77.8597
237.221	80.5597
237.455	81.2797
237.689	76.8097
237.922	78.7097
238.156	76.7097
238.39	76.1297
238.624	75.2797
238.858	75.97970000000001
239.091	76.4397
239.325	75.7997
239.559	78.6297
239.793	77.4897
240.027	77.9297
240.26	76.6297
240.494	75.7097
240.728	75.4397
240.961	75.41969999999999
241.195	78.9897
241.429	77.1097
241.662	75.6297
241.896	75.7797
242.13	75.5297
242.363	75.41969999999999
242.597	74.6497
242.83	78.9597
243.064	76.7097
243.298	78.8597
243.531	76.4697
243.765	78.2997
243.998	78.49969999999999
244.232	79.5397
244.465	80.9397
244.699	80.1997
244.932	78.4897
245.166	76.5397
245.399	76.7997
245.633	77.9397
245.866	79.4397
246.099	77.7897
246.333	77.0597
246.566	77.5397
246.8	78.3197
247.033	78.1997
247.266	77.0197
247.5	79.0497
247.733	80.1297
247.966	80.11970000000001
248.2	77.9897
248.433	80.16969999999999
248.666	78.0097
248.899	80.6497
249.133	84.0797
249.366	91.2297
249.599	89.66969999999999
249.832	81.28970000000001
250.066	82.11970000000001
250.299	79.7597
250.532	79.9597
250.765	80.22970000000001
250.998	78.5997
251.231	79.7997
251.465	79.3397
251.698	79.3897
251.931	78.2697
252.164	80.47970000000001
252.397	80.3997
252.63	81.3597
252.863	80.5197
253.096	80.1797
253.329	81.9697
253.562	80.5597
253.795	81.3597
254.028	80.0497
254.261	79.7697
254.494	79.8497
254.727	82.0697
254.96	79.3497
255.193	80.8197
255.426	80.1397
255.659	78.8897
255.892	84.45970000000001
256.124	81.4697
256.357	80.5597
256.59	81.8397
256.823	79.7197
257.056	81.4697
257.289	80.6297
257.521	81.41969999999999
257.754	78.7597
257.987	80.7597
258.22	81.6297
258.452	83.41969999999999
258.685	81.6997
258.918	82.41969999999999
259.151	81.4397
259.383	81.4897
259.616	83.0297
259.849	81.9697
260.081	82.8397
260.314	82.1297
260.547	81.1997
260.779	81.7397
261.012	83.78970000000001
261.244	82.0997
261.477	88.0697
261.71	88.6597
261.942	99.3797
262.175	103.1897
262.407	86.99969999999999
262.64	81.6997
262.872	84.28970000000001
263.105	83.2297
263.337	84.4097
263.57	83.1497
263.802	83.36970000000001
264.035	81.8597
264.267	81.78970000000001
264.499	83.20970000000001
264.732	82.5897
264.964	81.5897
265.197	81.3397
265.429	83.6597
265.661	82.8897
265.894	81.9697
266.126	83.0297
266.358	82.6897
266.591	81.7797
266.823	83.6597
267.055	82.9097
267.287	82.8297
267.52	82.86970000000001
267.752	83.99969999999999
267.984	83.9097
268.216	83.7297
268.448	85.0497
268.681	82.7597
268.913	83.1797
269.145	83.5697
269.377	83.8297
269.609	82.0097
269.841	84.86970000000001
270.073	83.9397
270.306	85.5897
270.538	84.11970000000001
270.77	81.4097
271.002	82.7397
271.234	85.1597
271.466	86.8497
271.698	83.8997
271.93	83.4497
272.162	86.70970000000001
272.394	86.99969999999999
272.626	83.9797
272.858	84.49969999999999
273.09	84.7197
273.322	84.6097
273.553	83.3297
273.785	85.0997
274.017	84.0697
274.249	84.8497
274.481	84.28970000000001
274.713	85.5297
274.945	86.5097
275.176	86.0297
275.408	85.8897
275.64	85.95970000000001
275.872	85.1397
276.104	87.1997
276.335	88.7297
276.567	92.1397
276.799	97.5897
277.031	92.8297
277.262	88.2197
277.494	88.24969999999999
277.726	86.2697
277.957	84.3997
278.189	84.80969999999999
278.421	84.9297
278.652	85.5197
278.884	85.2597
279.115	86.70970000000001
279.347	85.1797
279.579	85.30969999999999
279.81	85.9797
280.042	85.2397
280.273	86.74969999999999
280.505	86.1897
280.736	84.9797
280.968	85.6097
281.199	85.8397
281.431	85.5797
281.662	87.1297
281.894	87.95970000000001
282.125	93.6797
282.356	106.41969999999999
282.588	118.9797
282.819	103.1297
283.051	88.5797
283.282	85.05969999999999
283.513	87.30969999999999
283.745	86.70970000000001
283.976	86.1597
284.207	85.91969999999999
284.439	84.8297
284.67	86.0897
284.901	85.4897
285.132	86.2997
285.364	84.91969999999999
285.595	86.7997
285.826	85.30969999999999
286.057	87.55969999999999
286.288	86.24969999999999
286.52	86.1897
286.751	85.3597
286.982	86.99969999999999
287.213	85.28970000000001
287.444	87.3297
287.675	88.1097
287.906	87.8397
288.138	87.8597
288.369	90.3197
288.6	88.7997
288.831	85.74969999999999
289.062	89.3997
289.293	86.5997
289.524	87.30969999999999
289.755	85.5697
289.986	87.1597
290.217	86.91969999999999
290.448	87.1497
290.679	84.9297
290.91	88.1597
291.141	86.4797
291.371	88.2197
291.602	90.1497
291.833	88.0897
292.064	87.7297
292.295	86.9697
292.526	87.6897
292.757	86.3197
292.987	87.86970000000001
293.218	87.3797
293.449	87.86970000000001
293.68	87.5697
293.91	86.2197
294.141	90.4497
294.372	87.8897
294.603	88.03970000000001
294.833	88.8297
295.064	88.3597
295.295	87.3797
295.525	88.9797
295.756	95.6497
295.987	105.4497
296.217	117.7397
296.448	109.9897
296.679	92.2297
296.909	89.2397
297.14	88.0997
297.37	88.86970000000001
297.601	87.6097
297.831	88.1497
298.062	88.7297
298.292	88.8797
298.523	89.1497
298.753	86.7297
298.984	86.9497
299.214	88.86970000000001
299.445	89.6597
299.675	91.1797
299.905	92.2397
300.136	88.91969999999999
300.366	88.8497
300.597	88.0197
300.827	91.5297
301.057	93.5997
301.288	95.80969999999999
301.518	90.6497
301.748	88.6297
301.979	98.7597
302.209	89.95970000000001
302.439	88.7597
302.669	87.5697
302.9	88.3197
303.13	88.95970000000001
303.36	90.2797
303.59	95.1597
303.82	97.7397
304.051	90.4797
304.281	89.2597
304.511	91.5297
304.741	89.11970000000001
304.971	88.4297
305.201	89.8397
305.431	88.4297
305.661	88.03970000000001
305.891	90.11970000000001
306.121	91.5197
306.352	96.8497
306.582	98.2597
306.812	90.9897
307.042	90.9097
307.272	91.0897
307.502	93.4897
307.731	93.7797
307.961	90.70970000000001
308.191	89.3597
308.421	89.8897
308.651	91.45970000000001
308.881	90.7597
309.111	93.5297
309.341	93.3297
309.571	94.20970000000001
309.8	92.16969999999999
310.03	93.99969999999999
310.26	92.7297
310.49	93.6297
310.72	93.0697
310.949	95.5197
311.179	94.5997
311.409	90.8397
311.639	92.9697
311.868	93.9497
312.098	92.78970000000001
312.328	95.03970000000001
312.557	96.1497
312.787	96.9797
313.017	96.1797
313.246	93.0497
313.476	91.9397
313.706	90.4297
313.935	92.4797
314.165	94.78970000000001
314.394	94.9897
314.624	93.2197
314.853	94.3997
315.083	91.66969999999999
315.312	91.99969999999999
315.542	89.7597
315.771	91.4397
316.001	89.8897
316.23	89.7297
316.46	88.0497
316.689	88.16969999999999
316.919	89.5097
317.148	92.7597
317.377	93.4497
317.607	91.03970000000001
317.836	90.3397
318.065	90.6897
318.295	89.0197
318.524	90.2297
318.753	90.3197
318.983	91.5997
319.212	95.9297
319.441	98.0997
319.67	99.8797
319.9	92.1497
320.129	91.70970000000001
320.358	92.6597
320.587	94.03970000000001
320.816	95.0897
321.046	97.0997
321.275	94.3397
321.504	93.2997
321.733	93.6297
321.962	94.2297
322.191	96.3397
322.42	98.3197
322.649	101.2197
322.878	101.74969999999999
323.108	105.3497
323.337	110.1897
323.566	115.8497
323.795	128.2397
324.024	167.0097
324.253	296.8597
324.482	595.7597000000001
324.71	1195.9596999999999
324.939	1569.9996999999998
325.168	595.1497
325.397	198.1397
325.626	130.1397
325.855	117.1297
326.084	113.0697
326.313	117.5497
326.542	131.0597
326.77	186.2597
326.999	347.6697
327.228	690.2197
327.457	1243.7497
327.686	992.0597
327.914	288.2897
328.143	161.7597
328.372	132.6397
328.6	112.61970000000001
328.829	108.1797
329.058	110.7697
329.287	112.3297
329.515	103.36970000000001
329.744	101.5697
329.972	102.3897
330.201	109.2597
330.43	119.0497
330.658	114.28970000000001
330.887	119.49969999999999
331.115	108.0897
331.344	96.4497
331.572	96.5297
331.801	97.7197
332.03	96.0297
332.258	94.5097
332.486	93.5697
332.715	90.4397
332.943	91.3597
333.172	93.74969999999999
333.4	94.3197
333.629	98.9497
333.857	103.5197
334.085	103.7697
334.314	107.5897
334.542	123.1797
334.771	121.0897
334.999	98.9297
335.227	94.6497
335.455	94.2997
335.684	95.4397
335.912	96.55969999999999
336.14	97.1597
336.369	97.78970000000001
336.597	95.2997
336.825	96.4397
337.053	92.0297
337.281	92.8397
337.51	90.8497
337.738	92.8997
337.966	91.1797
338.194	92.5297
338.422	92.4697
338.65	93.6297
338.878	92.66969999999999
339.106	90.66969999999999
339.334	91.5697
339.562	89.6497
339.79	89.3797
340.018	89.5697
340.246	90.2597
340.474	91.8797
340.702	90.3497
340.93	90.3297
341.158	91.5997
341.386	92.2397
341.614	92.30969999999999
341.842	91.5697
342.07	89.8797
342.298	92.6097
342.526	89.9397
342.754	89.2397
342.981	90.3997
343.209	89.66969999999999
343.437	98.5897
343.665	88.5797
343.893	90.7197
344.12	92.80969999999999
344.348	90.1597
344.576	89.0897
344.804	90.8297
345.031	92.6997
345.259	94.8597
345.487	91.9297
345.714	91.24969999999999
345.942	91.0197
346.17	91.1297
346.397	91.0697
346.625	92.1797
346.853	91.2597
347.08	89.6897
347.308	92.74969999999999
347.535	92.4097
347.763	95.2797
347.99	94.7197
348.218	96.8597
348.445	97.24969999999999
348.673	95.8297
348.9	94.2297
349.128	94.6497
349.355	92.91969999999999
349.583	92.6497
349.81	91.6497
350.037	94.36970000000001
350.265	92.9297
350.492	92.2997
350.72	93.4097
350.947	97.8397
351.174	102.2697
351.402	102.7597
351.629	98.8497
351.856	97.9097
352.083	99.30969999999999
352.311	99.9397
352.538	100.3497
352.765	101.2397
352.992	107.7197
353.22	104.0097
353.447	100.6397
353.674	99.5097
353.901	97.3597
354.128	95.0497
354.355	96.4297
354.583	97.3297
354.81	97.7397
355.037	95.6497
355.264	94.95970000000001
355.491	94.3297
355.718	93.6497
355.945	96.5797
356.172	94.5297
356.399	93.4497
356.626	94.95970000000001
356.853	93.0997
357.08	94.30969999999999
357.307	93.28970000000001
357.534	91.5997
357.761	93.0697
357.988	95.5997
358.215	96.0897
358.441	94.3397
358.668	94.3297
358.895	92.78970000000001
359.122	91.4497
359.349	88.8997
359.576	90.6397
359.802	93.55969999999999
360.029	99.8597
360.256	100.11970000000001
360.483	93.6997
360.709	88.36970000000001
360.936	93.5297
361.163	91.7697
361.39	93.1097
361.616	92.2397
361.843	90.0897
362.07	91.5097
362.296	93.4297
362.523	88.7197
362.749	90.7597
362.976	89.3897
363.203	90.8397
363.429	88.6797
363.656	89.2597
363.882	88.49969999999999
364.109	90.95970000000001
364.335	91.3597
364.562	90.1897
364.788	89.5997
365.015	92.0797
365.241	94.30969999999999
365.468	100.45970000000001
365.694	97.45970000000001
365.92	92.1997
366.147	89.16969999999999
366.373	87.7697
366.599	89.3297
366.826	87.9897
367.052	88.8597
367.278	90.36970000000001
367.505	88.9297
367.731	90.05969999999999
367.957	88.9697
368.184	90.9797
368.41	92.74969999999999
368.636	101.2597
368.862	107.6997
369.089	100.05969999999999
369.315	90.5797
369.541	90.9497
369.767	88.66969999999999
369.993	88.8197
370.219	88.9697
370.445	86.95970000000001
370.672	87.16969999999999
370.898	88.6497
371.124	88.36970000000001
371.35	87.3397
371.576	88.0197
371.802	86.2397
372.028	89.20970000000001
372.254	88.3397
372.48	88.5797
372.706	87.5697
372.932	88.78970000000001
373.158	88.03970000000001
373.384	92.4397
373.61	90.9897
373.835	91.2597
374.061	88.7697
374.287	90.3897
374.513	91.41969999999999
374.739	89.7597
374.965	88.1097
375.191	89.6097
375.416	87.7297
375.642	89.4297
375.868	90.7197
376.094	89.2297
376.319	89.0097
376.545	90.6397
376.771	88.8597
376.997	90.6397
377.222	89.7397
377.448	92.0897
377.674	91.3797
377.899	90.6797
378.125	91.3197
378.35	91.4897
378.576	91.11970000000001
378.802	90.3497
379.027	91.2697
379.253	92.86970000000001
379.478	94.2297
379.704	92.3497
379.929	94.8597
380.155	94.4697
380.38	94.8797
380.606	93.78970000000001
380.831	93.86970000000001
381.057	99.2697
381.282	94.70970000000001
381.507	95.6497
381.733	98.4297
381.958	97.9797
382.184	99.53970000000001
382.409	100.2397
382.634	101.45970000000001
382.86	99.5897
383.085	102.30969999999999
383.31	100.3597
383.535	103.45970000000001
383.761	100.5197
383.986	100.91969999999999
384.211	99.3797
384.436	101.6897
384.662	100.3397
384.887	104.7597
385.112	105.7397
385.337	108.1397
385.562	105.53970000000001
385.787	105.16969999999999
386.013	109.2997
386.238	111.9097
386.463	106.6797
386.688	111.8397
386.913	105.7397
387.138	109.0897
387.363	106.0497
387.588	101.74969999999999
387.813	102.66969999999999
388.038	107.3197
388.263	114.80969999999999
388.488	110.9797
388.713	97.9497
388.938	94.8797
389.163	94.20970000000001
389.387	93.1097
389.612	93.8197
389.837	91.80969999999999
390.062	92.9497
390.287	92.4797
390.512	92.24969999999999
390.736	91.03970000000001
390.961	91.4697
391.186	93.70970000000001
391.411	92.8597
391.636	91.4897
391.86	86.8197
392.085	87.05969999999999
392.31	86.8297
392.534	86.2597
392.759	87.3297
392.984	88.4897
393.208	88.6397
393.433	89.7697
393.658	88.1497
393.882	86.55969999999999
394.107	86.5997
394.331	87.0497
394.556	87.2797
394.78	91.1497
395.005	88.30969999999999
395.229	86.7597
395.454	88.6997
395.678	84.5797
395.903	87.3197
396.127	87.0797
396.352	88.1997
396.576	85.80969999999999
396.801	87.0097
397.025	87.0997
397.249	88.3497
397.474	88.53970000000001
397.698	84.9297
397.922	88.1497
398.147	85.2697
398.371	86.3897
398.595	86.9797
398.82	87.3997
399.044	86.9297
399.268	86.20970000000001
399.492	88.2697
399.717	89.1097
399.941	89.28970000000001
400.165	89.8997
400.389	89.6397
400.613	85.9797
400.837	87.6597
401.062	87.0897
401.286	86.7797
401.51	88.3597
401.734	88.5897
401.958	92.6797
402.182	109.1597
402.406	129.3897
402.63	105.78970000000001
402.854	90.5697
403.078	87.7297
403.302	86.1897
403.526	87.4097
403.75	87.8997
403.974	87.6097
404.198	86.7297
404.422	85.7797
404.645	87.3997
404.869	89.5297
405.093	92.1597
405.317	93.6097
405.541	94.78970000000001
405.765	93.1797
405.988	104.2797
406.212	139.06969999999998
406.436	175.08970000000002
406.66	121.4497
406.883	95.1397
407.107	91.05969999999999
407.331	91.7297
407.555	93.91969999999999
407.778	91.2597
408.002	89.2297
408.226	89.28970000000001
408.449	87.86970000000001
408.673	87.0297
408.896	90.7197
409.12	91.5997
409.344	90.2697
409.567	88.7197
409.791	91.6397
410.014	93.1397
410.238	91.6297
410.461	92.4097
410.685	94.1297
410.908	96.0197
411.132	100.6097
411.355	96.2697
411.578	92.6597
411.802	88.9897
412.025	89.7997
412.249	89.55969999999999
412.472	91.8497
412.695	93.6497
412.919	91.1397
413.142	89.0697
413.365	87.5097
413.589	87.0497
413.812	88.0697
414.035	91.1497
414.258	89.8997
414.482	89.6397
414.705	89.41969999999999
414.928	91.6997
415.151	92.6397
415.374	92.9697
415.597	87.7197
415.821	89.0497
416.044	88.0697
416.267	87.5897
416.49	88.05969999999999
416.713	89.9697
416.936	88.11970000000001
417.159	85.30969999999999
417.382	86.9297
417.605	88.4297
417.828	91.6397
418.051	90.1097
418.274	89.61970000000001
418.497	87.6297
418.72	85.8597
418.943	88.8797
419.166	88.05969999999999
419.389	89.1497
419.611	87.7697
419.834	87.80969999999999
420.057	89.8897
420.28	88.1797
420.503	86.3897
420.726	87.3497
420.948	88.7997
421.171	90.9897
421.394	89.91969999999999
421.617	90.9297
421.839	87.5797
422.062	88.6297
422.285	89.9297
422.507	95.2997
422.73	94.2997
422.953	90.7197
423.175	88.7297
423.398	87.7197
423.621	88.5297
423.843	86.7797
424.066	85.6097
424.288	87.0997
424.511	89.5997
424.733	90.61970000000001
424.956	95.6597
425.178	93.5797
425.401	95.5897
425.623	93.8797
425.846	88.3597
426.068	89.4297
426.291	88.0197
426.513	88.9697
426.735	90.20970000000001
426.958	90.5697
427.18	95.3797
427.402	116.53970000000001
427.625	132.8997
427.847	113.7297
428.069	101.2797
428.292	88.6897
428.514	87.5697
428.736	85.6897
428.958	85.1397
429.181	86.3597
429.403	84.9397
429.625	84.8897
429.847	88.55969999999999
430.069	92.7597
430.292	88.4497
430.514	85.5497
430.736	85.6397
430.958	86.4297
431.18	84.3797
431.402	84.5997
431.624	86.16969999999999
431.846	86.2397
432.068	86.41969999999999
432.29	87.1797
432.512	87.3497
432.734	87.5897
432.956	90.53970000000001
433.178	94.7197
433.4	95.16969999999999
433.622	90.6797
433.844	89.9697
434.066	92.2597
434.287	90.3597
434.509	88.1097
434.731	87.6497
434.953	88.03970000000001
435.175	88.53970000000001
435.397	89.2197
435.618	89.5797
435.84	94.9497
436.062	106.8997
436.284	102.78970000000001
436.505	94.11970000000001
436.727	95.6297
436.949	91.9797
437.17	88.70970000000001
437.392	85.8497
437.614	88.6297
437.835	96.45970000000001
438.057	104.0997
438.278	98.0697
438.5	95.1797
438.721	105.6297
438.943	95.3297
439.165	88.0797
439.386	87.5897
439.608	90.6497
439.829	92.6997
440.05	106.5697
440.272	119.0997
440.493	92.8497
440.715	86.8997
440.936	87.1397
441.158	87.3497
441.379	86.49969999999999
441.6	90.6997
441.822	89.7297
442.043	90.74969999999999
442.264	95.36970000000001
442.486	93.05969999999999
442.707	89.20970000000001
442.928	97.53970000000001
443.149	109.99969999999999
443.371	110.1097
443.592	98.41969999999999
443.813	99.30969999999999
444.034	96.70970000000001
444.255	90.49969999999999
444.476	87.1797
444.698	86.0797
444.919	86.7997
445.14	126.2297
445.361	113.7597
445.582	103.45970000000001
445.803	114.2597
446.024	112.7197
446.245	113.95970000000001
446.466	98.91969999999999
446.687	88.4697
446.908	87.78970000000001
447.129	87.8297
447.35	88.4097
447.571	90.3797
447.792	88.8797
448.013	90.9497
448.234	98.4297
448.455	93.0697
448.675	98.8597
448.896	103.24969999999999
449.117	94.1497
449.338	96.4897
449.559	111.7297
449.779	112.9697
450.0	90.8897
450.221	85.70970000000001
450.442	88.0697
450.662	89.6997
450.883	96.61970000000001
451.104	100.9397
451.324	91.5097
451.545	88.4097
451.766	86.3897
451.986	85.49969999999999
452.207	86.7397
452.428	89.5497
452.648	92.1897
452.869	99.4697
453.089	100.74969999999999
453.31	102.0997
453.53	88.99969999999999
453.751	90.4897
453.971	94.7997
454.192	96.9497
454.412	88.6997
454.633	87.3897
454.853	86.3297
455.073	85.36970000000001
455.294	86.3797
455.514	93.1997
455.734	87.8397
455.955	86.6097
456.175	83.7297
456.395	84.7597
456.616	85.3497
456.836	85.9497
457.056	84.61970000000001
457.276	84.8197
457.497	85.3797
457.717	83.7697
457.937	85.0197
458.157	84.7997
458.377	86.7697
458.598	97.6597
458.818	120.4697
459.038	127.7797
459.258	100.5997
459.478	87.7397
459.698	85.4097
459.918	87.4797
460.138	83.95970000000001
460.358	84.86970000000001
460.578	86.0497
460.798	89.41969999999999
461.018	89.1297
461.238	86.4297
461.458	85.3497
461.678	84.11970000000001
461.898	87.1497
462.118	85.6397
462.338	86.5197
462.558	84.7997
462.777	85.4497
462.997	86.3897
463.217	86.1397
463.437	84.9797
463.657	85.80969999999999
463.876	87.9097
464.096	86.8297
464.316	88.1997
464.536	89.0097
464.755	90.3997
464.975	97.05969999999999
465.195	129.71970000000002
465.414	126.0497
465.634	91.03970000000001
465.854	86.5197
466.073	87.6897
466.293	85.8397
466.512	84.1097
466.732	86.6597
466.951	86.7997
467.171	91.6297
467.391	90.1897
467.61	93.9297
467.829	92.6597
468.049	95.70970000000001
468.268	98.11970000000001
468.488	86.5297
468.707	85.4797
468.927	84.95970000000001
469.146	84.5997
469.365	86.8997
469.585	87.20970000000001
469.804	92.49969999999999
470.023	89.8197
470.243	88.49969999999999
470.462	92.20970000000001
470.681	98.3297
470.901	89.5797
471.12	85.78970000000001
471.339	84.6797
471.558	85.8597
471.777	87.2697
471.997	91.8297
472.216	108.6297
472.435	131.1797
472.654	95.4297
472.873	88.20970000000001
473.092	87.11970000000001
473.311	87.5097
473.53	85.3797
473.749	87.8997
473.968	91.0097
474.187	94.36970000000001
474.406	91.2797
474.625	87.2297
474.844	87.78970000000001
475.063	87.3197
475.282	87.2797
475.501	86.0997
475.72	89.86970000000001
475.939	85.70970000000001
476.158	86.3197
476.377	87.1997
476.596	84.0097
476.814	88.8297
477.033	89.6297
477.252	88.6897
477.471	85.66969999999999
477.69	87.05969999999999
477.908	87.91969999999999
478.127	89.6597
478.346	87.2697
478.564	88.1897
478.783	91.2297
479.002	90.45970000000001
479.22	91.5297
479.439	95.5997
479.658	96.55969999999999
479.876	90.30969999999999
480.095	88.0997
480.313	89.8997
480.532	89.1897
480.751	93.1397
480.969	107.0297
481.188	180.8997
481.406	138.7397
481.624	93.7797
481.843	87.53970000000001
482.061	86.28970000000001
482.28	87.9797
482.498	87.8197
482.717	87.6097
482.935	88.7397
483.153	87.9797
483.372	89.11970000000001
483.59	89.5297
483.808	88.91969999999999
484.027	90.2797
484.245	91.41969999999999
484.463	90.0697
484.681	96.8397
484.9	91.9297
485.118	95.1497
485.336	95.3197
485.554	97.8297
485.772	102.3297
485.99	103.2597
486.209	106.5697
486.427	105.6297
486.645	107.9497
486.863	107.0097
487.081	100.9697
487.299	96.7397
487.517	94.3497
487.735	92.0697
487.953	90.8497
488.171	95.3497
488.389	95.45970000000001
488.607	95.7597
488.825	91.1597
489.043	89.45970000000001
489.261	91.5197
489.479	89.2697
489.696	88.5897
489.914	88.5997
490.132	88.8397
490.35	88.5697
490.568	88.0097
490.786	88.86970000000001
491.003	87.7597
491.221	88.4397
491.439	88.9897
491.657	93.2197
491.874	92.03970000000001
492.092	89.0697
492.31	90.8797
492.527	89.5297
492.745	89.24969999999999
492.963	91.61970000000001
493.18	89.55969999999999
493.398	90.8497
493.615	95.78970000000001
493.833	92.5097
494.05	88.4497
494.268	88.8397
494.485	90.1597
494.703	87.7697
494.92	90.9397
495.138	88.2997
495.355	88.9297
495.573	90.1497
495.79	88.6997
496.008	91.7697
496.225	90.8997
496.442	89.24969999999999
496.66	92.1997
496.877	90.3897
497.094	92.3497
497.312	87.7797
497.529	89.8497
497.746	90.11970000000001
497.963	89.1497
498.181	89.05969999999999
498.398	94.03970000000001
498.615	101.8297
498.832	96.5197
499.049	90.8797
499.267	90.5297
499.484	89.2597
499.701	90.6497
499.918	90.2297
500.135	88.5297
500.352	91.11970000000001
500.569	88.41969999999999
500.786	90.7597
501.003	89.30969999999999
501.22	90.2997
501.437	89.30969999999999
501.654	91.4897
501.871	98.95970000000001
502.088	91.4797
502.305	91.3397
502.522	88.9697
502.739	89.11970000000001
502.956	89.99969999999999
503.172	90.99969999999999
503.389	91.1797
503.606	96.91969999999999
503.823	92.66969999999999
504.04	92.2597
504.256	90.7297
504.473	88.6897
504.69	90.2697
504.907	93.6797
505.123	88.5897
505.34	89.28970000000001
505.557	89.1297
505.773	89.9297
505.99	87.6597
506.207	89.7197
506.423	88.99969999999999
506.64	89.0497
506.856	89.5697
507.073	88.9897
507.289	92.0797
507.506	93.0997
507.722	101.16969999999999
507.939	99.5697
508.155	93.9297
508.372	91.49969999999999
508.588	92.1797
508.805	92.5297
509.021	93.6897
509.238	94.9097
509.454	95.36970000000001
509.67	97.61970000000001
509.887	101.1597
510.103	116.9097
510.319	172.92970000000003
510.536	554.7996999999999
510.752	1664.4197
510.968	478.55969999999996
511.184	133.46970000000002
511.401	102.8897
511.617	95.2597
511.833	91.8197
512.049	91.4497
512.265	90.5197
512.481	90.6597
512.698	90.30969999999999
512.914	90.1397
513.13	92.7697
513.346	90.7697
513.562	93.24969999999999
513.778	94.1097
513.994	94.0497
514.21	94.5897
514.426	105.3497
514.642	115.3497
514.858	109.8497
515.074	135.8397
515.29	322.3697
515.506	980.5396999999999
515.721	374.3497
515.937	127.91969999999999
516.153	100.16969999999999
516.369	95.74969999999999
516.585	90.6297
516.801	90.6997
517.016	93.03970000000001
517.232	91.1797
517.448	92.20970000000001
517.664	91.5697
517.879	91.6497
518.095	90.6797
518.311	93.2797
518.527	92.16969999999999
518.742	90.4397
518.958	91.5997
519.173	92.2597
519.389	93.0697
519.605	91.8897
519.82	94.3797
520.036	97.61970000000001
520.251	107.6797
520.467	102.5097
520.682	98.4697
520.898	99.24969999999999
521.113	104.20970000000001
521.329	117.2697
521.544	159.6297
521.76	389.78970000000004
521.975	1593.2697
522.19	960.2797
522.406	229.3897
522.621	111.0297
522.836	95.7597
523.052	93.0797
523.267	92.5897
523.482	91.3297
523.698	96.45970000000001
523.913	108.8197
524.128	98.0297
524.343	92.9097
524.559	93.2197
524.774	89.66969999999999
524.989	94.1597
525.204	98.49969999999999
525.419	93.91969999999999
525.634	89.9097
525.849	88.8297
526.064	87.66969999999999
526.28	91.80969999999999
526.495	89.1897
526.71	88.1797
526.925	89.0697
527.14	88.4097
527.355	88.2797
527.57	89.5297
527.785	89.16969999999999
527.999	88.49969999999999
528.214	90.7697
528.429	93.2697
528.644	91.8497
528.859	89.6897
529.074	92.5497
529.289	108.6797
529.503	140.5797
529.718	98.4497
529.933	90.7997
530.148	90.4497
530.363	91.1497
530.577	90.0797
530.792	91.03970000000001
531.007	88.91969999999999
531.221	90.9797
531.436	89.3497
531.651	91.5897
531.865	90.5097
532.08	90.2697
532.295	92.74969999999999
532.509	91.6897
532.724	92.0097
532.938	93.1397
533.153	94.6897
533.367	93.2997
533.582	92.4697
533.796	91.95970000000001
534.011	89.4897
534.225	91.2797
534.44	90.4497
534.654	92.3597
534.868	90.03970000000001
535.083	91.4097
535.297	90.2997
535.511	96.4897
535.726	97.70970000000001
535.94	94.6797
536.154	93.0097
536.369	89.8997
536.583	88.1397
536.797	90.2297
537.011	88.36970000000001
537.225	89.5497
537.44	90.20970000000001
537.654	90.8397
537.868	90.5297
538.082	90.5297
538.296	89.80969999999999
538.51	88.7697
538.724	90.2997
538.938	90.11970000000001
539.153	92.4797
539.367	98.7197
539.581	91.5797
539.795	89.28970000000001
540.009	89.5097
540.222	89.6497
540.436	90.5997
540.65	88.3297
540.864	89.1297
541.078	91.6897
541.292	91.55969999999999
541.506	90.2997
541.72	89.6597
541.934	87.6997
542.147	87.95970000000001
542.361	87.2797
542.575	88.4297
542.789	88.7697
543.002	88.4797
543.216	89.9697
543.43	92.3597
543.644	92.5297
543.857	91.0697
544.071	89.6797
544.285	92.4397
544.498	89.7597
544.712	90.5797
544.925	89.1997
545.139	87.3197
545.352	88.2397
545.566	89.1297
545.779	87.53970000000001
545.993	88.9497
546.206	87.3497
546.42	87.8497
546.633	90.1797
546.847	91.8297
547.06	89.6297
547.274	87.6497
547.487	90.95970000000001
547.7	87.8797
547.914	88.9897
548.127	87.6297
548.34	88.4797
548.554	87.55969999999999
548.767	89.4497
548.98	89.2797
549.193	88.9797
549.407	88.4497
549.62	88.4897
549.833	86.9097
550.046	87.9397
550.259	89.99969999999999
550.473	89.55969999999999
550.686	89.8197
550.899	88.91969999999999
551.112	89.3197
551.325	87.5797
551.538	88.2997
551.751	90.03970000000001
551.964	88.78970000000001
552.177	91.5297
552.39	87.3797
552.603	89.2997
552.816	90.1397
553.029	88.6797
553.242	89.0997
553.455	95.1297
553.667	97.6597
553.88	93.66969999999999
554.093	89.9697
554.306	90.1897
554.519	90.9097
554.732	89.9897
554.944	91.2697
555.157	89.5197
555.37	88.7997
555.583	90.6897
555.795	92.11970000000001
556.008	88.8997
556.221	90.5797
556.433	91.4697
556.646	92.1597
556.859	91.1297
557.071	90.2997
557.284	91.55969999999999
557.496	90.53970000000001
557.709	89.80969999999999
557.921	90.3197
558.134	91.5097
558.346	89.61970000000001
558.559	89.8397
558.771	88.2597
558.984	88.55969999999999
559.196	89.6397
559.409	89.1097
559.621	89.4897
559.833	88.05969999999999
560.046	88.61970000000001
560.258	87.66969999999999
560.47	87.3897
560.683	88.1597
560.895	88.0997
561.107	89.6397
561.32	90.3997
561.532	88.9097
561.744	90.8397
561.956	91.0797
562.168	90.9397
562.381	90.4397
562.593	90.8397
562.805	90.2597
563.017	90.66969999999999
563.229	89.49969999999999
563.441	89.2697
563.653	88.1497
563.865	87.9097
564.077	87.05969999999999
564.289	89.3897
564.501	86.8897
564.713	88.4797
564.925	91.8397
565.137	97.5497
565.349	90.5997
565.561	89.1497
565.773	89.4097
565.985	87.4297
566.197	88.1797
566.408	86.41969999999999
566.62	85.8597
566.832	86.8897
567.044	87.2997
567.255	86.6497
567.467	87.7297
567.679	87.8397
567.891	87.1297
568.102	88.2797
568.314	85.70970000000001
568.526	86.7397
568.737	88.2797
568.949	88.0297
569.161	87.0997
569.372	87.0997
569.584	89.3197
569.795	92.6997
570.007	106.0297
570.218	190.8697
570.43	117.55969999999999
570.641	90.20970000000001
570.853	86.6997
571.064	88.5297
571.276	88.9897
571.487	88.9297
571.698	87.1797
571.91	87.70970000000001
572.121	87.6597
572.333	88.2597
572.544	86.6397
572.755	88.45970000000001
572.966	87.78970000000001
573.178	89.05969999999999
573.389	90.1797
573.6	87.5797
573.811	87.3497
574.023	87.8197
574.234	86.5997
574.445	88.3497
574.656	90.03970000000001
574.867	88.0897
575.078	87.1797
575.289	88.66969999999999
575.501	90.2397
575.712	89.0697
575.923	87.9697
576.134	88.9497
576.345	87.24969999999999
576.556	89.1997
576.767	90.8497
576.978	90.1097
577.188	89.1897
577.399	88.9097
577.61	90.7297
577.821	93.7697
578.032	104.74969999999999
578.243	211.74970000000002
578.454	524.6197
578.665	167.5797
578.875	97.5097
579.086	90.1297
579.297	87.2397
579.508	89.3797
579.718	88.9797
579.929	89.0197
580.14	85.7597
580.35	85.8797
580.561	88.3497
580.772	88.3797
580.982	87.3397
581.193	85.5897
581.403	86.41969999999999
581.614	85.66969999999999
581.825	86.1097
582.035	86.4797
582.246	87.78970000000001
582.456	86.5197
582.667	87.5897
582.877	86.8897
583.087	86.3397
583.298	88.0897
583.508	88.5097
583.719	86.45970000000001
583.929	90.4397
584.139	86.7297
584.35	86.2697
584.56	86.6597
584.77	86.55969999999999
584.981	87.6397
585.191	88.1797
585.401	85.70970000000001
585.611	86.6797
585.821	87.36970000000001
586.032	88.6597
586.242	86.1597
586.452	86.9697
586.662	85.3897
586.872	85.11970000000001
587.082	85.70970000000001
587.292	86.03970000000001
587.502	86.0197
587.713	85.53970000000001
587.923	88.4497
588.133	86.1497
588.343	87.1297
588.553	86.45970000000001
588.762	91.1097
588.972	98.5997
589.182	150.1997
589.392	109.9297
589.602	96.03970000000001
589.812	121.66969999999999
590.022	97.0097
590.232	87.4397
590.441	86.7397
590.651	86.5297
590.861	86.9897
591.071	85.1997
591.281	87.78970000000001
591.49	84.8597
591.7	86.61970000000001
591.91	88.61970000000001
592.119	85.0897
592.329	87.6797
592.539	91.1397
592.748	89.03970000000001
592.958	86.8597
593.167	86.3297
593.377	85.7297
593.587	91.8397
593.796	86.11970000000001
594.006	85.0097
594.215	87.0197
594.424	86.6597
594.634	85.6597
594.843	86.03970000000001
595.053	85.3597
595.262	86.2597
595.472	87.5297
595.681	86.8497
595.89	86.0697
596.1	85.3497
596.309	86.53970000000001
596.518	86.8597
596.727	85.7597
596.937	84.8497
597.146	85.61970000000001
597.355	88.3997
597.564	87.3197
597.774	87.0797
597.983	84.70970000000001
598.192	85.3197
598.401	85.66969999999999
598.61	86.4897
598.819	86.8397
599.028	85.8397
599.237	84.4297
599.446	85.4297
599.655	88.1797
599.864	87.11970000000001
600.073	86.30969999999999
600.282	90.0197
600.491	87.2397
600.7	87.6797
600.909	86.6797
601.118	88.95970000000001
601.327	88.9697
601.536	87.4697
601.745	86.5097
601.953	87.5997
602.162	87.0897
602.371	88.0297
602.58	86.0697
602.789	87.5297
602.997	85.4497
603.206	88.4397
603.415	85.7997
603.623	86.9797
603.832	86.03970000000001
604.041	86.4097
604.249	86.16969999999999
604.458	86.0297
604.666	85.0797
604.875	85.1897
605.084	86.30969999999999
605.292	84.4697
605.501	86.55969999999999
605.709	85.8597
605.918	86.5297
606.126	87.0797
606.334	85.6797
606.543	85.6797
606.751	87.4697
606.96	86.7397
607.168	85.6797
607.376	87.1297
607.585	86.3297
607.793	84.9397
608.001	87.41969999999999
608.21	85.49969999999999
608.418	86.3397
608.626	85.1597
608.834	85.7297
609.043	86.8297
609.251	87.0997
609.459	87.4297
609.667	87.80969999999999
609.875	84.16969999999999
610.083	84.2997
610.291	84.6997
610.499	87.4797
610.707	85.9297
610.916	86.11970000000001
611.124	87.4797
611.332	84.61970000000001
611.54	85.24969999999999
611.748	84.4097
611.955	86.9497
612.163	85.41969999999999
612.371	87.24969999999999
612.579	85.4397
612.787	85.8897
612.995	87.0797
613.203	89.3197
613.411	85.0097
613.618	85.8197
613.826	83.9697
614.034	85.3897
614.242	87.86970000000001
614.449	87.1797
614.657	85.5797
614.865	85.1797
615.072	86.0997
615.28	86.4297
615.488	85.3997
615.695	91.41969999999999
615.903	92.6897
616.111	95.3497
616.318	98.1597
616.526	93.05969999999999
616.733	92.24969999999999
616.941	88.8997
617.148	89.30969999999999
617.356	86.5097
617.563	86.6297
617.771	87.1097
617.978	85.6097
618.185	87.16969999999999
618.393	85.9497
618.6	86.8797
618.807	85.1997
619.015	84.8197
619.222	86.1397
619.429	85.4797
619.637	86.86970000000001
619.844	84.80969999999999
620.051	84.2297
620.258	85.24969999999999
620.466	85.1497
620.673	84.0197
620.88	84.70970000000001
621.087	85.11970000000001
621.294	85.7997
621.501	84.8397
621.708	86.7997
621.915	85.4897
622.122	84.2697
622.329	86.24969999999999
622.536	84.4297
622.743	83.3797
622.95	84.9697
623.157	83.9897
623.364	86.2197
623.571	84.8197
623.778	85.3597
623.985	86.28970000000001
624.192	85.4297
624.399	86.5497
624.606	85.5197
624.812	84.1097
625.019	84.5197
625.226	84.2597
625.433	87.7797
625.639	84.6997
625.846	84.5897
626.053	83.74969999999999
626.259	85.55969999999999
626.466	86.7997
626.673	83.5697
626.879	85.2697
627.086	86.3197
627.293	87.8897
627.499	84.3997
627.706	84.1297
627.912	84.5197
628.119	83.45970000000001
628.325	87.9397
628.532	84.7797
628.738	83.1397
628.945	83.9497
629.151	85.70970000000001
629.357	81.6097
629.564	84.7597
629.77	85.53970000000001
629.976	85.86970000000001
630.183	84.2297
630.389	84.0697
630.595	82.9897
630.802	84.0497
631.008	83.8497
631.214	84.0497
631.42	85.8197
631.627	86.9697
631.833	83.41969999999999
632.039	83.3997
632.245	83.4497
632.451	84.55969999999999
632.657	82.4497
632.863	83.95970000000001
633.069	84.8397
633.275	84.6897
633.481	83.1597
633.688	83.36970000000001
633.893	86.45970000000001
634.099	83.2697
634.305	83.1797
634.511	84.7397
634.717	85.99969999999999
634.923	83.03970000000001
635.129	83.7997
635.335	82.6397
635.541	82.7997
635.747	84.8597
635.952	83.5497
636.158	84.0297
636.364	89.0497
636.57	87.3597
636.775	85.30969999999999
636.981	83.78970000000001
637.187	84.3797
637.392	84.5297
637.598	83.70970000000001
637.804	84.2297
638.009	83.9397
638.215	84.3297
638.421	83.5497
638.626	83.0897
638.832	84.20970000000001
639.037	83.3797
639.243	85.1897
639.448	84.5497
639.654	87.05969999999999
639.859	81.6597
640.065	84.4697
640.27	89.0997
640.475	84.0097
640.681	83.78970000000001
640.886	84.36970000000001
641.091	84.0097
641.297	87.0997
641.502	83.9397
641.707	87.28970000000001
641.913	84.78970000000001
642.118	84.1997
642.323	84.95970000000001
642.528	87.70970000000001
642.733	85.80969999999999
642.939	86.7797
643.144	85.6597
643.349	84.6997
643.554	85.3997
643.759	85.2197
643.964	83.4397
644.169	86.11970000000001
644.374	85.3997
644.579	86.4397
644.784	86.5297
644.989	85.4397
645.194	84.1597
645.399	85.6897
645.604	84.8397
645.809	87.4097
646.014	84.5797
646.219	84.8897
646.423	84.11970000000001
646.628	84.0497
646.833	83.8297
647.038	84.8997
647.243	86.6397
647.447	84.3597
647.652	85.5097
647.857	85.24969999999999
648.062	85.6897
648.266	86.9397
648.471	89.3597
648.676	90.8397
648.88	89.41969999999999
649.085	89.5097
649.289	90.49969999999999
649.494	96.7797
649.698	116.86970000000001
649.903	95.0697
650.107	86.6397
650.312	86.0797
650.516	83.5197
650.721	85.5297
650.925	84.5297
651.13	82.66969999999999
651.334	83.7597
651.539	81.3497
651.743	83.28970000000001
651.947	83.1897
652.152	83.53970000000001
652.356	83.16969999999999
652.56	84.4497
652.764	83.1397
652.969	82.4797
653.173	81.7397
653.377	82.0797
653.581	83.7397
653.785	83.7697
653.99	81.8597
654.194	81.9297
654.398	83.6097
654.602	84.2197
654.806	88.6597
655.01	96.66969999999999
655.214	88.9097
655.418	84.7797
655.622	84.4497
655.826	86.49969999999999
656.03	88.53970000000001
656.234	93.7797
656.438	98.28970000000001
656.642	97.5297
656.846	89.5797
657.049	88.0697
657.253	87.24969999999999
657.457	84.91969999999999
657.661	84.7997
657.865	83.3997
658.068	82.4497
658.272	81.24969999999999
658.476	82.2597
658.68	82.2297
658.883	82.2797
659.087	81.8397
659.291	82.1897
659.494	83.2197
659.698	81.53970000000001
659.901	82.9697
660.105	81.7797
660.309	81.6297
660.512	80.9397
660.716	82.6397
660.919	82.0297
661.123	85.1597
661.326	82.4797
661.53	81.9497
661.733	83.4397
661.936	82.7797
662.14	81.5997
662.343	82.0797
662.546	80.3597
662.75	83.1397
662.953	83.5497
663.156	81.5497
663.36	81.7297
663.563	82.6497
663.766	80.2197
663.969	82.0497
664.173	83.0897
664.376	81.6497
664.579	80.0597
664.782	79.1897
664.985	80.8897
665.188	81.6597
665.391	81.11970000000001
665.594	80.2697
665.797	80.5897
666.0	80.4897
666.203	81.7597
666.406	80.4297
666.609	80.8197
666.812	82.49969999999999
667.015	82.3797
667.218	84.1297
667.421	81.8297
667.624	81.5797
667.827	81.6597
668.03	81.0897
668.232	80.2797
668.435	81.24969999999999
668.638	79.9697
668.841	82.5797
669.043	80.8597
669.246	81.6797
669.449	80.7397
669.651	80.8497
669.854	81.28970000000001
670.057	81.1297
670.259	77.6497
670.462	81.9097
670.665	81.1397
670.867	82.11970000000001
671.07	82.0097
671.272	83.3597
671.475	84.24969999999999
671.677	81.11970000000001
671.88	81.1397
672.082	81.2597
672.284	82.9097
672.487	82.6097
672.689	81.3797
672.892	81.6997
