223.165	-17.3245
223.4	-17.3245
223.635	-17.3245
223.869	-18.5845
224.104	-19.604499999999998
224.338	-15.6145
224.573	-15.6245
224.808	-12.8645
225.042	-6.9445
225.277	-7.014500000000001
225.511	-2.7445
225.746	3.4155
225.98	8.5855
226.215	11.545499999999999
226.449	16.4855
226.683	20.055500000000002
226.918	25.6555
227.152	30.5755
227.387	35.3055
227.621	37.915499999999994
227.856	44.2855
228.09	47.1155
228.324	51.845499999999994
228.559	58.055499999999995
228.793	61.845499999999994
229.027	72.0055
229.262	77.6155
229.496	85.9255
229.73	101.77550000000001
229.964	100.95549999999999
230.199	86.4755
230.433	84.6555
230.667	87.04549999999999
230.901	86.5855
231.136	86.12549999999999
231.37	86.0755
231.604	86.46549999999999
231.838	88.0355
232.072	88.2855
232.306	89.27550000000001
232.541	89.45549999999999
232.775	89.16550000000001
233.009	90.1355
233.243	88.8555
233.477	89.19550000000001
233.711	90.3855
233.945	90.6555
234.179	90.1355
234.413	90.79549999999999
234.647	90.5655
234.881	89.0055
235.115	90.0655
235.349	89.0955
235.583	91.29549999999999
235.817	92.3655
236.051	91.6055
236.285	89.0055
236.519	89.2555
236.753	92.87549999999999
236.987	99.3655
237.221	114.20549999999999
237.455	120.2455
237.689	97.8155
237.922	92.3155
238.156	92.3855
238.39	90.69550000000001
238.624	89.5555
238.858	90.02550000000001
239.091	88.0055
239.325	89.95549999999999
239.559	93.5655
239.793	93.46549999999999
240.027	94.46549999999999
240.26	98.1855
240.494	99.45549999999999
240.728	96.20549999999999
240.961	95.5555
241.195	95.4755
241.429	92.0955
241.662	90.29549999999999
241.896	91.9355
242.13	91.3255
242.363	92.1855
242.597	92.7355
242.83	94.2855
243.064	94.5555
243.298	93.21549999999999
243.531	94.02550000000001
243.765	94.7255
243.998	97.16550000000001
244.232	97.7355
244.465	100.0155
244.699	99.0855
244.932	95.8355
245.166	97.0855
245.399	98.12549999999999
245.633	96.6355
245.866	97.27550000000001
246.099	96.0655
246.333	96.6755
246.566	97.79549999999999
246.8	96.2455
247.033	98.9955
247.266	99.3155
247.5	100.3455
247.733	102.41550000000001
247.966	104.3455
248.2	103.2455
248.433	103.16550000000001
248.666	104.1355
248.899	110.5955
249.133	115.79549999999999
249.366	124.8055
249.599	123.2455
249.832	106.21549999999999
250.066	106.5055
250.299	104.91550000000001
250.532	106.0755
250.765	112.0855
250.998	115.8055
251.231	115.2855
251.465	111.02550000000001
251.698	110.3055
251.931	107.5855
252.164	108.8255
252.397	109.4455
252.63	110.0355
252.863	111.8555
253.096	116.91550000000001
253.329	120.5855
253.562	114.8055
253.795	114.37549999999999
254.028	113.91550000000001
254.261	115.0655
254.494	119.3955
254.727	130.0655
254.96	130.5455
255.193	121.96549999999999
255.426	115.87549999999999
255.659	114.0555
255.892	115.1555
256.124	110.9455
256.357	114.2255
256.59	113.5655
256.823	110.9855
257.056	112.4855
257.289	112.3055
257.521	113.0055
257.754	112.9055
257.987	114.0355
258.22	114.2355
258.452	112.9955
258.685	113.4855
258.918	114.4355
259.151	113.2555
259.383	116.9355
259.616	116.2355
259.849	120.4455
260.081	124.69550000000001
260.314	126.6555
260.547	125.16550000000001
260.779	122.1555
261.012	119.45549999999999
261.244	120.3255
261.477	124.1955
261.71	127.1355
261.942	145.9055
262.175	153.1555
262.407	125.52550000000001
262.64	117.6855
262.872	117.2855
263.105	117.3555
263.337	119.2355
263.57	115.7855
263.802	117.5555
264.035	116.6955
264.267	114.7355
264.499	117.5755
264.732	117.96549999999999
264.964	118.7655
265.197	118.2455
265.429	117.6855
265.661	117.9455
265.894	119.3655
266.126	119.1355
266.358	120.52550000000001
266.591	119.5355
266.823	122.54549999999999
267.055	120.3355
267.287	121.8655
267.52	121.1755
267.752	121.8655
267.984	123.0755
268.216	124.1455
268.448	124.8655
268.681	125.27550000000001
268.913	128.3755
269.145	132.5155
269.377	135.1255
269.609	130.4055
269.841	133.5855
270.073	135.3955
270.306	140.9955
270.538	145.93550000000002
270.77	141.1955
271.002	137.9255
271.234	137.9055
271.466	141.6155
271.698	144.59550000000002
271.93	142.9955
272.162	146.0455
272.394	144.5655
272.626	138.9755
272.858	135.3155
273.09	134.2555
273.322	131.2055
273.553	129.59550000000002
273.785	130.4655
274.017	129.6955
274.249	131.4555
274.481	130.8055
274.713	131.4155
274.945	133.9955
275.176	131.8655
275.408	134.4055
275.64	132.77550000000002
275.872	132.7055
276.104	135.0555
276.335	137.0855
276.567	148.4855
276.799	160.0855
277.031	158.2655
277.262	152.2455
277.494	145.9155
277.726	140.8555
277.957	137.6955
278.189	135.5055
278.421	136.3955
278.652	135.43550000000002
278.884	134.77550000000002
279.115	133.93550000000002
279.347	135.1055
279.579	134.4755
279.81	134.2955
280.042	134.1055
280.273	136.3355
280.505	134.3855
280.736	134.9255
280.968	135.3355
281.199	136.1355
281.431	135.77550000000002
281.662	135.5355
281.894	140.6955
282.125	149.27550000000002
282.356	170.6055
282.588	197.0855
282.819	168.5455
283.051	141.4755
283.282	139.0355
283.513	140.6755
283.745	141.2255
283.976	139.2355
284.207	137.9755
284.439	138.8155
284.67	141.1455
284.901	140.1355
285.132	139.18550000000002
285.364	138.1155
285.595	139.8755
285.826	139.2455
286.057	143.0555
286.288	141.59550000000002
286.52	139.84550000000002
286.751	140.1255
286.982	139.9855
287.213	140.1555
287.444	143.8655
287.675	144.5055
287.906	148.6055
288.138	149.9955
288.369	150.7455
288.6	150.7855
288.831	144.09550000000002
289.062	146.3655
289.293	144.1955
289.524	143.1155
289.755	143.52550000000002
289.986	142.0855
290.217	143.1155
290.448	144.6955
290.679	143.5655
290.91	146.0455
291.141	144.3955
291.371	143.9155
291.602	144.3755
291.833	145.1355
292.064	144.7555
292.295	143.8355
292.526	146.6655
292.757	145.77550000000002
292.987	142.77550000000002
293.218	144.0355
293.449	144.8655
293.68	144.5655
293.91	144.4555
294.141	147.8255
294.372	144.2655
294.603	146.02550000000002
294.833	146.5155
295.064	147.5855
295.295	146.6255
295.525	149.2155
295.756	157.9455
295.987	174.21550000000002
296.217	200.3355
296.448	187.4355
296.679	153.4755
296.909	149.3555
297.14	147.6955
297.37	150.93550000000002
297.601	150.3555
297.831	149.6655
298.062	150.7855
298.292	151.8055
298.523	151.2355
298.753	152.34550000000002
298.984	151.4455
299.214	151.5555
299.445	152.9755
299.675	155.1355
299.905	157.2055
300.136	152.4855
300.366	151.6655
300.597	154.2255
300.827	157.6655
301.057	165.5355
301.288	169.2455
301.518	159.1955
301.748	155.7655
301.979	167.64550000000003
302.209	159.0655
302.439	158.5355
302.669	157.4955
302.9	156.4655
303.13	157.8155
303.36	161.8255
303.59	166.9055
303.82	172.3355
304.051	161.0455
304.281	157.5455
304.511	156.9955
304.741	154.3655
304.971	154.4155
305.201	155.1055
305.431	154.2955
305.661	155.4755
305.891	155.43550000000002
306.121	161.6555
306.352	167.2655
306.582	169.41549999999998
306.812	159.5655
307.042	157.0055
307.272	156.4555
307.502	157.2455
307.731	157.59550000000002
307.961	157.6955
308.191	154.4955
308.421	157.2555
308.651	156.9855
308.881	159.4255
309.111	160.0855
309.341	162.41549999999998
309.571	167.6855
309.8	165.37550000000002
310.03	169.87550000000002
310.26	171.4255
310.49	167.62550000000002
310.72	173.0255
310.949	181.1355
311.179	177.7255
311.409	167.7755
311.639	169.4355
311.868	171.4055
312.098	170.2455
312.328	172.5155
312.557	182.7255
312.787	188.7955
313.017	180.4555
313.246	172.91549999999998
313.476	168.4255
313.706	168.8855
313.935	173.73550000000003
314.165	180.00549999999998
314.394	183.3455
314.624	178.5655
314.853	174.9755
315.083	168.7255
315.312	167.25549999999998
315.542	166.41549999999998
315.771	165.0855
316.001	165.6155
316.23	164.8555
316.46	163.50549999999998
316.689	166.7455
316.919	169.2955
317.148	172.5255
317.377	172.5355
317.607	170.9755
317.836	168.55550000000002
318.065	164.2755
318.295	163.5355
318.524	164.3155
318.753	163.5255
318.983	170.9055
319.212	176.1155
319.441	181.0655
319.67	181.1855
319.9	170.75549999999998
320.129	167.1155
320.358	169.05550000000002
320.587	171.6855
320.816	175.1855
321.046	179.9055
321.275	174.5955
321.504	172.25549999999998
321.733	175.1855
321.962	179.12550000000002
322.191	184.89549999999997
322.42	189.6755
322.649	196.6855
322.878	200.16549999999998
323.108	205.21550000000002
323.337	219.87550000000002
323.566	233.41549999999998
323.795	263.2455
324.024	331.7055
324.253	577.5355
324.482	1145.6855
324.71	2231.2955
324.939	2923.9055
325.168	1210.9155
325.397	405.83549999999997
325.626	265.6655
325.855	232.75549999999998
326.084	225.00549999999998
326.313	233.71550000000002
326.542	259.7055
326.77	357.6755
326.999	637.1954999999999
327.228	1255.2855
327.457	2254.5855
327.686	1862.0855000000001
327.914	562.1255
328.143	321.77549999999997
328.372	266.4655
328.6	235.37550000000002
328.829	228.2755
329.058	244.6955
329.287	247.21550000000002
329.515	213.8355
329.744	200.2955
329.972	197.55550000000002
330.201	201.4555
330.43	213.7655
330.658	236.2255
330.887	269.27549999999997
331.115	241.21550000000002
331.344	204.5655
331.572	202.48549999999997
331.801	206.6355
332.03	204.07549999999998
332.258	198.2455
332.486	191.2055
332.715	193.3455
332.943	197.87550000000002
333.172	200.7955
333.4	206.7255
333.629	215.0655
333.857	222.3355
334.085	211.1555
334.314	202.3555
334.542	203.50549999999998
334.771	204.5655
334.999	202.0855
335.227	199.8455
335.455	196.5955
335.684	197.7455
335.912	194.1755
336.14	194.3455
336.369	197.0855
336.597	201.4555
336.825	197.64549999999997
337.053	191.1355
337.281	187.75549999999998
337.51	185.4555
337.738	189.0855
337.966	187.0655
338.194	190.48549999999997
338.422	190.2455
338.65	185.4055
338.878	185.7055
339.106	181.55550000000002
339.334	184.5155
339.562	180.5155
339.79	180.4555
340.018	180.00549999999998
340.246	181.8355
340.474	184.9355
340.702	182.1155
340.93	180.2755
341.158	181.05550000000002
341.386	184.8155
341.614	186.00549999999998
341.842	182.5255
342.07	178.3355
342.298	178.4255
342.526	176.2955
342.754	174.4355
342.981	175.14549999999997
343.209	177.6955
343.437	191.87550000000002
343.665	187.5155
343.893	193.39549999999997
344.12	194.80550000000002
344.348	189.5155
344.576	185.57549999999998
344.804	187.4755
345.031	191.96550000000002
345.259	192.98549999999997
345.487	185.16549999999998
345.714	183.4255
345.942	178.5655
346.17	176.64549999999997
346.397	176.7055
346.625	177.2855
346.853	176.5855
347.08	174.87550000000002
347.308	180.7055
347.535	185.7655
347.763	188.9355
347.99	184.9955
348.218	188.5455
348.445	193.87550000000002
348.673	187.2455
348.9	179.8855
349.128	177.4755
349.355	175.4055
349.583	174.3355
349.81	174.4755
350.037	176.1555
350.265	175.57549999999998
350.492	175.1955
350.72	177.0855
350.947	182.2055
351.174	191.9455
351.402	195.1955
351.629	187.87550000000002
351.856	186.00549999999998
352.083	188.8155
352.311	192.46550000000002
352.538	195.16549999999998
352.765	194.98549999999997
352.992	195.6755
353.22	193.4055
353.447	185.32549999999998
353.674	180.7755
353.901	176.8855
354.128	174.48550000000003
354.355	175.48550000000003
354.583	176.7855
354.81	177.0255
355.037	175.37550000000002
355.264	172.1855
355.491	169.7055
355.718	169.0855
355.945	171.96550000000002
356.172	172.2455
356.399	172.8255
356.626	171.8255
356.853	170.1755
357.08	170.75549999999998
357.307	170.80550000000002
357.534	170.16549999999998
357.761	173.0455
357.988	172.5855
358.215	172.3555
358.441	170.37550000000002
358.668	170.16549999999998
358.895	169.8155
359.122	170.5955
359.349	173.23549999999997
359.576	180.2655
359.802	191.7655
360.029	208.89549999999997
360.256	208.3855
360.483	191.32549999999998
360.709	175.50549999999998
360.936	178.8155
361.163	179.55550000000002
361.39	178.39549999999997
361.616	180.0855
361.843	173.87550000000002
362.07	178.96550000000002
362.296	182.0355
362.523	175.96550000000002
362.749	174.7055
362.976	174.12550000000002
363.203	173.39549999999997
363.429	170.5955
363.656	173.30550000000002
363.882	169.57549999999998
364.109	169.71550000000002
364.335	172.0855
364.562	174.5855
364.788	172.48549999999997
365.015	175.14549999999997
365.241	179.05550000000002
365.468	187.50549999999998
365.694	187.7755
365.92	178.55550000000002
366.147	172.9055
366.373	170.1055
366.599	170.5655
366.826	169.3555
367.052	169.6755
367.278	172.0855
367.505	170.8655
367.731	175.12550000000002
367.957	173.21550000000002
368.184	173.1155
368.41	183.71550000000002
368.636	194.12550000000002
368.862	205.05550000000002
369.089	191.5255
369.315	178.50549999999998
369.541	173.9255
369.767	174.2455
369.993	175.4755
370.219	175.4055
370.445	173.0855
370.672	172.2755
370.898	172.8555
371.124	172.32549999999998
371.35	174.0455
371.576	172.4555
371.802	171.9755
372.028	170.9555
372.254	172.4955
372.48	173.12550000000002
372.706	174.5155
372.932	176.66549999999998
373.158	174.21550000000002
373.384	177.0255
373.61	175.9955
373.835	177.71550000000002
374.061	175.1355
374.287	180.9755
374.513	179.39549999999997
374.739	181.0255
374.965	181.6155
375.191	182.4555
375.416	181.3555
375.642	177.8655
375.868	180.3155
376.094	177.5655
376.319	175.3155
376.545	174.0855
376.771	176.23549999999997
376.997	175.0355
377.222	174.7655
377.448	175.9355
377.674	174.87550000000002
377.899	173.48549999999997
378.125	173.5455
378.35	175.1955
378.576	173.2755
378.802	172.7655
379.027	174.3355
379.253	176.55550000000002
379.478	174.6955
379.704	175.9355
379.929	177.1355
380.155	178.6355
380.38	176.9955
380.606	178.0355
380.831	177.7055
381.057	180.9755
381.282	177.7755
381.507	178.5855
381.733	178.1855
381.958	181.6055
382.184	183.4055
382.409	185.5955
382.634	188.2855
382.86	185.2755
383.085	187.1055
383.31	190.48549999999997
383.535	190.50549999999998
383.761	191.5355
383.986	191.4455
384.211	192.5255
384.436	193.8555
384.662	194.5255
384.887	198.5455
385.112	198.6055
385.337	200.9355
385.562	199.7955
385.787	202.2255
386.013	207.9755
386.238	213.8855
386.463	205.71550000000002
386.688	208.7455
386.913	200.41549999999998
387.138	201.4555
387.363	199.3455
387.588	196.8355
387.813	198.05550000000002
388.038	200.55550000000002
388.263	205.0955
388.488	202.4755
388.713	197.5955
388.938	195.9255
389.163	196.8555
389.387	194.6855
389.612	193.5855
389.837	194.0355
390.062	193.0655
390.287	192.4555
390.512	190.9355
390.736	192.7655
390.961	194.9455
391.186	196.87550000000002
391.411	199.8655
391.636	199.3655
391.86	198.9255
392.085	200.0855
392.31	198.9055
392.534	195.1855
392.759	195.3855
392.984	192.5655
393.208	194.6055
393.433	194.5255
393.658	192.96550000000002
393.882	190.3455
394.107	193.1355
394.331	193.55550000000002
394.556	193.0455
394.78	197.7755
395.005	195.5655
395.229	193.8555
395.454	200.4555
395.678	200.8855
395.903	203.2055
396.127	206.05550000000002
396.352	200.9755
396.576	196.0455
396.801	196.71550000000002
397.025	196.9355
397.249	198.1955
397.474	204.00549999999998
397.698	202.12550000000002
397.922	207.1855
398.147	208.6855
398.371	209.1355
398.595	209.89549999999997
398.82	214.6755
399.044	226.6055
399.268	241.0455
399.492	262.3455
399.717	278.8455
399.941	276.5355
400.165	268.6055
400.389	254.4755
400.613	232.6855
400.837	224.25549999999998
401.062	220.48549999999997
401.286	218.6855
401.51	220.89549999999997
401.734	219.1055
401.958	232.1855
402.182	257.0555
402.406	295.7955
402.63	255.1855
402.854	232.9455
403.078	230.5855
403.302	230.4455
403.526	233.14549999999997
403.75	235.16549999999998
403.974	233.1855
404.198	233.0955
404.422	237.0255
404.645	233.91549999999998
404.869	235.1555
405.093	241.8655
405.317	245.0655
405.541	248.2855
405.765	244.14549999999997
405.988	259.7155
406.212	321.6955
406.436	387.08549999999997
406.66	307.02549999999997
406.883	257.01550000000003
407.107	263.1955
407.331	276.4255
407.555	290.6555
407.778	282.4155
408.002	257.6955
408.226	246.6155
408.449	240.5955
408.673	242.2755
408.896	250.8855
409.12	257.4355
409.344	240.1155
409.567	231.48549999999997
409.791	233.6355
410.014	232.6755
410.238	229.5355
410.461	229.9255
410.685	231.7755
410.908	237.98549999999997
411.132	249.4355
411.355	249.1755
411.578	231.6955
411.802	222.6955
412.025	220.3155
412.249	223.55550000000002
412.472	223.21550000000002
412.695	223.37550000000002
412.919	218.12550000000002
413.142	212.8655
413.365	212.55550000000002
413.589	215.07549999999998
413.812	213.4055
414.035	214.00549999999998
414.258	213.14549999999997
414.482	216.7455
414.705	217.1355
414.928	215.6955
415.151	216.21550000000002
415.374	219.1155
415.597	214.5855
415.821	213.21550000000002
416.044	212.48549999999997
416.267	211.80550000000002
416.49	210.62550000000002
416.713	210.8155
416.936	212.7055
417.159	212.8555
417.382	214.2255
417.605	214.9255
417.828	223.4055
418.051	223.3855
418.274	218.66549999999998
418.497	213.16549999999998
418.72	216.16549999999998
418.943	217.6155
419.166	223.5155
419.389	231.5955
419.611	230.62550000000002
419.834	227.2755
420.057	225.62550000000002
420.28	217.6555
420.503	213.12550000000002
420.726	216.1755
420.948	220.4755
421.171	236.05550000000002
421.394	233.7455
421.617	219.6555
421.839	217.46550000000002
422.062	221.3855
422.285	227.3555
422.507	250.4455
422.73	266.2955
422.953	242.0155
423.175	228.00549999999998
423.398	228.21550000000002
423.621	229.96550000000002
423.843	233.6155
424.066	231.4055
424.288	230.07549999999998
424.511	238.6955
424.733	257.52549999999997
424.956	277.51550000000003
425.178	258.0755
425.401	265.9855
425.623	263.7955
425.846	230.4055
426.068	226.7255
426.291	224.2955
426.513	223.7255
426.735	224.8555
426.958	240.62550000000002
427.18	270.25550000000004
427.402	335.1755
427.625	366.9055
427.847	287.0855
428.069	237.89549999999997
428.292	218.1955
428.514	211.1055
428.736	206.30550000000002
428.958	206.1955
429.181	202.9455
429.403	204.07549999999998
429.625	209.9755
429.847	221.9055
430.069	243.6055
430.292	223.7455
430.514	204.0655
430.736	202.8155
430.958	202.1755
431.18	198.7255
431.402	198.73549999999997
431.624	197.57549999999998
431.846	200.0255
432.068	199.9555
432.29	202.5255
432.512	202.5855
432.734	204.4055
432.956	206.7455
433.178	216.2255
433.4	216.0155
433.622	206.21550000000002
433.844	207.64549999999997
434.066	206.5655
434.287	207.8355
434.509	210.4555
434.731	216.4955
434.953	217.3155
435.175	220.57549999999998
435.397	226.6855
435.618	227.1755
435.84	247.5955
436.062	295.13550000000004
436.284	283.0055
436.505	237.7955
436.727	229.1055
436.949	212.55550000000002
437.17	207.1355
437.392	205.50549999999998
437.614	213.7455
437.835	236.91549999999998
438.057	276.5855
438.278	285.2455
438.5	275.6055
438.721	317.2155
438.943	264.1055
439.165	223.7055
439.386	216.12550000000002
439.608	219.4055
439.829	231.21550000000002
440.05	267.3455
440.272	302.8355
440.493	234.3155
440.715	214.6955
440.936	210.7455
441.158	213.7655
441.379	215.16549999999998
441.6	227.91549999999998
441.822	232.7955
442.043	243.55550000000002
442.264	275.8355
442.486	265.4055
442.707	236.39549999999997
442.928	242.7255
443.149	275.6255
443.371	281.7555
443.592	269.8855
443.813	300.0455
444.034	294.0555
444.255	245.5355
444.476	235.7455
444.698	238.5355
444.919	243.4355
445.14	283.2355
445.361	274.2555
445.582	272.6555
445.803	316.70550000000003
446.024	331.07550000000003
446.245	321.5455
446.466	271.4055
446.687	223.23549999999997
446.908	214.96550000000002
447.129	207.1055
447.35	204.46550000000002
447.571	207.8155
447.792	204.66549999999998
448.013	214.73549999999997
448.234	226.73549999999997
448.455	238.9055
448.675	284.5655
448.896	298.6655
449.117	241.7955
449.338	250.21550000000002
449.559	314.20550000000003
449.779	326.0955
450.0	229.9055
450.221	209.75549999999998
450.442	201.2855
450.662	206.00549999999998
450.883	220.3655
451.104	230.0155
451.324	208.64549999999997
451.545	198.5655
451.766	192.48549999999997
451.986	191.25549999999998
452.207	191.6855
452.428	194.3155
452.648	201.0855
452.869	214.32549999999998
453.089	220.4355
453.31	224.7455
453.53	198.0855
453.751	193.1355
453.971	205.75549999999998
454.192	218.4255
454.412	194.6855
454.633	187.5455
454.853	185.07549999999998
455.073	187.50549999999998
455.294	200.7755
455.514	224.4955
455.734	202.7755
455.955	185.00549999999998
456.175	180.4455
456.395	179.5455
456.616	177.8455
456.836	178.6755
457.056	177.5255
457.276	176.4555
457.497	179.5255
457.717	178.6055
457.937	182.8155
458.157	184.8455
458.377	192.2255
458.598	215.4455
458.818	276.4055
459.038	312.2455
459.258	260.2455
459.478	211.75549999999998
459.698	203.1055
459.918	206.46550000000002
460.138	206.4055
460.358	211.73549999999997
460.578	212.46550000000002
460.798	217.6055
461.018	215.30550000000002
461.238	211.2655
461.458	210.6355
461.678	208.80550000000002
461.898	211.0855
462.118	213.4355
462.338	217.66549999999998
462.558	220.4555
462.777	223.6855
462.997	237.7255
463.217	246.5755
463.437	241.82549999999998
463.657	230.82549999999998
463.876	228.3655
464.096	230.9755
464.316	233.2955
464.536	235.4955
464.755	233.82549999999998
464.975	244.1355
465.195	313.5555
465.414	313.7155
465.634	223.1355
465.854	207.7055
466.073	202.23549999999997
466.293	196.4455
466.512	192.0955
466.732	188.2955
466.951	190.1555
467.171	195.98549999999997
467.391	198.55550000000002
467.61	210.2955
467.829	204.9555
468.049	192.96550000000002
468.268	186.16549999999998
468.488	186.0355
468.707	184.9055
468.927	183.9055
469.146	184.8355
469.365	185.7255
469.585	188.2255
469.804	199.62550000000002
470.023	204.1055
470.243	201.1755
470.462	211.8655
470.681	224.9055
470.901	202.2255
471.12	194.4755
471.339	194.41549999999998
471.558	194.4755
471.777	190.5655
471.997	188.2655
472.216	189.8855
472.435	189.4255
472.654	185.8555
472.873	186.73549999999997
473.092	186.71550000000002
473.311	184.8355
473.53	187.00549999999998
473.749	190.41549999999998
473.968	211.9055
474.187	250.14549999999997
474.406	227.7455
474.625	196.37550000000002
474.844	189.3855
475.063	185.3355
475.282	186.7755
475.501	188.96550000000002
475.72	192.3455
475.939	190.2255
476.158	190.0955
476.377	191.6755
476.596	193.12550000000002
476.814	198.6855
477.033	200.7455
477.252	197.7455
477.471	197.41549999999998
477.69	202.23549999999997
477.908	203.57549999999998
478.127	206.30550000000002
478.346	205.4955
478.564	210.7955
478.783	216.8555
479.002	218.4955
479.22	216.9255
479.439	228.64549999999997
479.658	235.0355
479.876	229.0155
480.095	227.3555
480.313	236.2255
480.532	230.82549999999998
480.751	225.3555
480.969	227.3655
481.188	230.23549999999997
481.406	223.1555
481.624	216.62550000000002
481.843	210.57549999999998
482.061	209.30550000000002
482.28	206.0955
482.498	206.1755
482.717	204.6555
482.935	203.6855
483.153	205.12550000000002
483.372	204.6155
483.59	207.41549999999998
483.808	206.3855
484.027	209.00549999999998
484.245	210.3455
484.463	210.8655
484.681	217.5655
484.9	211.4755
485.118	217.2455
485.336	217.5855
485.554	221.6055
485.772	224.4055
485.99	223.98549999999997
486.209	226.7655
486.427	228.0255
486.645	234.23549999999997
486.863	242.9355
487.081	229.6355
487.299	223.21550000000002
487.517	222.12550000000002
487.735	220.37550000000002
487.953	217.39549999999997
488.171	218.7055
488.389	221.4455
488.607	225.4955
488.825	217.9555
489.043	217.9255
489.261	220.2255
489.479	216.9955
489.696	218.41549999999998
489.914	219.7255
490.132	219.0655
490.35	223.6955
490.568	222.9755
490.786	224.2055
491.003	226.0855
491.221	231.07549999999998
491.439	234.71550000000002
491.657	234.71550000000002
491.874	237.0855
492.092	234.5855
492.31	236.64549999999997
492.527	234.9955
492.745	236.0955
492.963	239.6055
493.18	238.6055
493.398	241.4955
493.615	249.3155
493.833	246.6855
494.05	241.1155
494.268	241.37550000000002
494.485	241.0955
494.703	241.5655
494.92	242.37550000000002
495.138	242.4255
495.355	243.82549999999998
495.573	244.8155
495.79	243.1755
496.008	244.14549999999997
496.225	243.8555
496.442	242.1555
496.66	246.2255
496.877	245.3355
497.094	248.2255
497.312	250.07549999999998
497.529	253.2655
497.746	255.47550000000004
497.963	260.5255
498.181	271.3055
498.398	277.25550000000004
498.615	298.38550000000004
498.832	303.1455
499.049	301.45550000000003
499.267	313.3155
499.484	324.62550000000005
499.701	341.86550000000005
499.918	356.2855
500.135	371.6755
500.352	384.1455
500.569	384.9255
500.786	383.86550000000005
501.003	375.2055
501.22	362.19550000000004
501.437	349.68550000000005
501.654	338.05550000000005
501.871	338.4855
502.088	309.0555
502.305	294.4655
502.522	285.8455
502.739	277.45550000000003
502.956	269.6455
503.172	265.9155
503.389	259.93550000000005
503.606	269.95550000000003
503.823	261.01550000000003
504.04	254.71550000000002
504.256	256.0355
504.473	254.88550000000004
504.69	256.3055
504.907	253.93550000000002
505.123	244.62550000000002
505.34	242.5455
505.557	239.0855
505.773	237.3655
505.99	235.9355
506.207	234.7655
506.423	234.21550000000002
506.64	232.6055
506.856	227.9055
507.073	228.87550000000002
507.289	227.5955
507.506	234.3655
507.722	251.66549999999998
507.939	251.0655
508.155	230.7855
508.372	224.0855
508.588	224.6755
508.805	224.62550000000002
509.021	228.2255
509.238	235.7255
509.454	234.8455
509.67	234.5455
509.887	239.1355
510.103	258.3455
510.319	345.6255
510.536	912.7055
510.752	2624.5555
510.968	808.9055
511.184	280.3155
511.401	236.89549999999997
511.617	220.2755
511.833	213.66549999999998
512.049	211.2955
512.265	211.3355
512.481	211.5855
512.698	210.2755
512.914	210.57549999999998
513.13	212.0855
513.346	210.9755
513.562	213.71550000000002
513.778	216.3455
513.994	220.5955
514.21	225.3655
514.426	248.3355
514.642	275.0955
514.858	269.1255
515.074	318.9455
515.29	665.3655
515.506	1864.7254999999998
515.721	761.0155
515.937	304.0355
516.153	252.4455
516.369	235.0455
516.585	231.5455
516.801	233.00549999999998
517.016	233.9255
517.232	237.66549999999998
517.448	241.05550000000002
517.664	246.5255
517.879	244.73549999999997
518.095	243.5655
518.311	241.12550000000002
518.527	235.50549999999998
518.742	231.21550000000002
518.958	225.66549999999998
519.173	224.5655
519.389	225.0455
519.605	222.0455
519.82	222.46550000000002
520.036	234.1755
520.251	256.1655
520.467	249.9055
520.682	237.16549999999998
520.898	241.12550000000002
521.113	251.9455
521.329	283.89549999999997
521.544	375.6055
521.76	817.6055000000001
521.975	3002.7055000000005
522.19	1840.7155
522.406	488.57550000000003
522.621	255.6555
522.836	222.9255
523.052	212.3855
523.267	206.4355
523.482	204.5655
523.698	207.9455
523.913	229.30550000000002
524.128	211.1855
524.343	197.5155
524.559	197.25549999999998
524.774	193.30550000000002
524.989	199.00549999999998
525.204	208.07549999999998
525.419	203.3555
525.634	191.6955
525.849	190.0655
526.064	188.64549999999997
526.28	189.6355
526.495	186.8855
526.71	186.62550000000002
526.925	185.1355
527.14	187.5955
527.355	184.9955
527.57	185.3555
527.785	185.9555
527.999	184.8855
528.214	188.7055
528.429	189.96550000000002
528.644	188.05550000000002
528.859	188.9955
529.074	192.89549999999997
529.289	226.7655
529.503	308.3555
529.718	215.75549999999998
529.933	193.8355
530.148	189.16549999999998
530.363	187.7855
530.577	184.7955
530.792	186.75549999999998
531.007	184.14549999999997
531.221	187.0155
531.436	184.62550000000002
531.651	185.21550000000002
531.865	185.1755
532.08	183.6955
532.295	187.7455
532.509	186.2855
532.724	184.8555
532.938	186.25549999999998
533.153	190.6555
533.367	186.5855
533.582	186.5255
533.796	183.98549999999997
534.011	182.55550000000002
534.225	182.6555
534.44	181.3455
534.654	182.8555
534.868	180.9355
535.083	183.62550000000002
535.297	185.2455
535.511	193.9055
535.726	197.73549999999997
535.94	191.30550000000002
536.154	184.3855
536.369	180.9455
536.583	175.2855
536.797	179.3455
537.011	177.91549999999998
537.225	176.1555
537.44	176.6555
537.654	177.41549999999998
537.868	177.80550000000002
538.082	177.2755
538.296	175.2455
538.51	176.8455
538.724	176.62550000000002
538.938	178.2455
539.153	180.32549999999998
539.367	192.2855
539.581	182.9255
539.795	176.6355
540.009	175.5255
540.222	176.4555
540.436	178.2755
540.65	175.89549999999997
540.864	177.9555
541.078	182.07549999999998
541.292	178.3155
541.506	174.4255
541.72	172.3355
541.934	171.3455
542.147	170.46550000000002
542.361	171.5855
542.575	169.6055
542.789	170.07549999999998
543.002	171.7055
543.216	179.2955
543.43	183.0355
543.644	176.66549999999998
543.857	174.25549999999998
544.071	173.96550000000002
544.285	176.0855
544.498	173.1955
544.712	172.9255
544.925	172.9955
545.139	172.07549999999998
545.352	172.3455
545.566	171.48549999999997
545.779	170.7455
545.993	171.4755
546.206	172.2955
546.42	171.32549999999998
546.633	173.7655
546.847	172.3455
547.06	170.57549999999998
547.274	169.4955
547.487	169.8455
547.7	169.9955
547.914	168.3555
548.127	170.2855
548.34	171.50549999999998
548.554	171.5855
548.767	171.5155
548.98	170.2955
549.193	169.3655
549.407	172.96550000000002
549.62	172.0855
549.833	172.1855
550.046	171.7055
550.259	170.4455
550.473	169.1155
550.686	168.2855
550.899	168.3555
551.112	168.5255
551.325	166.80550000000002
551.538	167.9755
551.751	169.21550000000002
551.964	170.07549999999998
552.177	172.1355
552.39	170.32549999999998
552.603	173.6055
552.816	175.23549999999997
553.029	177.1555
553.242	181.21550000000002
553.455	187.0455
553.667	194.4455
553.88	193.4955
554.093	181.0955
554.306	177.5255
554.519	173.6355
554.732	172.2955
554.944	170.4755
555.157	167.3455
555.37	167.62550000000002
555.583	166.9055
555.795	170.1055
556.008	164.7255
556.221	160.7555
556.433	161.3955
556.646	162.5855
556.859	162.66549999999998
557.071	161.8755
557.284	160.4455
557.496	158.7655
557.709	156.3655
557.921	158.84550000000002
558.134	158.1755
558.346	156.6755
558.559	155.7355
558.771	155.2455
558.984	155.1955
559.196	155.2955
559.409	153.8655
559.621	155.8955
559.833	153.3755
560.046	153.34550000000002
560.258	155.2555
560.47	154.7155
560.683	155.0655
560.895	153.3555
561.107	154.4255
561.32	155.2855
561.532	154.3155
561.744	155.1055
561.956	157.1455
562.168	154.3655
562.381	157.1955
562.593	157.0755
562.805	155.43550000000002
563.017	158.5055
563.229	157.4155
563.441	156.3955
563.653	156.7155
563.865	155.4655
564.077	154.5055
564.289	157.6355
564.501	158.3555
564.713	161.9255
564.925	167.62550000000002
565.137	177.55550000000002
565.349	169.4955
565.561	167.0455
565.773	170.21550000000002
565.985	171.87550000000002
566.197	174.8855
566.408	180.0655
566.62	186.2255
566.832	193.7655
567.044	192.2455
567.255	193.82549999999998
567.467	198.7455
567.679	202.32549999999998
567.891	211.7255
568.102	211.2055
568.314	204.5855
568.526	190.07549999999998
568.737	184.5655
568.949	175.6755
569.161	169.6055
569.372	165.8455
569.584	163.0455
569.795	165.12550000000002
570.007	189.73550000000003
570.218	325.1455
570.43	204.46550000000002
570.641	160.1755
570.853	153.7055
571.064	154.18550000000002
571.276	153.9155
571.487	151.4555
571.698	151.6655
571.91	147.4955
572.121	147.0055
572.333	144.9755
572.544	143.4755
572.755	142.93550000000002
572.966	142.2955
573.178	143.6955
573.389	145.0055
573.6	141.5855
573.811	141.2055
574.023	142.1955
574.234	141.5155
574.445	141.2155
574.656	139.1955
574.867	140.5455
575.078	140.4555
575.289	141.3155
575.501	141.0755
575.712	138.8055
575.923	139.1255
576.134	138.4455
576.345	137.93550000000002
576.556	140.9855
576.767	139.6455
576.978	140.3255
577.188	138.34550000000002
577.399	140.7855
577.61	141.2455
577.821	147.0855
578.032	165.0955
578.243	338.0955
578.454	875.8955
578.665	273.2855
578.875	150.2855
579.086	136.8655
579.297	134.52550000000002
579.508	135.4655
579.718	134.4755
579.929	133.3155
580.14	132.02550000000002
580.35	128.6755
580.561	131.4755
580.772	132.6555
580.982	130.34550000000002
581.193	130.3955
581.403	129.7855
581.614	129.7455
581.825	129.7355
582.035	130.5355
582.246	129.9155
582.456	129.3955
582.667	128.6455
582.877	129.5055
583.087	129.59550000000002
583.298	131.3355
583.508	130.43550000000002
583.719	128.7355
583.929	129.8055
584.139	129.7355
584.35	128.4555
584.56	129.93550000000002
584.77	128.18550000000002
584.981	130.2155
585.191	128.27550000000002
585.401	128.3055
585.611	127.8355
585.821	130.0855
586.032	128.9555
586.242	128.4555
586.452	129.4555
586.662	127.5355
586.872	125.2655
587.082	126.1355
587.292	127.5555
587.502	127.3155
587.713	124.5755
587.923	126.3155
588.133	126.7455
588.343	126.5755
588.553	125.1055
588.762	127.12549999999999
588.972	128.3355
589.182	128.2155
589.392	126.5055
589.602	127.19550000000001
589.812	127.7255
590.022	130.34550000000002
590.232	125.3355
590.441	126.11550000000001
590.651	125.3355
590.861	125.27550000000001
591.071	126.0155
591.281	127.3855
591.49	126.3855
591.7	129.2955
591.91	131.5455
592.119	129.6455
592.329	135.6555
592.539	140.3655
592.748	136.4455
592.958	134.59550000000002
593.167	134.9955
593.377	136.3555
593.587	144.2155
593.796	137.8355
594.006	139.3855
594.215	137.4755
594.424	138.0555
594.634	136.8955
594.843	135.09550000000002
595.053	131.5555
595.262	131.9555
595.472	129.3355
595.681	128.5855
595.89	129.0355
596.1	127.1555
596.309	126.1755
596.518	125.37549999999999
596.727	125.2555
596.937	124.5655
597.146	122.91550000000001
597.355	123.8555
597.564	123.0655
597.774	122.4755
597.983	118.9355
598.192	121.37549999999999
598.401	120.6555
598.61	119.4355
598.819	120.6555
599.028	120.6855
599.237	119.77550000000001
599.446	119.45549999999999
599.655	121.95549999999999
599.864	120.4455
600.073	119.1155
600.282	121.3555
600.491	119.2255
600.7	120.3255
600.909	119.1055
601.118	122.21549999999999
601.327	120.16550000000001
601.536	120.8655
601.745	120.4955
601.953	118.41550000000001
602.162	118.5755
602.371	119.3955
602.58	116.1055
602.789	118.71549999999999
602.997	115.7255
603.206	119.7255
603.415	116.2455
603.623	116.3355
603.832	116.79549999999999
604.041	115.8855
604.249	113.9355
604.458	115.79549999999999
604.666	115.7855
604.875	115.5755
605.084	115.6755
605.292	116.02550000000001
605.501	115.3255
605.709	113.2555
605.918	115.04549999999999
606.126	114.3455
606.334	114.7555
606.543	115.6755
606.751	115.04549999999999
606.96	114.4255
607.168	116.9355
607.376	116.1955
607.585	116.7655
607.793	113.5655
608.001	116.0155
608.21	116.79549999999999
608.418	113.4255
608.626	113.4855
608.834	114.91550000000001
609.043	114.2655
609.251	113.4255
609.459	113.6955
609.667	113.1955
609.875	112.54549999999999
610.083	112.9855
610.291	112.6955
610.499	113.91550000000001
610.707	114.71549999999999
610.916	113.3455
611.124	113.37549999999999
611.332	113.3955
611.54	112.0355
611.748	112.2855
611.955	112.70549999999999
612.163	113.7355
612.371	113.16550000000001
612.579	112.7355
612.787	112.3255
612.995	113.6755
613.203	113.9355
613.411	112.3055
613.618	113.2355
613.826	113.5555
614.034	114.29549999999999
614.242	112.0855
614.449	112.45549999999999
614.657	111.6755
614.865	113.0855
615.072	113.77550000000001
615.28	113.0355
615.488	114.6455
615.695	116.6355
615.903	121.37549999999999
616.111	124.0055
616.318	126.71549999999999
616.526	119.8555
616.733	120.1955
616.941	117.2655
617.148	115.6555
617.356	114.6555
617.563	114.45549999999999
617.771	114.7555
617.978	113.1155
618.185	112.9455
618.393	111.5655
618.6	112.3455
618.807	111.3155
619.015	113.3455
619.222	111.5755
619.429	111.9955
619.637	112.2855
619.844	110.29549999999999
620.051	110.8155
620.258	110.95549999999999
620.466	109.8455
620.673	108.0955
620.88	108.3155
621.087	109.5655
621.294	110.8855
621.501	109.46549999999999
621.708	111.4355
621.915	110.9055
622.122	109.1855
622.329	111.3855
622.536	109.12549999999999
622.743	108.8855
622.95	109.8455
623.157	108.1755
623.364	109.3155
623.571	109.3255
623.778	108.1955
623.985	108.8255
624.192	107.4055
624.399	108.16550000000001
624.606	108.96549999999999
624.812	108.70549999999999
625.019	106.70549999999999
625.226	108.45549999999999
625.433	110.8055
625.639	106.1755
625.846	105.3655
626.053	106.46549999999999
626.259	106.5755
626.466	106.29549999999999
626.673	107.1855
626.879	105.5055
627.086	107.7855
627.293	106.7555
627.499	106.6755
627.706	105.70549999999999
627.912	104.9455
628.119	104.79549999999999
628.325	108.5755
628.532	105.0655
628.738	103.7855
628.945	104.7555
629.151	104.2455
629.357	103.3555
629.564	104.6755
629.77	104.4755
629.976	104.1455
630.183	104.46549999999999
630.389	102.3455
630.595	104.91550000000001
630.802	102.8455
631.008	103.27550000000001
631.214	102.70549999999999
631.42	104.12549999999999
631.627	106.3255
631.833	103.1855
632.039	101.6055
632.245	100.70549999999999
632.451	102.8055
632.657	103.3355
632.863	102.0355
633.069	103.04549999999999
633.275	102.4255
633.481	101.1755
633.688	101.9955
633.893	103.1355
634.099	101.6455
634.305	100.8255
634.511	100.3855
634.717	100.95549999999999
634.923	98.8355
635.129	100.6155
635.335	100.4855
635.541	100.5955
635.747	100.9355
635.952	100.2655
636.158	100.7455
636.364	101.0355
636.57	101.1755
636.775	100.1055
636.981	99.9955
637.187	102.29549999999999
637.392	101.5155
637.598	100.7455
637.804	100.96549999999999
638.009	101.5855
638.215	100.8155
638.421	99.8855
638.626	98.77550000000001
638.832	101.5555
639.037	99.2555
639.243	98.8055
639.448	100.6555
639.654	100.96549999999999
639.859	98.6455
640.065	97.1855
640.27	103.6455
640.475	98.8955
640.681	97.8655
640.886	100.6055
641.091	98.9755
641.297	101.6855
641.502	98.71549999999999
641.707	101.6555
641.913	100.54549999999999
642.118	98.66550000000001
642.323	99.0855
642.528	99.94550000000001
642.733	99.3155
642.939	101.0155
643.144	100.04549999999999
643.349	98.4855
643.554	100.8855
643.759	98.5355
643.964	97.7655
644.169	98.6455
644.374	98.5855
644.579	100.8355
644.784	99.3855
644.989	98.5755
645.194	96.1855
645.399	98.6755
645.604	98.9755
645.809	102.2855
646.014	99.0355
646.219	99.37549999999999
646.423	99.3155
646.628	98.8855
646.833	98.66550000000001
647.038	98.70549999999999
647.243	100.7255
647.447	98.70549999999999
647.652	101.20549999999999
647.857	98.8355
648.062	102.4855
648.266	101.96549999999999
648.471	107.4255
648.676	108.6455
648.88	107.3055
649.085	107.1055
649.289	103.8555
649.494	118.96549999999999
649.698	158.44549999999998
649.903	118.8055
650.107	102.7555
650.312	101.79549999999999
650.516	97.20549999999999
650.721	97.8155
650.925	95.4755
651.13	94.96549999999999
651.334	94.4055
651.539	94.45549999999999
651.743	95.2555
651.947	95.0655
652.152	94.91550000000001
652.356	94.6155
652.56	93.3955
652.764	91.66550000000001
652.969	94.6355
653.173	91.87549999999999
653.377	91.2355
653.581	92.0055
653.785	92.2655
653.99	92.9055
654.194	92.7655
654.398	92.77550000000001
654.602	93.5155
654.806	99.44550000000001
655.01	113.8655
655.214	100.46549999999999
655.418	94.8255
655.622	92.2355
655.826	94.3155
656.03	95.91550000000001
656.234	97.7255
656.438	101.12549999999999
656.642	101.3355
656.846	94.02550000000001
657.049	91.0755
657.253	91.96549999999999
657.457	89.9855
657.661	88.52550000000001
657.865	88.87549999999999
658.068	87.41550000000001
658.272	86.7355
658.476	86.8455
658.68	85.19550000000001
658.883	84.8855
659.087	85.70549999999999
659.291	85.7655
659.494	86.5655
659.698	83.21549999999999
659.901	83.6455
660.105	84.3255
660.309	82.5155
660.512	82.02550000000001
660.716	84.1555
660.919	85.3655
661.123	86.69550000000001
661.326	83.6455
661.53	83.5355
661.733	83.6555
661.936	83.8955
662.14	81.4855
662.343	82.9355
662.546	82.4955
662.75	82.3855
662.953	84.3555
663.156	82.21549999999999
663.36	82.6755
663.563	80.7755
663.766	81.2255
663.969	83.5055
664.173	81.70549999999999
664.376	82.3655
664.579	80.4455
664.782	82.5655
664.985	82.2855
665.188	82.4055
665.391	83.4955
665.594	81.7355
665.797	79.85549999999999
666.0	81.66550000000001
666.203	81.0455
666.406	81.2855
666.609	80.9355
666.812	82.3555
667.015	81.3355
667.218	82.8655
667.421	81.6355
667.624	80.6255
667.827	81.6455
668.03	80.9055
668.232	81.19550000000001
668.435	82.2355
668.638	81.44550000000001
668.841	83.3955
669.043	82.37549999999999
669.246	81.71549999999999
669.449	81.1555
669.651	81.2455
669.854	82.3255
670.057	81.3155
670.259	80.4255
670.462	81.0555
670.665	81.20549999999999
670.867	82.62549999999999
671.07	82.2555
671.272	83.21549999999999
671.475	85.4755
671.677	81.8855
671.88	82.44550000000001
672.082	81.7655
672.284	82.21549999999999
672.487	82.44550000000001
672.689	80.5355
672.892	79.7455
