223.165	-16.8915
223.4	-16.8915
223.635	-16.8915
223.869	-18.8915
224.104	-15.891499999999999
224.338	-12.0415
224.573	-15.891499999999999
224.808	-13.141499999999999
225.042	-8.3915
225.277	-4.9915
225.511	-5.0415
225.746	5.4585
225.98	7.108500000000001
226.215	11.858500000000001
226.449	15.608500000000001
226.683	16.8585
226.918	23.9085
227.152	30.3585
227.387	36.7585
227.621	40.5085
227.856	41.9585
228.09	46.0085
228.324	53.758500000000005
228.559	56.7085
228.793	60.85850000000001
229.027	64.4085
229.262	62.8085
229.496	65.9085
229.73	68.2085
229.964	73.6085
230.199	71.9585
230.433	74.9585
230.667	75.80850000000001
230.901	74.30850000000001
231.136	80.2585
231.37	79.6585
231.604	81.2085
231.838	81.55850000000001
232.072	76.80850000000001
232.306	81.4585
232.541	81.30850000000001
232.775	82.7085
233.009	81.5085
233.243	79.80850000000001
233.477	77.6085
233.711	80.6085
233.945	81.2585
234.179	80.2585
234.413	82.30850000000001
234.647	80.30850000000001
234.881	79.1085
235.115	78.8585
235.349	79.80850000000001
235.583	78.4085
235.817	75.8585
236.051	76.55850000000001
236.285	79.2585
236.519	81.2085
236.753	75.6585
236.987	78.3585
237.221	81.4585
237.455	78.2585
237.689	80.55850000000001
237.922	76.1585
238.156	77.55850000000001
238.39	72.55850000000001
238.624	74.3585
238.858	77.9085
239.091	78.30850000000001
239.325	78.1585
239.559	76.55850000000001
239.793	75.5085
240.027	76.6585
240.26	75.1585
240.494	75.1585
240.728	75.9585
240.961	75.4585
241.195	76.6085
241.429	77.1585
241.662	76.9585
241.896	74.2585
242.13	75.1585
242.363	73.1085
242.597	77.2585
242.83	76.1585
243.064	77.9085
243.298	75.30850000000001
243.531	74.1085
243.765	77.2585
243.998	75.8585
244.232	75.80850000000001
244.465	78.3585
244.699	76.8585
244.932	77.1085
245.166	77.3585
245.399	78.9085
245.633	78.8585
245.866	76.30850000000001
246.099	78.55850000000001
246.333	79.7085
246.566	78.5085
246.8	73.05850000000001
247.033	77.7085
247.266	77.4585
247.5	77.2585
247.733	77.8585
247.966	79.7585
248.2	75.9085
248.433	76.05850000000001
248.666	75.0085
248.899	77.6585
249.133	76.5085
249.366	81.9585
249.599	78.9085
249.832	78.9085
250.066	77.6085
250.299	77.7085
250.532	75.4085
250.765	80.05850000000001
250.998	77.4085
251.231	77.1585
251.465	79.80850000000001
251.698	76.0085
251.931	84.1085
252.164	77.2585
252.397	75.9585
252.63	76.4085
252.863	79.4085
253.096	76.7085
253.329	78.3585
253.562	76.80850000000001
253.795	81.7585
254.028	82.6585
254.261	77.2085
254.494	74.5085
254.727	79.9585
254.96	79.80850000000001
255.193	77.9585
255.426	80.0085
255.659	74.2085
255.892	82.2585
256.124	78.80850000000001
256.357	76.4085
256.59	82.80850000000001
256.823	77.30850000000001
257.056	82.2085
257.289	81.30850000000001
257.521	79.80850000000001
257.754	79.7585
257.987	80.05850000000001
258.22	84.1585
258.452	77.2085
258.685	80.2085
258.918	81.7585
259.151	80.9585
259.383	82.4585
259.616	80.7585
259.849	80.6085
260.081	77.9585
260.314	81.4085
260.547	80.4585
260.779	76.4085
261.012	77.4585
261.244	77.1585
261.477	86.55850000000001
261.71	82.05850000000001
261.942	81.5085
262.175	80.05850000000001
262.407	80.8585
262.64	83.4585
262.872	80.9585
263.105	82.4085
263.337	84.4585
263.57	81.2085
263.802	79.3585
264.035	83.2585
264.267	77.5085
264.499	80.30850000000001
264.732	82.30850000000001
264.964	80.6585
265.197	83.8585
265.429	82.1085
265.661	79.2585
265.894	80.8585
266.126	84.1085
266.358	80.6585
266.591	80.4085
266.823	84.55850000000001
267.055	79.80850000000001
267.287	84.3585
267.52	79.9585
267.752	82.05850000000001
267.984	86.1585
268.216	80.80850000000001
268.448	85.3585
268.681	85.1585
268.913	84.0085
269.145	83.5085
269.377	84.4085
269.609	79.2085
269.841	82.7085
270.073	82.9085
270.306	81.4585
270.538	84.0085
270.77	82.05850000000001
271.002	82.9085
271.234	79.9585
271.466	86.6585
271.698	79.4085
271.93	80.6585
272.162	82.7585
272.394	86.80850000000001
272.626	84.1085
272.858	83.6085
273.09	83.9085
273.322	85.1585
273.553	81.6085
273.785	85.2585
274.017	81.7085
274.249	84.0085
274.481	82.4585
274.713	81.9585
274.945	81.9585
275.176	81.5085
275.408	84.9085
275.64	84.6085
275.872	80.5085
276.104	85.05850000000001
276.335	84.2085
276.567	81.5085
276.799	81.30850000000001
277.031	83.7585
277.262	81.9085
277.494	85.0085
277.726	85.30850000000001
277.957	83.4585
278.189	84.1585
278.421	80.7085
278.652	83.8585
278.884	88.4585
279.115	84.2585
279.347	82.1085
279.579	80.3585
279.81	84.7085
280.042	83.4585
280.273	81.55850000000001
280.505	80.4585
280.736	84.4085
280.968	86.1085
281.199	81.9585
281.431	81.1585
281.662	84.2585
281.894	85.6585
282.125	84.2085
282.356	81.9585
282.588	84.1585
282.819	83.1085
283.051	83.2085
283.282	84.5085
283.513	86.80850000000001
283.745	84.1085
283.976	86.7085
284.207	85.0085
284.439	84.30850000000001
284.67	81.9085
284.901	82.9585
285.132	83.8585
285.364	82.80850000000001
285.595	85.80850000000001
285.826	83.7585
286.057	88.55850000000001
286.288	82.9085
286.52	84.7585
286.751	83.9585
286.982	85.1585
287.213	83.6085
287.444	81.55850000000001
287.675	81.1585
287.906	85.8585
288.138	88.4085
288.369	85.2085
288.6	84.1085
288.831	83.9585
289.062	85.6585
289.293	83.55850000000001
289.524	82.2085
289.755	86.6585
289.986	80.1085
290.217	85.7085
290.448	87.1085
290.679	84.7085
290.91	90.6585
291.141	85.9085
291.371	84.0085
291.602	84.7585
291.833	82.8585
292.064	85.05850000000001
292.295	86.1585
292.526	85.1585
292.757	80.6585
292.987	83.9085
293.218	82.80850000000001
293.449	84.2085
293.68	86.80850000000001
293.91	81.3585
294.141	88.2085
294.372	84.9085
294.603	83.8585
294.833	83.0085
295.064	85.1585
295.295	84.2085
295.525	84.9585
295.756	84.4585
295.987	83.4585
296.217	86.1585
296.448	88.2085
296.679	85.55850000000001
296.909	85.4585
297.14	86.9585
297.37	87.7585
297.601	85.1585
297.831	81.3585
298.062	84.80850000000001
298.292	85.30850000000001
298.523	86.6085
298.753	79.9085
298.984	82.55850000000001
299.214	85.1085
299.445	84.4585
299.675	86.4585
299.905	85.55850000000001
300.136	84.1085
300.366	83.6585
300.597	87.7585
300.827	85.2085
301.057	83.3585
301.288	87.2085
301.518	85.6085
301.748	85.2085
301.979	98.6585
302.209	83.8585
302.439	81.5085
302.669	82.80850000000001
302.9	82.1085
303.13	86.55850000000001
303.36	84.4085
303.59	82.80850000000001
303.82	85.2085
304.051	87.2085
304.281	81.9585
304.511	89.2085
304.741	85.30850000000001
304.971	84.4585
305.201	85.6585
305.431	82.05850000000001
305.661	84.5085
305.891	85.4085
306.121	85.05850000000001
306.352	82.9585
306.582	82.4085
306.812	84.2585
307.042	80.1585
307.272	81.1085
307.502	83.1585
307.731	83.1585
307.961	86.7085
308.191	85.4585
308.421	85.5085
308.651	88.3585
308.881	83.1085
309.111	83.6085
309.341	83.80850000000001
309.571	81.8585
309.8	84.1585
310.03	83.55850000000001
310.26	85.80850000000001
310.49	84.2585
310.72	82.9085
310.949	85.80850000000001
311.179	83.55850000000001
311.409	81.4585
311.639	83.1585
311.868	87.4085
312.098	87.1085
312.328	87.9585
312.557	86.55850000000001
312.787	83.6585
313.017	86.4085
313.246	88.2085
313.476	84.9085
313.706	83.80850000000001
313.935	86.6585
314.165	82.6085
314.394	87.05850000000001
314.624	85.0085
314.853	88.7085
315.083	86.2585
315.312	85.8585
315.542	80.9085
315.771	84.8585
316.001	85.6085
316.23	89.1585
316.46	83.05850000000001
316.689	85.9085
316.919	84.55850000000001
317.148	85.4585
317.377	88.3585
317.607	87.2085
317.836	86.6585
318.065	87.4585
318.295	85.4085
318.524	83.4585
318.753	84.8585
318.983	85.6085
319.212	89.05850000000001
319.441	86.05850000000001
319.67	84.2085
319.9	84.80850000000001
320.129	84.5085
320.358	85.9085
320.587	85.7085
320.816	82.55850000000001
321.046	83.9585
321.275	86.4585
321.504	83.2085
321.733	82.80850000000001
321.962	87.6585
322.191	80.7085
322.42	82.30850000000001
322.649	85.3585
322.878	85.4085
323.108	86.6085
323.337	84.6585
323.566	87.05850000000001
323.795	88.3585
324.024	85.1085
324.253	86.2085
324.482	84.1085
324.71	88.6085
324.939	88.9585
325.168	87.6085
325.397	89.1585
325.626	86.2585
325.855	83.0085
326.084	85.80850000000001
326.313	83.9085
326.542	84.8585
326.77	85.1085
326.999	87.2585
327.228	85.05850000000001
327.457	86.1085
327.686	84.6585
327.914	87.5085
328.143	87.7085
328.372	83.0085
328.6	85.4085
328.829	85.3585
329.058	86.05850000000001
329.287	85.9585
329.515	82.6085
329.744	88.30850000000001
329.972	85.30850000000001
330.201	86.05850000000001
330.43	86.4585
330.658	82.0085
330.887	81.80850000000001
331.115	85.30850000000001
331.344	85.5085
331.572	85.9585
331.801	85.7085
332.03	86.0085
332.258	88.9585
332.486	86.2085
332.715	85.4085
332.943	85.6085
333.172	88.2085
333.4	80.2085
333.629	85.80850000000001
333.857	82.7085
334.085	86.30850000000001
334.314	85.9585
334.542	83.1585
334.771	87.9585
334.999	87.4085
335.227	87.4085
335.455	83.4085
335.684	88.6085
335.912	87.6585
336.14	84.4085
336.369	86.3585
336.597	83.7085
336.825	83.80850000000001
337.053	82.5085
337.281	84.9585
337.51	85.9585
337.738	87.80850000000001
337.966	84.2585
338.194	86.0085
338.422	85.4585
338.65	83.7585
338.878	86.80850000000001
339.106	84.4085
339.334	90.6085
339.562	83.4585
339.79	83.2585
340.018	81.7085
340.246	84.4585
340.474	84.5085
340.702	84.55850000000001
340.93	85.7585
341.158	81.80850000000001
341.386	82.9585
341.614	83.55850000000001
341.842	83.3585
342.07	86.3585
342.298	85.4085
342.526	86.2585
342.754	82.9085
342.981	87.7085
343.209	85.1085
343.437	97.05850000000001
343.665	83.5085
343.893	87.5085
344.12	91.9085
344.348	88.5085
344.576	92.6085
344.804	93.4085
345.031	90.8585
345.259	87.9085
345.487	85.30850000000001
345.714	83.1585
345.942	85.9085
346.17	84.5085
346.397	85.0085
346.625	83.1085
346.853	83.6085
347.08	81.7085
347.308	86.55850000000001
347.535	85.2085
347.763	83.8585
347.99	86.8585
348.218	88.7085
348.445	86.6085
348.673	84.4085
348.9	87.0085
349.128	90.30850000000001
349.355	83.9585
349.583	81.80850000000001
349.81	82.9085
350.037	86.55850000000001
350.265	88.4085
350.492	86.55850000000001
350.72	80.7085
350.947	86.4585
351.174	90.0085
351.402	87.30850000000001
351.629	82.80850000000001
351.856	87.1585
352.083	85.80850000000001
352.311	87.7085
352.538	81.4585
352.765	88.9085
352.992	95.30850000000001
353.22	85.5085
353.447	86.1585
353.674	85.2585
353.901	87.3585
354.128	86.8585
354.355	83.7585
354.583	83.9085
354.81	83.9585
355.037	86.6585
355.264	88.7585
355.491	86.80850000000001
355.718	86.30850000000001
355.945	85.55850000000001
356.172	83.2085
356.399	83.9085
356.626	85.05850000000001
356.853	87.1585
357.08	83.1085
357.307	86.2085
357.534	87.4585
357.761	90.2585
357.988	86.8585
358.215	86.5085
358.441	86.8585
358.668	80.3585
358.895	84.80850000000001
359.122	83.05850000000001
359.349	86.05850000000001
359.576	84.6085
359.802	82.0085
360.029	83.55850000000001
360.256	88.4085
360.483	83.80850000000001
360.709	83.3585
360.936	91.7085
361.163	88.0085
361.39	84.80850000000001
361.616	83.6085
361.843	89.1085
362.07	87.30850000000001
362.296	85.6085
362.523	85.1585
362.749	84.4085
362.976	85.1585
363.203	89.2585
363.429	82.9085
363.656	84.55850000000001
363.882	84.05850000000001
364.109	88.6585
364.335	88.9585
364.562	85.2085
364.788	84.6585
365.015	84.1085
365.241	85.7085
365.468	85.1585
365.694	81.4585
365.92	84.4085
366.147	84.6085
366.373	83.0085
366.599	82.2085
366.826	82.2085
367.052	83.7085
367.278	84.4085
367.505	86.3585
367.731	92.5085
367.957	83.2585
368.184	85.1085
368.41	82.9585
368.636	84.7585
368.862	88.4585
369.089	88.0085
369.315	83.7585
369.541	86.3585
369.767	83.2585
369.993	87.2585
370.219	81.7585
370.445	82.2585
370.672	81.2585
370.898	81.1585
371.124	86.05850000000001
371.35	85.8585
371.576	84.1585
371.802	83.2585
372.028	81.9585
372.254	83.7585
372.48	84.6585
372.706	86.1085
372.932	84.0085
373.158	86.6085
373.384	86.80850000000001
373.61	87.6585
373.835	85.55850000000001
374.061	80.8585
374.287	80.6585
374.513	85.9585
374.739	84.55850000000001
374.965	82.55850000000001
375.191	86.9585
375.416	88.55850000000001
375.642	83.2085
375.868	88.1585
376.094	86.0085
376.319	83.4585
376.545	83.7585
376.771	82.2085
376.997	81.4585
377.222	81.8585
377.448	84.5085
377.674	86.2585
377.899	86.6585
378.125	83.6085
378.35	83.80850000000001
378.576	83.6585
378.802	81.8585
379.027	83.4585
379.253	89.3585
379.478	84.0085
379.704	82.6085
379.929	83.7085
380.155	86.05850000000001
380.38	85.80850000000001
380.606	83.9585
380.831	82.7585
381.057	89.80850000000001
381.282	88.0085
381.507	83.4085
381.733	87.1085
381.958	82.9085
382.184	85.9085
382.409	85.7585
382.634	86.1585
382.86	85.55850000000001
383.085	82.8585
383.31	82.30850000000001
383.535	86.2585
383.761	85.2085
383.986	84.5085
384.211	87.0085
384.436	84.0085
384.662	81.3585
384.887	84.1585
385.112	83.6085
385.337	83.3585
385.562	85.8585
385.787	81.2085
386.013	86.2085
386.238	87.7085
386.463	82.5085
386.688	96.05850000000001
386.913	85.30850000000001
387.138	82.9585
387.363	84.2085
387.588	85.6585
387.813	89.05850000000001
388.038	84.7085
388.263	86.7085
388.488	84.6085
388.713	80.9085
388.938	84.6085
389.163	82.30850000000001
389.387	84.4585
389.612	85.9585
389.837	81.7585
390.062	85.4085
390.287	82.6085
390.512	85.2585
390.736	85.9585
390.961	83.55850000000001
391.186	84.1585
391.411	83.1585
391.636	82.8585
391.86	85.7085
392.085	86.05850000000001
392.31	85.2085
392.534	84.6585
392.759	84.4585
392.984	90.2585
393.208	84.8585
393.433	86.80850000000001
393.658	86.1585
393.882	83.8585
394.107	87.6585
394.331	86.4085
394.556	81.9585
394.78	86.1085
395.005	83.6585
395.229	82.9585
395.454	88.30850000000001
395.678	84.30850000000001
395.903	85.7085
396.127	87.80850000000001
396.352	88.0085
396.576	82.80850000000001
396.801	86.1085
397.025	84.9085
397.249	85.80850000000001
397.474	86.6585
397.698	86.7585
397.922	86.9585
398.147	85.8585
398.371	83.1585
398.595	88.4585
398.82	86.0085
399.044	85.7085
399.268	82.55850000000001
399.492	86.1085
399.717	85.1085
399.941	84.4585
400.165	86.1585
400.389	86.6085
400.613	82.9085
400.837	84.2585
401.062	84.7585
401.286	82.80850000000001
401.51	88.1085
401.734	84.2085
401.958	87.9585
402.182	84.8585
402.406	84.2085
402.63	83.1085
402.854	87.3585
403.078	90.2585
403.302	88.6585
403.526	90.80850000000001
403.75	92.7585
403.974	101.2085
404.198	118.55850000000001
404.422	155.3085
404.645	173.8085
404.869	153.45850000000002
405.093	121.9085
405.317	101.6085
405.541	94.05850000000001
405.765	91.4585
405.988	87.6085
406.212	91.7585
406.436	85.30850000000001
406.66	87.7585
406.883	87.4085
407.107	83.80850000000001
407.331	85.0085
407.555	82.2585
407.778	85.30850000000001
408.002	83.4585
408.226	83.4085
408.449	85.7085
408.673	86.7085
408.896	84.9085
409.12	84.1585
409.344	85.8585
409.567	85.1085
409.791	83.8585
410.014	87.1585
410.238	84.5085
410.461	82.1585
410.685	85.3585
410.908	87.2085
411.132	86.6585
411.355	85.55850000000001
411.578	87.4085
411.802	85.55850000000001
412.025	84.05850000000001
412.249	84.4585
412.472	82.5085
412.695	85.1085
412.919	84.7085
413.142	85.1085
413.365	84.80850000000001
413.589	84.9585
413.812	84.80850000000001
414.035	87.30850000000001
414.258	84.9585
414.482	85.80850000000001
414.705	85.6085
414.928	86.0085
415.151	83.8585
415.374	85.1085
415.597	87.2085
415.821	86.1085
416.044	83.2585
416.267	85.9585
416.49	83.80850000000001
416.713	86.1085
416.936	84.9085
417.159	85.7585
417.382	85.3585
417.605	87.05850000000001
417.828	85.5085
418.051	84.7085
418.274	85.1585
418.497	88.30850000000001
418.72	85.9585
418.943	91.0085
419.166	83.6585
419.389	88.1585
419.611	86.2085
419.834	87.4085
420.057	88.5085
420.28	82.5085
420.503	86.4085
420.726	83.4085
420.948	85.6085
421.171	83.7585
421.394	84.7585
421.617	86.0085
421.839	80.6085
422.062	84.3585
422.285	84.6585
422.507	89.7585
422.73	91.6585
422.953	88.9085
423.175	85.8585
423.398	84.05850000000001
423.621	88.30850000000001
423.843	86.3585
424.066	87.6085
424.288	85.1585
424.511	88.2585
424.733	84.4585
424.956	88.0085
425.178	85.1085
425.401	86.7585
425.623	82.7085
425.846	85.0085
426.068	83.6585
426.291	82.2585
426.513	83.4085
426.735	88.1085
426.958	90.05850000000001
427.18	85.5085
427.402	90.7085
427.625	86.30850000000001
427.847	82.6585
428.069	87.1585
428.292	84.1585
428.514	90.2085
428.736	85.4585
428.958	87.4085
429.181	88.5085
429.403	86.3585
429.625	85.1085
429.847	82.3585
430.069	84.9585
430.292	86.1085
430.514	84.7085
430.736	84.4085
430.958	87.5085
431.18	86.0085
431.402	87.2085
431.624	84.3585
431.846	82.1585
432.068	84.30850000000001
432.29	85.1585
432.512	87.9585
432.734	84.8585
432.956	87.9085
433.178	88.8585
433.4	86.3585
433.622	84.9585
433.844	83.9085
434.066	83.7585
434.287	82.7085
434.509	82.7585
434.731	85.2585
434.953	82.0085
435.175	86.30850000000001
435.397	89.1085
435.618	81.8585
435.84	85.4585
436.062	85.2085
436.284	84.5085
436.505	86.9585
436.727	84.05850000000001
436.949	83.4085
437.17	81.80850000000001
437.392	85.30850000000001
437.614	84.05850000000001
437.835	84.0085
438.057	83.9585
438.278	83.55850000000001
438.5	83.1085
438.721	86.7085
438.943	88.2585
439.165	92.0085
439.386	87.9585
439.608	86.2085
439.829	88.4585
440.05	85.80850000000001
440.272	85.1085
440.493	84.6585
440.715	84.7085
440.936	86.55850000000001
441.158	86.30850000000001
441.379	87.2085
441.6	83.7085
441.822	88.1585
442.043	82.4585
442.264	85.4585
442.486	89.55850000000001
442.707	86.4585
442.928	85.2085
443.149	82.3585
443.371	88.30850000000001
443.592	85.4585
443.813	86.80850000000001
444.034	86.6585
444.255	90.0085
444.476	84.7585
444.698	84.8585
444.919	88.3585
445.14	149.6585
445.361	116.2585
445.582	86.9585
445.803	88.5085
446.024	87.05850000000001
446.245	89.6085
446.466	87.6085
446.687	82.9085
446.908	86.6085
447.129	86.2085
447.35	85.4585
447.571	85.6085
447.792	86.3585
448.013	83.6585
448.234	87.9585
448.455	85.6085
448.675	85.80850000000001
448.896	87.5085
449.117	87.5085
449.338	84.5085
449.559	87.4585
449.779	84.1585
450.0	85.80850000000001
450.221	84.6585
450.442	88.0085
450.662	83.30850000000001
450.883	86.1585
451.104	90.7585
451.324	87.1585
451.545	85.4585
451.766	85.6585
451.986	84.6085
452.207	84.05850000000001
452.428	84.7585
452.648	86.4585
452.869	83.7585
453.089	83.4585
453.31	85.0085
453.53	85.2085
453.751	86.1085
453.971	84.8585
454.192	81.1085
454.412	82.1085
454.633	83.3585
454.853	86.0085
455.073	84.80850000000001
455.294	85.3585
455.514	86.80850000000001
455.734	82.30850000000001
455.955	85.55850000000001
456.175	86.05850000000001
456.395	87.30850000000001
456.616	86.9585
456.836	82.30850000000001
457.056	86.8585
457.276	83.30850000000001
457.497	82.7585
457.717	86.2585
457.937	88.4585
458.157	84.8585
458.377	86.05850000000001
458.598	82.6085
458.818	83.8585
459.038	78.9585
459.258	81.7085
459.478	82.3585
459.698	86.4585
459.918	82.5085
460.138	82.80850000000001
460.358	83.2085
460.578	85.6085
460.798	85.30850000000001
461.018	86.5085
461.238	90.4085
461.458	86.05850000000001
461.678	85.4585
461.898	85.9585
462.118	88.30850000000001
462.338	86.6085
462.558	90.6585
462.777	81.9085
462.997	84.80850000000001
463.217	82.80850000000001
463.437	82.55850000000001
463.657	81.6585
463.876	83.80850000000001
464.096	87.4085
464.316	87.8585
464.536	85.5085
464.755	84.8585
464.975	83.05850000000001
465.195	85.05850000000001
465.414	86.4585
465.634	88.1085
465.854	83.0085
466.073	84.2085
466.293	88.1585
466.512	86.80850000000001
466.732	83.4085
466.951	86.5085
467.171	86.55850000000001
467.391	88.4585
467.61	85.7585
467.829	85.5085
468.049	91.55850000000001
468.268	86.55850000000001
468.488	87.5085
468.707	85.30850000000001
468.927	85.55850000000001
469.146	87.7085
469.365	90.2585
469.585	89.4585
469.804	88.7085
470.023	84.9085
470.243	85.7085
470.462	89.4585
470.681	89.3585
470.901	86.4085
471.12	85.30850000000001
471.339	89.05850000000001
471.558	87.2085
471.777	87.4085
471.997	87.30850000000001
472.216	86.55850000000001
472.435	86.7085
472.654	84.6585
472.873	88.05850000000001
473.092	89.6585
473.311	89.80850000000001
473.53	86.55850000000001
473.749	86.9585
473.968	93.6585
474.187	89.9585
474.406	89.7585
474.625	87.05850000000001
474.844	87.4085
475.063	86.6585
475.282	85.8585
475.501	81.55850000000001
475.72	90.9085
475.939	85.30850000000001
476.158	85.30850000000001
476.377	87.4085
476.596	87.1585
476.814	84.7085
477.033	84.2585
477.252	86.05850000000001
477.471	88.9085
477.69	85.7585
477.908	88.7085
478.127	88.2585
478.346	87.80850000000001
478.564	84.8585
478.783	84.7585
479.002	88.55850000000001
479.22	86.8585
479.439	87.80850000000001
479.658	84.30850000000001
479.876	85.7585
480.095	87.05850000000001
480.313	86.3585
480.532	89.05850000000001
480.751	86.4085
480.969	86.3585
481.188	84.1585
481.406	87.4585
481.624	84.1085
481.843	85.6585
482.061	86.7085
482.28	86.4585
482.498	89.4085
482.717	85.0085
482.935	90.9085
483.153	89.2085
483.372	87.2085
483.59	87.1585
483.808	85.80850000000001
484.027	89.7585
484.245	89.0085
484.463	88.05850000000001
484.681	93.3585
484.9	88.4085
485.118	90.1085
485.336	88.2085
485.554	88.0085
485.772	85.7085
485.99	85.2085
486.209	86.80850000000001
486.427	86.1585
486.645	88.7085
486.863	88.8585
487.081	86.30850000000001
487.299	85.9585
487.517	84.7085
487.735	90.2085
487.953	93.2585
488.171	92.6585
488.389	88.1085
488.607	84.3585
488.825	87.1085
489.043	85.05850000000001
489.261	90.30850000000001
489.479	90.30850000000001
489.696	92.55850000000001
489.914	86.30850000000001
490.132	87.7585
490.35	92.1585
490.568	89.6585
490.786	91.7085
491.003	91.7085
491.221	89.9585
491.439	90.3585
491.657	90.55850000000001
491.874	94.80850000000001
492.092	90.4585
492.31	96.80850000000001
492.527	91.1085
492.745	91.3585
492.963	94.05850000000001
493.18	92.8585
493.398	95.3585
493.615	91.7085
493.833	89.55850000000001
494.05	88.1585
494.268	92.3585
494.485	93.05850000000001
494.703	93.1085
494.92	94.4585
495.138	92.4585
495.355	91.7585
495.573	93.3585
495.79	94.30850000000001
496.008	92.6085
496.225	91.8585
496.442	90.80850000000001
496.66	95.80850000000001
496.877	92.6585
497.094	93.9085
497.312	91.7585
497.529	92.3585
497.746	89.7585
497.963	88.9585
498.181	87.7085
498.398	89.6085
498.615	89.30850000000001
498.832	87.80850000000001
499.049	88.9585
499.267	90.05850000000001
499.484	87.0085
499.701	86.9585
499.918	92.6085
500.135	85.2585
500.352	87.2585
500.569	90.8585
500.786	93.1085
501.003	89.0085
501.22	88.4085
501.437	90.4085
501.654	89.9585
501.871	84.8585
502.088	88.2585
502.305	87.4085
502.522	87.2585
502.739	88.3585
502.956	88.3585
503.172	87.5085
503.389	85.2585
503.606	88.7585
503.823	87.7085
504.04	93.0085
504.256	90.05850000000001
504.473	85.6085
504.69	89.6585
504.907	93.1085
505.123	89.9085
505.34	85.4585
505.557	85.8585
505.773	87.80850000000001
505.99	86.1585
506.207	86.1585
506.423	88.4585
506.64	90.7085
506.856	88.30850000000001
507.073	86.2085
507.289	88.5085
507.506	87.6585
507.722	90.5085
507.939	86.4585
508.155	88.6085
508.372	86.05850000000001
508.588	88.5085
508.805	87.9085
509.021	90.4085
509.238	88.6585
509.454	84.0085
509.67	86.2085
509.887	88.8585
510.103	90.05850000000001
510.319	91.05850000000001
510.536	87.7085
510.752	89.30850000000001
510.968	87.4585
511.184	85.6585
511.401	86.4585
511.617	92.4585
511.833	87.2585
512.049	90.80850000000001
512.265	88.4585
512.481	90.6085
512.698	87.2585
512.914	88.05850000000001
513.13	87.7585
513.346	89.2585
513.562	85.6585
513.778	88.9585
513.994	88.0085
514.21	85.55850000000001
514.426	88.3585
514.642	86.3585
514.858	85.1585
515.074	86.4085
515.29	87.7085
515.506	85.1085
515.721	83.55850000000001
515.937	87.4085
516.153	82.55850000000001
516.369	86.9085
516.585	89.7085
516.801	81.2085
517.016	89.9085
517.232	86.0085
517.448	88.3585
517.664	86.8585
517.879	86.6585
518.095	87.8585
518.311	88.3585
518.527	88.05850000000001
518.742	85.2585
518.958	87.4585
519.173	86.5085
519.389	85.1085
519.605	87.4085
519.82	87.6085
520.036	88.9085
520.251	87.8585
520.467	86.4085
520.682	85.1585
520.898	85.8585
521.113	85.2585
521.329	84.6585
521.544	85.9085
521.76	85.7085
521.975	87.9585
522.19	88.6585
522.406	90.7585
522.621	86.80850000000001
522.836	87.6585
523.052	85.6585
523.267	87.7085
523.482	90.1085
523.698	86.05850000000001
523.913	88.3585
524.128	91.55850000000001
524.343	90.1585
524.559	94.4085
524.774	86.6085
524.989	91.80850000000001
525.204	88.9585
525.419	86.3585
525.634	85.55850000000001
525.849	87.80850000000001
526.064	89.4585
526.28	91.0085
526.495	87.9085
526.71	87.7085
526.925	86.9585
527.14	88.9585
527.355	86.05850000000001
527.57	87.30850000000001
527.785	88.0085
527.999	85.7585
528.214	83.2585
528.429	87.9585
528.644	88.2085
528.859	86.4085
529.074	86.6585
529.289	86.80850000000001
529.503	88.6085
529.718	90.2085
529.933	86.7085
530.148	87.1085
530.363	88.6585
530.577	87.7585
530.792	87.3585
531.007	88.30850000000001
531.221	86.55850000000001
531.436	88.3585
531.651	89.4085
531.865	88.1585
532.08	84.55850000000001
532.295	90.2585
532.509	89.55850000000001
532.724	91.05850000000001
532.938	92.4085
533.153	91.8585
533.367	89.6085
533.582	90.2085
533.796	92.05850000000001
534.011	93.2085
534.225	94.1085
534.44	100.1585
534.654	97.05850000000001
534.868	95.8585
535.083	95.9085
535.297	96.0085
535.511	100.6085
535.726	94.8585
535.94	94.7585
536.154	96.6085
536.369	95.7585
536.583	95.2585
536.797	96.8585
537.011	93.1085
537.225	90.4585
537.44	88.4585
537.654	89.9585
537.868	88.1085
538.082	89.7085
538.296	94.5085
538.51	88.4085
538.724	91.9085
538.938	90.80850000000001
539.153	94.8585
539.367	94.3585
539.581	88.2585
539.795	90.6585
540.009	85.3585
540.222	90.6085
540.436	87.6585
540.65	87.6585
540.864	86.8585
541.078	89.30850000000001
541.292	85.80850000000001
541.506	88.80850000000001
541.72	89.4085
541.934	88.2585
542.147	89.5085
542.361	90.2085
542.575	88.4085
542.789	87.9085
543.002	86.8585
543.216	90.6085
543.43	84.05850000000001
543.644	90.5085
543.857	86.4585
544.071	91.30850000000001
544.285	94.30850000000001
544.498	89.55850000000001
544.712	92.7585
544.925	90.9585
545.139	90.80850000000001
545.352	91.4585
545.566	92.3585
545.779	92.3585
545.993	92.05850000000001
546.206	89.0085
546.42	88.80850000000001
546.633	92.7085
546.847	95.3585
547.06	88.30850000000001
547.274	89.1085
547.487	90.0085
547.7	86.6085
547.914	88.4585
548.127	87.9585
548.34	91.5085
548.554	91.30850000000001
548.767	90.9585
548.98	92.9085
549.193	89.4585
549.407	91.8585
549.62	88.8585
549.833	89.7085
550.046	88.9585
550.259	89.9585
550.473	92.05850000000001
550.686	90.3585
550.899	90.4085
551.112	89.4085
551.325	88.2585
551.538	86.4585
551.751	87.6085
551.964	87.80850000000001
552.177	90.55850000000001
552.39	89.5085
552.603	90.7585
552.816	88.5085
553.029	90.2585
553.242	88.2585
553.455	90.2085
553.667	94.6585
553.88	94.30850000000001
554.093	89.1085
554.306	91.6585
554.519	90.6585
554.732	89.1585
554.944	88.7585
555.157	90.80850000000001
555.37	91.80850000000001
555.583	89.30850000000001
555.795	91.6585
556.008	93.55850000000001
556.221	89.4085
556.433	90.4585
556.646	93.30850000000001
556.859	90.6585
557.071	90.4585
557.284	86.7585
557.496	91.7085
557.709	89.2085
557.921	88.9585
558.134	91.4085
558.346	89.55850000000001
558.559	88.3585
558.771	87.8585
558.984	90.4085
559.196	92.0085
559.409	92.1585
559.621	90.4085
559.833	88.4085
560.046	88.2085
560.258	87.7085
560.47	86.4085
560.683	88.80850000000001
560.895	89.2085
561.107	88.80850000000001
561.32	90.5085
561.532	88.0085
561.744	89.2585
561.956	90.0085
562.168	90.2585
562.381	87.30850000000001
562.593	89.7585
562.805	90.5085
563.017	92.80850000000001
563.229	89.9085
563.441	89.2585
563.653	88.4585
563.865	84.2585
564.077	86.5085
564.289	90.2585
564.501	89.9585
564.713	86.55850000000001
564.925	86.2585
565.137	86.30850000000001
565.349	89.8585
565.561	88.4585
565.773	90.1085
565.985	89.55850000000001
566.197	88.80850000000001
566.408	85.8585
566.62	90.9585
566.832	87.2085
567.044	84.3585
567.255	87.55850000000001
567.467	89.9085
567.679	87.5085
567.891	90.1585
568.102	84.8585
568.314	88.5085
568.526	86.6085
568.737	87.9585
568.949	90.0085
569.161	86.2085
569.372	86.8585
569.584	87.30850000000001
569.795	84.7085
570.007	86.2085
570.218	88.2085
570.43	87.4085
570.641	86.0085
570.853	85.9585
571.064	87.4585
571.276	89.55850000000001
571.487	87.5085
571.698	86.30850000000001
571.91	85.4585
572.121	86.05850000000001
572.333	85.6085
572.544	87.05850000000001
572.755	89.0085
572.966	85.5085
573.178	86.2085
573.389	87.2585
573.6	88.2585
573.811	86.2585
574.023	86.5085
574.234	87.6085
574.445	88.3585
574.656	85.2085
574.867	88.1585
575.078	85.7085
575.289	88.05850000000001
575.501	87.1085
575.712	88.1585
575.923	85.7085
576.134	86.05850000000001
576.345	86.6585
576.556	92.0085
576.767	91.80850000000001
576.978	86.8585
577.188	87.8585
577.399	88.4085
577.61	88.30850000000001
577.821	88.3585
578.032	92.3585
578.243	91.80850000000001
578.454	101.0085
578.665	106.30850000000001
578.875	99.0085
579.086	95.1585
579.297	91.05850000000001
579.508	91.80850000000001
579.718	94.2085
579.929	97.9585
580.14	95.9085
580.35	108.1085
580.561	116.80850000000001
580.772	111.4585
580.982	104.5085
581.193	101.4085
581.403	102.2585
581.614	100.6585
581.825	97.2585
582.035	94.4085
582.246	94.8585
582.456	93.0085
582.667	88.3585
582.877	92.0085
583.087	90.9585
583.298	99.05850000000001
583.508	103.3585
583.719	96.1585
583.929	98.1085
584.139	95.4585
584.35	92.5085
584.56	96.7085
584.77	90.80850000000001
584.981	90.1585
585.191	90.2085
585.401	88.6585
585.611	91.7585
585.821	94.4585
586.032	89.55850000000001
586.242	87.5085
586.452	83.9085
586.662	84.80850000000001
586.872	84.30850000000001
587.082	85.9585
587.292	86.1585
587.502	88.8585
587.713	89.5085
587.923	91.4585
588.133	94.4085
588.343	91.55850000000001
588.553	92.0085
588.762	110.2585
588.972	151.6085
589.182	268.7085
589.392	179.4085
589.602	156.6585
589.812	227.2585
590.022	139.2585
590.232	98.2585
590.441	91.30850000000001
590.651	89.2585
590.861	89.6085
591.071	88.4585
591.281	90.5085
591.49	87.7585
591.7	87.6085
591.91	90.1085
592.119	86.30850000000001
592.329	87.1585
592.539	86.0085
592.748	90.5085
592.958	89.7085
593.167	82.8585
593.377	85.6585
593.587	95.05850000000001
593.796	85.6085
594.006	84.2585
594.215	84.9585
594.424	87.1585
594.634	85.5085
594.843	87.4085
595.053	86.8585
595.262	88.05850000000001
595.472	90.3585
595.681	83.30850000000001
595.89	86.1585
596.1	86.5085
596.309	88.0085
596.518	84.7585
596.727	89.30850000000001
596.937	86.05850000000001
597.146	86.7085
597.355	86.1085
597.564	86.7585
597.774	87.2585
597.983	83.30850000000001
598.192	85.6085
598.401	87.1085
598.61	83.6585
598.819	86.05850000000001
599.028	86.7585
599.237	83.6585
599.446	88.1585
599.655	87.9585
599.864	85.3585
600.073	82.6585
600.282	89.8585
600.491	86.7585
600.7	85.1085
600.909	84.7085
601.118	84.30850000000001
601.327	85.1585
601.536	86.2085
601.745	88.2085
601.953	86.3585
602.162	88.6585
602.371	82.9085
602.58	87.7585
602.789	90.0085
602.997	86.30850000000001
603.206	89.80850000000001
603.415	88.2585
603.623	84.80850000000001
603.832	88.1085
604.041	90.3585
604.249	85.4585
604.458	87.6585
604.666	85.7585
604.875	83.5085
605.084	86.55850000000001
605.292	84.1085
605.501	84.4085
605.709	84.2085
605.918	87.80850000000001
606.126	86.8585
606.334	86.4085
606.543	87.7085
606.751	87.4085
606.96	89.80850000000001
607.168	87.9585
607.376	86.1585
607.585	88.3585
607.793	86.9085
608.001	87.6585
608.21	87.9085
608.418	86.05850000000001
608.626	83.9585
608.834	85.80850000000001
609.043	87.4585
609.251	89.8585
609.459	86.9085
609.667	89.2585
609.875	89.6085
610.083	84.2585
610.291	87.1585
610.499	87.30850000000001
610.707	85.55850000000001
610.916	87.7585
611.124	90.30850000000001
611.332	84.4585
611.54	89.3585
611.748	87.9585
611.955	85.8585
612.163	87.6585
612.371	85.2085
612.579	86.7085
612.787	86.05850000000001
612.995	86.80850000000001
613.203	89.30850000000001
613.411	82.55850000000001
613.618	84.4085
613.826	86.6585
614.034	86.5085
614.242	90.2085
614.449	87.9085
614.657	87.2085
614.865	84.1085
615.072	87.2585
615.28	86.6085
615.488	89.2085
615.695	84.9085
615.903	87.0085
616.111	86.8585
616.318	89.9085
616.526	85.9585
616.733	91.7585
616.941	86.05850000000001
617.148	89.3585
617.356	84.1585
617.563	86.55850000000001
617.771	87.55850000000001
617.978	88.7085
618.185	86.9085
618.393	85.80850000000001
618.6	89.7085
618.807	84.7585
619.015	87.80850000000001
619.222	89.1085
619.429	89.1585
619.637	88.5085
619.844	84.7585
620.051	82.4585
620.258	85.1585
620.466	82.7085
620.673	87.55850000000001
620.88	84.55850000000001
621.087	84.1585
621.294	86.3585
621.501	85.7085
621.708	84.2585
621.915	84.05850000000001
622.122	83.9085
622.329	86.2085
622.536	87.80850000000001
622.743	86.6585
622.95	86.9585
623.157	87.9585
623.364	86.3585
623.571	87.0085
623.778	86.7585
623.985	87.9585
624.192	83.0085
624.399	87.6585
624.606	93.3585
624.812	83.8585
625.019	87.0085
625.226	85.4085
625.433	88.4085
625.639	86.6085
625.846	86.3585
626.053	81.1085
626.259	86.9585
626.466	84.7085
626.673	85.2585
626.879	86.2585
627.086	85.6085
627.293	87.7585
627.499	83.80850000000001
627.706	86.2085
627.912	87.7585
628.119	87.2085
628.325	89.6085
628.532	85.8585
628.738	89.9085
628.945	85.80850000000001
629.151	86.4585
629.357	84.3585
629.564	87.30850000000001
629.77	87.2085
629.976	81.55850000000001
630.183	85.6585
630.389	83.4085
630.595	86.30850000000001
630.802	87.4085
631.008	81.80850000000001
631.214	84.30850000000001
631.42	85.8585
631.627	93.1585
631.833	86.6585
632.039	82.7085
632.245	82.7585
632.451	84.8585
632.657	85.4085
632.863	86.30850000000001
633.069	84.05850000000001
633.275	87.05850000000001
633.481	83.8585
633.688	84.1585
633.893	83.55850000000001
634.099	84.80850000000001
634.305	84.9085
634.511	85.1085
634.717	85.4585
634.923	84.6085
635.129	84.6585
635.335	86.05850000000001
635.541	84.9085
635.747	82.0085
635.952	87.4085
636.158	82.7085
636.364	84.30850000000001
636.57	85.1585
636.775	83.4585
636.981	85.8585
637.187	81.05850000000001
637.392	86.05850000000001
637.598	86.6585
637.804	86.0085
638.009	88.1585
638.215	85.8585
638.421	86.4585
638.626	82.7085
638.832	88.4085
639.037	84.1585
639.243	84.55850000000001
639.448	87.0085
639.654	86.2585
639.859	84.55850000000001
640.065	83.30850000000001
640.27	93.1585
640.475	82.9085
640.681	82.9585
640.886	85.1585
641.091	81.5085
641.297	88.9085
641.502	86.4085
641.707	84.3585
641.913	84.80850000000001
642.118	89.55850000000001
642.323	84.4585
642.528	89.80850000000001
642.733	84.0085
642.939	87.7085
643.144	85.1085
643.349	84.2085
643.554	89.7085
643.759	82.6085
643.964	85.1085
644.169	86.5085
644.374	85.3585
644.579	86.0085
644.784	84.6085
644.989	82.9585
645.194	86.4585
645.399	88.2585
645.604	84.3585
645.809	85.6085
646.014	83.4085
646.219	86.4085
646.423	85.05850000000001
646.628	83.2585
646.833	89.4085
647.038	83.9085
647.243	84.9585
647.447	84.30850000000001
647.652	84.1085
647.857	86.8585
648.062	86.1585
648.266	82.4585
648.471	86.0085
648.676	88.1585
648.88	82.1085
649.085	84.55850000000001
649.289	84.8585
649.494	86.80850000000001
649.698	84.7585
649.903	85.1585
650.107	83.30850000000001
650.312	86.3585
650.516	82.3585
650.721	87.1085
650.925	86.1585
651.13	84.4585
651.334	84.9085
651.539	82.4085
651.743	81.80850000000001
651.947	84.2085
652.152	86.2085
652.356	83.7585
652.56	86.55850000000001
652.764	82.2085
652.969	85.2085
653.173	83.5085
653.377	80.4085
653.581	82.3585
653.785	84.7085
653.99	85.1085
654.194	83.7085
654.398	83.2585
654.602	86.0085
654.806	80.80850000000001
655.01	84.6085
655.214	82.1585
655.418	81.6585
655.622	79.0085
655.826	85.80850000000001
656.03	82.4585
656.234	82.6585
656.438	82.0085
656.642	81.2085
656.846	83.1085
657.049	83.6585
657.253	84.0085
657.457	83.9085
657.661	82.2585
657.865	80.7085
658.068	83.2585
658.272	82.9585
658.476	80.80850000000001
658.68	80.1585
658.883	83.9585
659.087	79.5085
659.291	84.2085
659.494	86.1085
659.698	81.55850000000001
659.901	84.7585
660.105	80.55850000000001
660.309	81.3585
660.512	77.8585
660.716	83.80850000000001
660.919	82.9585
661.123	82.2585
661.326	82.9085
661.53	83.7585
661.733	82.8585
661.936	84.3585
662.14	83.6585
662.343	83.9085
662.546	81.1585
662.75	80.0085
662.953	84.3585
663.156	82.3585
663.36	83.05850000000001
663.563	82.55850000000001
663.766	81.1585
663.969	84.6085
664.173	80.7085
664.376	78.4585
664.579	80.80850000000001
664.782	83.1085
664.985	81.2085
665.188	81.6085
665.391	83.2585
665.594	78.55850000000001
665.797	83.3585
666.0	79.80850000000001
666.203	80.2085
666.406	81.1085
666.609	80.0085
666.812	82.6585
667.015	84.4085
667.218	82.1085
667.421	84.6585
667.624	80.6585
667.827	83.05850000000001
668.03	79.6585
668.232	79.05850000000001
668.435	80.6085
668.638	82.2585
668.841	84.05850000000001
669.043	83.5085
669.246	82.7085
669.449	83.30850000000001
669.651	83.1585
669.854	83.80850000000001
670.057	80.0085
670.259	81.7085
670.462	80.9585
670.665	80.2085
670.867	83.4585
671.07	84.55850000000001
671.272	86.4085
671.475	83.4585
671.677	80.9085
671.88	82.2085
672.082	82.80850000000001
672.284	84.2585
672.487	83.05850000000001
672.689	82.4585
672.892	81.4085
