223.165	-18.593999999999998
223.4	-18.593999999999998
223.635	-18.593999999999998
223.869	-18.494
224.104	-18.424
224.338	-14.344
224.573	-14.934000000000001
224.808	-11.854
225.042	-8.244
225.277	-4.974
225.511	-2.384
225.746	3.4760000000000004
225.98	7.156
226.215	9.736
226.449	14.966000000000001
226.683	20.156000000000002
226.918	25.706
227.152	31.046000000000003
227.387	34.316
227.621	38.256
227.856	43.986000000000004
228.09	47.656000000000006
228.324	50.476
228.559	55.286
228.793	65.606
229.027	92.786
229.262	104.416
229.496	116.456
229.73	142.45600000000002
229.964	141.256
230.199	112.916
230.433	107.756
230.667	110.086
230.901	108.836
231.136	108.416
231.37	109.366
231.604	108.936
231.838	110.936
232.072	110.346
232.306	111.65599999999999
232.541	110.55600000000001
232.775	112.97600000000001
233.009	112.356
233.243	113.026
233.477	112.55600000000001
233.711	114.036
233.945	113.796
234.179	114.436
234.413	114.596
234.647	114.416
234.881	114.026
235.115	115.076
235.349	117.63600000000001
235.583	117.996
235.817	120.21600000000001
236.051	123.026
236.285	121.47600000000001
236.519	120.876
236.753	128.33599999999998
236.987	146.056
237.221	189.276
237.455	203.906
237.689	146.846
237.922	130.666
238.156	129.686
238.39	123.366
238.624	121.596
238.858	123.506
239.091	123.836
239.325	123.856
239.559	127.72600000000001
239.793	130.08599999999998
240.027	133.876
240.26	145.806
240.494	149.626
240.728	148.176
240.961	144.056
241.195	137.796
241.429	134.14600000000002
241.662	130.486
241.896	132.116
242.13	131.486
242.363	132.076
242.597	134.596
242.83	138.446
243.064	136.886
243.298	137.006
243.531	135.906
243.765	137.766
243.998	140.406
244.232	142.546
244.465	146.556
244.699	148.026
244.932	143.016
245.166	142.626
245.399	144.996
245.633	145.156
245.866	144.876
246.099	145.966
246.333	147.696
246.566	147.726
246.8	150.366
247.033	154.186
247.266	158.466
247.5	162.006
247.733	165.066
247.966	167.136
248.2	165.336
248.433	166.386
248.666	169.946
248.899	184.296
249.133	195.776
249.366	202.686
249.599	193.78599999999997
249.832	173.916
250.066	171.446
250.299	172.686
250.532	179.386
250.765	195.10600000000002
250.998	212.03599999999997
251.231	206.67600000000002
251.465	196.066
251.698	189.436
251.931	185.986
252.164	184.67600000000002
252.397	188.416
252.63	192.256
252.863	199.076
253.096	209.01600000000002
253.329	217.696
253.562	209.836
253.795	201.636
254.028	201.10600000000002
254.261	204.946
254.494	222.186
254.727	253.396
254.96	259.26599999999996
255.193	234.586
255.426	214.236
255.659	205.346
255.892	203.636
256.124	196.53599999999997
256.357	198.406
256.59	195.76600000000002
256.823	194.346
257.056	195.51600000000002
257.289	195.886
257.521	196.696
257.754	197.76600000000002
257.987	195.51600000000002
258.22	200.896
258.452	197.486
258.685	200.296
258.918	202.42600000000002
259.151	204.87599999999998
259.383	212.236
259.616	213.406
259.849	219.96599999999998
260.081	233.296
260.314	249.336
260.547	241.636
260.779	226.296
261.012	218.866
261.244	215.246
261.477	216.066
261.71	221.666
261.942	239.60600000000002
262.175	248.35600000000002
262.407	219.976
262.64	208.476
262.872	209.20600000000002
263.105	208.866
263.337	210.406
263.57	210.756
263.802	212.60600000000002
264.035	211.226
264.267	210.05599999999998
264.499	209.17600000000002
264.732	214.03599999999997
264.964	212.60600000000002
265.197	213.686
265.429	214.45600000000002
265.661	215.326
265.894	213.78599999999997
266.126	215.846
266.358	219.316
266.591	219.196
266.823	227.20600000000002
267.055	227.80599999999998
267.287	228.406
267.52	224.186
267.752	225.846
267.984	226.636
268.216	228.576
268.448	233.21599999999998
268.681	238.886
268.913	250.516
269.145	266.556
269.377	271.806
269.609	262.646
269.841	261.366
270.073	271.466
270.306	295.386
270.538	309.51599999999996
270.77	295.17600000000004
271.002	282.346
271.234	280.546
271.466	289.836
271.698	304.236
271.93	303.51599999999996
272.162	304.846
272.394	297.836
272.626	283.216
272.858	270.186
273.09	265.596
273.322	261.536
273.553	258.576
273.785	260.786
274.017	257.126
274.249	258.726
274.481	259.616
274.713	261.156
274.945	264.99600000000004
275.176	261.846
275.408	261.476
275.64	260.69599999999997
275.872	259.106
276.104	265.94599999999997
276.335	269.56600000000003
276.567	284.086
276.799	302.166
277.031	315.276
277.262	317.296
277.494	303.846
277.726	287.216
277.957	280.356
278.189	274.386
278.421	271.616
278.652	271.756
278.884	271.096
279.115	269.386
279.347	268.81600000000003
279.579	269.626
279.81	268.546
280.042	268.286
280.273	270.186
280.505	270.326
280.736	272.036
280.968	271.856
281.199	273.806
281.431	273.646
281.662	280.076
281.894	282.69599999999997
282.125	294.046
282.356	323.336
282.588	354.936
282.819	320.49600000000004
283.051	286.916
283.282	281.76599999999996
283.513	286.56600000000003
283.745	290.01599999999996
283.976	292.076
284.207	292.846
284.439	291.646
284.67	292.776
284.901	291.146
285.132	290.416
285.364	289.336
285.595	291.74600000000004
285.826	293.256
286.057	293.146
286.288	293.31600000000003
286.52	296.386
286.751	295.56600000000003
286.982	298.956
287.213	298.31600000000003
287.444	302.26599999999996
287.675	307.19599999999997
287.906	316.046
288.138	320.456
288.369	320.216
288.6	318.546
288.831	311.526
289.062	310.51599999999996
289.293	308.666
289.524	307.556
289.755	303.486
289.986	305.036
290.217	305.186
290.448	305.616
290.679	308.106
290.91	307.67600000000004
291.141	304.556
291.371	307.026
291.602	308.76599999999996
291.833	305.886
292.064	307.326
292.295	308.966
292.526	309.386
292.757	308.436
292.987	307.596
293.218	306.116
293.449	310.646
293.68	311.466
293.91	307.576
294.141	310.17600000000004
294.372	307.976
294.603	311.24600000000004
294.833	312.356
295.064	312.716
295.295	312.986
295.525	313.706
295.756	327.966
295.987	348.756
296.217	385.59600000000006
296.448	363.02599999999995
296.679	324.19599999999997
296.909	319.806
297.14	318.506
297.37	326.156
297.601	328.38599999999997
297.831	325.88599999999997
298.062	328.98600000000005
298.292	328.116
298.523	334.086
298.753	334.426
298.984	331.356
299.214	330.20599999999996
299.445	334.20599999999996
299.675	335.30600000000004
299.905	341.536
300.136	334.606
300.366	334.536
300.597	339.296
300.827	349.856
301.057	359.036
301.288	364.80600000000004
301.518	354.466
301.748	350.426
301.979	365.37600000000003
302.209	356.796
302.439	354.38599999999997
302.669	352.446
302.9	348.02599999999995
303.13	347.196
303.36	355.506
303.59	362.756
303.82	369.946
304.051	359.476
304.281	350.436
304.511	346.566
304.741	345.84600000000006
304.971	346.156
305.201	344.836
305.431	346.006
305.661	348.426
305.891	345.45599999999996
306.121	350.896
306.352	360.766
306.582	361.12600000000003
306.812	347.046
307.042	348.656
307.272	349.036
307.502	347.34600000000006
307.731	346.836
307.961	345.88599999999997
308.191	346.696
308.421	347.176
308.651	352.59600000000006
308.881	350.566
309.111	355.23600000000005
309.341	359.91600000000005
309.571	368.436
309.8	372.48600000000005
310.03	378.566
310.26	379.686
310.49	377.16600000000005
310.72	389.84600000000006
310.949	398.076
311.179	394.20599999999996
311.409	377.476
311.639	381.23600000000005
311.868	383.566
312.098	386.896
312.328	392.766
312.557	411.41600000000005
312.787	417.516
313.017	406.966
313.246	390.396
313.476	383.716
313.706	390.246
313.935	400.546
314.165	408.256
314.394	413.30600000000004
314.624	404.756
314.853	396.406
315.083	391.446
315.312	389.436
315.542	385.356
315.771	384.66600000000005
316.001	379.796
316.23	379.906
316.46	381.066
316.689	386.256
316.919	388.496
317.148	392.266
317.377	390.746
317.607	390.38599999999997
317.836	383.006
318.065	379.16600000000005
318.295	379.246
318.524	381.62600000000003
318.753	378.586
318.983	382.576
319.212	387.536
319.441	399.70599999999996
319.67	400.926
319.9	382.80600000000004
320.129	382.116
320.358	385.696
320.587	392.046
320.816	398.106
321.046	401.716
321.275	398.086
321.504	396.62600000000003
321.733	402.38599999999997
321.962	408.186
322.191	416.946
322.42	429.87600000000003
322.649	439.036
322.878	446.226
323.108	456.38599999999997
323.337	482.496
323.566	504.256
323.795	553.256
324.024	654.506
324.253	993.326
324.482	1749.3659999999998
324.71	2982.876
324.939	3555.136
325.168	1898.046
325.397	777.736
325.626	572.306
325.855	516.486
326.084	501.59600000000006
326.313	512.466
326.542	546.396
326.77	677.446
326.999	1040.2160000000001
327.228	1820.406
327.457	2943.346
327.686	2509.1459999999997
327.914	964.936
328.143	653.7760000000001
328.372	576.206
328.6	537.226
328.829	529.986
329.058	551.726
329.287	547.416
329.515	502.34600000000006
329.744	478.73600000000005
329.972	472.88599999999997
330.201	481.106
330.43	508.146
330.658	546.516
330.887	594.076
331.115	545.626
331.344	492.726
331.572	488.276
331.801	497.246
332.03	495.88599999999997
332.258	486.796
332.486	483.426
332.715	488.076
332.943	501.45599999999996
333.172	514.136
333.4	526.916
333.629	540.886
333.857	550.866
334.085	536.446
334.314	518.826
334.542	517.836
334.771	516.616
334.999	508.84600000000006
335.227	507.436
335.455	499.20599999999996
335.684	495.266
335.912	491.156
336.14	487.116
336.369	487.37600000000003
336.597	494.16600000000005
336.825	486.726
337.053	479.046
337.281	471.866
337.51	466.606
337.738	468.826
337.966	463.216
338.194	468.776
338.422	461.796
338.65	453.506
338.878	452.95599999999996
339.106	452.856
339.334	449.996
339.562	443.536
339.79	439.356
340.018	439.796
340.246	440.566
340.474	445.186
340.702	442.55600000000004
340.93	440.366
341.158	441.176
341.386	442.516
341.614	446.326
341.842	439.45599999999996
342.07	433.48600000000005
342.298	434.026
342.526	429.62600000000003
342.754	428.13599999999997
342.981	429.63599999999997
343.209	438.426
343.437	465.796
343.665	480.676
343.893	500.30600000000004
344.12	502.546
344.348	482.906
344.576	470.856
344.804	467.776
345.031	464.026
345.259	459.976
345.487	446.016
345.714	438.55600000000004
345.942	430.516
346.17	425.796
346.397	426.436
346.625	426.116
346.853	422.996
347.08	424.48600000000005
347.308	429.576
347.535	437.276
347.763	440.836
347.99	435.176
348.218	439.566
348.445	445.45599999999996
348.673	435.856
348.9	425.276
349.128	420.80600000000004
349.355	416.176
349.583	417.226
349.81	417.426
350.037	413.936
350.265	413.63599999999997
350.492	414.84599999999995
350.72	419.086
350.947	425.37600000000003
351.174	438.436
351.402	441.336
351.629	434.09600000000006
351.856	429.896
352.083	436.156
352.311	441.546
352.538	441.466
352.765	440.70599999999996
352.992	439.516
353.22	434.966
353.447	424.866
353.674	416.62600000000003
353.901	412.48600000000005
354.128	410.12600000000003
354.355	408.996
354.583	411.966
354.81	410.586
355.037	410.606
355.264	408.426
355.491	405.59600000000006
355.718	404.196
355.945	405.646
356.172	407.566
356.399	407.106
356.626	406.406
356.853	406.886
357.08	401.30600000000004
357.307	404.146
357.534	403.316
357.761	406.696
357.988	408.366
358.215	409.016
358.441	408.606
358.668	406.95599999999996
358.895	410.696
359.122	413.48600000000005
359.349	419.286
359.576	432.816
359.802	454.196
360.029	473.84600000000006
360.256	471.186
360.483	449.086
360.709	426.066
360.936	424.816
361.163	426.406
361.39	431.226
361.616	428.13599999999997
361.843	421.66600000000005
362.07	426.506
362.296	428.12600000000003
362.523	421.516
362.749	421.016
362.976	417.356
363.203	414.496
363.429	410.966
363.656	414.976
363.882	409.646
364.109	410.286
364.335	409.036
364.562	411.16600000000005
364.788	408.896
365.015	412.046
365.241	420.276
365.468	427.12600000000003
365.694	428.186
365.92	421.296
366.147	411.606
366.373	411.356
366.599	408.036
366.826	405.37600000000003
367.052	403.156
367.278	411.156
367.505	411.59600000000006
367.731	416.296
367.957	413.316
368.184	417.536
368.41	430.366
368.636	446.026
368.862	454.656
369.089	436.026
369.315	422.256
369.541	419.156
369.767	420.38599999999997
369.993	419.926
370.219	422.566
370.445	422.146
370.672	423.87600000000003
370.898	424.066
371.124	426.856
371.35	429.746
371.576	429.91600000000005
371.802	426.086
372.028	426.696
372.254	428.66600000000005
372.48	431.356
372.706	441.226
372.932	444.696
373.158	438.41600000000005
373.384	437.966
373.61	432.586
373.835	434.676
374.061	436.086
374.287	444.55600000000004
374.513	449.076
374.739	456.12600000000003
374.965	465.006
375.191	464.046
375.416	457.20599999999996
375.642	446.366
375.868	449.37600000000003
376.094	441.30600000000004
376.319	435.336
376.545	435.446
376.771	435.606
376.997	434.816
377.222	433.336
377.448	431.016
377.674	430.516
377.899	428.176
378.125	431.196
378.35	429.286
378.576	427.046
378.802	425.606
379.027	430.716
379.253	432.676
379.478	426.676
379.704	428.766
379.929	435.30600000000004
380.155	435.48600000000005
380.38	435.09600000000006
380.606	436.966
380.831	436.366
381.057	441.55600000000004
381.282	437.476
381.507	438.616
381.733	442.146
381.958	446.106
382.184	450.30600000000004
382.409	455.826
382.634	459.70599999999996
382.86	456.946
383.085	462.246
383.31	471.576
383.535	474.176
383.761	476.516
383.986	485.656
384.211	489.426
384.436	495.48600000000005
384.662	498.88599999999997
384.887	509.586
385.112	506.676
385.337	514.636
385.562	515.636
385.787	518.766
386.013	528.486
386.238	532.5260000000001
386.463	524.136
386.688	524.416
386.913	508.716
387.138	511.586
387.363	511.676
387.588	502.87600000000003
387.813	506.276
388.038	510.59600000000006
388.263	516.036
388.488	515.336
388.713	506.016
388.938	503.80600000000004
389.163	502.91600000000005
389.387	503.116
389.612	493.70599999999996
389.837	496.356
390.062	493.836
390.287	496.726
390.512	494.526
390.736	501.366
390.961	509.30600000000004
391.186	513.746
391.411	530.486
391.636	539.686
391.86	547.546
392.085	550.696
392.31	539.606
392.534	532.076
392.759	524.696
392.984	516.376
393.208	515.1759999999999
393.433	511.476
393.658	511.526
393.882	512.436
394.107	515.266
394.331	518.596
394.556	517.1560000000001
394.78	526.606
395.005	527.066
395.229	527.606
395.454	543.136
395.678	551.186
395.903	554.036
396.127	560.466
396.352	540.446
396.576	523.366
396.801	522.506
397.025	530.946
397.249	537.6560000000001
397.474	552.6560000000001
397.698	553.9060000000001
397.922	564.466
398.147	574.126
398.371	578.866
398.595	590.766
398.82	615.006
399.044	657.326
399.268	718.846
399.492	809.096
399.717	859.4259999999999
399.941	839.986
400.165	794.166
400.389	740.5260000000001
400.613	673.096
400.837	633.746
401.062	623.6759999999999
401.286	612.146
401.51	611.7760000000001
401.734	610.076
401.958	632.626
402.182	660.986
402.406	701.096
402.63	669.1060000000001
402.854	651.686
403.078	656.4259999999999
403.302	666.3560000000001
403.526	675.556
403.75	678.756
403.974	680.326
404.198	679.056
404.422	685.346
404.645	676.816
404.869	670.576
405.093	683.906
405.317	693.056
405.541	695.626
405.765	677.756
405.988	690.956
406.212	762.266
406.436	831.516
406.66	764.986
406.883	721.566
407.107	764.726
407.331	805.456
407.555	853.476
407.778	825.5260000000001
408.002	756.1360000000001
408.226	719.906
408.449	712.646
408.673	701.6360000000001
408.896	720.256
409.12	731.396
409.344	690.936
409.567	664.2760000000001
409.791	663.166
410.014	655.006
410.238	648.106
410.461	649.656
410.685	656.316
410.908	668.576
411.132	692.156
411.355	690.766
411.578	653.726
411.802	627.9259999999999
412.025	626.976
412.249	631.696
412.472	626.216
412.695	612.296
412.919	601.376
413.142	600.226
413.365	595.4259999999999
413.589	602.916
413.812	597.296
414.035	591.066
414.258	593.626
414.482	597.236
414.705	603.976
414.928	602.306
415.151	602.186
415.374	602.866
415.597	596.726
415.821	586.716
416.044	588.986
416.267	590.6560000000001
416.49	582.726
416.713	585.106
416.936	592.136
417.159	590.716
417.382	595.746
417.605	596.536
417.828	611.236
418.051	621.346
418.274	612.146
418.497	598.446
418.72	610.786
418.943	606.5260000000001
419.166	639.816
419.389	672.7959999999999
419.611	659.066
419.834	640.236
420.057	631.836
420.28	614.566
420.503	599.336
420.726	602.036
420.948	623.4060000000001
421.171	659.9259999999999
421.394	655.6360000000001
421.617	618.196
421.839	607.5260000000001
422.062	619.376
422.285	635.586
422.507	695.7760000000001
422.73	743.396
422.953	682.056
423.175	650.286
423.398	651.066
423.621	649.366
423.843	671.3860000000001
424.066	667.466
424.288	662.3560000000001
424.511	679.686
424.733	726.256
424.956	772.036
425.178	727.346
425.401	741.456
425.623	728.0459999999999
425.846	638.836
426.068	628.756
426.291	618.506
426.513	618.5260000000001
426.735	629.876
426.958	670.756
427.18	742.736
427.402	863.476
427.625	896.1059999999999
427.847	734.646
428.069	637.746
428.292	601.316
428.514	574.636
428.736	567.2760000000001
428.958	566.616
429.181	551.646
429.403	552.616
429.625	569.496
429.847	599.766
430.069	649.0260000000001
430.292	609.4259999999999
430.514	554.336
430.736	553.476
430.958	547.2760000000001
431.18	538.986
431.402	541.0260000000001
431.624	537.726
431.846	542.106
432.068	545.686
432.29	555.636
432.512	547.086
432.734	554.646
432.956	551.816
433.178	565.0260000000001
433.4	568.6560000000001
433.622	546.726
433.844	552.466
434.066	552.966
434.287	561.306
434.509	576.946
434.731	595.546
434.953	609.2760000000001
435.175	619.696
435.397	629.266
435.618	626.686
435.84	666.946
436.062	755.036
436.284	744.056
436.505	630.886
436.727	605.4259999999999
436.949	571.256
437.17	556.596
437.392	559.036
437.614	571.326
437.835	617.876
438.057	711.216
438.278	756.736
438.5	745.116
438.721	826.4959999999999
438.943	720.986
439.165	610.136
439.386	590.956
439.608	598.4060000000001
439.829	613.056
440.05	661.506
440.272	708.416
440.493	619.236
440.715	585.9060000000001
440.936	577.106
441.158	581.486
441.379	592.146
441.6	621.916
441.822	644.7760000000001
442.043	681.686
442.264	755.9359999999999
442.486	730.536
442.707	652.266
442.928	647.436
443.149	686.586
443.371	704.896
443.592	730.7760000000001
443.813	815.7459999999999
444.034	804.836
444.255	699.976
444.476	678.7959999999999
444.698	693.406
444.919	699.236
445.14	722.366
445.361	704.196
445.582	712.5260000000001
445.803	782.336
446.024	840.7959999999999
446.245	807.3259999999999
446.466	715.5260000000001
446.687	615.386
446.908	586.836
447.129	556.306
447.35	544.576
447.571	547.356
447.792	538.476
448.013	554.486
448.234	578.4060000000001
448.455	627.1560000000001
448.675	740.236
448.896	785.076
449.117	647.536
449.338	666.646
449.559	797.566
449.779	819.816
450.0	620.766
450.221	555.416
450.442	533.436
450.662	531.616
450.883	546.246
451.104	562.046
451.324	534.196
451.545	517.086
451.766	504.856
451.986	493.996
452.207	492.926
452.428	493.896
452.648	500.446
452.869	516.386
453.089	526.306
453.31	538.506
453.53	504.116
453.751	493.566
453.971	506.676
454.192	521.6560000000001
454.412	490.216
454.633	479.48600000000005
454.853	479.336
455.073	484.006
455.294	518.956
455.514	575.846
455.734	525.626
455.955	474.176
456.175	463.046
456.395	458.826
456.616	455.616
456.836	456.756
457.056	456.276
457.276	449.38599999999997
457.497	464.37600000000003
457.717	464.20599999999996
457.937	469.646
458.157	476.55600000000004
458.377	487.366
458.598	533.586
458.818	628.376
459.038	701.576
459.258	653.6759999999999
459.478	567.106
459.698	552.056
459.918	556.646
460.138	568.716
460.358	588.4060000000001
460.578	586.786
460.798	600.046
461.018	597.826
461.238	587.726
461.458	585.616
461.678	579.596
461.898	594.226
462.118	596.506
462.338	625.326
462.558	633.376
462.777	656.346
462.997	705.036
463.217	733.236
463.437	717.266
463.657	674.7760000000001
463.876	658.516
464.096	664.226
464.316	667.366
464.536	670.7959999999999
464.755	650.836
464.975	655.366
465.195	726.416
465.414	721.646
465.634	600.376
465.854	562.596
466.073	540.066
466.293	523.766
466.512	510.086
466.732	502.16600000000005
466.951	504.816
467.171	506.38599999999997
467.391	518.646
467.61	528.4060000000001
467.829	518.446
468.049	506.106
468.268	488.45599999999996
468.488	482.73600000000005
468.707	480.426
468.927	482.95599999999996
469.146	482.406
469.365	488.816
469.585	493.156
469.804	516.306
470.023	528.996
470.243	523.766
470.462	537.376
470.681	555.056
470.901	532.706
471.12	516.886
471.339	509.856
471.558	509.23600000000005
471.777	501.62600000000003
471.997	490.176
472.216	488.286
472.435	488.766
472.654	481.146
472.873	478.836
473.092	482.266
473.311	480.646
473.53	483.176
473.749	495.606
473.968	547.916
474.187	642.966
474.406	601.356
474.625	512.756
474.844	491.276
475.063	487.656
475.282	487.84600000000006
475.501	491.88599999999997
475.72	498.566
475.939	498.66600000000005
476.158	500.95599999999996
476.377	502.116
476.596	502.716
476.814	518.096
477.033	522.606
477.252	526.356
477.471	530.916
477.69	541.106
477.908	552.666
478.127	561.606
478.346	567.206
478.564	577.256
478.783	588.0260000000001
479.002	594.596
479.22	598.956
479.439	611.216
479.658	621.106
479.876	621.286
480.095	636.216
480.313	666.766
480.532	653.116
480.751	641.856
480.969	631.146
481.188	622.036
481.406	603.146
481.624	590.126
481.843	573.856
482.061	567.146
482.28	565.046
482.498	559.246
482.717	556.076
482.935	560.096
483.153	555.106
483.372	556.966
483.59	556.396
483.808	558.1759999999999
484.027	555.356
484.245	564.796
484.463	568.066
484.681	578.006
484.9	578.316
485.118	585.556
485.336	588.946
485.554	594.6759999999999
485.772	600.456
485.99	601.596
486.209	606.306
486.427	607.0260000000001
486.645	618.606
486.863	622.746
487.081	611.936
487.299	601.896
487.517	600.956
487.735	594.736
487.953	594.916
488.171	595.566
488.389	595.866
488.607	603.686
488.825	595.516
489.043	596.456
489.261	604.556
489.479	604.876
489.696	608.206
489.914	609.9060000000001
490.132	613.366
490.35	621.256
490.568	622.306
490.786	632.236
491.003	636.896
491.221	649.986
491.439	654.706
491.657	660.716
491.874	665.766
492.092	667.1060000000001
492.31	667.1060000000001
492.527	669.576
492.745	672.956
492.963	675.436
493.18	681.7760000000001
493.398	690.016
493.615	701.476
493.833	701.256
494.05	696.1060000000001
494.268	695.956
494.485	693.236
494.703	690.946
494.92	696.096
495.138	691.196
495.355	695.646
495.573	698.016
495.79	696.786
496.008	699.916
496.225	698.626
496.442	697.196
496.66	704.766
496.877	703.506
497.094	714.056
497.312	724.786
497.529	742.516
497.746	755.256
497.963	776.456
498.181	811.166
498.398	831.596
498.615	877.4359999999999
498.832	908.1759999999999
499.049	936.0759999999999
499.267	987.0759999999999
499.484	1045.716
499.701	1108.506
499.918	1161.726
500.135	1227.416
500.352	1276.186
500.569	1282.866
500.786	1271.9859999999999
501.003	1238.066
501.22	1190.666
501.437	1133.006
501.654	1077.316
501.871	1038.756
502.088	963.626
502.305	909.656
502.522	870.706
502.739	846.236
502.956	807.666
503.172	786.056
503.389	772.256
503.606	767.1759999999999
503.823	752.4659999999999
504.04	743.9960000000001
504.256	749.4959999999999
504.473	757.1759999999999
504.69	765.056
504.907	749.906
505.123	712.166
505.34	691.596
505.557	680.126
505.773	673.976
505.99	668.366
506.207	662.586
506.423	661.966
506.64	648.396
506.856	639.436
507.073	635.466
507.289	634.336
507.506	633.096
507.722	653.206
507.939	657.506
508.155	627.246
508.372	614.816
508.588	609.746
508.805	611.506
509.021	613.896
509.238	631.696
509.454	632.886
509.67	627.706
509.887	622.596
510.103	638.576
510.319	728.346
510.536	1377.316
510.752	3329.466
510.968	1289.1860000000001
511.184	651.646
511.401	598.346
511.617	577.646
511.833	570.196
512.049	561.226
512.265	563.016
512.481	564.546
512.698	561.626
512.914	563.446
513.13	563.636
513.346	562.166
513.562	562.936
513.778	569.076
513.994	575.806
514.21	589.326
514.426	618.746
514.642	660.9960000000001
514.858	666.7760000000001
515.074	734.946
515.29	1139.566
515.506	2405.216
515.721	1216.936
515.937	708.786
516.153	648.716
516.369	635.766
516.585	635.236
516.801	639.9060000000001
517.016	658.216
517.232	679.1060000000001
517.448	692.416
517.664	700.346
517.879	702.9259999999999
518.095	696.7959999999999
518.311	684.616
518.527	662.236
518.742	644.1560000000001
518.958	627.966
519.173	613.606
519.389	606.886
519.605	593.516
519.82	592.846
520.036	607.206
520.251	631.896
520.467	631.836
520.682	619.456
520.898	619.436
521.113	636.226
521.329	679.656
521.544	801.766
521.76	1318.626
521.975	3568.506
522.19	2391.956
522.406	886.756
522.621	617.836
522.836	562.826
523.052	544.6759999999999
523.267	529.196
523.482	517.976
523.698	519.476
523.913	535.836
524.128	522.286
524.343	500.506
524.559	496.73600000000005
524.774	489.726
524.989	495.606
525.204	507.266
525.419	500.16600000000005
525.634	488.036
525.849	481.966
526.064	480.826
526.28	478.816
526.495	471.526
526.71	472.356
526.925	471.226
527.14	470.84600000000006
527.355	471.66600000000005
527.57	470.536
527.785	470.586
527.999	468.88599999999997
528.214	471.696
528.429	471.746
528.644	472.016
528.859	469.09600000000006
529.074	476.276
529.289	520.446
529.503	619.666
529.718	520.1759999999999
529.933	484.80600000000004
530.148	476.976
530.363	472.646
530.577	468.12600000000003
530.792	466.116
531.007	464.046
531.221	470.356
531.436	466.576
531.651	466.816
531.865	463.38599999999997
532.08	464.946
532.295	463.856
532.509	461.41600000000005
532.724	461.756
532.938	467.37600000000003
533.153	467.156
533.367	463.276
533.582	463.156
533.796	460.176
534.011	459.63599999999997
534.225	455.20599999999996
534.44	452.30600000000004
534.654	457.226
534.868	453.826
535.083	451.48600000000005
535.297	455.506
535.511	463.016
535.726	469.91600000000005
535.94	462.966
536.154	452.086
536.369	444.13599999999997
536.583	438.696
536.797	435.926
537.011	437.55600000000004
537.225	433.98600000000005
537.44	436.606
537.654	434.606
537.868	435.73600000000005
538.082	433.41600000000005
538.296	440.196
538.51	434.796
538.724	435.836
538.938	432.95599999999996
539.153	434.696
539.367	452.316
539.581	438.23600000000005
539.795	424.41600000000005
540.009	428.496
540.222	430.066
540.436	430.226
540.65	430.476
540.864	434.37600000000003
541.078	438.59600000000006
541.292	431.95599999999996
541.506	427.536
541.72	417.826
541.934	417.366
542.147	416.55600000000004
542.361	411.186
542.575	410.796
542.789	414.16600000000005
543.002	417.646
543.216	425.006
543.43	430.366
543.644	424.286
543.857	421.266
544.071	422.906
544.285	421.856
544.498	419.05600000000004
544.712	420.34600000000006
544.925	421.316
545.139	421.046
545.352	418.55600000000004
545.566	420.476
545.779	421.026
545.993	418.906
546.206	419.786
546.42	415.256
546.633	418.48600000000005
546.847	419.34600000000006
547.06	412.256
547.274	412.156
547.487	412.756
547.7	413.256
547.914	415.356
548.127	418.716
548.34	417.73600000000005
548.554	414.606
548.767	417.506
548.98	415.526
549.193	417.70599999999996
549.407	419.016
549.62	422.446
549.833	425.836
550.046	417.80600000000004
550.259	415.146
550.473	410.316
550.686	411.16599999999994
550.899	408.086
551.112	405.576
551.325	402.91600000000005
551.538	407.586
551.751	407.226
551.964	411.686
552.177	415.20599999999996
552.39	418.966
552.603	428.066
552.816	433.73600000000005
553.029	438.30600000000004
553.242	446.59600000000006
553.455	456.23600000000005
553.667	466.036
553.88	460.16600000000005
554.093	442.766
554.306	436.066
554.519	425.55600000000004
554.732	418.88599999999997
554.944	407.23600000000005
555.157	405.796
555.37	399.02599999999995
555.583	395.296
555.795	391.226
556.008	384.696
556.221	378.55600000000004
556.433	377.866
556.646	373.836
556.859	370.216
557.071	367.656
557.284	365.63599999999997
557.496	364.62600000000003
557.709	361.696
557.921	358.91600000000005
558.134	358.88599999999997
558.346	359.116
558.559	358.476
558.771	354.566
558.984	353.836
559.196	351.226
559.409	350.23600000000005
559.621	353.366
559.833	350.466
560.046	350.436
560.258	349.826
560.47	350.996
560.683	347.646
560.895	347.446
561.107	349.13599999999997
561.32	347.036
561.532	349.966
561.744	350.016
561.956	351.576
562.168	353.006
562.381	353.406
562.593	352.356
562.805	354.816
563.017	354.816
563.229	355.566
563.441	353.84600000000006
563.653	358.336
563.865	356.496
564.077	358.186
564.289	360.406
564.501	367.696
564.713	373.62600000000003
564.925	381.37600000000003
565.137	401.946
565.349	393.496
565.561	399.356
565.773	411.646
565.985	421.776
566.197	441.38599999999997
566.408	466.98600000000005
566.62	492.70599999999996
566.832	512.626
567.044	514.846
567.255	519.256
567.467	535.206
567.679	556.2760000000001
567.891	581.396
568.102	580.5260000000001
568.314	551.366
568.526	510.536
568.737	479.146
568.949	447.87600000000003
569.161	421.646
569.372	399.786
569.584	389.80600000000004
569.795	384.63599999999997
570.007	402.046
570.218	546.096
570.43	416.156
570.641	363.016
570.853	355.296
571.064	355.30600000000004
571.276	353.186
571.487	344.976
571.698	336.02599999999995
571.91	327.70599999999996
572.121	321.56600000000003
572.333	318.826
572.544	312.67600000000004
572.755	311.186
572.966	310.346
573.178	305.836
573.389	306.81600000000003
573.6	301.306
573.811	299.826
574.023	297.866
574.234	295.94599999999997
574.445	296.326
574.656	299.51599999999996
574.867	297.106
575.078	294.51599999999996
575.289	291.81600000000003
575.501	291.346
575.712	288.31600000000003
575.923	288.74600000000004
576.134	286.856
576.345	285.116
576.556	287.466
576.767	285.966
576.978	283.916
577.188	283.69599999999997
577.399	283.17600000000004
577.61	280.51599999999996
577.821	286.436
578.032	306.896
578.243	487.34600000000006
578.454	1091.146
578.665	427.216
578.875	288.086
579.086	272.936
579.297	269.866
579.508	266.386
579.718	265.346
579.929	264.92600000000004
580.14	261.936
580.35	260.706
580.561	262.536
580.772	259.306
580.982	259.616
581.193	257.81600000000003
581.403	259.69599999999997
581.614	257.06600000000003
581.825	258.01599999999996
582.035	256.386
582.246	258.006
582.456	256.74600000000004
582.667	255.78599999999997
582.877	254.356
583.087	252.05599999999998
583.298	253.266
583.508	252.28599999999997
583.719	253.356
583.929	255.646
584.139	251.016
584.35	249.05599999999998
584.56	253.416
584.77	250.936
584.981	249.05599999999998
585.191	250.95600000000002
585.401	248.95600000000002
585.611	249.37599999999998
585.821	251.62599999999998
586.032	248.896
586.242	247.846
586.452	244.086
586.662	243.67600000000002
586.872	243.496
587.082	245.256
587.292	242.46599999999998
587.502	242.186
587.713	244.116
587.923	242.686
588.133	245.636
588.343	242.446
588.553	243.006
588.762	244.776
588.972	245.96599999999998
589.182	245.696
589.392	244.336
589.602	244.686
589.812	244.336
590.022	246.916
590.232	245.636
590.441	247.816
590.651	245.326
590.861	246.156
591.071	249.05599999999998
591.281	251.37599999999998
591.49	251.366
591.7	253.526
591.91	257.606
592.119	259.76599999999996
592.329	268.526
592.539	278.586
592.748	278.646
592.958	280.736
593.167	284.836
593.377	288.356
593.587	294.726
593.796	291.756
594.006	289.896
594.215	291.126
594.424	290.49600000000004
594.634	286.026
594.843	276.086
595.053	269.636
595.262	262.24600000000004
595.472	256.886
595.681	253.136
595.89	248.586
596.1	245.55599999999998
596.309	242.51600000000002
596.518	237.086
596.727	235.80599999999998
596.937	234.55599999999998
597.146	231.51600000000002
597.355	229.53599999999997
597.564	226.05599999999998
597.774	226.166
597.983	221.096
598.192	220.986
598.401	221.366
598.61	218.246
598.819	219.486
599.028	216.95600000000002
599.237	217.446
599.446	217.60600000000002
599.655	215.70600000000002
599.864	216.55599999999998
600.073	215.486
600.282	217.586
600.491	212.336
600.7	213.92600000000002
600.909	212.276
601.118	211.816
601.327	213.116
601.536	210.776
601.745	209.96599999999998
601.953	209.596
602.162	211.436
602.371	207.406
602.58	206.67600000000002
602.789	206.896
602.997	205.186
603.206	205.51600000000002
603.415	204.736
603.623	204.046
603.832	201.546
604.041	200.596
604.249	200.12599999999998
604.458	200.006
604.666	200.296
604.875	200.026
605.084	200.26600000000002
605.292	200.17600000000002
605.501	198.05599999999998
605.709	197.896
605.918	197.576
606.126	199.67600000000002
606.334	198.20600000000002
606.543	199.67600000000002
606.751	197.87599999999998
606.96	196.866
607.168	196.906
607.376	196.276
607.585	198.076
607.793	195.116
608.001	194.656
608.21	194.866
608.418	195.70600000000002
608.626	194.70600000000002
608.834	197.246
609.043	194.92600000000002
609.251	194.566
609.459	192.616
609.667	195.246
609.875	192.756
610.083	192.496
610.291	191.12599999999998
610.499	191.35600000000002
610.707	194.256
610.916	192.886
611.124	192.46599999999998
611.332	193.826
611.54	190.476
611.748	190.746
611.955	192.326
612.163	190.37599999999998
612.371	190.51600000000002
612.579	189.006
612.787	188.826
612.995	189.53599999999997
613.203	190.346
613.411	190.416
613.618	188.366
613.826	186.896
614.034	187.51600000000002
614.242	188.066
614.449	188.746
614.657	189.646
614.865	186.636
615.072	190.146
615.28	190.92600000000002
615.488	190.366
615.695	194.96599999999998
615.903	199.85600000000002
616.111	202.67600000000002
616.318	204.046
616.526	200.05599999999998
616.733	199.386
616.941	194.326
617.148	194.066
617.356	191.30599999999998
617.563	190.586
617.771	191.17600000000002
617.978	190.096
618.185	190.03599999999997
618.393	188.35600000000002
618.6	189.92600000000002
618.807	187.566
619.015	187.776
619.222	185.53599999999997
619.429	184.836
619.637	185.946
619.844	186.70600000000002
620.051	184.846
620.258	181.276
620.466	178.62599999999998
620.673	176.28599999999997
620.88	177.696
621.087	178.986
621.294	179.326
621.501	179.916
621.708	182.30599999999998
621.915	180.17600000000002
622.122	178.946
622.329	177.746
622.536	178.386
622.743	177.816
622.95	175.416
623.157	175.076
623.364	176.996
623.571	175.096
623.778	174.26600000000002
623.985	175.01600000000002
624.192	172.05599999999998
624.399	172.906
624.606	172.796
624.812	171.346
625.019	172.95600000000002
625.226	171.30599999999998
625.433	174.62599999999998
625.639	170.076
625.846	170.316
626.053	168.35600000000002
626.259	168.60600000000002
626.466	167.906
626.673	169.976
626.879	167.586
627.086	170.666
627.293	168.406
627.499	166.20600000000002
627.706	164.756
627.912	165.03599999999997
628.119	165.35600000000002
628.325	166.006
628.532	163.62599999999998
628.738	163.87599999999998
628.945	164.656
629.151	160.966
629.357	160.066
629.564	161.226
629.77	162.186
629.976	160.64600000000002
630.183	159.566
630.389	158.616
630.595	158.656
630.802	157.516
631.008	157.326
631.214	155.676
631.42	158.736
631.627	159.436
631.833	154.486
632.039	154.806
632.245	153.736
632.451	156.046
632.657	154.866
632.863	152.266
633.069	152.45600000000002
633.275	153.186
633.481	151.546
633.688	152.89600000000002
633.893	153.676
634.099	150.536
634.305	150.756
634.511	149.286
634.717	149.286
634.923	148.866
635.129	150.726
635.335	148.356
635.541	146.566
635.747	147.976
635.952	146.556
636.158	146.45600000000002
636.364	147.156
636.57	148.386
636.775	146.976
636.981	147.576
637.187	148.116
637.392	146.39600000000002
637.598	146.756
637.804	146.95600000000002
638.009	147.696
638.215	146.076
638.421	143.246
638.626	143.826
638.832	146.046
639.037	145.136
639.243	144.266
639.448	141.95600000000002
639.654	145.016
639.859	141.83599999999998
640.065	141.406
640.27	148.376
640.475	143.496
640.681	141.986
640.886	143.026
641.091	141.33599999999998
641.297	142.776
641.502	140.70600000000002
641.707	141.716
641.913	139.536
642.118	138.83599999999998
642.323	139.056
642.528	140.856
642.733	140.116
642.939	139.236
643.144	139.45600000000002
643.349	138.756
643.554	139.236
643.759	136.70600000000002
643.964	137.556
644.169	139.14600000000002
644.374	137.926
644.579	138.966
644.784	139.606
644.989	137.576
645.194	137.296
645.399	138.446
645.604	136.676
645.809	139.476
646.014	140.246
646.219	138.386
646.423	138.006
646.628	138.20600000000002
646.833	139.656
647.038	139.536
647.243	141.796
647.447	140.546
647.652	140.566
647.857	140.126
648.062	144.816
648.266	145.326
648.471	149.95600000000002
648.676	153.166
648.88	149.306
649.085	146.716
649.289	148.576
649.494	163.46599999999998
649.698	208.336
649.903	162.726
650.107	142.20600000000002
650.312	138.856
650.516	132.83599999999998
650.721	132.89600000000002
650.925	130.14600000000002
651.13	127.89600000000002
651.334	126.696
651.539	126.73599999999999
651.743	124.336
651.947	124.596
652.152	124.65599999999999
652.356	121.426
652.56	121.38600000000001
652.764	120.286
652.969	119.30600000000001
653.173	117.836
653.377	117.256
653.581	116.426
653.785	117.346
653.99	117.776
654.194	115.686
654.398	115.55600000000001
654.602	114.47600000000001
654.806	122.956
655.01	140.096
655.214	124.22599999999998
655.418	115.376
655.622	113.946
655.826	114.446
656.03	116.446
656.234	118.98599999999999
656.438	123.72600000000001
656.642	123.326
656.846	116.06599999999999
657.049	111.39599999999999
657.253	109.81599999999999
657.457	103.596
657.661	103.506
657.865	101.606
658.068	100.456
658.272	97.206
658.476	97.72600000000001
658.68	95.256
658.883	95.436
659.087	92.786
659.291	94.006
659.494	93.336
659.698	90.576
659.901	90.64599999999999
660.105	89.98599999999999
660.309	90.046
660.512	89.346
660.716	88.676
660.919	88.47600000000001
661.123	89.586
661.326	86.096
661.53	87.526
661.733	86.846
661.936	86.13600000000001
662.14	83.676
662.343	85.90599999999999
662.546	83.186
662.75	84.686
662.953	84.266
663.156	83.426
663.36	81.926
663.563	82.30600000000001
663.766	80.356
663.969	83.55600000000001
664.173	81.376
664.376	81.176
664.579	80.866
664.782	81.15599999999999
664.985	82.586
665.188	81.536
665.391	81.456
665.594	80.37599999999999
665.797	80.606
666.0	80.766
666.203	81.276
666.406	79.476
666.609	80.766
666.812	80.856
667.015	81.98599999999999
667.218	81.786
667.421	81.696
667.624	80.07600000000001
667.827	82.21600000000001
668.03	81.536
668.232	78.95599999999999
668.435	80.486
668.638	79.54599999999999
668.841	81.516
669.043	81.46600000000001
669.246	81.776
669.449	79.676
669.651	79.666
669.854	80.086
670.057	80.146
670.259	80.856
670.462	80.736
670.665	80.536
670.867	81.626
671.07	80.99600000000001
671.272	81.90599999999999
671.475	83.696
671.677	79.556
671.88	80.966
672.082	80.836
672.284	81.996
672.487	79.32600000000001
672.689	79.016
672.892	80.096
