223.165	-17.642929292929292
223.4	-17.642929292929292
223.635	-17.642929292929292
223.869	-19.673232323232323
224.104	-20.016666666666666
224.338	-15.945959595959597
224.573	-15.036868686868686
224.808	-12.653030303030302
225.042	-7.743939393939394
225.277	-5.794444444444444
225.511	-2.238888888888889
225.746	3.70050505050505
225.98	7.266161616161616
226.215	12.235858585858587
226.449	16.973232323232324
226.683	20.39747474747475
226.918	25.57929292929293
227.152	30.59949494949495
227.387	35.14494949494949
227.621	38.30656565656566
227.856	43.58939393939394
228.09	47.003535353535355
228.324	51.28636363636364
228.559	56.50858585858586
228.793	66.88232323232323
229.027	93.78131313131313
229.262	104.79141414141414
229.496	122.29646464646464
229.73	158.98333333333335
229.964	155.39747474747475
230.199	115.32676767676767
230.433	110.3570707070707
230.667	113.58939393939394
230.901	108.61969696969696
231.136	107.52878787878788
231.37	107.72070707070706
231.604	111.29646464646464
231.838	111.24595959595959
232.072	110.76111111111112
232.306	113.08434343434342
232.541	112.00353535353536
232.775	111.23585858585858
233.009	112.45808080808081
233.243	113.07424242424241
233.477	113.58939393939394
233.711	115.2560606060606
233.945	114.14494949494949
234.179	114.72070707070706
234.413	115.27626262626264
234.647	115.26616161616161
234.881	116.8520202020202
235.115	116.52878787878788
235.349	116.72070707070706
235.583	118.57929292929293
235.817	120.71060606060605
236.051	124.52878787878788
236.285	121.47828282828283
236.519	122.73080808080807
236.753	131.28636363636363
236.987	148.32676767676767
237.221	190.40757575757576
237.455	201.19545454545457
237.689	143.9732323232323
237.922	129.11464646464646
238.156	127.29646464646464
238.39	125.69040404040405
238.624	123.80151515151516
238.858	125.89242424242424
239.091	126.61969696969696
239.325	130.49848484848485
239.559	136.0439393939394
239.793	136.57929292929293
240.027	138.41767676767677
240.26	148.89242424242423
240.494	152.5388888888889
240.728	147.88232323232324
240.961	144.17525252525252
241.195	139.36717171717171
241.429	135.38737373737374
241.662	133.7510101010101
241.896	133.56919191919192
242.13	135.5489898989899
242.363	136.4479797979798
242.597	137.40757575757576
242.83	142.79141414141412
243.064	141.3570707070707
243.298	143.2459595959596
243.531	144.20555555555555
243.765	144.0641414141414
243.998	146.62979797979798
244.232	149.87222222222223
244.465	157.72070707070708
244.699	150.78131313131314
244.932	149.2560606060606
245.166	148.1651515151515
245.399	150.37727272727273
245.633	149.9631313131313
245.866	148.91262626262628
246.099	150.15505050505053
246.333	154.99343434343436
246.566	153.57929292929293
246.8	156.4580808080808
247.033	159.18535353535353
247.266	162.10454545454547
247.5	165.1247474747475
247.733	170.9631313131313
247.966	169.0439393939394
248.2	170.27626262626262
248.433	173.1651515151515
248.666	177.33686868686868
248.899	191.97323232323234
249.133	208.4176767676768
249.366	224.1651515151515
249.599	221.4176767676768
249.832	201.9227272727273
250.066	220.13484848484848
250.299	272.32676767676764
250.532	338.67020202020205
250.765	310.0237373737374
250.998	267.09444444444443
251.231	232.68030303030304
251.465	215.5489898989899
251.698	208.90252525252527
251.931	206.13484848484848
252.164	200.60959595959596
252.397	196.70050505050506
252.63	198.8621212121212
252.863	203.00353535353537
253.096	212.32676767676767
253.329	215.36717171717174
253.562	208.9631313131313
253.795	205.03383838383837
254.028	206.84191919191917
254.261	212.89242424242423
254.494	228.5590909090909
254.727	256.31666666666666
254.96	258.589393939394
255.193	250.10454545454547
255.426	258.3772727272727
255.659	310.7207070707071
255.892	440.4378787878788
256.124	556.4176767676768
256.357	449.5994949494949
256.59	333.98333333333335
256.823	282.5590909090909
257.056	260.49848484848485
257.289	251.89242424242423
257.521	240.33686868686868
257.754	230.98333333333335
257.987	228.27626262626262
258.22	233.23585858585858
258.452	240.47828282828283
258.685	231.8621212121212
258.918	222.61969696969697
259.151	219.7611111111111
259.383	224.49848484848485
259.616	221.8621212121212
259.849	226.18535353535353
260.081	239.99343434343436
260.314	250.20555555555555
260.547	245.5590909090909
260.779	244.9429292929293
261.012	259.4378787878788
261.244	258.09444444444443
261.477	240.95303030303032
261.71	245.99343434343436
261.942	284.7510101010101
262.175	303.01363636363635
262.407	239.78131313131314
262.64	220.09444444444446
262.872	219.59949494949495
263.105	218.1651515151515
263.337	219.26616161616164
263.57	217.4580808080808
263.802	219.30656565656565
264.035	215.68030303030304
264.267	215.30656565656565
264.499	215.4479797979798
264.732	217.03383838383837
264.964	217.87222222222223
265.197	217.37727272727273
265.429	219.82171717171718
265.661	220.33686868686868
265.894	220.52878787878788
266.126	223.84191919191917
266.358	223.8621212121212
266.591	226.17525252525255
266.823	229.68030303030304
267.055	230.03383838383837
267.287	231.4378787878788
267.52	230.01363636363635
267.752	229.26616161616164
267.984	231.1550505050505
268.216	234.0641414141414
268.448	242.24595959595962
268.681	246.90252525252527
268.913	252.01363636363635
269.145	262.9227272727273
269.377	262.2257575757576
269.609	253.97323232323234
269.841	256.3772727272727
270.073	263.0439393939394
270.306	283.8621212121212
270.538	293.3065656565657
270.77	279.1348484848485
271.002	272.7106060606061
271.234	275.619696969697
271.466	294.06414141414143
271.698	297.7409090909091
271.93	293.57929292929293
272.162	294.44797979797977
272.394	287.99343434343433
272.626	279.670202020202
272.858	266.3368686868687
273.09	265.70050505050506
273.322	266.0742424242424
273.553	261.3065656565657
273.785	264.8621212121212
274.017	265.36717171717174
274.249	268.5489898989899
274.481	272.2459595959596
274.713	274.9227272727273
274.945	281.18535353535356
275.176	289.18535353535356
275.408	299.59949494949495
275.64	319.7914141414141
275.872	342.05404040404045
276.104	320.8621212121212
276.335	312.660101010101
276.567	342.06414141414143
276.799	401.7106060606061
277.031	475.16515151515154
277.262	530.3873737373738
277.494	444.44797979797977
277.726	345.14494949494946
277.957	319.7409090909091
278.189	308.91262626262625
278.421	303.59949494949495
278.652	301.11464646464646
278.884	300.18535353535356
279.115	300.0338383838384
279.347	307.9328282828283
279.579	326.8318181818182
279.81	382.0338383838384
280.042	496.34696969696967
280.273	622.670202020202
280.505	493.3772727272727
280.736	357.05404040404045
280.968	323.06414141414143
281.199	310.51868686868687
281.431	307.5388888888889
281.662	302.6904040404041
281.894	303.09444444444443
282.125	317.670202020202
282.356	365.4075757575758
282.588	420.7005050505051
282.819	361.9631313131313
283.051	302.7106060606061
283.282	293.95303030303035
283.513	298.88232323232324
283.745	297.8217171717172
283.976	300.2560606060606
284.207	297.7106060606061
284.439	299.11464646464646
284.67	297.01363636363635
284.901	295.9732323232323
285.132	296.52878787878785
285.364	296.8116161616162
285.595	298.5085858585859
285.826	298.8318181818182
286.057	305.32676767676764
286.288	300.44797979797977
286.52	300.2762626262626
286.751	300.6904040404041
286.982	302.7510101010101
287.213	301.9227272727273
287.444	307.05404040404045
287.675	310.8520202020202
287.906	319.7207070707071
288.138	320.8217171717172
288.369	322.90252525252527
288.6	322.5590909090909
288.831	314.3772727272727
289.062	314.9631313131313
289.293	313.08434343434345
289.524	309.8419191919192
289.755	307.8217171717172
289.986	305.9328282828283
290.217	306.09444444444443
290.448	307.9328282828283
290.679	309.0439393939394
290.91	308.5590909090909
291.141	306.670202020202
291.371	306.7611111111111
291.602	305.19545454545454
291.833	303.95303030303035
292.064	304.9328282828283
292.295	308.1045454545455
292.526	309.4075757575758
292.757	304.49848484848485
292.987	304.589393939394
293.218	301.660101010101
293.449	304.80151515151516
293.68	307.49848484848485
293.91	305.78131313131314
294.141	308.0742424242424
294.372	305.05404040404045
294.603	309.4378787878788
294.833	309.00353535353537
295.064	310.21565656565656
295.295	312.09444444444443
295.525	315.88232323232324
295.756	333.5085858585859
295.987	364.4883838383838
296.217	427.31666666666666
296.448	397.88232323232324
296.679	328.36717171717174
296.909	315.4580808080808
297.14	315.01363636363635
297.37	318.589393939394
297.601	321.1348484848485
297.831	322.9429292929293
298.062	326.59949494949495
298.292	326.41767676767677
298.523	328.9227272727273
298.753	327.83181818181816
298.984	326.9429292929293
299.214	327.11464646464646
299.445	331.95303030303035
299.675	337.14494949494946
299.905	343.4277777777778
300.136	332.660101010101
300.366	331.73080808080806
300.597	336.0237373737374
300.827	350.3873737373737
301.057	364.31666666666666
301.288	379.46818181818185
301.518	360.9025252525252
301.748	360.2762626262626
301.979	383.56919191919195
302.209	369.4883838383838
302.439	362.1752525252525
302.669	352.1045454545454
302.9	348.34696969696967
303.13	353.609595959596
303.36	378.690404040404
303.59	420.4883838383838
303.82	446.5388888888889
304.051	383.690404040404
304.281	356.5085858585859
304.511	347.93282828282827
304.741	342.7510101010101
304.971	344.88232323232324
305.201	342.57929292929293
305.431	343.9025252525252
305.661	344.56919191919195
305.891	343.1247474747475
306.121	351.4378787878788
306.352	369.9631313131313
306.582	380.46818181818185
306.812	369.1348484848485
307.042	402.7409090909091
307.272	469.24595959595956
307.502	506.99343434343433
307.731	480.45808080808075
307.961	409.87222222222226
308.191	362.28636363636366
308.421	352.8621212121212
308.651	352.690404040404
308.881	354.46818181818185
309.111	357.06414141414143
309.341	362.2257575757576
309.571	375.26616161616164
309.8	379.98333333333335
310.03	392.0035353535353
310.26	395.1348484848485
310.49	381.98333333333335
310.72	406.41767676767677
310.949	428.47828282828283
311.179	416.660101010101
311.409	387.0237373737374
311.639	389.95303030303035
311.868	390.95303030303035
312.098	392.0742424242424
312.328	401.2358585858586
312.557	430.2762626262626
312.787	452.11464646464646
313.017	425.0237373737374
313.246	397.8722222222222
313.476	383.88232323232324
313.706	390.609595959596
313.935	403.45808080808075
314.165	424.4984848484848
314.394	433.88232323232324
314.624	415.8520202020202
314.853	405.04393939393935
315.083	392.7611111111111
315.312	384.04393939393935
315.542	381.55909090909086
315.771	378.56919191919195
316.001	377.7510101010101
316.23	377.639898989899
316.46	377.84191919191915
316.689	386.1045454545454
316.919	392.99343434343433
317.148	404.44797979797977
317.377	402.0742424242424
317.607	398.690404040404
317.836	395.0843434343434
318.065	384.45808080808075
318.295	382.01363636363635
318.524	384.36717171717174
318.753	383.24595959595956
318.983	390.14494949494946
319.212	396.3065656565657
319.441	420.41767676767677
319.67	419.36717171717174
319.9	390.98333333333335
320.129	388.06414141414143
320.358	393.25606060606054
320.587	399.639898989899
320.816	412.31666666666666
321.046	420.34696969696967
321.275	409.14494949494946
321.504	407.1348484848485
321.733	412.2358585858586
321.962	423.2358585858586
322.191	437.7409090909091
322.42	456.8924242424242
322.649	473.0035353535353
322.878	481.83181818181816
323.108	501.0742424242424
323.337	539.1752525252525
323.566	570.0843434343434
323.795	627.0035353535353
324.024	747.8722222222221
324.253	1175.1045454545454
324.482	2088.892424242424
324.71	3437.9934343434343
324.939	4219.660101010101
325.168	2164.670202020202
325.397	884.1449494949495
325.626	641.8419191919191
325.855	580.0641414141414
326.084	566.9025252525253
326.313	580.4681818181818
326.542	634.0035353535353
326.77	800.5388888888889
326.999	1226.9227272727271
327.228	2131.892424242424
327.457	3308.862121212121
327.686	2890.660101010101
327.914	1521.8924242424243
328.143	1532.730808080808
328.372	1809.740909090909
328.6	1224.1348484848486
328.829	828.9833333333332
329.058	834.2055555555555
329.287	865.1651515151515
329.515	858.7409090909091
329.744	1064.579292929293
329.972	1578.4479797979795
330.201	2370.074242424242
330.43	3009.3267676767678
330.658	1865.0035353535352
330.887	1132.0136363636364
331.115	853.5792929292928
331.344	680.1752525252526
331.572	644.589393939394
331.801	654.2459595959596
332.03	645.0540404040404
332.258	620.5287878787879
332.486	610.0035353535353
332.715	629.5792929292929
332.943	665.2762626262626
333.172	707.1247474747474
333.4	771.1651515151515
333.629	885.2358585858585
333.857	1116.579292929293
334.085	1557.4479797979795
334.314	2238.488383838384
334.542	3414.3469696969696
334.771	3287.831818181818
334.999	1555.740909090909
335.227	920.9833333333332
335.455	738.9833333333332
335.684	662.9126262626263
335.912	613.0338383838384
336.14	585.8015151515151
336.369	574.0439393939394
336.597	577.4176767676768
336.825	556.1954545454546
337.053	521.9732323232323
337.281	508.3772727272727
337.51	499.26616161616164
337.738	501.7207070707071
337.966	497.55909090909086
338.194	504.8924242424242
338.422	492.31666666666666
338.65	473.62979797979796
338.878	467.55909090909086
339.106	460.29646464646464
339.334	460.619696969697
339.562	451.9227272727273
339.79	448.700505050505
340.018	449.8722222222222
340.246	455.5893939393939
340.474	459.68030303030304
340.702	449.44797979797977
340.93	444.1853535353535
341.158	443.88232323232324
341.386	451.0035353535353
341.614	455.98333333333335
341.842	444.8722222222222
342.07	434.2358585858586
342.298	435.5388888888889
342.526	427.8722222222222
342.754	422.0338383838384
342.981	421.57929292929293
343.209	427.15505050505055
343.437	450.36717171717174
343.665	457.3267676767677
343.893	475.5893939393939
344.12	479.5994949494949
344.348	464.4378787878788
344.576	455.3772727272727
344.804	458.4883838383838
345.031	469.9631313131313
345.259	473.2358585858586
345.487	450.660101010101
345.714	439.39747474747475
345.942	424.84191919191915
346.17	418.52878787878785
346.397	417.1752525252525
346.625	422.99343434343433
346.853	420.29646464646464
347.08	417.0742424242424
347.308	429.84191919191915
347.535	440.57929292929293
347.763	450.62979797979796
347.99	440.8722222222222
348.218	446.34696969696967
348.445	465.8116161616162
348.673	445.25606060606054
348.9	425.94292929292925
349.128	413.57929292929293
349.355	404.1853535353535
349.583	406.7611111111111
349.81	409.7611111111111
350.037	410.5388888888889
350.265	410.05404040404045
350.492	410.24595959595956
350.72	411.7106060606061
350.947	425.15505050505055
351.174	450.4984848484848
351.402	460.700505050505
351.629	437.34696969696967
351.856	438.5085858585859
352.083	449.31666666666666
352.311	457.9227272727273
352.538	467.5489898989899
352.765	457.5994949494949
352.992	450.9126262626263
353.22	442.62979797979796
353.447	429.5489898989899
353.674	414.4984848484848
353.901	401.42777777777775
354.128	398.94292929292925
354.355	397.62979797979796
354.583	403.09444444444443
354.81	399.84191919191915
355.037	394.9025252525252
355.264	393.4883838383838
355.491	388.5489898989899
355.718	390.2257575757576
355.945	388.41767676767677
356.172	391.25606060606054
356.399	391.41767676767677
356.626	391.5994949494949
356.853	393.3267676767677
357.08	386.3772727272727
357.307	388.2863636363636
357.534	386.8924242424242
357.761	392.5388888888889
357.988	393.7712121212121
358.215	392.2055555555555
358.441	395.9227272727273
358.668	394.39747474747475
358.895	400.1853535353535
359.122	401.52878787878785
359.349	409.1045454545454
359.576	428.1045454545454
359.802	471.3368686868687
360.029	527.1146464646464
360.256	519.2055555555555
360.483	466.4883838383838
360.709	417.660101010101
360.936	418.3772727272727
361.163	424.4883838383838
361.39	434.7914141414141
361.616	431.55909090909086
361.843	416.9732323232323
362.07	427.11464646464646
362.296	438.25606060606054
362.523	423.46818181818185
362.749	421.9631313131313
362.976	415.31666666666666
363.203	406.8520202020202
363.429	402.94292929292925
363.656	410.0035353535353
363.882	404.670202020202
364.109	401.1853535353535
364.335	402.9025252525252
364.562	402.95303030303035
364.788	404.609595959596
365.015	411.2055555555555
365.241	418.639898989899
365.468	434.94292929292925
365.694	442.7611111111111
365.92	425.5388888888889
366.147	406.84191919191915
366.373	401.11464646464646
366.599	399.9227272727273
366.826	395.62979797979796
367.052	396.0237373737374
367.278	403.7914141414141
367.505	405.34696969696967
367.731	410.21565656565656
367.957	408.56919191919195
368.184	410.83181818181816
368.41	430.5489898989899
368.636	452.4883838383838
368.862	459.2055555555555
369.089	440.62979797979796
369.315	416.8116161616162
369.541	411.5388888888889
369.767	411.4378787878788
369.993	412.1752525252525
370.219	415.06414141414143
370.445	406.14494949494946
370.672	406.06414141414143
370.898	404.5893939393939
371.124	408.8621212121212
371.35	414.21565656565656
371.576	409.62979797979796
371.802	407.4984848484848
372.028	403.11464646464646
372.254	408.09444444444443
372.48	408.8722222222222
372.706	416.0035353535353
372.932	419.0338383838384
373.158	413.700505050505
373.384	413.690404040404
373.61	416.52878787878785
373.835	414.2358585858586
374.061	415.57929292929293
374.287	427.2358585858586
374.513	426.8924242424242
374.739	431.8520202020202
374.965	435.14494949494946
375.191	436.7712121212121
375.416	430.7914141414141
375.642	422.7207070707071
375.868	423.78131313131314
376.094	417.619696969697
376.319	412.05404040404045
376.545	410.0338383838384
376.771	409.5994949494949
376.997	410.4075757575758
377.222	412.8520202020202
377.448	409.660101010101
377.674	404.83181818181816
377.899	403.0338383838384
378.125	405.5388888888889
378.35	403.55909090909086
378.576	403.9227272727273
378.802	401.9227272727273
379.027	406.0742424242424
379.253	405.56919191919195
379.478	405.7207070707071
379.704	407.1045454545454
379.929	411.41767676767677
380.155	414.06414141414143
380.38	415.0237373737374
380.606	418.83181818181816
380.831	415.88232323232324
381.057	419.3267676767677
381.282	414.9631313131313
381.507	418.39747474747475
381.733	421.16515151515154
381.958	422.2762626262626
382.184	429.639898989899
382.409	433.2055555555555
382.634	439.1752525252525
382.86	435.9732323232323
383.085	440.35707070707065
383.31	445.7409090909091
383.535	448.42777777777775
383.761	451.47828282828283
383.986	454.42777777777775
384.211	461.2863636363636
384.436	466.0237373737374
384.662	470.05404040404045
384.887	478.2358585858586
385.112	480.99343434343433
385.337	486.4883838383838
385.562	486.0237373737374
385.787	491.3772727272727
386.013	508.609595959596
386.238	520.7712121212121
386.463	500.42777777777775
386.688	496.1853535353535
386.913	483.45808080808075
387.138	484.78131313131314
387.363	482.06414141414143
387.588	471.619696969697
387.813	477.7409090909091
388.038	480.21565656565656
388.263	490.3368686868687
388.488	487.41767676767677
388.713	473.2762626262626
388.938	466.44797979797977
389.163	463.31666666666666
389.387	465.0035353535353
389.612	457.5388888888889
389.837	460.0338383838384
390.062	457.7510101010101
390.287	460.95303030303035
390.512	458.3267676767677
390.736	464.09444444444443
390.961	469.700505050505
391.186	475.7914141414141
391.411	488.1045454545454
391.636	492.8924242424242
391.86	499.4883838383838
392.085	503.98333333333335
392.31	500.8621212121212
392.534	491.1752525252525
392.759	488.0742424242424
392.984	479.0338383838384
393.208	475.99343434343433
393.433	478.1752525252525
393.658	478.7712121212121
393.882	475.42777777777775
394.107	478.16515151515154
394.331	483.29646464646464
394.556	480.2257575757576
394.78	487.8621212121212
395.005	489.36717171717174
395.229	488.2257575757576
395.454	502.0843434343434
395.678	509.01363636363635
395.903	511.7409090909091
396.127	519.8621212121212
396.352	504.4883838383838
396.576	490.39747474747475
396.801	488.29646464646464
397.025	496.04393939393935
397.249	502.8924242424242
397.474	513.5287878787879
397.698	513.0439393939394
397.922	526.589393939394
398.147	536.3570707070706
398.371	537.1550505050506
398.595	546.4782828282828
398.82	567.1954545454546
399.044	606.1651515151515
399.268	653.1146464646464
399.492	724.5186868686868
399.717	769.6702020202019
399.941	757.8621212121211
400.165	727.0540404040404
400.389	680.2863636363637
400.613	620.0641414141414
400.837	589.7712121212121
401.062	577.2964646464646
401.286	573.4681818181818
401.51	574.1348484848485
401.734	575.5691919191919
401.958	598.589393939394
402.182	652.7308080808081
402.406	723.8520202020202
402.63	673.5489898989898
402.854	624.2156565656566
403.078	614.5590909090909
403.302	619.720707070707
403.526	630.4580808080808
403.75	637.0035353535353
403.974	642.8015151515151
404.198	647.589393939394
404.422	663.1550505050504
404.645	675.1954545454546
404.869	705.5489898989898
405.093	777.3671717171717
405.317	850.5792929292928
405.541	835.8924242424241
405.765	742.9732323232322
405.988	725.1853535353534
406.212	817.1752525252524
406.436	943.2156565656566
406.66	820.6803030303031
406.883	710.8520202020202
407.107	726.4176767676768
407.331	757.5590909090909
407.555	797.3166666666666
407.778	768.5085858585859
408.002	702.2863636363637
408.226	675.1146464646465
408.449	664.4479797979798
408.673	655.3671717171717
408.896	669.5792929292928
409.12	682.5287878787879
409.344	641.2762626262626
409.567	613.6095959595959
409.791	615.8621212121212
410.014	610.1146464646464
410.238	606.6297979797979
410.461	611.2055555555555
410.685	613.5186868686868
410.908	624.5388888888889
411.132	648.5792929292929
411.355	653.2156565656566
411.578	621.9227272727272
411.802	614.1752525252525
412.025	635.7106060606061
412.249	691.8318181818182
412.472	765.3671717171717
412.695	835.9631313131313
412.919	751.3469696969696
413.142	692.4075757575757
413.365	653.0237373737374
413.589	623.1348484848485
413.812	604.1853535353534
414.035	593.2661616161616
414.258	598.9328282828283
414.482	596.1247474747474
414.705	585.7409090909091
414.928	577.5388888888889
415.151	576.4479797979798
415.374	574.1348484848485
415.597	565.8924242424242
415.821	561.8520202020202
416.044	572.9732323232323
416.267	569.8621212121212
416.49	558.7611111111111
416.713	554.5792929292929
416.936	564.0540404040404
417.159	572.5590909090909
417.382	598.5489898989899
417.605	625.3772727272727
417.828	642.5388888888889
418.051	612.9227272727272
418.274	580.7106060606061
418.497	566.2156565656566
418.72	577.9429292929293
418.943	573.65
419.166	607.5590909090909
419.389	641.5186868686868
419.611	649.4378787878788
419.834	650.7813131313131
420.057	670.0641414141413
420.28	705.5287878787879
420.503	681.9631313131313
420.726	653.1348484848485
420.948	645.9227272727272
421.171	667.75101010101
421.394	642.65
421.617	591.619696969697
421.839	584.2560606060606
422.062	587.3065656565657
422.285	601.7409090909091
422.507	653.4782828282828
422.73	695.75101010101
422.953	633.589393939394
423.175	603.8520202020202
423.398	604.0338383838384
423.621	603.65
423.843	618.0136363636364
424.066	609.4479797979798
424.288	606.3974747474748
424.511	630.4378787878788
424.733	677.6904040404039
424.956	725.8924242424241
425.178	680.7712121212121
425.401	690.8520202020202
425.623	675.65
425.846	593.639898989899
426.068	593.4176767676768
426.291	585.3772727272727
426.513	581.1045454545455
426.735	591.3065656565657
426.958	635.1954545454546
427.18	722.6904040404039
427.402	892.6095959595959
427.625	1045.1853535353534
427.847	991.5085858585859
428.069	935.3570707070706
428.292	706.8520202020202
428.514	592.5388888888889
428.736	558.8924242424242
428.958	549.7106060606061
429.181	529.8318181818181
429.403	525.1853535353534
429.625	537.5994949494949
429.847	570.8217171717172
430.069	625.5590909090909
430.292	570.2358585858586
430.514	521.6095959595959
430.736	519.9530303030303
430.958	511.65
431.18	504.62979797979796
431.402	503.619696969697
431.624	502.83181818181816
431.846	504.3267676767677
432.068	507.670202020202
432.29	515.7611111111111
432.512	510.09444444444443
432.734	514.2459595959596
432.956	515.4681818181818
433.178	534.8015151515151
433.4	535.639898989899
433.622	514.7813131313131
433.844	516.6803030303031
434.066	513.8924242424242
434.287	524.2055555555555
434.509	537.4883838383838
434.731	550.4378787878788
434.953	559.5691919191919
435.175	570.8621212121212
435.397	580.5994949494949
435.618	578.9934343434344
435.84	625.7914141414142
436.062	724.6702020202019
436.284	701.2055555555555
436.505	586.660101010101
436.727	563.8015151515151
436.949	530.5287878787879
437.17	515.8823232323233
437.392	513.5287878787879
437.614	539.4681818181818
437.835	602.9934343434344
438.057	713.9833333333332
438.278	729.9934343434344
438.5	697.0136363636364
438.721	787.3267676767676
438.943	661.5085858585859
439.165	557.8015151515151
439.386	547.7813131313131
439.608	557.4075757575757
439.829	588.65
440.05	673.5489898989898
440.272	745.1954545454546
440.493	595.7914141414142
440.715	544.9025252525253
440.936	535.7308080808081
441.158	537.7712121212121
441.379	550.7813131313131
441.6	584.1247474747474
441.822	607.4883838383838
442.043	636.9025252525253
442.264	713.1146464646464
442.486	681.7005050505051
442.707	607.589393939394
442.928	625.3368686868687
443.149	706.2055555555556
443.371	722.8419191919191
443.592	708.7409090909091
443.813	775.0035353535353
444.034	752.1449494949494
444.255	635.7914141414142
444.476	615.9429292929293
444.698	627.9732323232323
444.919	637.1247474747474
445.14	669.781313131313
445.361	670.8520202020202
445.582	703.6398989898989
445.803	821.9934343434344
446.024	859.1651515151515
446.245	809.8015151515151
446.466	687.6095959595959
446.687	570.0641414141414
446.908	541.5489898989899
447.129	516.8015151515151
447.35	509.3368686868687
447.571	511.9631313131313
447.792	504.670202020202
448.013	526.5085858585859
448.234	558.6297979797979
448.455	595.2156565656566
448.675	706.619696969697
448.896	743.9025252525253
449.117	603.65
449.338	626.4479797979798
449.559	767.6601010101009
449.779	785.2156565656566
450.0	570.1146464646464
450.221	513.5085858585859
450.442	499.8015151515151
450.662	511.4378787878788
450.883	557.1045454545455
451.104	583.9631313131313
451.324	523.2863636363636
451.545	491.3267676767677
451.766	475.45808080808075
451.986	465.26616161616164
452.207	466.8924242424242
452.428	470.9732323232323
452.648	487.34696969696967
452.869	516.3570707070706
453.089	527.8621212121212
453.31	549.6297979797979
453.53	484.62979797979796
453.751	473.7106060606061
453.971	505.29646464646464
454.192	546.1146464646464
454.412	483.619696969697
454.633	457.8217171717172
454.853	454.3772727272727
455.073	455.619696969697
455.294	493.1752525252525
455.514	553.3065656565657
455.734	492.639898989899
455.955	443.9631313131313
456.175	434.51868686868687
456.395	430.7712121212121
456.616	434.65
456.836	435.7207070707071
457.056	433.8722222222222
457.276	428.83181818181816
457.497	441.4883838383838
457.717	441.84191919191915
457.937	451.52878787878785
458.157	455.8015151515151
458.377	475.65
458.598	542.3873737373738
458.818	710.2055555555556
459.038	797.9732323232324
459.258	670.8924242424241
459.478	546.9429292929293
459.698	522.2661616161616
459.918	521.3974747474748
460.138	532.9934343434344
460.358	546.8419191919191
460.578	550.3974747474748
460.798	563.9025252525253
461.018	562.660101010101
461.238	543.3166666666666
461.458	540.3772727272727
461.678	540.9328282828283
461.898	551.5388888888889
462.118	554.3772727272727
462.338	580.3671717171717
462.558	591.2055555555555
462.777	609.0944444444444
462.997	660.4075757575757
463.217	706.5489898989898
463.437	674.4075757575757
463.657	630.1146464646464
463.876	616.8722222222221
464.096	622.9025252525253
464.316	626.9025252525253
464.536	638.0944444444444
464.755	621.4984848484848
464.975	650.8520202020202
465.195	829.2055555555555
465.414	850.0944444444444
465.634	598.4782828282828
465.854	542.690404040404
466.073	521.3873737373738
466.293	506.9631313131313
466.512	495.9732323232323
466.732	490.0035353535353
466.951	496.9631313131313
467.171	505.7914141414141
467.391	534.1247474747474
467.61	599.9227272727272
467.829	726.75101010101
468.049	1358.0136363636366
468.268	1933.811616161616
468.488	831.3671717171717
468.707	582.0136363636364
468.927	529.9126262626263
469.146	510.41767676767677
469.365	507.35707070707065
469.585	508.31666666666666
469.804	537.2459595959596
470.023	553.7106060606061
470.243	539.0237373737374
470.462	565.5994949494949
470.681	609.8924242424242
470.901	552.9732323232323
471.12	538.1954545454546
471.339	548.589393939394
471.558	573.2156565656566
471.777	637.9934343434344
471.997	906.3570707070706
472.216	2287.9530303030306
472.435	4405.266161616161
472.654	1730.8419191919193
472.873	841.8722222222221
473.092	669.6095959595959
473.311	601.9328282828283
473.53	572.7005050505051
473.749	560.9934343434344
473.968	600.8318181818181
474.187	692.660101010101
474.406	622.7914141414142
474.625	530.1045454545455
474.844	506.99343434343433
475.063	499.68030303030304
475.282	499.3267676767677
475.501	501.98333333333335
475.72	505.2358585858586
475.939	501.68030303030304
476.158	505.670202020202
476.377	504.619696969697
476.596	508.0843434343434
476.814	532.0843434343434
477.033	536.2055555555555
477.252	529.589393939394
477.471	533.0035353535353
477.69	541.7510101010101
477.908	547.9934343434344
478.127	559.589393939394
478.346	562.1954545454546
478.564	579.5388888888889
478.783	600.3772727272727
479.002	611.0439393939394
479.22	615.720707070707
479.439	653.3368686868687
479.658	686.4984848484848
479.876	678.2863636363637
480.095	701.3671717171717
480.313	763.3671717171717
480.532	820.8419191919191
480.751	1050.831818181818
480.969	2233.397474747475
481.188	6603.276262626263
481.406	4251.296464646464
481.624	1508.1752525252525
481.843	998.9025252525253
482.061	842.9328282828283
482.28	759.3873737373738
482.498	706.9126262626263
482.717	672.3974747474748
482.935	648.3469696969697
483.153	633.639898989899
483.372	622.9126262626263
483.59	609.5691919191919
483.808	604.0641414141414
484.027	604.2964646464646
484.245	601.2257575757576
484.463	601.0540404040404
484.681	605.5388888888889
484.9	603.0439393939394
485.118	606.1853535353534
485.336	605.5792929292929
485.554	610.9328282828283
485.772	617.65
485.99	620.4883838383838
486.209	622.589393939394
486.427	629.8924242424242
486.645	652.8722222222221
486.863	678.6803030303031
487.081	644.1651515151515
487.299	625.4378787878788
487.517	621.4075757575757
487.735	615.7510101010101
487.953	612.8116161616161
488.171	618.1651515151515
488.389	623.4479797979798
488.607	631.8419191919191
488.825	625.2459595959596
489.043	629.0338383838384
489.261	636.1954545454546
489.479	640.8318181818181
489.696	650.8217171717172
489.914	658.1651515151515
490.132	670.3368686868687
490.35	685.3065656565657
490.568	697.9227272727272
490.786	723.3267676767676
491.003	752.2661616161615
491.221	804.9833333333332
491.439	851.8419191919191
491.657	854.660101010101
491.874	855.1247474747474
492.092	859.5590909090909
492.31	877.4176767676768
492.527	919.7106060606061
492.745	949.599494949495
492.963	925.9732323232324
493.18	898.9126262626263
493.398	880.8823232323233
493.615	869.6095959595959
493.833	845.7005050505051
494.05	824.1853535353534
494.268	808.619696969697
494.485	793.0641414141413
494.703	779.5691919191919
494.92	771.1550505050504
495.138	757.6702020202019
495.355	755.619696969697
495.573	749.9429292929293
495.79	742.9126262626263
496.008	743.0035353535354
496.225	729.8419191919191
496.442	723.9934343434344
496.66	728.9227272727272
496.877	721.2257575757576
497.094	724.6095959595959
497.312	731.9429292929293
497.529	743.3570707070706
497.746	749.5691919191919
497.963	763.7106060606061
498.181	798.3368686868687
498.398	810.4176767676768
498.615	858.5691919191919
498.832	881.9934343434344
499.049	895.0944444444444
499.267	928.0944444444444
499.484	972.8823232323233
499.701	1024.1146464646465
499.918	1068.1954545454546
500.135	1118.892424242424
500.352	1160.0944444444444
500.569	1189.427777777778
500.786	1193.1247474747474
501.003	1152.2358585858585
501.22	1106.3873737373738
501.437	1058.7914141414142
501.654	1014.4984848484848
501.871	1002.3267676767676
502.088	912.9833333333332
502.305	861.0641414141413
502.522	817.0641414141413
502.739	797.8217171717172
502.956	764.9631313131313
503.172	747.9934343434344
503.389	741.4176767676768
503.606	761.8217171717172
503.823	730.9530303030302
504.04	709.3065656565657
504.256	705.9833333333332
504.473	711.75101010101
504.69	710.599494949495
504.907	695.6095959595959
505.123	668.0237373737374
505.34	652.5691919191919
505.557	643.2762626262626
505.773	635.65
505.99	629.0540404040404
506.207	625.7712121212121
506.423	616.1954545454546
506.64	605.4984848484848
506.856	604.0136363636364
507.073	601.3368686868687
507.289	602.3873737373738
507.506	607.6095959595959
507.722	661.2560606060606
507.939	663.0843434343435
508.155	597.1146464646464
508.372	579.7005050505051
508.588	576.7409090909091
508.805	574.9429292929293
509.021	581.639898989899
509.238	601.0338383838384
509.454	598.2257575757576
509.67	587.9833333333333
509.887	587.619696969697
510.103	617.0540404040404
510.319	736.599494949495
510.536	1571.771212121212
510.752	4429.559090909091
510.968	1529.4378787878786
511.184	675.6803030303031
511.401	630.4883838383838
511.617	640.2661616161616
511.833	728.1146464646464
512.049	715.5590909090909
512.265	644.4681818181818
512.481	613.3166666666666
512.698	591.9833333333333
512.914	577.4580808080808
513.13	571.2762626262626
513.346	564.1449494949495
513.562	565.7106060606061
513.778	571.7712121212121
513.994	582.7005050505051
514.21	606.1449494949495
514.426	659.619696969697
514.642	731.9631313131313
514.858	716.8621212121212
515.074	838.3166666666666
515.29	1561.660101010101
515.506	4042.85202020202
515.721	1757.3065656565657
515.937	791.3974747474748
516.153	673.3570707070706
516.369	630.9227272727272
516.585	622.2055555555555
516.801	630.5388888888889
517.016	634.3267676767678
517.232	641.1449494949495
517.448	655.0742424242424
517.664	665.4883838383839
517.879	663.2257575757576
518.095	657.660101010101
518.311	666.8318181818182
518.527	652.7005050505051
518.742	616.5691919191919
518.958	598.4378787878788
519.173	587.1449494949495
519.389	580.9732323232323
519.605	576.3267676767678
519.82	576.7914141414142
520.036	605.0843434343434
520.251	661.0944444444444
520.467	647.1550505050506
520.682	620.4075757575757
520.898	626.5287878787879
521.113	663.7409090909091
521.329	749.8015151515152
521.544	976.7712121212121
521.76	1943.1853535353534
521.975	6178.336868686868
522.19	4024.85202020202
522.406	1177.1045454545454
522.621	672.2661616161615
522.836	578.3469696969697
523.052	543.3671717171717
523.267	523.7813131313131
523.482	513.4782828282828
523.698	521.1954545454546
523.913	564.8318181818181
524.128	530.8823232323233
524.343	492.24595959595956
524.559	482.7106060606061
524.774	477.56919191919195
524.989	487.16515151515154
525.204	517.4176767676768
525.419	502.36717171717174
525.634	471.05404040404045
525.849	462.95303030303035
526.064	459.8520202020202
526.28	460.639898989899
526.495	453.55909090909086
526.71	454.01363636363635
526.925	452.7106060606061
527.14	453.0035353535353
527.355	449.94292929292925
527.57	448.94292929292925
527.785	448.5994949494949
527.999	449.0843434343434
528.214	451.11464646464646
528.429	456.51868686868687
528.644	459.1045454545454
528.859	457.31666666666666
529.074	466.3267676767677
529.289	555.3772727272727
529.503	778.0136363636364
529.718	544.7611111111111
529.933	472.7106060606061
530.148	457.0338383838384
530.363	454.3772727272727
530.577	448.52878787878785
530.792	447.0742424242424
531.007	444.609595959596
531.221	450.5489898989899
531.436	446.2257575757576
531.651	443.39747474747475
531.865	442.660101010101
532.08	444.639898989899
532.295	445.21565656565656
532.509	442.06414141414143
532.724	440.06414141414143
532.938	443.16515151515154
533.153	444.25606060606054
533.367	439.46818181818185
533.582	439.1853535353535
533.796	435.36717171717174
534.011	435.5085858585859
534.225	436.3873737373737
534.44	431.65
534.654	431.35707070707065
534.868	431.5489898989899
535.083	433.8722222222222
535.297	436.5085858585859
535.511	457.31666666666666
535.726	465.62979797979796
535.94	453.24595959595956
536.154	439.7207070707071
536.369	430.29646464646464
536.583	419.2358585858586
536.797	419.700505050505
537.011	417.84191919191915
537.225	416.3873737373737
537.44	416.14494949494946
537.654	415.55909090909086
537.868	415.84191919191915
538.082	417.2257575757576
538.296	417.4883838383838
538.51	415.670202020202
538.724	413.609595959596
538.938	410.4075757575758
539.153	421.99343434343433
539.367	459.4984848484848
539.581	431.68030303030304
539.795	409.7510101010101
540.009	407.609595959596
540.222	408.05404040404045
540.436	411.4378787878788
540.65	411.3065656565657
540.864	415.73080808080806
541.078	425.42777777777775
541.292	413.45808080808075
541.506	402.8116161616162
541.72	399.0742424242424
541.934	395.4883838383838
542.147	395.2863636363636
542.361	396.1348484848485
542.575	394.4984848484848
542.789	399.3267676767677
543.002	403.39747474747475
543.216	409.73080808080806
543.43	426.9732323232323
543.644	408.62979797979796
543.857	400.4984848484848
544.071	402.93282828282827
544.285	403.44797979797977
544.498	398.609595959596
544.712	397.7611111111111
544.925	398.5893939393939
545.139	400.9631313131313
545.352	398.9025252525252
545.566	397.8015151515151
545.779	396.95303030303035
545.993	396.99343434343433
546.206	398.26616161616164
546.42	397.3873737373737
546.633	399.01363636363635
546.847	399.25606060606054
547.06	393.2055555555555
547.274	394.16515151515154
547.487	392.51868686868687
547.7	393.21565656565656
547.914	392.670202020202
548.127	396.0843434343434
548.34	398.9126262626263
548.554	396.8116161616162
548.767	397.62979797979796
548.98	398.16515151515154
549.193	397.4984848484848
549.407	400.83181818181816
549.62	402.7914141414141
549.833	402.55909090909086
550.046	400.94292929292925
550.259	396.2863636363636
550.473	391.5893939393939
550.686	392.9732323232323
550.899	391.0035353535353
551.112	389.35707070707065
551.325	394.05404040404045
551.538	407.1853535353535
551.751	398.639898989899
551.964	394.95303030303035
552.177	398.3873737373737
552.39	399.3772727272727
552.603	408.11464646464646
552.816	413.1045454545454
553.029	421.0338383838384
553.242	425.639898989899
553.455	443.8520202020202
553.667	462.19545454545454
553.88	465.15505050505055
554.093	439.04393939393935
554.306	450.1247474747475
554.519	452.3772727272727
554.732	412.8015151515151
554.944	397.5085858585859
555.157	388.42777777777775
555.37	380.9631313131313
555.583	382.0843434343434
555.795	383.0035353535353
556.008	369.8015151515151
556.221	365.34696969696967
556.433	363.35707070707076
556.646	361.83181818181816
556.859	357.39747474747475
557.071	354.36717171717174
557.284	351.5287878787879
557.496	349.49848484848485
557.709	348.1146464646465
557.921	346.35707070707076
558.134	344.28636363636366
558.346	342.51868686868687
558.559	341.09444444444443
558.771	339.8419191919192
558.984	339.34696969696967
559.196	339.28636363636366
559.409	339.8015151515151
559.621	342.2762626262626
559.833	343.28636363636366
560.046	349.2358585858586
560.258	376.21565656565656
560.47	411.9227272727273
560.683	367.3772727272727
560.895	346.95303030303035
561.107	341.0035353535353
561.32	337.06414141414143
561.532	335.78131313131314
561.744	336.57929292929293
561.956	336.51868686868687
562.168	335.7106060606061
562.381	337.5489898989899
562.593	336.7106060606061
562.805	338.8015151515151
563.017	340.3065656565657
563.229	339.0136363636364
563.441	337.62979797979796
563.653	339.34696969696967
563.865	336.1752525252525
564.077	341.65
564.289	342.7611111111111
564.501	347.28636363636366
564.713	352.95303030303035
564.925	368.0338383838384
565.137	393.609595959596
565.349	373.05404040404045
565.561	376.04393939393935
565.773	383.8217171717172
565.985	395.95303030303035
566.197	407.11464646464646
566.408	429.45808080808075
566.62	449.0237373737374
566.832	469.5994949494949
567.044	471.68030303030304
567.255	473.14494949494946
567.467	485.95303030303035
567.679	504.99343434343433
567.891	528.5287878787879
568.102	523.4580808080808
568.314	496.57929292929293
568.526	461.68030303030304
568.737	437.62979797979796
568.949	411.25606060606054
569.161	390.9126262626263
569.372	373.29646464646464
569.584	361.8924242424242
569.795	360.26616161616164
570.007	387.3772727272727
570.218	602.0742424242424
570.43	417.5893939393939
570.641	343.5388888888889
570.853	336.08434343434345
571.064	335.34696969696967
571.276	331.0338383838384
571.487	324.21565656565656
571.698	316.78131313131314
571.91	307.68030303030304
572.121	305.31666666666666
572.333	301.46818181818185
572.544	295.7914141414141
572.755	293.3368686868687
572.966	294.9732323232323
573.178	293.18535353535356
573.389	294.65
573.6	289.7712121212121
573.811	285.0338383838384
574.023	283.65
574.234	283.7510101010101
574.445	284.91262626262625
574.656	281.9631313131313
574.867	282.49848484848485
575.078	282.1550505050505
575.289	278.32676767676764
575.501	280.0439393939394
575.712	274.2762626262626
575.923	275.3065656565657
576.134	273.38737373737376
576.345	272.2762626262626
576.556	273.3570707070707
576.767	274.3772727272727
576.978	274.49848484848485
577.188	275.2055555555555
577.399	273.7510101010101
577.61	273.06414141414143
577.821	282.52878787878785
578.032	309.09444444444443
578.243	546.3570707070708
578.454	1402.3772727272726
578.665	475.47828282828283
578.875	284.39747474747475
579.086	263.3065656565657
579.297	259.8520202020202
579.508	257.7409090909091
579.718	258.2358585858586
579.929	255.9328282828283
580.14	251.5186868686869
580.35	252.30656565656565
580.561	251.4176767676768
580.772	249.89242424242423
580.982	247.97323232323234
581.193	247.89242424242423
581.403	247.57929292929293
581.614	245.57929292929293
581.825	246.3166666666667
582.035	245.69040404040408
582.246	244.4479797979798
582.456	245.17525252525255
582.667	243.76111111111112
582.877	244.63989898989902
583.087	244.1651515151515
583.298	244.70050505050506
583.508	242.5186868686869
583.719	242.00353535353537
583.929	243.84191919191917
584.139	243.5590909090909
584.35	239.32676767676767
584.56	240.74090909090907
584.77	241.47828282828283
584.981	241.08434343434342
585.191	243.03383838383837
585.401	241.21565656565656
585.611	238.95303030303032
585.821	241.79141414141412
586.032	241.62979797979798
586.242	239.82171717171718
586.452	237.70050505050506
586.662	235.49848484848485
586.872	235.95303030303032
587.082	231.9328282828283
587.292	234.4479797979798
587.502	234.80151515151516
587.713	233.70050505050506
587.923	235.29646464646467
588.133	236.30656565656565
588.343	234.63989898989902
588.553	233.81161616161617
588.762	239.3570707070707
588.972	251.5388888888889
589.182	337.4378787878788
589.392	280.44797979797977
589.602	283.660101010101
589.812	311.2257575757576
590.022	258.06414141414143
590.232	239.10454545454547
590.441	238.82171717171718
590.651	238.8318181818182
590.861	235.50858585858586
591.071	238.91262626262625
591.281	240.87222222222223
591.49	241.13484848484848
591.7	244.23585858585858
591.91	246.81161616161617
592.119	249.8318181818182
592.329	259.7510101010101
592.539	271.8116161616162
592.748	264.2358585858586
592.958	265.8621212121212
593.167	267.21565656565656
593.377	271.31666666666666
593.587	277.28636363636366
593.796	273.48838383838387
594.006	274.0338383838384
594.215	274.8318181818182
594.424	271.01363636363635
594.634	264.9328282828283
594.843	260.8217171717172
595.053	256.21565656565656
595.262	251.10454545454547
595.472	243.50858585858586
595.681	240.4378787878788
595.89	238.36717171717174
596.1	234.3570707070707
596.309	231.77121212121213
596.518	228.77121212121213
596.727	229.65
596.937	228.05404040404042
597.146	224.98333333333332
597.355	222.01363636363635
597.564	217.58939393939397
597.774	217.8520202020202
597.983	217.22575757575757
598.192	213.1550505050505
598.401	214.10454545454544
598.61	213.37727272727273
598.819	212.59949494949495
599.028	210.36717171717174
599.237	211.80151515151516
599.446	209.87222222222223
599.655	212.77121212121213
599.864	213.29646464646467
600.073	212.52878787878788
600.282	213.72070707070708
600.491	210.89242424242423
600.7	211.99343434343436
600.909	210.97323232323234
601.118	212.42777777777778
601.327	210.65
601.536	209.42777777777778
601.745	208.5388888888889
601.953	212.21565656565656
602.162	211.91262626262625
602.371	213.26616161616164
602.58	210.88232323232324
602.789	210.7611111111111
602.997	208.1651515151515
603.206	208.32676767676767
603.415	205.48838383838384
603.623	203.80151515151516
603.832	203.87222222222223
604.041	203.69040404040402
604.249	201.71060606060607
604.458	200.7510101010101
604.666	201.01363636363635
604.875	198.2560606060606
605.084	199.69040404040402
605.292	200.21565656565656
605.501	199.1550505050505
605.709	200.5691919191919
605.918	196.84191919191917
606.126	198.4479797979798
606.334	198.58939393939397
606.543	198.28636363636363
606.751	198.60959595959596
606.96	196.9631313131313
607.168	196.62979797979798
607.376	204.1651515151515
607.585	203.38737373737374
607.793	198.5489898989899
608.001	198.8520202020202
608.21	196.2560606060606
608.418	194.82171717171718
608.626	194.61969696969697
608.834	196.28636363636363
609.043	196.90252525252527
609.251	195.24595959595962
609.459	195.32676767676767
609.667	197.72070707070708
609.875	197.71060606060607
610.083	198.37727272727273
610.291	201.69040404040402
610.499	202.4479797979798
610.707	199.3469696969697
610.916	199.91262626262625
611.124	197.69040404040402
611.332	198.0439393939394
611.54	194.97323232323234
611.748	194.32676767676767
611.955	192.8520202020202
612.163	192.3570707070707
612.371	191.30656565656565
612.579	191.0641414141414
612.787	192.33686868686868
612.995	192.3570707070707
613.203	191.67020202020203
613.411	189.48838383838384
613.618	189.17525252525252
613.826	190.61969696969697
614.034	188.80151515151516
614.242	187.97323232323234
614.449	188.9227272727273
614.657	194.11464646464646
614.865	190.4176767676768
615.072	189.58939393939397
615.28	193.97323232323234
615.488	192.03383838383837
615.695	190.4681818181818
615.903	193.9631313131313
616.111	198.09444444444446
616.318	199.27626262626262
616.526	194.1651515151515
616.733	192.9429292929293
616.941	188.49848484848485
617.148	188.07424242424244
617.356	187.4378787878788
617.563	185.65
617.771	186.9227272727273
617.978	183.30656565656565
618.185	185.63989898989897
618.393	181.89242424242423
618.6	183.39747474747475
618.807	184.22575757575757
619.015	184.59949494949495
619.222	182.51868686868684
619.429	180.01363636363635
619.637	181.59949494949495
619.844	179.48838383838384
620.051	179.37727272727273
620.258	178.22575757575757
620.466	173.87222222222223
620.673	172.09444444444446
620.88	172.50858585858586
621.087	172.80151515151516
621.294	173.32676767676767
621.501	175.20555555555555
621.708	178.70050505050506
621.915	179.36717171717174
622.122	173.81161616161614
622.329	175.3469696969697
622.536	175.09444444444446
622.743	170.61969696969697
622.95	173.2560606060606
623.157	170.89242424242423
623.364	168.7510101010101
623.571	170.60959595959596
623.778	168.82171717171718
623.985	169.87222222222223
624.192	168.8520202020202
624.399	166.71060606060607
624.606	168.67020202020203
624.812	166.03383838383837
625.019	165.9631313131313
625.226	165.33686868686868
625.433	168.22575757575757
625.639	164.84191919191917
625.846	163.49848484848485
626.053	164.01363636363635
626.259	164.67020202020203
626.466	166.42777777777778
626.673	163.0439393939394
626.879	162.52878787878788
627.086	166.93282828282827
627.293	161.47828282828283
627.499	160.21565656565656
627.706	162.60959595959596
627.912	159.79141414141412
628.119	159.80151515151516
628.325	160.02373737373736
628.532	158.99343434343436
628.738	159.97323232323234
628.945	156.51868686868687
629.151	158.02373737373736
629.357	156.98333333333335
629.564	157.98333333333335
629.77	156.639898989899
629.976	156.58939393939394
630.183	156.72070707070708
630.389	153.68030303030304
630.595	155.09444444444446
630.802	152.78131313131314
631.008	152.36717171717171
631.214	151.13484848484848
631.42	154.68030303030304
631.627	157.47828282828283
631.833	152.15505050505053
632.039	151.38737373737374
632.245	150.27626262626262
632.451	152.69040404040405
632.657	152.17525252525252
632.863	151.62979797979798
633.069	151.39747474747475
633.275	151.39747474747475
633.481	150.65
633.688	152.86212121212122
633.893	154.15505050505053
634.099	153.11464646464646
634.305	150.639898989899
634.511	152.3469696969697
634.717	153.87222222222223
634.923	155.8318181818182
635.129	155.10454545454547
635.335	159.58939393939394
635.541	162.5489898989899
635.747	173.42777777777778
635.952	188.4681818181818
636.158	252.0439393939394
636.364	658.6904040404041
636.57	600.6803030303031
636.775	282.639898989899
636.981	205.51868686868684
637.187	183.1651515151515
637.392	171.27626262626262
637.598	165.8621212121212
637.804	162.86212121212122
638.009	160.86212121212122
638.215	156.7510101010101
638.421	152.52878787878788
638.626	153.97323232323234
638.832	152.08434343434342
639.037	150.30656565656565
639.243	146.33686868686868
639.448	146.57929292929293
639.654	147.3469696969697
639.859	144.0641414141414
640.065	142.49848484848485
640.27	147.85202020202019
640.475	142.2560606060606
640.681	143.40757575757576
640.886	143.78131313131314
641.091	141.1449494949495
641.297	142.62979797979798
641.502	141.3570707070707
641.707	144.37727272727273
641.913	142.9429292929293
642.118	140.18535353535353
642.323	138.4479797979798
642.528	139.88232323232324
642.733	137.69040404040405
642.939	138.81161616161617
643.144	138.52878787878788
643.349	136.02373737373736
643.554	137.4580808080808
643.759	134.77121212121213
643.964	133.2661616161616
644.169	137.60959595959596
644.374	136.0540404040404
644.579	137.10454545454547
644.784	136.79141414141412
644.989	135.48838383838384
645.194	136.85202020202019
645.399	136.18535353535353
645.604	134.62979797979798
645.809	136.9328282828283
646.014	136.4378787878788
646.219	135.77121212121213
646.423	134.90252525252524
646.628	135.82171717171718
646.833	136.22575757575757
647.038	135.58939393939394
647.243	137.0641414141414
647.447	137.00353535353534
647.652	140.3570707070707
647.857	136.88232323232324
648.062	139.59949494949495
648.266	142.87222222222223
648.471	144.89242424242423
648.676	148.27626262626262
648.88	146.31666666666666
649.085	144.13484848484848
649.289	146.86212121212122
649.494	165.1550505050505
649.698	221.03383838383837
649.903	167.68030303030304
650.107	142.42777777777778
650.312	136.78131313131314
650.516	131.91262626262625
650.721	129.48838383838384
650.925	126.06414141414142
651.13	125.15505050505051
651.334	125.3570707070707
651.539	123.62979797979798
651.743	122.60959595959595
651.947	120.78131313131313
652.152	122.41767676767677
652.356	120.60959595959595
652.56	120.0540404040404
652.764	119.73080808080807
652.969	117.79141414141414
653.173	115.92272727272729
653.377	115.54898989898989
653.581	114.29646464646464
653.785	116.0540404040404
653.99	116.06414141414142
654.194	115.3570707070707
654.398	115.03383838383839
654.602	116.12474747474748
654.806	122.75101010101011
655.01	145.0641414141414
655.214	124.88232323232323
655.418	116.17525252525253
655.622	114.43787878787879
655.826	115.76111111111112
656.03	117.0439393939394
656.234	122.56919191919192
656.438	128.39747474747475
656.642	132.99343434343436
656.846	121.07424242424241
657.049	112.36717171717171
657.253	110.3368686868687
657.457	103.52878787878788
657.661	102.16515151515152
657.865	101.3570707070707
658.068	99.92272727272729
658.272	97.80151515151516
658.476	97.44797979797981
658.68	95.16515151515152
658.883	93.86212121212122
659.087	93.83181818181818
659.291	92.15505050505051
659.494	91.32676767676767
659.698	89.81161616161617
659.901	90.29646464646464
660.105	90.48838383838384
660.309	90.37727272727273
660.512	88.88232323232323
660.716	92.91262626262625
660.919	90.49848484848484
661.123	91.99343434343434
661.326	87.97323232323231
661.53	86.19545454545454
661.733	85.42777777777778
661.936	86.69040404040405
662.14	83.45808080808081
662.343	84.38737373737375
662.546	83.3469696969697
662.75	83.7409090909091
662.953	84.86212121212122
663.156	84.46818181818182
663.36	82.36717171717171
663.563	82.3469696969697
663.766	82.44797979797981
663.969	82.57929292929293
664.173	81.68030303030304
664.376	81.22575757575758
664.579	81.24595959595959
664.782	80.72070707070706
664.985	81.25606060606061
665.188	81.70050505050506
665.391	82.90252525252525
665.594	81.57929292929293
665.797	80.55909090909091
666.0	80.94292929292929
666.203	80.99343434343434
666.406	82.3570707070707
666.609	81.62979797979797
666.812	84.50858585858586
667.015	81.46818181818182
667.218	82.03383838383839
667.421	82.71060606060605
667.624	81.10454545454544
667.827	83.44797979797981
668.03	81.94292929292929
668.232	79.59949494949495
668.435	81.23585858585858
668.638	81.81161616161616
668.841	82.98333333333333
669.043	81.12474747474748
669.246	82.57929292929293
669.449	82.13484848484848
669.651	82.52878787878788
669.854	80.59949494949495
670.057	82.30656565656565
670.259	81.00353535353536
670.462	80.18535353535353
670.665	81.78131313131313
670.867	82.3570707070707
671.07	82.37727272727273
671.272	83.68030303030304
671.475	84.02373737373736
671.677	80.90252525252525
671.88	81.43787878787879
672.082	79.97323232323232
672.284	81.06414141414142
672.487	82.40757575757576
672.689	80.48838383838384
672.892	79.78131313131313
