223.165	-17.2087
223.4	-17.2087
223.635	-17.2087
223.869	-18.5087
224.104	-18.9287
224.338	-14.7187
224.573	-16.128700000000002
224.808	-13.918700000000001
225.042	-7.9986999999999995
225.277	-5.5887
225.511	-1.3587
225.746	2.5813
225.98	7.6613
226.215	11.7813
226.449	16.9613
226.683	20.4813
226.918	24.8213
227.152	30.0713
227.387	34.6513
227.621	38.2813
227.856	44.1513
228.09	47.571299999999994
228.324	51.0413
228.559	56.7113
228.793	62.741299999999995
229.027	73.9213
229.262	79.73129999999999
229.496	86.6513
229.73	101.5513
229.964	102.7313
230.199	87.7713
230.433	88.0213
230.667	89.5413
230.901	89.7913
231.136	89.75129999999999
231.37	91.67129999999999
231.604	91.4713
231.838	90.4313
232.072	91.59129999999999
232.306	92.50129999999999
232.541	92.42129999999999
232.775	93.75129999999999
233.009	92.6513
233.243	93.8913
233.477	94.82130000000001
233.711	93.0213
233.945	93.6513
234.179	92.50129999999999
234.413	93.7313
234.647	91.8013
234.881	92.3113
235.115	92.9613
235.349	95.3513
235.583	93.76129999999999
235.817	94.1213
236.051	95.42129999999999
236.285	94.2113
236.519	94.67129999999999
236.753	96.1113
236.987	104.9313
237.221	120.01129999999999
237.455	126.0213
237.689	102.82130000000001
237.922	98.2113
238.156	96.1813
238.39	93.9413
238.624	93.0413
238.858	94.92129999999999
239.091	93.8513
239.325	94.33129999999998
239.559	98.6313
239.793	97.7713
240.027	99.83129999999998
240.26	103.00129999999999
240.494	105.2213
240.728	103.59129999999999
240.961	102.75129999999999
241.195	99.3513
241.429	99.33129999999998
241.662	97.2213
241.896	96.8013
242.13	96.8513
242.363	97.9413
242.597	96.2913
242.83	101.0213
243.064	99.82130000000001
243.298	99.4013
243.531	98.7813
243.765	101.5513
243.998	102.2313
244.232	104.5213
244.465	107.3813
244.699	105.32130000000001
244.932	102.6213
245.166	104.9613
245.399	104.6813
245.633	104.4613
245.866	103.51129999999999
246.099	104.4313
246.333	105.8713
246.566	105.4513
246.8	105.6413
247.033	106.82130000000001
247.266	108.2213
247.5	108.67129999999999
247.733	112.32130000000001
247.966	112.2313
248.2	113.1413
248.433	112.6013
248.666	113.3713
248.899	118.7913
249.133	125.6113
249.366	133.3613
249.599	128.6413
249.832	116.51129999999999
250.066	116.9813
250.299	114.5213
250.532	119.6513
250.765	123.5413
250.998	130.0013
251.231	126.7213
251.465	122.7913
251.698	119.7013
251.931	120.4013
252.164	119.2213
252.397	119.8713
252.63	123.3013
252.863	123.7413
253.096	128.4913
253.329	132.2113
253.562	128.8613
253.795	125.8113
254.028	126.33129999999998
254.261	127.7313
254.494	132.31130000000002
254.727	146.4013
254.96	145.9013
255.193	138.9213
255.426	131.60129999999998
255.659	128.1413
255.892	130.0713
256.124	127.3613
256.357	126.01129999999999
256.59	127.01129999999999
256.823	124.66129999999998
257.056	124.2413
257.289	125.34129999999999
257.521	125.3613
257.754	125.5313
257.987	126.1113
258.22	126.3513
258.452	126.58129999999998
258.685	125.3513
258.918	127.7413
259.151	128.7713
259.383	132.35129999999998
259.616	131.85129999999998
259.849	133.9713
260.081	138.91129999999998
260.314	142.8713
260.547	142.8913
260.779	135.6113
261.012	133.9813
261.244	131.8613
261.477	137.0813
261.71	137.7013
261.942	154.4213
262.175	156.9513
262.407	136.8713
262.64	131.31130000000002
262.872	130.3713
263.105	129.8713
263.337	132.9713
263.57	128.9613
263.802	132.8813
264.035	129.94129999999998
264.267	131.4713
264.499	132.56130000000002
264.732	133.3813
264.964	131.6513
265.197	131.7413
265.429	134.2113
265.661	133.8413
265.894	134.3413
266.126	135.3313
266.358	134.9213
266.591	135.1113
266.823	136.6213
267.055	137.0213
267.287	139.0513
267.52	138.1513
267.752	137.6313
267.984	137.94129999999998
268.216	139.06130000000002
268.448	141.8813
268.681	141.5413
268.913	147.6713
269.145	153.2913
269.377	156.0013
269.609	152.0213
269.841	149.9713
270.073	154.4913
270.306	163.6213
270.538	167.93130000000002
270.77	162.77130000000002
271.002	157.7413
271.234	156.2813
271.466	161.5213
271.698	165.5513
271.93	165.6413
272.162	167.6613
272.394	165.3713
272.626	158.2113
272.858	154.2913
273.09	153.5513
273.322	151.2713
273.553	149.6313
273.785	149.9613
274.017	150.35129999999998
274.249	150.6413
274.481	149.3313
274.713	151.7213
274.945	155.0713
275.176	152.3213
275.408	154.0513
275.64	152.69129999999998
275.872	153.3913
276.104	155.9313
276.335	156.7213
276.567	165.09130000000002
276.799	174.9113
277.031	177.2613
277.262	173.2413
277.494	169.10129999999998
277.726	162.6413
277.957	158.9713
278.189	156.7813
278.421	155.9013
278.652	156.9813
278.884	156.4913
279.115	154.4613
279.347	154.4913
279.579	155.41129999999998
279.81	156.0213
280.042	156.5113
280.273	157.9513
280.505	157.7513
280.736	157.1713
280.968	158.8313
281.199	158.31130000000002
281.431	160.8913
281.662	160.4613
281.894	163.6413
282.125	169.8913
282.356	188.77130000000002
282.588	207.00130000000001
282.819	185.8113
283.051	164.1413
283.282	161.16129999999998
283.513	163.36130000000003
283.745	164.88129999999998
283.976	166.60129999999998
284.207	167.09130000000002
284.439	166.2613
284.67	165.44129999999998
284.901	165.0713
285.132	163.79129999999998
285.364	165.0113
285.595	165.69129999999998
285.826	166.59130000000002
286.057	167.4813
286.288	164.4813
286.52	166.52130000000002
286.751	167.8213
286.982	168.85129999999998
287.213	168.0713
287.444	170.5113
287.675	172.25130000000001
287.906	175.4613
288.138	177.27130000000002
288.369	177.0313
288.6	177.9213
288.831	172.88129999999998
289.062	172.8713
289.293	172.61130000000003
289.524	171.3013
289.755	171.5813
289.986	169.9013
290.217	170.7613
290.448	169.8713
290.679	172.1213
290.91	173.93130000000002
291.141	170.72129999999999
291.371	172.7113
291.602	171.8213
291.833	169.35129999999998
292.064	173.3713
292.295	171.4213
292.526	172.95129999999997
292.757	173.04129999999998
292.987	172.3113
293.218	172.04129999999998
293.449	173.1613
293.68	173.43130000000002
293.91	173.7613
294.141	175.7113
294.372	173.5313
294.603	174.44129999999998
294.833	174.4013
295.064	174.47129999999999
295.295	176.0613
295.525	178.0813
295.756	186.72129999999999
295.987	199.09130000000002
296.217	220.5713
296.448	207.9913
296.679	181.19129999999998
296.909	178.7613
297.14	177.0813
297.37	179.52130000000002
297.601	179.4213
297.831	180.6413
298.062	181.5513
298.292	182.00130000000001
298.523	183.2113
298.753	180.7813
298.984	179.0113
299.214	180.4613
299.445	182.0113
299.675	184.25130000000001
299.905	189.00130000000001
300.136	184.5313
300.366	182.75130000000001
300.597	184.8213
300.827	190.52130000000002
301.057	195.97129999999999
301.288	201.20129999999997
301.518	193.00130000000001
301.748	189.97129999999999
301.979	202.88129999999998
302.209	192.6413
302.439	191.61130000000003
302.669	189.4813
302.9	189.04129999999998
303.13	189.20129999999997
303.36	193.9113
303.59	198.8213
303.82	201.3313
304.051	193.38129999999998
304.281	191.1613
304.511	189.3313
304.741	187.85129999999998
304.971	188.0813
305.201	187.60129999999998
305.431	187.5713
305.661	187.1613
305.891	188.4113
306.121	191.5513
306.352	198.85129999999998
306.582	199.19129999999998
306.812	188.47129999999999
307.042	190.72129999999999
307.272	190.19129999999998
307.502	191.61130000000003
307.731	191.94129999999998
307.961	189.36130000000003
308.191	188.88129999999998
308.421	189.1213
308.651	191.3713
308.881	190.38129999999998
309.111	194.2813
309.341	195.4113
309.571	199.2613
309.8	199.9113
310.03	202.2113
310.26	203.47129999999999
310.49	201.6413
310.72	206.61130000000003
310.949	211.7413
311.179	209.9613
311.409	201.9813
311.639	203.5113
311.868	204.72129999999999
312.098	205.5313
312.328	207.97129999999999
312.557	213.6513
312.787	218.2813
313.017	214.7313
313.246	208.1413
313.476	203.4213
313.706	206.5813
313.935	209.2613
314.165	214.2013
314.394	218.5113
314.624	213.5313
314.853	211.54129999999998
315.083	206.8013
315.312	206.50130000000001
315.542	205.02130000000002
315.771	204.4113
316.001	202.63129999999998
316.23	202.9113
316.46	202.45129999999997
316.689	203.3713
316.919	206.3913
317.148	207.0113
317.377	208.5113
317.607	206.44129999999998
317.836	205.22129999999999
318.065	201.50130000000001
318.295	202.04129999999998
318.524	204.00130000000001
318.753	203.19129999999998
318.983	203.1613
319.212	208.0813
319.441	214.1213
319.67	214.43130000000002
319.9	206.29129999999998
320.129	205.9813
320.358	207.19129999999998
320.587	206.9613
320.816	212.6713
321.046	215.1213
321.275	211.5113
321.504	211.85129999999998
321.733	212.5313
321.962	214.0713
322.191	220.9113
322.42	224.31130000000002
322.649	233.2013
322.878	235.10129999999998
323.108	240.85129999999998
323.337	255.2113
323.566	269.2513
323.795	295.73130000000003
324.024	364.9113
324.253	601.0713
324.482	1137.1413
324.71	2125.4313
324.939	2649.5213000000003
325.168	1178.1913
325.397	432.8813
325.626	301.9013
325.855	271.4713
326.084	265.7713
326.313	273.6913
326.542	300.6313
326.77	392.8713
326.999	666.0713
327.228	1249.9213
327.457	2134.0213
327.686	1750.5212999999999
327.914	576.0313
328.143	352.2113
328.372	302.2713
328.6	275.5313
328.829	268.8713
329.058	278.6813
329.287	279.0813
329.515	254.94129999999998
329.744	246.2813
329.972	244.6313
330.201	251.5513
330.43	264.3513
330.658	276.4513
330.887	294.8713
331.115	277.0013
331.344	248.2013
331.572	247.18130000000002
331.801	251.75130000000001
332.03	249.50130000000001
332.258	245.9213
332.486	243.19129999999998
332.715	247.1313
332.943	251.93130000000002
333.172	257.1513
333.4	262.0013
333.629	271.6213
333.857	279.73130000000003
334.085	274.3913
334.314	268.8213
334.542	272.6513
334.771	270.8413
334.999	258.0113
335.227	253.6713
335.455	252.3113
335.684	251.0613
335.912	248.1513
336.14	246.5613
336.369	246.8313
336.597	248.97129999999999
336.825	246.9513
337.053	241.4213
337.281	237.75130000000001
337.51	234.2113
337.738	237.77130000000002
337.966	235.9613
338.194	236.3113
338.422	233.9213
338.65	233.2313
338.878	231.2613
339.106	227.75130000000001
339.334	230.59130000000002
339.562	227.8713
339.79	225.00130000000001
340.018	223.72129999999999
340.246	223.9513
340.474	227.6213
340.702	226.4113
340.93	226.5513
341.158	225.9513
341.386	228.8713
341.614	230.00130000000001
341.842	225.4213
342.07	221.8813
342.298	224.59130000000002
342.526	222.43130000000002
342.754	219.61130000000003
342.981	222.1213
343.209	224.47129999999999
343.437	240.6713
343.665	242.3013
343.893	250.2113
344.12	251.7813
344.348	242.36130000000003
344.576	236.2813
344.804	235.0313
345.031	234.5513
345.259	235.68130000000002
345.487	229.6713
345.714	225.5613
345.942	221.7813
346.17	222.2613
346.397	220.84130000000002
346.625	221.2613
346.853	221.61130000000003
347.08	217.8113
347.308	222.0713
347.535	226.0613
347.763	228.47129999999999
347.99	227.2913
348.218	229.0413
348.445	229.9913
348.673	224.86130000000003
348.9	222.36130000000003
349.128	222.10129999999998
349.355	218.27130000000002
349.583	217.6713
349.81	216.9913
350.037	218.0413
350.265	218.1313
350.492	217.56130000000002
350.72	219.0713
350.947	224.75130000000001
351.174	230.3213
351.402	234.3913
351.629	228.36130000000003
351.856	226.36130000000003
352.083	228.85129999999998
352.311	231.3713
352.538	233.25130000000001
352.765	233.2913
352.992	237.3913
353.22	233.0313
353.447	226.1713
353.674	223.3813
353.901	219.93130000000002
354.128	220.2813
354.355	219.5313
354.583	219.51130000000003
354.81	219.3813
355.037	220.0713
355.264	217.69129999999998
355.491	213.84130000000002
355.718	213.9713
355.945	215.36130000000003
356.172	216.93130000000002
356.399	217.2413
356.626	219.24130000000002
356.853	214.9513
357.08	214.2813
357.307	213.2113
357.534	213.75130000000001
357.761	216.1213
357.988	217.9813
358.215	220.08130000000003
358.441	218.26130000000003
358.668	218.44129999999998
358.895	215.40130000000002
359.122	216.5113
359.349	218.25130000000001
359.576	220.2413
359.802	230.97129999999999
360.029	242.7013
360.256	241.1613
360.483	228.9113
360.709	220.0613
360.936	221.1513
361.163	219.3113
361.39	220.2113
361.616	221.0613
361.843	217.8113
362.07	220.1513
362.296	222.84130000000002
362.523	218.1413
362.749	217.60129999999998
362.976	217.72129999999999
363.203	217.6713
363.429	211.8913
363.656	215.36130000000003
363.882	211.7813
364.109	215.18130000000002
364.335	212.5113
364.562	213.2813
364.788	213.1213
365.015	215.8813
365.241	219.58130000000003
365.468	227.1213
365.694	225.8013
365.92	218.3113
366.147	213.22129999999999
366.373	211.2013
366.599	212.3913
366.826	211.99130000000002
367.052	212.10129999999998
367.278	214.5813
367.505	215.68130000000002
367.731	215.99130000000002
367.957	213.5613
368.184	217.34130000000002
368.41	223.72129999999999
368.636	233.75130000000001
368.862	241.61130000000003
369.089	229.8913
369.315	220.4813
369.541	219.1413
369.767	217.93130000000002
369.993	218.4513
370.219	218.5113
370.445	217.9913
370.672	218.1313
370.898	217.5513
371.124	218.93130000000002
371.35	220.8113
371.576	219.1213
371.802	219.18130000000002
372.028	220.5613
372.254	221.3813
372.48	223.1213
372.706	225.2013
372.932	225.3313
373.158	225.5813
373.384	225.3213
373.61	224.44129999999998
373.835	225.3213
374.061	224.4513
374.287	228.5813
374.513	230.3713
374.739	232.9613
374.965	235.47129999999999
375.191	235.0413
375.416	232.84130000000002
375.642	230.27130000000002
375.868	231.61130000000003
376.094	225.9913
376.319	225.2913
376.545	225.36130000000003
376.771	225.9213
376.997	224.97129999999999
377.222	225.35129999999998
377.448	224.72129999999999
377.674	223.86130000000003
377.899	223.3013
378.125	223.50130000000001
378.35	224.19129999999998
378.576	223.50130000000001
378.802	224.97129999999999
379.027	225.8313
379.253	227.19129999999998
379.478	225.5613
379.704	224.9613
379.929	227.0313
380.155	227.9213
380.38	228.8213
380.606	229.6213
380.831	230.2013
381.057	234.7613
381.282	231.00130000000001
381.507	232.2613
381.733	234.61130000000003
381.958	235.10129999999998
382.184	239.6513
382.409	242.2313
382.634	245.8913
382.86	243.9013
383.085	245.8113
383.31	250.3113
383.535	252.84130000000002
383.761	252.6313
383.986	254.3713
384.211	257.3013
384.436	259.8913
384.662	264.24129999999997
384.887	270.5713
385.112	270.8513
385.337	274.2613
385.562	273.4713
385.787	273.8913
386.013	280.2713
386.238	284.6813
386.463	275.8813
386.688	280.0813
386.913	270.1313
387.138	274.3213
387.363	268.8513
387.588	262.1713
387.813	264.9213
388.038	272.6513
388.263	283.98130000000003
388.488	277.8413
388.713	258.3513
388.938	255.85129999999998
389.163	255.52130000000002
389.387	255.97129999999999
389.612	251.1213
389.837	249.8213
390.062	249.0313
390.287	250.7813
390.512	250.2913
390.736	250.7913
390.961	256.29130000000004
391.186	258.6113
391.411	265.1813
391.636	264.7613
391.86	266.1413
392.085	267.6913
392.31	264.29130000000004
392.534	259.31129999999996
392.759	257.4313
392.984	254.6213
393.208	253.86130000000003
393.433	256.0913
393.658	253.2913
393.882	253.5713
394.107	254.10129999999998
394.331	254.1213
394.556	254.43130000000002
394.78	260.49129999999997
395.005	260.5913
395.229	257.2113
395.454	263.4613
395.678	267.1413
395.903	269.3913
396.127	269.1313
396.352	262.06129999999996
396.576	255.10129999999998
396.801	256.2613
397.025	259.4113
397.249	263.4113
397.474	267.3613
397.698	266.9713
397.922	269.6813
398.147	273.6313
398.371	276.8313
398.595	282.3813
398.82	291.06129999999996
399.044	309.7713
399.268	333.56129999999996
399.492	366.74129999999997
399.717	389.9313
399.941	381.2813
400.165	365.4113
400.389	340.9712999999999
400.613	311.81129999999996
400.837	298.0313
401.062	296.1013
401.286	290.9713
401.51	289.1113
401.734	290.3413
401.958	302.8313
402.182	322.7113
402.406	354.4513
402.63	324.1513
402.854	309.8813
403.078	306.9713
403.302	312.1913
403.526	316.6613
403.75	315.9313
403.974	318.8013
404.198	317.5513
404.422	321.2813
404.645	319.3013
404.869	315.4313
405.093	325.4813
405.317	332.8713
405.541	331.90130000000005
405.765	321.24129999999997
405.988	334.8313
406.212	381.4313
406.436	428.5813
406.66	368.65130000000005
406.883	334.6213
407.107	349.51129999999995
407.331	370.19129999999996
407.555	386.0013
407.778	372.4813
408.002	346.37129999999996
408.226	331.83129999999994
408.449	329.40130000000005
408.673	325.49129999999997
408.896	333.5013
409.12	341.94129999999996
409.344	324.7513
409.567	312.3613
409.791	315.1113
410.014	310.8913
410.238	309.0213
410.461	309.8213
410.685	313.74129999999997
410.908	320.1013
411.132	330.72130000000004
411.355	326.0013
411.578	308.8713
411.802	299.23130000000003
412.025	296.3613
412.249	302.5813
412.472	304.48130000000003
412.695	303.4113
412.919	292.2213
413.142	289.1013
413.365	287.5713
413.589	287.7213
413.812	285.6713
414.035	286.6713
414.258	287.9713
414.482	289.4213
414.705	291.5513
414.928	290.5713
415.151	293.9513
415.374	293.54130000000004
415.597	286.81129999999996
415.821	283.6613
416.044	282.7713
416.267	284.1413
416.49	283.9013
416.713	279.5013
416.936	285.6013
417.159	285.1413
417.382	285.1413
417.605	285.8613
417.828	292.3013
418.051	299.1413
418.274	292.8813
418.497	286.74129999999997
418.72	290.6113
418.943	290.24129999999997
419.166	303.0513
419.389	315.0313
419.611	311.3913
419.834	304.2713
420.057	300.79130000000004
420.28	294.2813
420.503	285.81129999999996
420.726	288.0713
420.948	295.4313
421.171	311.7113
421.394	309.1313
421.617	293.8813
421.839	292.0913
422.062	295.56129999999996
422.285	301.5113
422.507	326.0213
422.73	344.9712999999999
422.953	319.54130000000004
423.175	306.2813
423.398	307.3613
423.621	307.24129999999997
423.843	313.3613
424.066	311.4513
424.288	308.2613
424.511	317.0113
424.733	335.94129999999996
424.956	356.6113
425.178	335.1613
425.401	340.83129999999994
425.623	334.4313
425.846	300.1013
426.068	296.7113
426.291	292.98130000000003
426.513	293.6813
426.735	297.6313
426.958	310.6313
427.18	346.1613
427.402	406.3813
427.625	427.0013
427.847	352.24129999999997
428.069	309.1513
428.292	287.0013
428.514	274.3413
428.736	268.2813
428.958	271.0513
429.181	266.4213
429.403	265.1913
429.625	272.7513
429.847	284.1113
430.069	306.6213
430.292	286.0913
430.514	265.31129999999996
430.736	266.8213
430.958	262.23130000000003
431.18	261.0713
431.402	262.0113
431.624	259.6813
431.846	265.5113
432.068	264.7813
432.29	268.8913
432.512	265.6913
432.734	267.3913
432.956	268.6213
433.178	278.8013
433.4	277.3713
433.622	267.7213
433.844	270.0513
434.066	269.1713
434.287	273.9313
434.509	279.1313
434.731	285.3913
434.953	287.81129999999996
435.175	291.9013
435.397	296.7613
435.618	296.74129999999997
435.84	316.6713
436.062	356.4313
436.284	349.83129999999994
436.505	302.06129999999996
436.727	291.3713
436.949	276.0913
437.17	269.3913
437.392	266.3613
437.614	276.0113
437.835	296.7213
438.057	332.7313
438.278	351.2713
438.5	343.9712999999999
438.721	384.1813
438.943	332.30129999999997
439.165	285.8013
439.386	280.4513
439.608	283.4413
439.829	294.0913
440.05	321.9713
440.272	347.65130000000005
440.493	295.8313
440.715	278.7813
440.936	276.1013
441.158	278.0013
441.379	281.5213
441.6	293.3513
441.822	302.9413
442.043	317.3913
442.264	349.5913
442.486	337.7313
442.707	306.4213
442.928	308.7513
443.149	329.29130000000004
443.371	337.55129999999997
443.592	341.2113
443.813	374.83129999999994
444.034	370.4113
444.255	322.5813
444.476	317.48130000000003
444.698	321.5113
444.919	326.0713
445.14	356.49129999999997
445.361	341.65130000000005
445.582	338.6913
445.803	371.3813
446.024	390.44129999999996
446.245	379.9313
446.466	334.72130000000004
446.687	288.73130000000003
446.908	277.5013
447.129	269.7613
447.35	264.23130000000003
447.571	265.23130000000003
447.792	263.5813
448.013	269.7113
448.234	280.06129999999996
448.455	295.8813
448.675	344.3213
448.896	364.24129999999997
449.117	304.6813
449.338	313.3313
449.559	378.26129999999995
449.779	385.69129999999996
450.0	293.0513
450.221	267.6313
450.442	257.7613
450.662	261.6513
450.883	269.2513
451.104	275.6213
451.324	261.3513
451.545	253.2013
451.766	247.5513
451.986	241.7313
452.207	243.3713
452.428	243.84130000000002
452.648	249.9213
452.869	258.6613
453.089	262.9613
453.31	272.4213
453.53	249.3013
453.751	245.6513
453.971	251.18130000000002
454.192	259.1513
454.412	242.7113
454.633	239.7013
454.853	237.1613
455.073	235.9913
455.294	254.9213
455.514	275.98130000000003
455.734	252.7113
455.955	233.27130000000002
456.175	230.9613
456.395	228.5513
456.616	229.0413
456.836	228.85129999999998
457.056	228.2913
457.276	224.85129999999998
457.497	230.7813
457.717	230.3313
457.937	233.84130000000002
458.157	237.0113
458.377	242.1313
458.598	262.7213
458.818	315.4213
459.038	344.2613
459.258	311.6013
459.478	272.0913
459.698	267.5313
459.918	266.9313
460.138	273.8213
460.358	279.3313
460.578	282.7613
460.798	286.2513
461.018	285.0013
461.238	280.0313
461.458	278.9413
461.678	278.1413
461.898	280.8713
462.118	284.0813
462.338	296.3313
462.558	299.2613
462.777	306.81129999999996
462.997	325.12129999999996
463.217	340.79130000000004
463.437	330.49129999999997
463.657	313.8513
463.876	307.1813
464.096	312.0313
464.316	311.3813
464.536	313.8713
464.755	309.1613
464.975	313.9113
465.195	357.9613
465.414	353.7713
465.634	283.8613
465.854	268.8413
466.073	259.4013
466.293	257.98130000000003
466.512	249.52130000000002
466.732	246.1213
466.951	249.18130000000002
467.171	254.1213
467.391	256.2713
467.61	260.79130000000004
467.829	256.5213
468.049	250.7113
468.268	244.9013
468.488	241.22129999999999
468.707	238.36130000000003
468.927	240.4913
469.146	237.7913
469.365	243.9113
469.585	244.11130000000003
469.804	256.0913
470.023	259.1913
470.243	256.8013
470.462	265.1613
470.681	274.9413
470.901	260.6413
471.12	253.3013
471.339	251.1413
471.558	249.0413
471.777	246.8113
471.997	244.43130000000002
472.216	249.7813
472.435	256.0113
472.654	245.2813
472.873	239.5513
473.092	239.0313
473.311	239.1613
473.53	240.6313
473.749	244.4513
473.968	268.79130000000004
474.187	302.6713
474.406	284.9013
474.625	251.2913
474.844	243.7913
475.063	240.75130000000001
475.282	241.9013
475.501	242.94129999999998
475.72	245.8713
475.939	244.35129999999998
476.158	246.52130000000002
476.377	246.8813
476.596	248.3313
476.814	254.4113
477.033	255.5713
477.252	256.6113
477.471	259.24129999999997
477.69	262.56129999999996
477.908	268.2113
478.127	272.7513
478.346	274.74129999999997
478.564	278.5013
478.783	284.3013
479.002	287.0713
479.22	285.9613
479.439	293.6913
479.658	298.9213
479.876	295.3513
480.095	297.9313
480.313	312.1713
480.532	307.4113
480.751	304.3613
480.969	306.29130000000004
481.188	328.1813
481.406	308.9513
481.624	284.3413
481.843	278.24129999999997
482.061	273.3413
482.28	272.9113
482.498	270.2513
482.717	269.9713
482.935	270.5313
483.153	268.7113
483.372	268.49129999999997
483.59	269.29130000000004
483.808	270.3513
484.027	273.8613
484.245	275.6513
484.463	274.1213
484.681	282.2513
484.9	280.5113
485.118	284.5513
485.336	285.6713
485.554	289.4513
485.772	292.79130000000004
485.99	297.8813
486.209	295.7613
486.427	298.3813
486.645	302.2513
486.863	308.6113
487.081	297.9313
487.299	292.3813
487.517	289.8713
487.735	288.3213
487.953	288.24129999999997
488.171	285.6513
488.389	287.3613
488.607	290.7513
488.825	286.1413
489.043	286.1913
489.261	287.1513
489.479	288.3013
489.696	290.6513
489.914	289.3213
490.132	290.1913
490.35	294.0713
490.568	294.0013
490.786	295.24129999999997
491.003	297.1313
491.221	306.0513
491.439	309.9513
491.657	311.1413
491.874	312.3713
492.092	313.5913
492.31	314.1813
492.527	310.1113
492.745	315.6513
492.963	316.9113
493.18	319.5013
493.398	324.0813
493.615	331.5813
493.833	327.65130000000005
494.05	322.3313
494.268	323.1713
494.485	322.7113
494.703	319.3613
494.92	323.1613
495.138	322.1313
495.355	321.6213
495.573	321.9013
495.79	323.8313
496.008	326.5513
496.225	322.3813
496.442	322.0113
496.66	328.3313
496.877	327.2513
497.094	331.5913
497.312	335.1013
497.529	342.1613
497.746	346.8513
497.963	351.51129999999995
498.181	368.29130000000004
498.398	378.3213
498.615	401.4813
498.832	411.31129999999996
499.049	416.3813
499.267	435.81129999999996
499.484	457.4513
499.701	482.8913
499.918	504.49129999999997
500.135	524.5713
500.352	543.2613
500.569	547.4513
500.786	541.9812999999999
501.003	530.3913
501.22	512.9913
501.437	490.4113
501.654	468.31129999999996
501.871	460.0313
502.088	425.0213
502.305	407.3913
502.522	390.31129999999996
502.739	381.1613
502.956	364.87129999999996
503.172	357.4712999999999
503.389	350.8913
503.606	354.2513
503.823	347.7113
504.04	342.15129999999994
504.256	343.8813
504.473	346.3513
504.69	347.1113
504.907	343.6313
505.123	325.9313
505.34	322.3413
505.557	315.29130000000004
505.773	311.7213
505.99	309.1513
506.207	308.49129999999997
506.423	306.1713
506.64	303.0213
506.856	299.7613
507.073	298.6013
507.289	299.3313
507.506	301.6713
507.722	312.29130000000004
507.939	311.6813
508.155	294.0513
508.372	290.98130000000003
508.588	289.2713
508.805	288.1713
509.021	291.81129999999996
509.238	299.2013
509.454	300.9513
509.67	297.1613
509.887	302.31129999999996
510.103	319.0513
510.319	397.4513
510.536	919.4213000000001
510.752	2412.0013
510.968	808.4913
511.184	334.6813
511.401	290.4313
511.617	278.2013
511.833	275.4713
512.049	271.4313
512.265	271.9213
512.481	273.98130000000003
512.698	270.9713
512.914	271.6113
513.13	271.2113
513.346	269.6713
513.562	270.0813
513.778	276.99129999999997
513.994	278.1213
514.21	283.1713
514.426	300.06129999999996
514.642	319.3013
514.858	318.54130000000004
515.074	366.1813
515.29	639.5713
515.506	1540.7513000000001
515.721	697.5012999999999
515.937	349.0213
516.153	310.1313
516.369	302.4613
516.585	299.2713
516.801	302.6613
517.016	309.1813
517.232	318.1413
517.448	323.4613
517.664	328.2313
517.879	327.6313
518.095	324.4813
518.311	320.2013
518.527	312.6213
518.742	305.5013
518.958	297.1513
519.173	291.9013
519.389	287.2813
519.605	283.1913
519.82	286.5713
520.036	293.8313
520.251	308.1213
520.467	304.7513
520.682	295.8513
520.898	295.5013
521.113	306.4113
521.329	331.1813
521.544	403.54130000000004
521.76	753.9213
521.975	2397.4713
522.19	1518.1813
522.406	478.99129999999997
522.621	300.7113
522.836	274.0213
523.052	262.8913
523.267	258.1613
523.482	254.52130000000002
523.698	257.6713
523.913	273.1813
524.128	258.7713
524.343	248.47129999999999
524.559	245.50130000000001
524.774	242.85129999999998
524.989	248.8213
525.204	255.69129999999998
525.419	250.0713
525.634	241.4913
525.849	240.2113
526.064	239.9613
526.28	239.3113
526.495	236.3113
526.71	236.10129999999998
526.925	237.1213
527.14	236.3813
527.355	235.35129999999998
527.57	234.9113
527.785	235.9013
527.999	234.00130000000001
528.214	239.5113
528.429	241.2813
528.644	238.36130000000003
528.859	238.2813
529.074	242.5513
529.289	267.3313
529.503	324.0113
529.718	261.5213
529.933	241.94129999999998
530.148	238.0813
530.363	238.59130000000002
530.577	235.1213
530.792	235.2113
531.007	236.19129999999998
531.221	237.59130000000002
531.436	236.69129999999998
531.651	237.2913
531.865	232.59130000000002
532.08	233.18130000000002
532.295	236.8913
532.509	235.3713
532.724	234.5413
532.938	237.61130000000003
533.153	241.59130000000002
533.367	237.9013
533.582	236.5713
533.796	232.75130000000001
534.011	235.2413
534.225	234.22129999999999
534.44	231.6613
534.654	231.7413
534.868	231.3713
535.083	231.6613
535.297	230.85129999999998
535.511	239.27130000000002
535.726	241.72129999999999
535.94	237.4813
536.154	233.7613
536.369	227.59130000000002
536.583	224.6613
536.797	225.4913
537.011	225.0113
537.225	222.9813
537.44	224.3913
537.654	223.2413
537.868	222.84130000000002
538.082	223.68130000000002
538.296	224.4813
538.51	222.7613
538.724	223.09130000000002
538.938	221.7613
539.153	225.2013
539.367	233.5613
539.581	224.25130000000001
539.795	220.52130000000002
540.009	220.0513
540.222	220.4013
540.436	222.18130000000002
540.65	221.0613
540.864	221.8313
541.078	224.8113
541.292	222.75130000000001
541.506	217.7113
541.72	217.5313
541.934	214.8313
542.147	214.1213
542.361	215.59130000000002
542.575	212.59130000000002
542.789	214.35129999999998
543.002	215.59130000000002
543.216	221.84130000000002
543.43	224.6213
543.644	219.9913
543.857	219.84130000000002
544.071	219.9213
544.285	220.97129999999999
544.498	216.5313
544.712	217.8913
544.925	217.5813
545.139	217.2913
545.352	217.1513
545.566	217.7113
545.779	217.4513
545.993	215.8813
546.206	216.61130000000003
546.42	216.2913
546.633	217.52130000000002
546.847	217.9013
547.06	215.2013
547.274	215.1713
547.487	215.44129999999998
547.7	212.9813
547.914	215.0413
548.127	215.8013
548.34	215.4013
548.554	214.9613
548.767	216.2013
548.98	215.4213
549.193	216.9613
549.407	217.60129999999998
549.62	218.2113
549.833	221.5713
550.046	216.2013
550.259	215.93130000000002
550.473	214.18130000000002
550.686	214.94129999999998
550.899	214.1313
551.112	211.56130000000002
551.325	209.68130000000002
551.538	212.43130000000002
551.751	212.50130000000001
551.964	214.2813
552.177	217.22129999999999
552.39	217.3313
552.603	219.4513
552.816	223.3013
553.029	225.2013
553.242	227.5813
553.455	235.2413
553.667	241.8813
553.88	238.0613
554.093	225.5713
554.306	223.97129999999999
554.519	219.6713
554.732	218.18130000000002
554.944	215.0413
555.157	211.8913
555.37	208.1613
555.583	207.6613
555.795	208.38129999999998
556.008	204.3013
556.221	204.09130000000002
556.433	202.6213
556.646	202.85129999999998
556.859	201.9013
557.071	199.70129999999997
557.284	197.8713
557.496	197.6613
557.709	195.7413
557.921	196.3113
558.134	192.77130000000002
558.346	194.6713
558.559	193.36130000000003
558.771	192.3113
558.984	192.2313
559.196	191.2613
559.409	191.3913
559.621	191.79129999999998
559.833	189.1513
560.046	187.77130000000002
560.258	190.6213
560.47	191.1713
560.683	189.1513
560.895	188.6613
561.107	191.38129999999998
561.32	190.1713
561.532	190.93130000000002
561.744	191.6213
561.956	193.8213
562.168	192.63129999999998
562.381	192.93130000000002
562.593	194.10129999999998
562.805	196.1213
563.017	192.6413
563.229	194.2413
563.441	192.70129999999997
563.653	193.84130000000002
563.865	193.2613
564.077	194.0813
564.289	195.45129999999997
564.501	195.09130000000002
564.713	198.88129999999998
564.925	207.00130000000001
565.137	214.19129999999998
565.349	207.5313
565.561	209.79129999999998
565.773	211.93130000000002
565.985	219.2113
566.197	223.8213
566.408	234.72129999999999
566.62	245.5613
566.832	253.3713
567.044	255.69129999999998
567.255	255.59130000000002
567.467	262.3413
567.679	270.9013
567.891	280.4413
568.102	278.2013
568.314	266.2713
568.526	250.9913
568.737	240.5413
568.949	226.9113
569.161	217.6413
569.372	209.9913
569.584	202.88129999999998
569.795	203.9013
570.007	222.69129999999998
570.218	343.87129999999996
570.43	237.19129999999998
570.641	196.4613
570.853	191.6413
571.064	193.04129999999998
571.276	189.2113
571.487	186.8713
571.698	184.0513
571.91	180.2113
572.121	179.0613
572.333	178.70129999999997
572.544	174.5513
572.755	174.8713
572.966	173.6613
573.178	170.69129999999998
573.389	173.9913
573.6	171.38129999999998
573.811	171.54129999999998
574.023	169.1413
574.234	169.4213
574.445	169.4613
574.656	168.1413
574.867	169.2813
575.078	166.7613
575.289	170.2613
575.501	170.2413
575.712	165.60129999999998
575.923	166.18130000000002
576.134	166.2613
576.345	165.88129999999998
576.556	167.2313
576.767	166.0513
576.978	166.0113
577.188	166.3313
577.399	165.85129999999998
577.61	165.2613
577.821	169.8013
578.032	185.0513
578.243	338.1113
578.454	803.2913
578.665	280.9513
578.875	173.09130000000002
579.086	162.5813
579.297	157.1813
579.508	158.8213
579.718	158.1213
579.929	157.2113
580.14	154.7013
580.35	153.4313
580.561	155.10129999999998
580.772	155.0913
580.982	153.7113
581.193	152.7213
581.403	153.7113
581.614	152.5313
581.825	154.8413
582.035	153.3413
582.246	153.31130000000002
582.456	154.16129999999998
582.667	153.66129999999998
582.877	152.9913
583.087	151.5713
583.298	152.1513
583.508	152.5813
583.719	150.7813
583.929	154.3313
584.139	152.0413
584.35	150.16129999999998
584.56	151.2913
584.77	151.41129999999998
584.981	150.16129999999998
585.191	151.0813
585.401	150.3813
585.611	150.2813
585.821	152.56130000000002
586.032	151.0413
586.242	150.1213
586.452	149.4313
586.662	149.0813
586.872	148.4813
587.082	147.2113
587.292	149.0313
587.502	147.4813
587.713	148.06130000000002
587.923	149.3013
588.133	148.8713
588.343	146.3813
588.553	147.66129999999998
588.762	151.6713
588.972	150.91129999999998
589.182	155.0513
589.392	150.9013
589.602	149.7913
589.812	151.0413
590.022	150.16129999999998
590.232	147.4913
590.441	147.5513
590.651	148.3213
590.861	148.35129999999998
591.071	147.9013
591.281	150.8813
591.49	149.81130000000002
591.7	152.0713
591.91	156.2113
592.119	155.8713
592.329	158.56130000000002
592.539	164.3713
592.748	162.06130000000002
592.958	162.3913
593.167	165.3013
593.377	164.34130000000002
593.587	170.29129999999998
593.796	166.29129999999998
594.006	165.25130000000001
594.215	166.2413
594.424	166.3113
594.634	163.1713
594.843	159.2513
595.053	158.6213
595.262	155.7313
595.472	153.66129999999998
595.681	151.66129999999998
595.89	149.6213
596.1	148.6313
596.309	146.7013
596.518	146.9813
596.727	144.9513
596.937	144.6413
597.146	142.8913
597.355	141.35129999999998
597.564	140.7113
597.774	141.1113
597.983	139.0413
598.192	139.5213
598.401	137.8913
598.61	137.4213
598.819	139.4713
599.028	136.2613
599.237	136.44129999999998
599.446	138.9313
599.655	138.2113
599.864	137.5513
600.073	136.16129999999998
600.282	137.9913
600.491	138.3713
600.7	136.94129999999998
600.909	137.41129999999998
601.118	140.2013
601.327	138.9713
601.536	139.5513
601.745	137.19129999999998
601.953	137.91129999999998
602.162	135.5313
602.371	135.7413
602.58	134.0213
602.789	135.16129999999998
602.997	134.56130000000002
603.206	136.0913
603.415	132.4613
603.623	130.7813
603.832	131.2613
604.041	132.4513
604.249	130.8413
604.458	131.7013
604.666	132.1213
604.875	131.5113
605.084	131.7613
605.292	130.6713
605.501	129.56130000000002
605.709	129.4013
605.918	129.2813
606.126	132.4613
606.334	131.1413
606.543	130.9013
606.751	131.0313
606.96	128.8913
607.168	128.9513
607.376	130.0313
607.585	130.7513
607.793	131.2813
608.001	130.1513
608.21	128.6413
608.418	127.8013
608.626	127.6313
608.834	130.3413
609.043	128.9313
609.251	128.2013
609.459	128.5313
609.667	131.5313
609.875	128.3413
610.083	128.4913
610.291	129.5213
610.499	129.1213
610.707	128.60129999999998
610.916	127.07130000000001
611.124	127.4713
611.332	126.8813
611.54	127.6513
611.748	126.0313
611.955	126.9413
612.163	127.2013
612.371	128.1813
612.579	125.8813
612.787	127.5313
612.995	128.7213
613.203	129.2113
613.411	127.2313
613.618	125.51129999999999
613.826	125.75129999999999
614.034	126.41129999999998
614.242	127.57130000000001
614.449	125.8713
614.657	126.2013
614.865	127.6413
615.072	127.4513
615.28	128.4213
615.488	129.5313
615.695	131.6113
615.903	138.66129999999998
616.111	140.2113
616.318	142.8413
616.526	137.3413
616.733	136.4213
616.941	132.0013
617.148	131.1513
617.356	130.5713
617.563	128.5813
617.771	130.3313
617.978	125.8813
618.185	128.69129999999998
618.393	127.1313
618.6	128.5113
618.807	126.4813
619.015	127.8813
619.222	125.66129999999998
619.429	125.4513
619.637	127.1913
619.844	123.2213
620.051	123.8013
620.258	123.0513
620.466	122.2813
620.673	121.3713
620.88	121.01129999999999
621.087	122.32130000000001
621.294	123.0213
621.501	121.7213
621.708	123.51129999999999
621.915	123.1413
622.122	123.16129999999998
622.329	123.4813
622.536	123.3713
622.743	119.8813
622.95	121.2813
623.157	120.2413
623.364	121.4813
623.571	121.4413
623.778	119.8513
623.985	120.8813
624.192	118.9413
624.399	119.1413
624.606	120.7813
624.812	120.3813
625.019	119.0313
625.226	118.8713
625.433	119.6513
625.639	118.25129999999999
625.846	118.7213
626.053	119.4013
626.259	118.41129999999998
626.466	118.6113
626.673	117.09129999999999
626.879	117.3013
627.086	120.5213
627.293	118.3513
627.499	117.7313
627.706	117.76129999999999
627.912	117.8113
628.119	116.5513
628.325	118.34129999999999
628.532	115.6913
628.738	115.8013
628.945	115.7313
629.151	114.42129999999999
629.357	115.0413
629.564	115.83129999999998
629.77	114.9913
629.976	113.5413
630.183	113.7413
630.389	113.84129999999999
630.595	112.84129999999999
630.802	112.7013
631.008	112.5613
631.214	112.2913
631.42	113.0313
631.627	116.82130000000001
631.833	112.41129999999998
632.039	112.3813
632.245	109.6113
632.451	111.34129999999999
632.657	111.3613
632.863	111.3013
633.069	110.91129999999998
633.275	111.2213
633.481	111.2913
633.688	111.8813
633.893	113.1313
634.099	110.25129999999999
634.305	110.3913
634.511	110.0313
634.717	109.8613
634.923	109.9413
635.129	109.5213
635.335	109.4913
635.541	109.9813
635.747	111.82130000000001
635.952	108.6013
636.158	108.8013
636.364	112.9513
636.57	110.9513
636.775	110.8613
636.981	110.2313
637.187	111.7313
637.392	109.1513
637.598	109.0213
637.804	109.9313
638.009	109.9813
638.215	110.1913
638.421	109.4313
638.626	107.8913
638.832	108.25129999999999
639.037	108.17129999999999
639.243	107.9513
639.448	107.3713
639.654	108.5513
639.859	106.75129999999999
640.065	107.2713
640.27	111.9313
640.475	107.0413
640.681	108.2313
640.886	108.3613
641.091	107.34129999999999
641.297	108.6213
641.502	107.1513
641.707	109.0613
641.913	106.8513
642.118	105.42129999999999
642.323	106.2313
642.528	109.9613
642.733	107.4513
642.939	108.7213
643.144	105.7913
643.349	107.57130000000001
643.554	108.4013
643.759	106.1013
643.964	104.4813
644.169	107.7213
644.374	107.2213
644.579	108.2413
644.784	107.2713
644.989	106.3613
645.194	105.5213
645.399	107.3613
645.604	106.7913
645.809	110.41129999999998
646.014	106.75129999999999
646.219	107.66129999999998
646.423	105.67129999999999
646.628	106.8813
646.833	107.1813
647.038	108.25129999999999
647.243	108.8113
647.447	107.67129999999999
647.652	108.75129999999999
647.857	108.91129999999998
648.062	109.6913
648.266	110.8513
648.471	116.1013
648.676	117.8113
648.88	115.33129999999998
649.085	113.6513
649.289	115.1813
649.494	124.4013
649.698	161.6213
649.903	123.1213
650.107	109.8513
650.312	108.57130000000001
650.516	105.0513
650.721	103.50129999999999
650.925	102.75129999999999
651.13	102.01129999999999
651.334	100.8813
651.539	101.8613
651.743	100.8113
651.947	100.1313
652.152	100.6313
652.356	100.07130000000001
652.56	99.33129999999998
652.764	97.8913
652.969	99.0513
653.173	97.6413
653.377	98.58129999999998
653.581	96.3613
653.785	97.66129999999998
653.99	97.2013
654.194	97.2213
654.398	95.7813
654.602	96.75129999999999
654.806	103.2713
655.01	117.1013
655.214	102.9513
655.418	98.9413
655.622	95.4613
655.826	98.59129999999999
656.03	100.25129999999999
656.234	103.50129999999999
656.438	109.4513
656.642	108.8913
656.846	101.32130000000001
657.049	97.5513
657.253	95.4513
657.457	92.9713
657.661	91.2313
657.865	91.41130000000001
658.068	90.0313
658.272	88.3813
658.476	88.9513
658.68	88.9813
658.883	86.91130000000001
659.087	87.82130000000001
659.291	87.4313
659.494	87.4513
659.698	85.08130000000001
659.901	85.8713
660.105	85.00129999999999
660.309	84.9313
660.512	84.1113
660.716	84.5413
660.919	84.01129999999999
661.123	85.24130000000001
661.326	85.1113
661.53	84.74130000000001
661.733	84.7213
661.936	84.50129999999999
662.14	82.6313
662.343	82.3613
662.546	83.2213
662.75	84.1813
662.953	83.92129999999999
663.156	81.4713
663.36	81.41130000000001
663.563	79.9113
663.766	82.9313
663.969	81.6113
664.173	80.5813
664.376	80.7213
664.579	81.8613
664.782	81.5313
664.985	82.4613
665.188	82.4713
665.391	82.1813
665.594	80.9413
665.797	81.34129999999999
666.0	82.4513
666.203	79.90129999999999
666.406	80.3313
666.609	83.2813
666.812	80.5513
667.015	80.8913
667.218	83.6013
667.421	81.8613
667.624	80.2813
667.827	82.75129999999999
668.03	80.7713
668.232	82.33130000000001
668.435	81.25129999999999
668.638	82.0413
668.841	82.6913
669.043	81.0513
669.246	80.3813
669.449	81.66130000000001
669.651	81.5313
669.854	81.49130000000001
670.057	82.49130000000001
670.259	79.0313
670.462	81.4413
670.665	80.7813
670.867	83.1213
671.07	83.1113
671.272	83.2713
671.475	84.0613
671.677	82.3013
671.88	81.8013
672.082	81.8713
672.284	82.2013
672.487	81.5313
672.689	80.5413
672.892	81.74130000000001
