223.165	-17.374000000000002
223.4	-17.374000000000002
223.635	-17.374000000000002
223.869	-18.014
224.104	-19.823999999999998
224.338	-15.644
224.573	-15.294
224.808	-12.264
225.042	-8.714
225.277	-4.624
225.511	-2.444
225.746	3.086
225.98	8.326
226.215	10.096
226.449	16.276
226.683	20.485999999999997
226.918	25.006000000000004
227.152	30.926
227.387	34.176
227.621	37.456
227.856	44.226
228.09	46.466
228.324	50.746
228.559	56.606
228.793	64.856
229.027	85.15599999999999
229.262	91.39599999999999
229.496	103.206
229.73	124.21600000000001
229.964	126.606
230.199	102.346
230.433	100.696
230.667	102.90599999999999
230.901	101.666
231.136	101.706
231.37	100.076
231.604	101.31599999999999
231.838	104.296
232.072	103.73599999999999
232.306	104.73599999999999
232.541	104.30600000000001
232.775	104.98599999999999
233.009	106.22599999999998
233.243	105.506
233.477	107.916
233.711	107.596
233.945	108.036
234.179	108.706
234.413	108.116
234.647	107.186
234.881	108.14599999999999
235.115	107.46600000000001
235.349	107.196
235.583	110.016
235.817	111.63600000000001
236.051	113.326
236.285	112.016
236.519	113.40599999999999
236.753	118.086
236.987	129.516
237.221	161.176
237.455	168.78599999999997
237.689	127.756
237.922	116.926
238.156	115.786
238.39	113.186
238.624	112.786
238.858	112.436
239.091	113.176
239.325	114.556
239.559	118.176
239.793	118.996
240.027	124.65599999999999
240.26	131.466
240.494	133.276
240.728	131.996
240.961	125.946
241.195	124.516
241.429	121.826
241.662	121.56599999999999
241.896	121.38600000000001
242.13	120.936
242.363	121.076
242.597	125.72600000000001
242.83	126.90599999999999
243.064	124.89599999999999
243.298	129.726
243.531	128.536
243.765	127.22599999999998
243.998	129.08599999999998
244.232	132.886
244.465	135.026
244.699	134.276
244.932	132.116
245.166	132.846
245.399	134.696
245.633	132.196
245.866	133.066
246.099	134.196
246.333	137.186
246.566	136.866
246.8	138.096
247.033	140.656
247.266	141.716
247.5	145.20600000000002
247.733	150.246
247.966	150.096
248.2	150.286
248.433	149.696
248.666	154.376
248.899	164.396
249.133	173.086
249.366	182.12599999999998
249.599	178.596
249.832	168.476
250.066	177.30599999999998
250.299	204.53599999999997
250.532	246.51600000000002
250.765	240.476
250.998	216.37599999999998
251.231	194.51600000000002
251.465	181.446
251.698	175.30599999999998
251.931	172.486
252.164	170.256
252.397	170.05599999999998
252.63	171.066
252.863	175.246
253.096	182.116
253.329	187.336
253.562	180.71599999999998
253.795	178.136
254.028	180.836
254.261	184.226
254.494	194.526
254.727	216.186
254.96	220.62599999999998
255.193	209.066
255.426	210.336
255.659	232.726
255.892	305.99600000000004
256.124	375.686
256.357	327.356
256.59	258.17600000000004
256.823	226.756
257.056	209.646
257.289	200.92600000000002
257.521	196.986
257.754	192.12599999999998
257.987	187.326
258.22	189.896
258.452	188.446
258.685	187.80599999999998
258.918	184.776
259.151	184.696
259.383	188.566
259.616	188.866
259.849	193.87599999999998
260.081	204.186
260.314	211.87599999999998
260.547	206.78599999999997
260.779	197.996
261.012	200.116
261.244	197.80599999999998
261.477	194.496
261.71	197.896
261.942	212.796
262.175	218.616
262.407	194.696
262.64	187.296
262.872	185.756
263.105	185.936
263.337	188.836
263.57	185.95600000000002
263.802	188.236
264.035	186.856
264.267	187.146
264.499	186.746
264.732	188.236
264.964	187.526
265.197	187.336
265.429	190.186
265.661	189.496
265.894	191.886
266.126	193.78599999999997
266.358	193.166
266.591	194.256
266.823	198.846
267.055	198.656
267.287	197.62599999999998
267.52	198.01600000000002
267.752	198.746
267.984	199.60600000000002
268.216	199.686
268.448	205.01600000000002
268.681	208.526
268.913	216.976
269.145	224.816
269.377	225.506
269.609	221.166
269.841	221.256
270.073	226.87599999999998
270.306	243.30599999999998
270.538	251.656
270.77	238.896
271.002	230.976
271.234	233.166
271.466	244.166
271.698	249.296
271.93	248.20600000000002
272.162	249.67600000000002
272.394	245.796
272.626	233.326
272.858	230.006
273.09	225.60600000000002
273.322	224.546
273.553	222.296
273.785	225.046
274.017	224.71599999999998
274.249	227.166
274.481	225.496
274.713	228.686
274.945	234.69600000000003
275.176	233.406
275.408	235.936
275.64	241.006
275.872	245.076
276.104	243.066
276.335	242.92600000000002
276.567	255.92600000000002
276.799	279.356
277.031	304.56600000000003
277.262	318.616
277.494	289.946
277.726	262.086
277.957	253.12599999999998
278.189	248.55599999999998
278.421	245.026
278.652	241.486
278.884	243.35600000000002
279.115	240.846
279.347	246.80599999999998
279.579	249.916
279.81	262.856
280.042	291.266
280.273	320.92600000000004
280.505	290.056
280.736	260.726
280.968	254.03599999999997
281.199	251.096
281.431	249.896
281.662	248.62599999999998
281.894	250.01600000000002
282.125	260.256
282.356	281.796
282.588	305.536
282.819	276.866
283.051	250.20600000000002
283.282	245.01600000000002
283.513	251.326
283.745	251.636
283.976	251.656
284.207	253.976
284.439	251.406
284.67	252.256
284.901	252.20600000000002
285.132	251.246
285.364	250.85600000000002
285.595	251.996
285.826	252.96599999999998
286.057	257.636
286.288	254.486
286.52	255.386
286.751	254.37599999999998
286.982	257.386
287.213	255.596
287.444	257.736
287.675	263.346
287.906	269.376
288.138	272.096
288.369	269.656
288.6	270.24600000000004
288.831	267.42600000000004
289.062	266.656
289.293	265.126
289.524	262.856
289.755	261.076
289.986	263.606
290.217	263.206
290.448	261.49600000000004
290.679	265.586
290.91	265.016
291.141	261.81600000000003
291.371	263.276
291.602	260.846
291.833	262.116
292.064	262.99600000000004
292.295	262.836
292.526	263.536
292.757	262.196
292.987	261.986
293.218	260.42600000000004
293.449	264.766
293.68	265.576
293.91	263.026
294.141	264.336
294.372	261.81600000000003
294.603	264.026
294.833	266.446
295.064	266.17600000000004
295.295	266.636
295.525	266.946
295.756	278.096
295.987	292.306
296.217	320.31600000000003
296.448	306.17600000000004
296.679	276.016
296.909	272.786
297.14	272.686
297.37	275.166
297.601	276.076
297.831	274.67600000000004
298.062	276.49600000000004
298.292	279.24600000000004
298.523	281.376
298.753	279.206
298.984	277.67600000000004
299.214	280.506
299.445	282.216
299.675	282.106
299.905	287.916
300.136	282.456
300.366	281.836
300.597	285.766
300.827	291.406
301.057	299.656
301.288	307.396
301.518	294.856
301.748	297.406
301.979	313.186
302.209	304.446
302.439	300.906
302.669	294.376
302.9	293.256
303.13	294.386
303.36	303.046
303.59	316.606
303.82	324.296
304.051	305.856
304.281	297.256
304.511	294.49600000000004
304.741	290.986
304.971	290.706
305.201	290.976
305.431	291.056
305.661	291.49600000000004
305.891	290.06600000000003
306.121	295.49600000000004
306.352	305.536
306.582	305.326
306.812	299.866
307.042	308.276
307.272	326.20599999999996
307.502	339.866
307.731	335.73600000000005
307.961	314.386
308.191	299.966
308.421	297.096
308.651	299.576
308.881	298.016
309.111	302.076
309.341	302.056
309.571	311.036
309.8	312.336
310.03	319.826
310.26	320.166
310.49	318.266
310.72	329.316
310.949	335.406
311.179	331.12600000000003
311.409	316.17600000000004
311.639	318.116
311.868	322.416
312.098	323.186
312.328	329.656
312.557	343.48600000000005
312.787	348.496
313.017	339.73600000000005
313.246	328.446
313.476	320.876
313.706	325.726
313.935	331.476
314.165	341.696
314.394	345.12600000000003
314.624	335.976
314.853	330.766
315.083	326.356
315.312	323.416
315.542	319.56600000000003
315.771	320.31600000000003
316.001	319.016
316.23	319.186
316.46	318.966
316.689	323.386
316.919	325.836
317.148	331.09599999999995
317.377	329.866
317.607	327.326
317.836	324.206
318.065	322.526
318.295	319.686
318.524	320.326
318.753	321.416
318.983	325.38599999999997
319.212	330.09600000000006
319.441	338.366
319.67	336.606
319.9	325.106
320.129	325.946
320.358	328.95599999999996
320.587	329.206
320.816	337.116
321.046	340.966
321.275	339.646
321.504	338.38599999999997
321.733	340.396
321.962	346.326
322.191	353.716
322.42	363.05600000000004
322.649	373.66599999999994
322.878	379.696
323.108	390.016
323.337	409.41599999999994
323.566	427.036
323.795	460.426
324.024	541.506
324.253	802.736
324.482	1387.606
324.71	2316.836
324.939	2799.746
325.168	1510.1760000000002
325.397	637.476
325.626	481.586
325.855	441.756
326.084	434.076
326.313	444.16599999999994
326.542	474.116
326.77	578.106
326.999	859.0459999999999
327.228	1471.8059999999998
327.457	2350.206
327.686	2048.786
327.914	922.786
328.143	804.206
328.372	849.896
328.6	659.9959999999999
328.829	541.9060000000001
329.058	549.366
329.287	558.6659999999999
329.515	552.546
329.744	623.756
329.972	817.3560000000001
330.201	1145.186
330.43	1360.826
330.658	903.0459999999999
330.887	665.226
331.115	558.526
331.344	489.16599999999994
331.572	470.656
331.801	473.726
332.03	470.52599999999995
332.258	460.356
332.486	460.466
332.715	471.976
332.943	489.95599999999996
333.172	513.386
333.4	546.1759999999999
333.629	594.3059999999999
333.857	692.3259999999999
334.085	883.236
334.314	1211.906
334.542	1604.576
334.771	1535.606
334.999	824.0759999999999
335.227	597.9060000000001
335.455	524.476
335.684	488.906
335.912	467.73600000000005
336.14	452.63599999999997
336.369	444.656
336.597	442.45599999999996
336.825	435.856
337.053	418.16599999999994
337.281	410.996
337.51	402.09599999999995
337.738	401.436
337.966	399.586
338.194	401.316
338.422	392.05600000000004
338.65	386.176
338.878	383.016
339.106	379.106
339.334	380.45599999999996
339.562	374.536
339.79	368.366
340.018	368.586
340.246	370.84599999999995
340.474	372.45599999999996
340.702	369.036
340.93	366.63599999999997
341.158	367.63599999999997
341.386	368.946
341.614	371.366
341.842	366.176
342.07	363.45599999999996
342.298	359.936
342.526	357.316
342.754	354.09599999999995
342.981	357.366
343.209	360.37600000000003
343.437	384.246
343.665	391.55600000000004
343.893	403.02599999999995
344.12	408.20599999999996
344.348	394.976
344.576	383.496
344.804	381.796
345.031	383.006
345.259	382.37600000000003
345.487	369.41599999999994
345.714	362.88599999999997
345.942	356.326
346.17	352.73600000000005
346.397	351.046
346.625	352.70599999999996
346.853	349.52599999999995
347.08	347.656
347.308	352.13599999999997
347.535	360.946
347.763	364.976
347.99	359.836
348.218	365.12600000000003
348.445	369.046
348.673	362.91599999999994
348.9	351.006
349.128	348.426
349.355	344.016
349.583	342.496
349.81	344.196
350.037	342.91599999999994
350.265	342.756
350.492	343.586
350.72	345.756
350.947	352.91599999999994
351.174	363.27599999999995
351.402	367.796
351.629	355.256
351.856	356.27599999999995
352.083	363.576
352.311	365.77599999999995
352.538	367.976
352.765	364.59599999999995
352.992	365.116
353.22	358.87600000000003
353.447	354.156
353.674	347.02599999999995
353.901	339.946
354.128	340.91600000000005
354.355	336.426
354.583	340.91600000000005
354.81	339.776
355.037	339.266
355.264	335.826
355.491	332.566
355.718	335.506
355.945	336.976
356.172	337.186
356.399	337.476
356.626	336.91600000000005
356.853	334.566
357.08	334.036
357.307	334.286
357.534	331.856
357.761	334.77599999999995
357.988	338.076
358.215	337.866
358.441	337.45599999999996
358.668	337.516
358.895	339.696
359.122	340.91599999999994
359.349	344.446
359.576	353.816
359.802	372.326
360.029	393.16599999999994
360.256	389.926
360.483	366.48600000000005
360.709	348.086
360.936	350.13599999999997
361.163	350.52599999999995
361.39	355.576
361.616	355.546
361.843	345.046
362.07	351.466
362.296	354.406
362.523	345.406
362.749	347.41599999999994
362.976	345.80600000000004
363.203	343.34599999999995
363.429	337.176
363.656	340.73600000000005
363.882	337.20599999999996
364.109	337.496
364.335	341.356
364.562	337.62600000000003
364.788	339.266
365.015	341.676
365.241	343.59600000000006
365.468	351.446
365.694	352.396
365.92	344.726
366.147	337.686
366.373	338.586
366.599	336.13599999999997
366.826	336.156
367.052	335.426
367.278	339.196
367.505	339.73600000000005
367.731	342.946
367.957	339.836
368.184	343.70599999999996
368.41	353.696
368.636	365.606
368.862	370.576
369.089	358.30600000000004
369.315	348.336
369.541	344.436
369.767	347.156
369.993	348.946
370.219	346.55600000000004
370.445	345.506
370.672	345.816
370.898	346.216
371.124	348.84599999999995
371.35	351.09599999999995
371.576	350.27599999999995
371.802	349.106
372.028	347.686
372.254	349.826
372.48	353.48600000000005
372.706	358.046
372.932	357.896
373.158	355.52599999999995
373.384	357.396
373.61	352.816
373.835	354.426
374.061	352.966
374.287	360.976
374.513	361.09599999999995
374.739	369.27599999999995
374.965	372.756
375.191	374.27599999999995
375.416	370.186
375.642	362.02599999999995
375.868	365.77599999999995
376.094	360.336
376.319	353.866
376.545	354.73600000000005
376.771	353.296
376.997	351.606
377.222	352.426
377.448	350.896
377.674	348.576
377.899	346.12600000000003
378.125	347.366
378.35	348.746
378.576	348.296
378.802	348.836
379.027	347.966
379.253	349.95599999999996
379.478	349.676
379.704	350.766
379.929	352.906
380.155	352.656
380.38	353.616
380.606	357.656
380.831	354.696
381.057	359.856
381.282	353.80600000000004
381.507	358.146
381.733	361.716
381.958	359.686
382.184	367.656
382.409	371.796
382.634	377.41599999999994
382.86	374.796
383.085	380.05600000000004
383.31	381.216
383.535	386.34599999999995
383.761	388.476
383.986	391.436
384.211	397.046
384.436	400.30600000000004
384.662	405.316
384.887	413.91599999999994
385.112	415.006
385.337	418.77599999999995
385.562	418.59599999999995
385.787	417.95599999999996
386.013	428.356
386.238	433.646
386.463	423.66599999999994
386.688	427.036
386.913	417.566
387.138	417.87600000000003
387.363	414.766
387.588	407.536
387.813	410.13599999999997
388.038	416.286
388.263	424.826
388.488	421.59599999999995
388.713	407.23600000000005
388.938	403.086
389.163	401.676
389.387	402.726
389.612	397.586
389.837	394.52599999999995
390.062	395.77599999999995
390.287	398.996
390.512	396.016
390.736	401.946
390.961	406.63599999999997
391.186	411.256
391.411	422.05600000000004
391.636	426.356
391.86	431.676
392.085	436.546
392.31	428.116
392.534	421.616
392.759	418.786
392.984	412.34599999999995
393.208	413.84599999999995
393.433	419.336
393.658	414.63599999999997
393.882	408.696
394.107	407.726
394.331	416.176
394.556	413.88599999999997
394.78	419.186
395.005	420.91599999999994
395.229	418.696
395.454	430.906
395.678	436.70599999999996
395.903	438.196
396.127	445.41599999999994
396.352	431.63599999999997
396.576	420.866
396.801	419.356
397.025	428.316
397.249	432.796
397.474	439.12600000000003
397.698	438.726
397.922	446.896
398.147	455.41599999999994
398.371	459.316
398.595	470.216
398.82	485.256
399.044	514.186
399.268	557.6759999999999
399.492	621.496
399.717	659.4659999999999
399.941	648.836
400.165	618.786
400.389	577.5859999999999
400.613	527.046
400.837	501.09599999999995
401.062	491.84599999999995
401.286	485.98600000000005
401.51	486.186
401.734	484.396
401.958	496.63599999999997
402.182	518.446
402.406	552.6759999999999
402.63	530.216
402.854	518.726
403.078	520.146
403.302	524.386
403.526	533.086
403.75	535.716
403.974	543.536
404.198	542.1759999999999
404.422	558.596
404.645	564.736
404.869	582.326
405.093	626.936
405.317	676.516
405.541	662.286
405.765	595.186
405.988	576.836
406.212	618.396
406.436	664.866
406.66	613.126
406.883	570.126
407.107	602.486
407.331	632.266
407.555	667.266
407.778	642.576
408.002	590.636
408.226	569.046
408.449	560.896
408.673	552.346
408.896	567.006
409.12	577.366
409.344	545.516
409.567	524.476
409.791	526.4259999999999
410.014	521.836
410.238	515.856
410.461	516.226
410.685	523.766
410.908	530.376
411.132	552.976
411.355	548.6560000000001
411.578	524.636
411.802	516.056
412.025	530.376
412.249	566.646
412.472	612.496
412.695	660.406
412.919	603.386
413.142	562.376
413.365	536.836
413.589	520.056
413.812	501.63599999999997
414.035	499.086
414.258	498.70599999999996
414.482	498.586
414.705	490.95599999999996
414.928	493.87600000000003
415.151	492.88599999999997
415.374	488.476
415.597	482.256
415.821	477.286
416.044	482.326
416.267	478.926
416.49	471.936
416.713	469.796
416.936	477.476
417.159	480.436
417.382	490.496
417.605	500.046
417.828	514.236
418.051	506.41599999999994
418.274	491.326
418.497	479.996
418.72	488.366
418.943	489.186
419.166	514.6659999999999
419.389	543.576
419.611	543.776
419.834	542.9060000000001
420.057	555.246
420.28	573.006
420.503	557.466
420.726	538.706
420.948	535.286
421.171	550.716
421.394	534.516
421.617	500.20599999999996
421.839	495.566
422.062	496.98600000000005
422.285	508.976
422.507	550.706
422.73	585.1759999999999
422.953	539.556
423.175	512.636
423.398	512.196
423.621	513.036
423.843	525.806
424.066	519.986
424.288	516.446
424.511	532.476
424.733	568.346
424.956	602.256
425.178	562.976
425.401	576.9459999999999
425.623	565.446
425.846	500.906
426.068	494.45599999999996
426.291	486.996
426.513	488.786
426.735	493.37600000000003
426.958	527.556
427.18	588.4159999999999
427.402	698.586
427.625	754.416
427.847	707.266
428.069	689.7159999999999
428.292	549.976
428.514	485.196
428.736	462.80600000000004
428.958	459.286
429.181	443.266
429.403	440.95599999999996
429.625	454.966
429.847	478.086
430.069	518.226
430.292	478.77599999999995
430.514	441.80600000000004
430.736	439.896
430.958	434.976
431.18	429.23600000000005
431.402	429.036
431.624	426.62600000000003
431.846	431.976
432.068	433.70599999999996
432.29	440.696
432.512	437.536
432.734	439.746
432.956	440.036
433.178	451.646
433.4	449.826
433.622	439.13599999999997
433.844	441.466
434.066	441.77599999999995
434.287	446.88599999999997
434.509	459.356
434.731	469.73600000000005
434.953	477.436
435.175	485.446
435.397	494.566
435.618	488.62600000000003
435.84	521.646
436.062	593.6759999999999
436.284	581.246
436.505	494.09599999999995
436.727	474.38599999999997
436.949	451.80600000000004
437.17	441.716
437.392	436.036
437.614	451.66599999999994
437.835	485.536
438.057	558.106
438.278	593.5559999999999
438.5	576.486
438.721	646.536
438.943	554.6759999999999
439.165	471.62600000000003
439.386	464.466
439.608	467.326
439.829	484.226
440.05	530.096
440.272	569.746
440.493	488.63599999999997
440.715	460.366
440.936	456.726
441.158	460.13599999999997
441.379	464.176
441.6	488.216
441.822	506.536
442.043	531.9259999999999
442.264	588.526
442.486	565.116
442.707	504.786
442.928	507.16599999999994
443.149	542.776
443.371	555.186
443.592	569.056
443.813	636.126
444.034	621.236
444.255	539.956
444.476	525.106
444.698	536.446
444.919	542.286
445.14	569.736
445.361	555.866
445.582	562.746
445.803	630.316
446.024	666.0759999999999
446.245	640.3059999999999
446.466	558.876
446.687	478.73600000000005
446.908	457.006
447.129	439.34599999999995
447.35	431.006
447.571	429.016
447.792	425.37600000000003
448.013	433.13599999999997
448.234	452.41599999999994
448.455	491.746
448.675	580.316
448.896	608.776
449.117	498.66599999999994
449.338	522.316
449.559	628.756
449.779	640.766
450.0	480.246
450.221	435.716
450.442	419.586
450.662	420.716
450.883	437.086
451.104	449.506
451.324	427.34599999999995
451.545	413.366
451.766	403.16599999999994
451.986	393.896
452.207	393.466
452.428	393.55600000000004
452.648	403.45599999999996
452.869	412.936
453.089	418.356
453.31	425.63599999999997
453.53	400.436
453.751	394.796
453.971	405.856
454.192	419.946
454.412	393.496
454.633	387.80600000000004
454.853	383.05600000000004
455.073	385.396
455.294	415.426
455.514	453.586
455.734	412.836
455.955	376.656
456.175	371.466
456.395	366.576
456.616	366.37600000000003
456.836	368.366
457.056	367.906
457.276	366.45599999999996
457.497	375.45599999999996
457.717	374.286
457.937	379.016
458.157	382.826
458.377	391.59599999999995
458.598	427.746
458.818	502.686
459.038	564.786
459.258	518.756
459.478	450.296
459.698	438.686
459.918	442.006
460.138	451.77599999999995
460.358	465.826
460.578	468.446
460.798	475.05600000000004
461.018	474.566
461.238	465.496
461.458	463.826
461.678	458.826
461.898	471.146
462.118	474.246
462.338	493.506
462.558	500.316
462.777	515.486
462.997	552.836
463.217	581.6759999999999
463.437	563.206
463.657	529.086
463.876	522.486
464.096	522.956
464.316	525.986
464.536	528.576
464.755	518.376
464.975	520.896
465.195	584.516
465.414	586.066
465.634	480.09599999999995
465.854	450.016
466.073	436.766
466.293	426.086
466.512	414.496
466.732	411.366
466.951	411.52599999999995
467.171	417.756
467.391	425.48600000000005
467.61	448.656
467.829	481.246
468.049	660.266
468.268	814.7959999999999
468.488	510.966
468.707	437.756
468.927	417.786
469.146	412.356
469.365	414.586
469.585	413.20599999999996
469.804	427.606
470.023	438.246
470.243	431.27599999999995
470.462	445.296
470.681	462.656
470.901	440.906
471.12	432.356
471.339	436.246
471.558	442.52599999999995
471.777	461.976
471.997	548.056
472.216	991.936
472.435	1732.096
472.654	843.6859999999999
472.873	547.646
473.092	482.45599999999996
473.311	458.45599999999996
473.53	443.016
473.749	441.216
473.968	474.426
474.187	540.6560000000001
474.406	496.59599999999995
474.625	432.38599999999997
474.844	415.34599999999995
475.063	411.37600000000003
475.282	409.16599999999994
475.501	413.23600000000005
475.72	416.366
475.939	415.95599999999996
476.158	417.156
476.377	419.976
476.596	418.88599999999997
476.814	431.076
477.033	434.446
477.252	435.436
477.471	441.356
477.69	448.09599999999995
477.908	453.036
478.127	462.466
478.346	466.63599999999997
478.564	475.576
478.783	480.95599999999996
479.002	494.516
479.22	497.066
479.439	510.87600000000003
479.658	523.986
479.876	528.796
480.095	541.9159999999999
480.313	580.236
480.532	597.966
480.751	673.6060000000001
480.969	1096.656
481.188	2611.436
481.406	1897.666
481.624	926.956
481.843	676.166
482.061	600.286
482.28	562.316
482.498	537.136
482.717	518.376
482.935	509.52599999999995
483.153	501.52599999999995
483.372	494.836
483.59	487.87600000000003
483.808	485.866
484.027	484.02599999999995
484.245	486.98600000000005
484.463	486.016
484.681	494.606
484.9	493.02599999999995
485.118	492.936
485.336	498.176
485.554	504.646
485.772	507.946
485.99	511.506
486.209	517.856
486.427	516.866
486.645	525.766
486.863	533.136
487.081	520.106
487.299	515.976
487.517	509.066
487.735	506.246
487.953	505.836
488.171	508.176
488.389	510.186
488.607	515.1759999999999
488.825	510.066
489.043	512.786
489.261	518.9159999999999
489.479	520.976
489.696	528.6560000000001
489.914	535.006
490.132	546.096
490.35	551.296
490.568	560.446
490.786	574.646
491.003	592.546
491.221	616.4259999999999
491.439	644.326
491.657	649.516
491.874	654.096
492.092	661.9359999999999
492.31	670.3259999999999
492.527	686.446
492.745	701.456
492.963	697.556
493.18	689.9960000000001
493.398	681.396
493.615	680.1859999999999
493.833	666.986
494.05	655.4960000000001
494.268	643.5559999999999
494.485	633.396
494.703	626.096
494.92	621.196
495.138	616.446
495.355	610.746
495.573	608.786
495.79	604.526
496.008	604.266
496.225	594.046
496.442	592.316
496.66	598.386
496.877	596.356
497.094	598.606
497.312	605.4259999999999
497.529	614.616
497.746	622.1659999999999
497.963	634.746
498.181	658.006
498.398	673.696
498.615	708.6060000000001
498.832	731.376
499.049	750.866
499.267	783.286
499.484	824.4960000000001
499.701	868.986
499.918	908.6759999999999
500.135	953.666
500.352	991.5260000000001
500.569	1006.446
500.786	1007.9960000000001
501.003	978.0459999999999
501.22	937.096
501.437	896.506
501.654	848.4659999999999
501.871	817.336
502.088	763.126
502.305	723.8259999999999
502.522	690.4659999999999
502.739	667.226
502.956	644.3059999999999
503.172	623.066
503.389	609.086
503.606	612.896
503.823	600.9259999999999
504.04	589.856
504.256	592.096
504.473	599.316
504.69	601.3059999999999
504.907	588.1659999999999
505.123	562.576
505.34	549.356
505.557	539.236
505.773	532.296
505.99	528.566
506.207	525.026
506.423	520.1560000000001
506.64	508.62600000000003
506.856	503.23600000000005
507.073	504.496
507.289	501.656
507.506	502.226
507.722	523.256
507.939	522.526
508.155	493.496
508.372	483.606
508.588	484.116
508.805	483.746
509.021	485.576
509.238	499.226
509.454	497.786
509.67	489.356
509.887	487.616
510.103	500.55600000000004
510.319	566.386
510.536	1023.446
510.752	2437.106
510.968	973.086
511.184	522.1560000000001
511.401	498.13599999999997
511.617	502.946
511.833	544.976
512.049	551.446
512.265	518.9159999999999
512.481	499.66599999999994
512.698	482.336
512.914	475.646
513.13	471.20599999999996
513.346	466.366
513.562	467.05600000000004
513.778	469.02599999999995
513.994	470.686
514.21	479.066
514.426	504.076
514.642	536.206
514.858	536.276
515.074	593.356
515.29	894.896
515.506	1855.406
515.721	953.486
515.937	569.706
516.153	523.116
516.369	508.946
516.585	505.466
516.801	514.186
517.016	521.836
517.232	534.716
517.448	544.346
517.664	556.516
517.879	552.366
518.095	551.936
518.311	545.516
518.527	531.746
518.742	513.736
518.958	496.536
519.173	492.076
519.389	484.506
519.605	476.946
519.82	474.796
520.036	485.84599999999995
520.251	507.546
520.467	504.546
520.682	494.66599999999994
520.898	492.27599999999995
521.113	509.046
521.329	546.766
521.544	645.106
521.76	1046.2659999999998
521.975	2789.2560000000003
522.19	1850.0859999999998
522.406	709.396
522.621	493.446
522.836	455.62600000000003
523.052	438.756
523.267	426.256
523.482	420.226
523.698	422.366
523.913	438.796
524.128	421.466
524.343	406.77599999999995
524.559	404.616
524.774	399.116
524.989	402.906
525.204	412.38599999999997
525.419	406.77599999999995
525.634	393.98600000000005
525.849	392.16599999999994
526.064	389.336
526.28	389.676
526.495	386.66599999999994
526.71	384.186
526.925	381.12600000000003
527.14	382.286
527.355	381.226
527.57	379.016
527.785	383.84599999999995
527.999	381.326
528.214	383.52599999999995
528.429	385.226
528.644	383.336
528.859	382.316
529.074	387.156
529.289	421.02599999999995
529.503	505.316
529.718	425.88599999999997
529.933	396.266
530.148	387.396
530.363	384.296
530.577	379.13599999999997
530.792	378.87600000000003
531.007	380.586
531.221	379.296
531.436	378.37600000000003
531.651	377.656
531.865	377.66599999999994
532.08	378.286
532.295	376.87600000000003
532.509	376.406
532.724	376.41599999999994
532.938	377.87600000000003
533.153	381.246
533.367	376.34599999999995
533.582	376.566
533.796	374.48600000000005
534.011	372.176
534.225	372.66599999999994
534.44	369.646
534.654	369.496
534.868	367.80600000000004
535.083	368.496
535.297	373.546
535.511	379.496
535.726	380.756
535.94	376.926
536.154	367.716
536.369	363.13599999999997
536.583	357.506
536.797	357.496
537.011	356.356
537.225	355.59599999999995
537.44	353.996
537.654	357.37600000000003
537.868	352.506
538.082	356.076
538.296	355.116
538.51	352.316
538.724	351.91599999999994
538.938	350.976
539.153	353.87600000000003
539.367	368.946
539.581	357.446
539.795	349.59599999999995
540.009	347.946
540.222	345.48600000000005
540.436	349.426
540.65	349.966
540.864	354.296
541.078	356.676
541.292	352.436
541.506	347.086
541.72	343.106
541.934	337.106
542.147	339.536
542.361	339.84599999999995
542.575	335.926
542.789	341.276
543.002	342.55600000000004
543.216	346.906
543.43	352.466
543.644	345.106
543.857	345.20599999999996
544.071	343.63599999999997
544.285	347.786
544.498	344.09599999999995
544.712	342.38599999999997
544.925	342.256
545.139	343.23600000000005
545.352	343.766
545.566	342.676
545.779	340.45599999999996
545.993	340.816
546.206	343.256
546.42	342.356
546.633	342.926
546.847	344.23600000000005
547.06	337.52599999999995
547.274	339.936
547.487	340.036
547.7	339.906
547.914	339.34599999999995
548.127	343.106
548.34	341.286
548.554	340.086
548.767	342.20599999999996
548.98	343.286
549.193	343.41599999999994
549.407	343.66599999999994
549.62	345.62600000000003
549.833	344.566
550.046	343.296
550.259	341.66599999999994
550.473	337.076
550.686	337.38599999999997
550.899	334.77599999999995
551.112	333.896
551.325	333.906
551.538	336.066
551.751	336.73600000000005
551.964	336.926
552.177	341.196
552.39	340.446
552.603	347.686
552.816	353.98600000000005
553.029	358.38599999999997
553.242	361.476
553.455	370.186
553.667	378.016
553.88	375.676
554.093	362.80600000000004
554.306	362.336
554.519	358.63599999999997
554.732	344.506
554.944	337.95599999999996
555.157	330.766
555.37	330.20599999999996
555.583	324.396
555.795	324.506
556.008	315.586
556.221	311.446
556.433	310.306
556.646	310.786
556.859	307.636
557.071	308.156
557.284	302.686
557.496	299.006
557.709	302.376
557.921	299.74600000000004
558.134	297.866
558.346	298.416
558.559	297.136
558.771	294.536
558.984	294.406
559.196	292.31600000000003
559.409	291.586
559.621	293.126
559.833	291.106
560.046	290.866
560.258	298.06600000000003
560.47	306.686
560.683	293.876
560.895	291.826
561.107	292.906
561.32	289.286
561.532	287.986
561.744	290.146
561.956	291.646
562.168	292.606
562.381	292.406
562.593	292.146
562.805	291.876
563.017	294.096
563.229	292.106
563.441	294.346
563.653	293.67600000000004
563.865	294.876
564.077	294.636
564.289	299.446
564.501	299.786
564.713	305.526
564.925	312.726
565.137	326.536
565.349	322.126
565.561	323.806
565.773	332.076
565.985	342.66599999999994
566.197	355.036
566.408	372.196
566.62	392.156
566.832	406.696
567.044	410.63599999999997
567.255	412.716
567.467	421.256
567.679	435.41599999999994
567.891	458.686
568.102	455.356
568.314	432.87600000000003
568.526	401.77599999999995
568.737	380.16599999999994
568.949	359.866
569.161	339.356
569.372	324.026
569.584	314.216
569.795	310.186
570.007	323.456
570.218	420.316
570.43	328.786
570.641	295.776
570.853	290.186
571.064	291.556
571.276	291.826
571.487	281.896
571.698	274.67600000000004
571.91	271.296
572.121	265.956
572.333	263.536
572.544	260.386
572.755	257.616
572.966	257.31600000000003
573.178	255.51600000000002
573.389	254.846
573.6	252.506
573.811	249.116
574.023	248.296
574.234	247.62599999999998
574.445	250.256
574.656	246.656
574.867	246.51600000000002
575.078	248.096
575.289	244.46599999999998
575.501	243.95600000000002
575.712	241.136
575.923	239.756
576.134	237.616
576.345	238.746
576.556	238.70600000000002
576.767	239.236
576.978	238.71599999999998
577.188	238.936
577.399	238.796
577.61	235.406
577.821	241.586
578.032	248.21599999999998
578.243	374.076
578.454	770.486
578.665	330.896
578.875	240.42600000000002
579.086	229.60600000000002
579.297	225.236
579.508	224.55599999999998
579.718	225.256
579.929	224.55599999999998
580.14	221.21599999999998
580.35	221.276
580.561	222.45600000000002
580.772	221.28599999999997
580.982	219.60600000000002
581.193	217.756
581.403	218.70600000000002
581.614	218.87599999999998
581.825	217.566
582.035	217.046
582.246	218.096
582.456	215.006
582.667	216.386
582.877	216.10600000000002
583.087	213.096
583.298	213.92600000000002
583.508	214.506
583.719	212.87599999999998
583.929	217.146
584.139	213.506
584.35	211.076
584.56	212.366
584.77	213.646
584.981	213.546
585.191	212.336
585.401	212.596
585.611	211.37599999999998
585.821	213.326
586.032	213.296
586.242	208.996
586.452	210.576
586.662	208.19600000000003
586.872	207.326
587.082	207.546
587.292	206.78599999999997
587.502	208.686
587.713	206.336
587.923	207.616
588.133	208.42600000000002
588.343	208.53599999999997
588.553	207.996
588.762	213.21599999999998
588.972	222.136
589.182	288.606
589.392	239.85600000000002
589.602	235.05599999999998
589.812	265.096
590.022	225.10600000000002
590.232	211.67600000000002
590.441	210.616
590.651	212.666
590.861	208.296
591.071	212.726
591.281	214.336
591.49	212.87599999999998
591.7	216.05599999999998
591.91	219.45600000000002
592.119	218.62599999999998
592.329	225.80599999999998
592.539	234.46599999999998
592.748	232.836
592.958	235.30599999999998
593.167	237.20600000000002
593.377	239.726
593.587	245.53599999999997
593.796	242.44600000000003
594.006	242.67600000000002
594.215	240.506
594.424	240.186
594.634	235.166
594.843	228.28599999999997
595.053	225.28599999999997
595.262	221.69600000000003
595.472	217.116
595.681	214.20600000000002
595.89	210.546
596.1	206.26600000000002
596.309	205.086
596.518	204.37599999999998
596.727	202.336
596.937	200.506
597.146	197.796
597.355	196.866
597.564	195.026
597.774	194.106
597.983	192.546
598.192	191.166
598.401	191.95600000000002
598.61	192.096
598.819	191.416
599.028	191.446
599.237	188.576
599.446	188.816
599.655	189.186
599.864	188.606
600.073	188.336
600.282	188.916
600.491	185.506
600.7	185.866
600.909	185.96599999999998
601.118	187.796
601.327	187.946
601.536	187.856
601.745	185.246
601.953	186.446
602.162	186.666
602.371	187.136
602.58	183.746
602.789	185.196
602.997	182.726
603.206	184.21599999999998
603.415	183.51600000000002
603.623	177.96599999999998
603.832	180.166
604.041	179.316
604.249	178.066
604.458	179.946
604.666	178.45600000000002
604.875	177.896
605.084	177.30599999999998
605.292	175.936
605.501	175.816
605.709	177.116
605.918	176.796
606.126	177.576
606.334	175.696
606.543	177.066
606.751	176.71599999999998
606.96	174.246
607.168	174.996
607.376	175.606
607.585	177.796
607.793	175.26600000000002
608.001	175.96599999999998
608.21	175.396
608.418	174.78599999999997
608.626	173.296
608.834	175.346
609.043	173.646
609.251	173.01600000000002
609.459	173.856
609.667	175.986
609.875	173.776
610.083	172.746
610.291	175.416
610.499	176.616
610.707	175.796
610.916	174.70600000000002
611.124	174.156
611.332	174.336
611.54	174.276
611.748	171.386
611.955	173.53599999999997
612.163	171.326
612.371	170.26600000000002
612.579	170.186
612.787	168.646
612.995	170.95600000000002
613.203	171.826
613.411	170.71599999999998
613.618	167.566
613.826	169.53599999999997
614.034	168.51600000000002
614.242	168.246
614.449	168.486
614.657	168.896
614.865	166.946
615.072	168.646
615.28	168.736
615.488	171.96599999999998
615.695	172.756
615.903	175.006
616.111	176.55599999999998
616.318	180.416
616.526	172.67600000000002
616.733	172.816
616.941	171.886
617.148	169.636
617.356	169.026
617.563	166.006
617.771	168.256
617.978	164.586
618.185	166.17600000000002
618.393	165.03599999999997
618.6	165.486
618.807	165.756
619.015	165.20600000000002
619.222	162.746
619.429	162.51600000000002
619.637	163.046
619.844	161.216
620.051	160.786
620.258	160.236
620.466	159.426
620.673	156.616
620.88	154.966
621.087	157.95600000000002
621.294	158.886
621.501	159.716
621.708	159.796
621.915	159.486
622.122	158.566
622.329	158.506
622.536	158.316
622.743	156.466
622.95	155.856
623.157	153.346
623.364	153.516
623.571	153.726
623.778	152.566
623.985	153.546
624.192	151.996
624.399	150.996
624.606	152.416
624.812	149.626
625.019	150.426
625.226	151.276
625.433	152.416
625.639	149.476
625.846	149.196
626.053	149.566
626.259	148.176
626.466	150.026
626.673	148.476
626.879	148.496
627.086	149.216
627.293	147.936
627.499	144.696
627.706	147.416
627.912	147.126
628.119	146.356
628.325	145.70600000000002
628.532	145.016
628.738	145.246
628.945	144.576
629.151	144.656
629.357	142.796
629.564	144.556
629.77	143.58599999999998
629.976	141.776
630.183	140.916
630.389	142.246
630.595	141.076
630.802	139.83599999999998
631.008	139.83599999999998
631.214	140.196
631.42	140.826
631.627	143.976
631.833	138.576
632.039	138.626
632.245	138.756
632.451	139.066
632.657	138.45600000000002
632.863	137.506
633.069	137.096
633.275	139.016
633.481	138.026
633.688	137.45600000000002
633.893	139.276
634.099	137.316
634.305	137.416
634.511	138.266
634.717	139.55599999999998
634.923	137.386
635.129	137.606
635.335	139.236
635.541	139.33599999999998
635.747	143.036
635.952	145.366
636.158	159.036
636.364	264.186
636.57	244.696
636.775	169.71599999999998
636.981	152.136
637.187	145.716
637.392	143.316
637.598	141.696
637.804	140.566
638.009	139.736
638.215	137.906
638.421	134.446
638.626	134.546
638.832	133.796
639.037	132.506
639.243	133.116
639.448	132.566
639.654	134.58599999999998
639.859	130.646
640.065	128.686
640.27	134.20600000000002
640.475	129.676
640.681	130.516
640.886	131.986
641.091	129.406
641.297	131.146
641.502	129.626
641.707	132.906
641.913	129.886
642.118	129.946
642.323	128.176
642.528	127.946
642.733	130.006
642.939	128.126
643.144	126.756
643.349	126.65599999999999
643.554	126.846
643.759	125.336
643.964	124.876
644.169	126.31599999999999
644.374	125.296
644.579	127.81599999999999
644.784	127.056
644.989	125.676
645.194	124.446
645.399	126.826
645.604	125.096
645.809	129.45600000000002
646.014	126.246
646.219	126.65599999999999
646.423	125.72599999999998
646.628	126.106
646.833	125.46600000000001
647.038	125.39599999999999
647.243	129.636
647.447	127.766
647.652	127.346
647.857	128.05599999999998
648.062	130.30599999999998
648.266	130.416
648.471	135.626
648.676	136.786
648.88	133.846
649.085	134.466
649.289	133.396
649.494	146.566
649.698	181.986
649.903	144.386
650.107	128.486
650.312	125.13600000000001
650.516	122.576
650.721	121.206
650.925	118.836
651.13	115.916
651.334	116.436
651.539	116.796
651.743	115.496
651.947	115.496
652.152	114.65599999999999
652.356	112.186
652.56	114.046
652.764	110.926
652.969	111.876
653.173	111.15599999999999
653.377	110.756
653.581	108.90599999999999
653.785	109.98599999999999
653.99	109.556
654.194	109.306
654.398	109.246
654.602	109.06599999999999
654.806	114.096
655.01	129.516
655.214	114.90599999999999
655.418	109.106
655.622	107.65599999999999
655.826	109.89599999999999
656.03	112.21600000000001
656.234	116.616
656.438	123.14599999999999
656.642	121.756
656.846	114.616
657.049	109.05600000000001
657.253	105.436
657.457	101.71600000000001
657.661	100.356
657.865	96.786
658.068	97.076
658.272	94.596
658.476	93.506
658.68	92.55600000000001
658.883	91.006
659.087	91.81599999999999
659.291	91.90599999999999
659.494	90.426
659.698	89.526
659.901	88.65599999999999
660.105	87.086
660.309	86.296
660.512	86.446
660.716	89.606
660.919	88.536
661.123	88.826
661.326	85.506
661.53	86.196
661.733	86.006
661.936	86.286
662.14	83.426
662.343	85.036
662.546	83.56599999999999
662.75	84.526
662.953	83.88600000000001
663.156	80.156
663.36	83.866
663.563	83.576
663.766	81.616
663.969	83.526
664.173	82.71600000000001
664.376	82.006
664.579	81.346
664.782	79.276
664.985	80.756
665.188	82.06599999999999
665.391	82.166
665.594	81.996
665.797	82.546
666.0	80.176
666.203	80.656
666.406	79.976
666.609	81.006
666.812	81.686
667.015	82.356
667.218	82.836
667.421	82.706
667.624	81.55600000000001
667.827	82.106
668.03	80.95599999999999
668.232	80.256
668.435	80.696
668.638	78.95599999999999
668.841	83.39599999999999
669.043	81.22599999999998
669.246	82.196
669.449	80.836
669.651	80.506
669.854	81.39599999999999
670.057	82.606
670.259	80.146
670.462	79.946
670.665	80.676
670.867	82.956
671.07	82.376
671.272	82.926
671.475	84.276
671.677	82.586
671.88	82.286
672.082	80.176
672.284	82.856
672.487	82.366
672.689	80.70599999999999
672.892	80.176
