223.165	-15.5103
223.4	-15.5103
223.635	-15.5103
223.869	-18.1603
224.104	-19.6003
224.338	-15.320300000000001
224.573	-14.200299999999999
224.808	-13.7603
225.042	-9.940299999999999
225.277	-5.6203
225.511	-2.1303
225.746	3.7697
225.98	7.1597
226.215	11.0197
226.449	16.499699999999997
226.683	20.5397
226.918	25.1997
227.152	30.0397
227.387	33.2097
227.621	38.6597
227.856	43.989700000000006
228.09	45.469699999999996
228.324	49.8897
228.559	56.259699999999995
228.793	59.0197
229.027	70.4397
229.262	74.4897
229.496	81.16969999999999
229.73	94.0697
229.964	93.3997
230.199	82.6297
230.433	83.0197
230.667	85.7597
230.901	86.1897
231.136	84.7197
231.37	86.1497
231.604	86.61970000000001
231.838	88.2297
232.072	88.8597
232.306	90.4097
232.541	89.5597
232.775	88.70970000000001
233.009	86.3997
233.243	86.7397
233.477	90.3897
233.711	87.03970000000001
233.945	87.7397
234.179	88.6997
234.413	90.2597
234.647	88.38969999999999
234.881	87.5497
235.115	87.49969999999999
235.349	89.8597
235.583	89.55969999999999
235.817	87.9697
236.051	90.86970000000001
236.285	88.0697
236.519	89.63969999999999
236.753	90.7197
236.987	95.9397
237.221	105.9897
237.455	111.0497
237.689	94.1797
237.922	89.5797
238.156	89.6597
238.39	87.9297
238.624	87.7697
238.858	87.4297
239.091	87.0697
239.325	89.3197
239.559	91.9097
239.793	91.3997
240.027	92.91969999999999
240.26	93.1997
240.494	94.0497
240.728	93.8497
240.961	93.1297
241.195	93.30969999999999
241.429	91.3497
241.662	89.6297
241.896	90.0997
242.13	90.9397
242.363	90.0897
242.597	89.6097
242.83	92.5097
243.064	90.9397
243.298	91.45970000000001
243.531	91.5697
243.765	93.38969999999999
243.998	94.3597
244.232	94.1497
244.465	98.0097
244.699	96.55969999999999
244.932	95.3597
245.166	93.7197
245.399	94.7297
245.633	95.3197
245.866	94.1897
246.099	95.2697
246.333	95.2797
246.566	94.2297
246.8	94.2697
247.033	97.8297
247.266	96.8397
247.5	98.6797
247.733	100.2797
247.966	102.8797
248.2	99.5497
248.433	100.8797
248.666	100.2697
248.899	105.20970000000001
249.133	109.8797
249.366	119.8397
249.599	116.78970000000001
249.832	104.7997
250.066	103.6997
250.299	104.20970000000001
250.532	104.2997
250.765	105.74969999999999
250.998	110.7397
251.231	110.86970000000001
251.465	109.41969999999999
251.698	104.8597
251.931	104.5697
252.164	106.3297
252.397	105.1097
252.63	107.8497
252.863	110.0797
253.096	110.66969999999999
253.329	113.6797
253.562	110.7397
253.795	111.2197
254.028	111.03970000000001
254.261	111.1897
254.494	114.8297
254.727	123.38969999999999
254.96	122.66969999999999
255.193	116.6997
255.426	112.8997
255.659	110.0097
255.892	112.36970000000001
256.124	109.9897
256.357	110.0797
256.59	110.9297
256.823	109.53970000000001
257.056	108.0997
257.289	109.78970000000001
257.521	111.1597
257.754	111.38969999999999
257.987	108.8397
258.22	112.3597
258.452	111.66969999999999
258.685	110.4497
258.918	112.0997
259.151	112.0697
259.383	115.4897
259.616	114.0797
259.849	115.1297
260.081	119.5197
260.314	122.61970000000001
260.547	120.9497
260.779	116.2397
261.012	116.5797
261.244	116.49969999999999
261.477	120.2797
261.71	122.4697
261.942	134.9197
262.175	139.3797
262.407	119.3297
262.64	111.8397
262.872	113.5497
263.105	114.36970000000001
263.337	115.0797
263.57	113.4897
263.802	115.1597
264.035	113.7697
264.267	113.41969999999999
264.499	115.11970000000001
264.732	116.9697
264.964	114.11970000000001
265.197	113.6597
265.429	114.5497
265.661	115.16969999999999
265.894	115.53970000000001
266.126	116.8297
266.358	116.6797
266.591	117.2697
266.823	118.20970000000001
267.055	116.8497
267.287	119.53970000000001
267.52	117.9797
267.752	119.4297
267.984	119.30969999999999
268.216	118.1097
268.448	121.6797
268.681	120.6597
268.913	125.3297
269.145	129.1997
269.377	130.6297
269.609	126.1597
269.841	127.5897
270.073	128.8797
270.306	133.3097
270.538	138.5297
270.77	134.4297
271.002	131.47969999999998
271.234	131.6097
271.466	134.8397
271.698	137.2497
271.93	138.0797
272.162	139.5797
272.394	136.0797
272.626	132.6297
272.858	129.2497
273.09	128.7097
273.322	127.55969999999999
273.553	127.5297
273.785	126.99969999999999
274.017	127.63969999999999
274.249	128.6697
274.481	126.1597
274.713	127.5897
274.945	130.1297
275.176	129.3397
275.408	129.31969999999998
275.64	126.0097
275.872	128.0197
276.104	131.4297
276.335	132.9297
276.567	139.4197
276.799	149.4397
277.031	148.2097
277.262	142.1797
277.494	139.7997
277.726	133.7997
277.957	132.7497
278.189	132.22969999999998
278.421	132.5397
278.652	131.4197
278.884	131.7797
279.115	130.8397
279.347	129.5397
279.579	128.7397
279.81	130.4297
280.042	131.1997
280.273	132.2997
280.505	132.1697
280.736	131.0397
280.968	132.2097
281.199	132.1797
281.431	133.06969999999998
281.662	134.72969999999998
281.894	135.56969999999998
282.125	143.5997
282.356	161.5797
282.588	181.10969999999998
282.819	157.5497
283.051	138.8697
283.282	134.1597
283.513	138.0197
283.745	136.0197
283.976	137.1397
284.207	138.0097
284.439	138.31969999999998
284.67	139.0097
284.901	138.0097
285.132	136.2697
285.364	138.0297
285.595	135.4897
285.826	138.2397
286.057	139.5197
286.288	137.72969999999998
286.52	138.0797
286.751	137.1197
286.982	138.1197
287.213	138.6497
287.444	141.0997
287.675	140.9597
287.906	143.72969999999998
288.138	145.2897
288.369	146.1697
288.6	147.2397
288.831	141.6097
289.062	142.5297
289.293	142.8097
289.524	140.0297
289.755	139.8497
289.986	139.8597
290.217	141.2897
290.448	140.0597
290.679	141.1897
290.91	143.6097
291.141	140.7397
291.371	141.5997
291.602	141.2797
291.833	140.47969999999998
292.064	140.8797
292.295	142.9497
292.526	143.4997
292.757	142.71970000000002
292.987	141.9397
293.218	141.6697
293.449	142.3597
293.68	142.7797
293.91	142.3997
294.141	144.4997
294.372	141.7897
294.603	142.5097
294.833	145.5797
295.064	146.2697
295.295	145.9997
295.525	147.0097
295.756	154.1297
295.987	166.6397
296.217	187.3197
296.448	174.92970000000003
296.679	151.5997
296.909	145.4397
297.14	147.56969999999998
297.37	147.81969999999998
297.601	146.6597
297.831	146.4897
298.062	148.6797
298.292	147.3497
298.523	148.6597
298.753	148.2097
298.984	146.4897
299.214	148.7697
299.445	149.81969999999998
299.675	152.4397
299.905	152.7997
300.136	148.81969999999998
300.366	147.6397
300.597	150.8297
300.827	155.1597
301.057	161.8697
301.288	163.01969999999997
301.518	155.4497
301.748	153.8697
301.979	165.78969999999998
302.209	155.4397
302.439	156.21970000000002
302.669	153.3097
302.9	152.4497
303.13	153.7797
303.36	157.8397
303.59	160.6897
303.82	164.3197
304.051	156.47969999999998
304.281	154.7697
304.511	154.9097
304.741	152.3797
304.971	151.2397
305.201	152.9497
305.431	152.7797
305.661	152.3097
305.891	150.9097
306.121	155.8697
306.352	161.3297
306.582	165.0997
306.812	154.4097
307.042	153.81969999999998
307.272	155.0297
307.502	154.6597
307.731	154.97969999999998
307.961	153.0197
308.191	152.6297
308.421	153.0197
308.651	153.9097
308.881	154.8997
309.111	157.9997
309.341	158.1597
309.571	161.7497
309.8	160.7597
310.03	163.51969999999997
310.26	165.33970000000002
310.49	163.6397
310.72	167.7597
310.949	170.0297
311.179	170.7597
311.409	162.51969999999997
311.639	163.8697
311.868	164.28969999999998
312.098	164.33970000000002
312.328	166.69969999999998
312.557	173.2597
312.787	175.03969999999998
313.017	172.90970000000002
313.246	167.2297
313.476	163.6397
313.706	165.3297
313.935	167.2197
314.165	171.5797
314.394	173.9797
314.624	168.42970000000003
314.853	169.3297
315.083	163.7397
315.312	163.2797
315.542	162.6197
315.771	163.9597
316.001	161.2897
316.23	161.9197
316.46	162.8497
316.689	163.01969999999997
316.919	163.4697
317.148	165.8697
317.377	167.8697
317.607	165.9897
317.836	163.5697
318.065	162.9697
318.295	162.87969999999999
318.524	161.3697
318.753	160.0197
318.983	163.65970000000002
319.212	167.60969999999998
319.441	173.6397
319.67	173.3297
319.9	163.6197
320.129	163.5497
320.358	166.4697
320.587	167.8997
320.816	169.19969999999998
321.046	169.9597
321.275	171.87969999999999
321.504	168.1197
321.733	169.7097
321.962	171.9397
322.191	175.3297
322.42	178.8897
322.649	184.35970000000003
322.878	187.9697
323.108	193.1697
323.337	206.0297
323.566	214.94970000000004
323.795	235.24970000000002
324.024	295.8897
324.253	488.2697
324.482	943.3196999999999
324.71	1800.6397
324.939	2312.1097
325.168	985.5696999999999
325.397	354.80969999999996
325.626	243.28969999999998
325.855	218.78969999999998
326.084	212.4697
326.313	216.7997
326.542	239.3997
326.77	316.9697
326.999	546.7397
327.228	1043.4197
327.457	1830.1997
327.686	1499.1597
327.914	478.71970000000005
328.143	286.9197
328.372	238.17970000000003
328.6	217.33970000000002
328.829	212.2197
329.058	219.5297
329.287	219.5797
329.515	200.6497
329.744	191.7797
329.972	190.4597
330.201	191.9797
330.43	201.0497
330.658	215.5697
330.887	234.35970000000003
331.115	215.4697
331.344	193.9197
331.572	193.99970000000002
331.801	196.26970000000003
332.03	195.1397
332.258	190.24970000000002
332.486	188.12969999999999
332.715	189.4797
332.943	194.3697
333.172	197.0497
333.4	200.0997
333.629	208.85970000000003
333.857	213.3897
334.085	206.5997
334.314	200.2197
334.542	201.9397
334.771	202.5297
334.999	197.08970000000002
335.227	195.2297
335.455	194.49970000000002
335.684	193.6897
335.912	194.42970000000003
336.14	191.42970000000003
336.369	191.7597
336.597	193.3997
336.825	191.5597
337.053	188.1697
337.281	184.5097
337.51	184.6197
337.738	183.5697
337.966	182.53969999999998
338.194	184.9697
338.422	185.5297
338.65	180.01970000000003
338.878	180.6697
339.106	178.0097
339.334	180.2097
339.562	175.53969999999998
339.79	174.90970000000002
340.018	176.35970000000003
340.246	176.2197
340.474	178.5697
340.702	177.62969999999999
340.93	175.0597
341.158	177.4797
341.386	178.60970000000003
341.614	179.0297
341.842	177.4397
342.07	174.3497
342.298	174.7797
342.526	174.24970000000002
342.754	172.2797
342.981	174.9597
343.209	174.87969999999999
343.437	190.7097
343.665	185.85970000000003
343.893	190.08970000000002
344.12	194.08970000000002
344.348	187.5997
344.576	184.44970000000004
344.804	182.69970000000004
345.031	184.6397
345.259	184.67970000000003
345.487	177.67970000000003
345.714	176.78969999999998
345.942	175.8997
346.17	174.5097
346.397	172.37969999999999
346.625	174.3097
346.853	173.7797
347.08	171.7597
347.308	174.7797
347.535	178.6897
347.763	180.2797
347.99	178.0297
348.218	183.4397
348.445	183.51970000000003
348.673	178.2097
348.9	176.5097
349.128	176.0697
349.355	170.58970000000002
349.583	173.53969999999998
349.81	172.7997
350.037	172.3497
350.265	171.7097
350.492	172.6197
350.72	175.28969999999998
350.947	178.12969999999999
351.174	183.5497
351.402	187.2797
351.629	181.3497
351.856	179.7297
352.083	182.1697
352.311	185.69970000000004
352.538	185.17970000000003
352.765	186.92970000000003
352.992	188.3197
353.22	185.5097
353.447	179.94969999999998
353.674	177.49970000000002
353.901	173.4197
354.128	173.44969999999998
354.355	172.6197
354.583	172.5797
354.81	173.42970000000003
355.037	172.4597
355.264	171.8197
355.491	170.8697
355.718	169.1197
355.945	169.58970000000002
356.172	170.8197
356.399	171.40970000000002
356.626	170.53969999999998
356.853	169.2597
357.08	169.4197
357.307	167.37969999999999
357.534	168.87969999999999
357.761	170.3697
357.988	173.28969999999998
358.215	170.8297
358.441	170.0497
358.668	167.1197
358.895	170.2397
359.122	169.2097
359.349	169.7097
359.576	176.1497
359.802	181.99970000000002
360.029	193.92970000000003
360.256	190.0297
360.483	181.44970000000004
360.709	171.5597
360.936	176.0497
361.163	173.49970000000002
361.39	174.60970000000003
361.616	172.37969999999999
361.843	169.28969999999998
362.07	173.6697
362.296	174.53969999999998
362.523	170.5997
362.749	170.7297
362.976	169.6397
363.203	171.4397
363.429	166.5697
363.656	168.1197
363.882	167.12969999999999
364.109	168.1397
364.335	170.1897
364.562	168.6197
364.788	169.15970000000002
365.015	171.58970000000002
365.241	175.9597
365.468	181.8197
365.694	178.1897
365.92	173.9797
366.147	167.74970000000002
366.373	167.8697
366.599	166.65970000000002
366.826	165.8297
367.052	166.0697
367.278	167.8697
367.505	167.94969999999998
367.731	171.7097
367.957	168.9197
368.184	172.2397
368.41	177.6897
368.636	185.5097
368.862	194.5597
369.089	183.9897
369.315	172.12969999999999
369.541	172.26969999999997
369.767	170.7197
369.993	172.33970000000002
370.219	170.7297
370.445	168.0697
370.672	169.3197
370.898	169.83970000000002
371.124	172.83970000000002
371.35	171.0097
371.576	170.8497
371.802	171.1897
372.028	170.10970000000003
372.254	170.7597
372.48	171.85970000000003
372.706	175.0597
372.932	174.90970000000002
373.158	174.4397
373.384	176.1697
373.61	174.24970000000002
373.835	175.2797
374.061	174.7597
374.287	176.78969999999998
374.513	177.1197
374.739	178.2097
374.965	179.92970000000003
375.191	180.65970000000002
375.416	180.9697
375.642	178.0597
375.868	178.9397
376.094	176.5697
376.319	172.94970000000004
376.545	173.5097
376.771	175.2997
376.997	174.8897
377.222	172.94970000000004
377.448	174.4197
377.674	172.6697
377.899	173.2197
378.125	171.2097
378.35	173.2297
378.576	174.4197
378.802	172.9397
379.027	173.3897
379.253	173.2597
379.478	172.6697
379.704	175.0697
379.929	175.4797
380.155	175.7997
380.38	176.3897
380.606	175.7397
380.831	176.83970000000002
381.057	181.1897
381.282	177.49970000000002
381.507	179.15970000000002
381.733	179.2297
381.958	180.2097
382.184	181.2797
382.409	183.4597
382.634	187.3497
382.86	186.8997
383.085	186.60970000000003
383.31	189.33970000000002
383.535	192.35970000000003
383.761	191.0097
383.986	191.76970000000003
384.211	190.01970000000003
384.436	194.03969999999998
384.662	194.0597
384.887	197.44970000000004
385.112	199.0297
385.337	201.0597
385.562	201.0997
385.787	200.74970000000002
386.013	205.6497
386.238	208.60970000000003
386.463	202.8197
386.688	207.44970000000004
386.913	201.28969999999998
387.138	200.78969999999998
387.363	198.0797
387.588	197.7397
387.813	198.2097
388.038	200.5697
388.263	205.60970000000003
388.488	203.40970000000002
388.713	197.5997
388.938	195.0697
389.163	192.8997
389.387	195.2197
389.612	191.5597
389.837	193.6397
390.062	190.5697
390.287	191.3097
390.512	191.4897
390.736	191.1897
390.961	192.0497
391.186	196.8297
391.411	199.8097
391.636	202.0697
391.86	199.60970000000003
392.085	201.62969999999999
392.31	196.2797
392.534	196.44970000000004
392.759	196.51970000000003
392.984	194.3197
393.208	195.5697
393.433	198.5097
393.658	197.65970000000002
393.882	190.2997
394.107	188.69970000000004
394.331	191.3297
394.556	191.8497
394.78	194.0697
395.005	195.7097
395.229	194.0597
395.454	198.90970000000002
395.678	199.01970000000003
395.903	201.62969999999999
396.127	203.0797
396.352	198.9897
396.576	193.53969999999998
396.801	195.5297
397.025	197.8197
397.249	197.37969999999999
397.474	202.19970000000004
397.698	200.74970000000002
397.922	203.8297
398.147	204.99970000000002
398.371	206.3097
398.595	209.6497
398.82	213.5697
399.044	225.4397
399.268	242.7297
399.492	262.4897
399.717	276.5797
399.941	273.21970000000005
400.165	261.5797
400.389	246.3297
400.613	229.67970000000003
400.837	221.5597
401.062	217.78969999999998
401.286	217.7097
401.51	216.1497
401.734	214.2297
401.958	225.19970000000004
402.182	247.2797
402.406	275.3997
402.63	246.7797
402.854	225.7097
403.078	226.4897
403.302	228.0497
403.526	231.2597
403.75	229.08970000000002
403.974	230.44970000000004
404.198	231.5597
404.422	234.03969999999998
404.645	230.62969999999999
404.869	232.0297
405.093	238.15970000000002
405.317	241.2597
405.541	238.8297
405.765	236.2397
405.988	248.44970000000004
406.212	296.8297
406.436	346.1297
406.66	281.1597
406.883	247.2197
407.107	255.1197
407.331	267.4297
407.555	278.4597
407.778	269.1897
408.002	251.7997
408.226	245.1397
408.449	243.2597
408.673	239.0997
408.896	246.67970000000003
409.12	249.9597
409.344	236.49970000000002
409.567	228.6497
409.791	230.8497
410.014	229.19970000000004
410.238	228.33970000000002
410.461	228.2997
410.685	232.0297
410.908	236.2997
411.132	246.4197
411.355	240.26970000000003
411.578	227.99970000000002
411.802	220.6497
412.025	219.69970000000004
412.249	220.65970000000002
412.472	220.33970000000002
412.695	218.85970000000003
412.919	213.92970000000003
413.142	213.4397
413.365	213.51970000000003
413.589	213.8197
413.812	213.0297
414.035	213.9597
414.258	212.87969999999999
414.482	214.2397
414.705	214.87969999999999
414.928	215.28969999999998
415.151	216.4197
415.374	218.0997
415.597	210.5297
415.821	210.1497
416.044	210.5297
416.267	210.2597
416.49	210.76970000000003
416.713	208.7797
416.936	211.0297
417.159	209.12969999999999
417.382	211.0997
417.605	211.28969999999998
417.828	217.5297
418.051	219.2097
418.274	215.1497
418.497	211.2197
418.72	215.33970000000002
418.943	215.0997
419.166	222.7197
419.389	231.5997
419.611	227.3897
419.834	223.01970000000003
420.057	219.4597
420.28	215.8997
420.503	213.4197
420.726	213.33970000000002
420.948	219.4597
421.171	227.8297
421.394	229.6197
421.617	217.0097
421.839	213.42970000000003
422.062	216.58970000000002
422.285	226.67970000000003
422.507	243.1197
422.73	256.7697
422.953	237.2197
423.175	225.24970000000002
423.398	225.2597
423.621	225.8497
423.843	229.2097
424.066	226.1497
424.288	225.3097
424.511	231.4197
424.733	248.4597
424.956	261.6297
425.178	248.0297
425.401	252.4197
425.623	250.08970000000002
425.846	223.28969999999998
426.068	221.3097
426.291	218.49970000000002
426.513	217.94970000000004
426.735	219.4597
426.958	232.0097
427.18	256.10970000000003
427.402	304.1697
427.625	323.0097
427.847	264.2497
428.069	230.2297
428.292	211.9597
428.514	206.7297
428.736	202.24970000000002
428.958	202.2797
429.181	198.17970000000003
429.403	199.9197
429.625	203.5497
429.847	213.17970000000003
430.069	231.6897
430.292	216.17970000000003
430.514	199.44970000000004
430.736	198.58970000000002
430.958	199.19970000000004
431.18	194.69970000000004
431.402	196.1897
431.624	196.3497
431.846	196.83970000000002
432.068	196.51970000000003
432.29	202.03969999999998
432.512	199.51970000000003
432.734	200.40970000000002
432.956	201.4697
433.178	210.03969999999998
433.4	210.0297
433.622	202.94970000000004
433.844	202.2797
434.066	203.2097
434.287	205.7397
434.509	210.0597
434.731	213.87969999999999
434.953	215.0797
435.175	217.49970000000002
435.397	220.9197
435.618	220.42970000000003
435.84	236.76970000000003
436.062	269.3997
436.284	260.9297
436.505	227.0697
436.727	220.4197
436.949	211.33970000000002
437.17	201.76970000000003
437.392	201.4797
437.614	207.12969999999999
437.835	224.6697
438.057	254.2197
438.278	261.60970000000003
438.5	255.7397
438.721	285.4397
438.943	248.5597
439.165	213.62969999999999
439.386	208.40970000000002
439.608	212.4797
439.829	219.4397
440.05	244.2197
440.272	266.5997
440.493	221.40970000000002
440.715	207.1397
440.936	207.08970000000002
441.158	207.33970000000002
441.379	209.19970000000004
441.6	219.2997
441.822	225.3497
442.043	232.8997
442.264	257.48969999999997
442.486	248.7197
442.707	225.2197
442.928	231.8097
443.149	254.9397
443.371	259.1997
443.592	255.3697
443.813	276.79970000000003
444.034	272.14970000000005
444.255	237.51970000000003
444.476	231.03969999999998
444.698	233.24970000000002
444.919	235.1397
445.14	274.6797
445.361	259.6297
445.582	253.76970000000003
445.803	281.47970000000004
446.024	292.39970000000005
446.245	286.4597
446.466	250.69970000000004
446.687	215.0797
446.908	209.92970000000003
447.129	201.3197
447.35	200.51970000000003
447.571	201.1697
447.792	198.7297
448.013	203.4697
448.234	213.3997
448.455	225.0597
448.675	260.80969999999996
448.896	271.6997
449.117	229.78969999999998
449.338	237.4897
449.559	283.9097
449.779	287.2097
450.0	219.42970000000003
450.221	200.9697
450.442	197.83970000000002
450.662	197.9897
450.883	208.17970000000003
451.104	214.0697
451.324	200.0297
451.545	192.3297
451.766	188.83970000000002
451.986	185.8497
452.207	187.2797
452.428	188.4397
452.648	193.7397
452.869	203.5697
453.089	205.26970000000003
453.31	209.1497
453.53	191.1197
453.751	189.9697
453.971	194.2597
454.192	202.2797
454.412	186.6497
454.633	181.90970000000002
454.853	182.9397
455.073	184.7397
455.294	192.6497
455.514	209.7797
455.734	191.7097
455.955	180.40970000000002
456.175	176.8097
456.395	175.37969999999999
456.616	174.8097
456.836	176.8197
457.056	174.76970000000003
457.276	175.17970000000003
457.497	177.5497
457.717	176.7197
457.937	178.90970000000002
458.157	182.12969999999999
458.377	185.44970000000004
458.598	205.51970000000003
458.818	249.26970000000003
459.038	271.6597
459.258	236.5097
459.478	206.42970000000003
459.698	199.7297
459.918	201.2997
460.138	204.8297
460.358	206.9697
460.578	209.8197
460.798	212.76970000000003
461.018	213.2297
461.238	208.12969999999999
461.458	208.76970000000003
461.678	205.5097
461.898	211.0697
462.118	211.8897
462.338	214.1897
462.558	219.5097
462.777	223.7297
462.997	237.0997
463.217	245.67970000000003
463.437	240.5297
463.657	227.08970000000002
463.876	225.9697
464.096	228.9697
464.316	229.2097
464.536	232.5297
464.755	229.4597
464.975	235.35970000000003
465.195	281.0997
465.414	276.22970000000004
465.634	215.0697
465.854	201.4697
466.073	198.12969999999999
466.293	194.35970000000003
466.512	191.0097
466.732	186.7297
466.951	189.1197
467.171	192.2297
467.391	195.6497
467.61	202.2597
467.829	196.01970000000003
468.049	189.26970000000003
468.268	185.7197
468.488	182.7597
468.707	181.87969999999999
468.927	184.1897
469.146	181.28969999999998
469.365	183.67970000000003
469.585	185.7797
469.804	196.1697
470.023	198.4697
470.243	196.0597
470.462	203.03969999999998
470.681	210.8497
470.901	196.7297
471.12	190.3897
471.339	191.49970000000002
471.558	189.76970000000003
471.777	185.92970000000003
471.997	183.6397
472.216	187.4897
472.435	190.53969999999998
472.654	183.83970000000002
472.873	184.8297
473.092	182.44970000000004
473.311	183.40970000000002
473.53	184.69970000000004
473.749	186.99970000000002
473.968	201.8097
474.187	228.85970000000003
474.406	212.90970000000002
474.625	191.26970000000003
474.844	186.2797
475.063	182.58970000000002
475.282	186.3897
475.501	185.7997
475.72	188.9697
475.939	185.15970000000002
476.158	188.12969999999999
476.377	187.2097
476.596	188.60970000000003
476.814	193.2597
477.033	195.33970000000002
477.252	194.7797
477.471	193.92970000000003
477.69	199.0797
477.908	199.5497
478.127	202.5797
478.346	202.42970000000003
478.564	207.1697
478.783	213.0297
479.002	213.4397
479.22	212.7397
479.439	221.3497
479.658	225.6497
479.876	219.35970000000003
480.095	220.12969999999999
480.313	229.5697
480.532	226.3997
480.751	223.4197
480.969	224.94970000000004
481.188	228.4397
481.406	221.7797
481.624	210.9397
481.843	207.3297
482.061	204.15970000000002
482.28	203.49970000000002
482.498	202.8497
482.717	201.42970000000003
482.935	202.2297
483.153	201.3497
483.372	203.58970000000002
483.59	204.44970000000004
483.808	204.37969999999999
484.027	202.9897
484.245	209.5797
484.463	205.58970000000002
484.681	211.94970000000004
484.9	209.5997
485.118	213.8197
485.336	212.4897
485.554	217.74970000000002
485.772	218.3197
485.99	223.7097
486.209	225.01970000000003
486.427	223.24970000000002
486.645	227.10970000000003
486.863	231.8497
487.081	223.3897
487.299	218.83970000000002
487.517	216.7197
487.735	217.2397
487.953	213.4697
488.171	214.2297
488.389	217.33970000000002
488.607	218.6497
488.825	213.5497
489.043	212.4897
489.261	214.65970000000002
489.479	212.78969999999998
489.696	212.9197
489.914	214.90970000000002
490.132	215.87969999999999
490.35	218.67970000000003
490.568	217.2797
490.786	220.9897
491.003	220.2597
491.221	223.4597
491.439	226.8497
491.657	228.2597
491.874	229.1697
492.092	227.53969999999998
492.31	229.62969999999999
492.527	226.87969999999999
492.745	228.17970000000003
492.963	230.28969999999998
493.18	232.2197
493.398	234.3897
493.615	239.5997
493.833	239.99970000000002
494.05	234.5997
494.268	234.94970000000004
494.485	235.9397
494.703	232.4697
494.92	235.0097
495.138	236.2097
495.355	236.8897
495.573	236.92970000000003
495.79	235.51970000000003
496.008	238.2297
496.225	237.94970000000004
496.442	236.7597
496.66	241.0497
496.877	239.03969999999998
497.094	244.03969999999998
497.312	243.08970000000002
497.529	247.6397
497.746	252.3197
497.963	255.15970000000002
498.181	264.0697
498.398	270.4497
498.615	290.6897
498.832	293.29970000000003
499.049	295.1797
499.267	308.5197
499.484	322.28970000000004
499.701	337.7697
499.918	355.1197
500.135	371.0297
500.352	382.7097
500.569	384.90970000000004
500.786	383.1397
501.003	373.3497
501.22	359.2697
501.437	344.07970000000006
501.654	331.4397
501.871	327.03970000000004
502.088	302.7097
502.305	292.28970000000004
502.522	280.5797
502.739	273.1697
502.956	261.54970000000003
503.172	258.28970000000004
503.389	255.74970000000002
503.606	259.6397
503.823	254.08970000000002
504.04	250.03969999999998
504.256	250.7397
504.473	249.6897
504.69	253.90970000000002
504.907	251.42970000000003
505.123	239.0697
505.34	235.17970000000003
505.557	232.0997
505.773	230.99970000000002
505.99	227.1897
506.207	227.5697
506.423	224.3897
506.64	221.76970000000003
506.856	221.4597
507.073	222.6197
507.289	222.8897
507.506	225.76970000000003
507.722	237.8097
507.939	235.94970000000004
508.155	223.2397
508.372	217.0997
508.588	216.44970000000004
508.805	217.7197
509.021	219.1497
509.238	224.5697
509.454	224.4697
509.67	225.8297
509.887	227.0297
510.103	246.90970000000002
510.319	323.29970000000003
510.536	829.6796999999999
510.752	2338.8597
510.968	731.9596999999999
511.184	265.5997
511.401	225.1897
511.617	214.12969999999999
511.833	208.83970000000002
512.049	206.5997
512.265	205.5497
512.481	205.9197
512.698	203.90970000000002
512.914	205.90970000000002
513.13	205.12969999999999
513.346	204.37969999999999
513.562	208.60970000000003
513.778	208.8097
513.994	210.33970000000002
514.21	218.44970000000004
514.426	232.60970000000003
514.642	250.0797
514.858	246.6697
515.074	284.8497
515.29	550.4997
515.506	1464.6597
515.721	619.1697
515.937	274.5997
516.153	235.19970000000004
516.369	226.5997
516.585	223.0797
516.801	224.7097
517.016	229.4397
517.232	235.4397
517.448	237.5697
517.664	241.8097
517.879	242.40970000000002
518.095	239.17970000000003
518.311	237.35970000000003
518.527	230.2797
518.742	226.1197
518.958	221.4697
519.173	219.1697
519.389	218.1697
519.605	216.6697
519.82	216.8197
520.036	223.0497
520.251	234.08970000000002
520.467	232.1197
520.682	225.33970000000002
520.898	226.8197
521.113	236.0497
521.329	258.35970000000003
521.544	324.3697
521.76	659.9497
521.975	2325.6397
522.19	1435.5497
522.406	408.0297
522.621	233.65970000000002
522.836	212.6897
523.052	203.0597
523.267	198.3097
523.482	196.9697
523.698	201.26970000000003
523.913	214.9697
524.128	200.5997
524.343	193.0697
524.559	191.15970000000002
524.774	187.8497
524.989	192.0597
525.204	200.49970000000002
525.419	193.8997
525.634	187.0097
525.849	186.67970000000003
526.064	185.3097
526.28	186.12969999999999
526.495	183.8497
526.71	181.9797
526.925	181.6697
527.14	182.9197
527.355	181.19970000000004
527.57	182.67970000000003
527.785	182.10970000000003
527.999	180.8897
528.214	185.5497
528.429	186.0097
528.644	183.5797
528.859	184.2597
529.074	186.26970000000003
529.289	212.90970000000002
529.503	262.5097
529.718	203.2997
529.933	187.7197
530.148	182.7397
530.363	183.7997
530.577	181.5297
530.792	182.69970000000004
531.007	182.2197
531.221	182.7997
531.436	182.37969999999999
531.651	183.5997
531.865	180.1697
532.08	180.9397
532.295	182.8197
532.509	179.90970000000002
532.724	179.7797
532.938	183.7197
533.153	185.7297
533.367	183.2397
533.582	183.8897
533.796	181.3997
534.011	179.9197
534.225	178.92970000000003
534.44	177.69970000000004
534.654	181.67970000000003
534.868	180.1497
535.083	179.99970000000002
535.297	181.87969999999999
535.511	186.9197
535.726	189.53969999999998
535.94	185.99970000000002
536.154	181.51970000000003
536.369	176.9697
536.583	173.4897
536.797	175.8197
537.011	174.78969999999998
537.225	175.6397
537.44	173.8497
537.654	174.0797
537.868	173.33970000000002
538.082	173.5597
538.296	173.1497
538.51	173.8197
538.724	172.49970000000002
538.938	173.5797
539.153	177.67970000000003
539.367	185.99970000000002
539.581	176.69970000000004
539.795	171.0597
540.009	171.7997
540.222	171.03969999999998
540.436	173.35970000000003
540.65	173.08970000000002
540.864	173.35970000000003
541.078	176.0697
541.292	173.92970000000003
541.506	170.87969999999999
541.72	169.9897
541.934	167.9397
542.147	169.7397
542.361	168.7297
542.575	166.17970000000003
542.789	166.87969999999999
543.002	166.2797
543.216	172.90970000000002
543.43	175.4597
543.644	171.0497
543.857	171.9397
544.071	170.0097
544.285	173.3497
544.498	170.17970000000003
544.712	169.44970000000004
544.925	169.6497
545.139	169.5497
545.352	169.03969999999998
545.566	169.7397
545.779	169.8097
545.993	169.2197
546.206	168.9597
546.42	167.3897
546.633	168.8697
546.847	172.67970000000003
547.06	168.9397
547.274	167.94969999999998
547.487	168.2297
547.7	167.0297
547.914	166.74970000000002
548.127	168.3897
548.34	169.08970000000002
548.554	168.4797
548.767	170.4197
548.98	168.35970000000003
549.193	168.9797
549.407	169.0697
549.62	169.8197
549.833	170.53969999999998
550.046	170.92970000000003
550.259	169.1897
550.473	167.2397
550.686	167.2797
550.899	165.44969999999998
551.112	166.37969999999999
551.325	166.10969999999998
551.538	165.49970000000002
551.751	165.5997
551.964	167.2297
552.177	167.7197
552.39	169.3097
552.603	170.85970000000003
552.816	172.5297
553.029	174.49970000000002
553.242	177.8197
553.455	181.9897
553.667	189.7297
553.88	185.6497
554.093	176.2197
554.306	175.60970000000003
554.519	170.78969999999998
554.732	170.49970000000002
554.944	167.8497
555.157	165.5697
555.37	164.4897
555.583	166.1897
555.795	167.0997
556.008	161.46970000000002
556.221	160.6997
556.433	159.56969999999998
556.646	161.4497
556.859	158.1997
557.071	159.3997
557.284	157.0397
557.496	156.0497
557.709	157.4297
557.921	156.6897
558.134	154.96970000000002
558.346	153.6897
558.559	152.4497
558.771	154.9297
558.984	154.8897
559.196	154.0097
559.409	151.1097
559.621	153.6897
559.833	152.0197
560.046	152.06969999999998
560.258	152.4197
560.47	153.56969999999998
560.683	152.9897
560.895	151.4897
561.107	151.9497
561.32	151.7997
561.532	153.0497
561.744	154.1697
561.956	153.0897
562.168	153.96970000000002
562.381	153.6697
562.593	153.8997
562.805	156.2797
563.017	155.0297
563.229	157.0297
563.441	152.4297
563.653	153.8497
563.865	154.0197
564.077	154.7897
564.289	156.9597
564.501	156.06969999999998
564.713	159.2797
564.925	164.85969999999998
565.137	172.7297
565.349	164.62969999999999
565.561	165.0997
565.773	167.1497
565.985	169.3197
566.197	172.6897
566.408	177.1397
566.62	185.19970000000004
566.832	190.2197
567.044	193.53969999999998
567.255	192.67970000000003
567.467	194.9697
567.679	201.5097
567.891	209.3897
568.102	209.65970000000002
568.314	201.37969999999999
568.526	187.78969999999998
568.737	183.85970000000003
568.949	175.6397
569.161	168.8097
569.372	163.8297
569.584	162.0297
569.795	163.17970000000003
570.007	181.5697
570.218	302.2197
570.43	196.4797
570.641	156.0097
570.853	153.0297
571.064	153.8297
571.276	152.4297
571.487	149.3897
571.698	147.8797
571.91	146.4297
572.121	144.1897
572.333	143.9997
572.544	141.6297
572.755	142.4197
572.966	140.6197
573.178	141.5397
573.389	141.3697
573.6	139.6197
573.811	138.5897
574.023	140.1397
574.234	139.72969999999998
574.445	142.0797
574.656	137.0597
574.867	139.4297
575.078	138.21970000000002
575.289	137.96970000000002
575.501	139.6297
575.712	136.8897
575.923	137.0397
576.134	137.5897
576.345	136.56969999999998
576.556	138.5097
576.767	138.0197
576.978	137.1797
577.188	138.6297
577.399	137.0997
577.61	136.8897
577.821	144.1297
578.032	157.6397
578.243	310.9397
578.454	766.0997
578.665	252.99970000000002
578.875	147.5797
579.086	136.2597
579.297	132.6197
579.508	130.4397
579.718	133.6797
579.929	132.6597
580.14	129.1497
580.35	130.0597
580.561	130.6197
580.772	129.1097
580.982	128.0197
581.193	129.0397
581.403	129.9397
581.614	128.6897
581.825	128.56969999999998
582.035	128.8297
582.246	130.3997
582.456	127.45970000000001
582.667	128.4497
582.877	129.06969999999998
583.087	126.45970000000001
583.298	129.2397
583.508	128.2497
583.719	127.45970000000001
583.929	131.0897
584.139	128.4597
584.35	127.91969999999999
584.56	128.6997
584.77	127.9497
584.981	128.2497
585.191	128.0797
585.401	127.3397
585.611	128.0597
585.821	127.2997
586.032	128.2597
586.242	124.8797
586.452	125.8297
586.662	125.4497
586.872	126.20970000000001
587.082	123.1897
587.292	124.4397
587.502	124.61970000000001
587.713	123.45970000000001
587.923	124.66969999999999
588.133	126.3197
588.343	124.88969999999999
588.553	124.7597
588.762	127.5697
588.972	129.0297
589.182	141.31969999999998
589.392	130.7797
589.602	127.05969999999999
589.812	133.6097
590.022	129.47969999999998
590.232	125.9297
590.441	126.61970000000001
590.651	125.49969999999999
590.861	125.3497
591.071	125.3597
591.281	128.0197
591.49	126.1597
591.7	127.9897
591.91	130.4997
592.119	130.4597
592.329	131.6097
592.539	136.4397
592.748	133.7597
592.958	135.3397
593.167	134.9897
593.377	135.0997
593.587	141.0297
593.796	138.3497
594.006	135.4497
594.215	135.8697
594.424	136.1197
594.634	135.3497
594.843	132.5897
595.053	130.56969999999998
595.262	130.3797
595.472	129.9897
595.681	127.1597
595.89	126.99969999999999
596.1	125.7397
596.309	124.4897
596.518	123.7197
596.727	123.86970000000001
596.937	122.36970000000001
597.146	122.38969999999999
597.355	122.7197
597.564	121.0097
597.774	121.8997
597.983	118.9397
598.192	118.0197
598.401	119.0097
598.61	119.78970000000001
598.819	119.3397
599.028	117.3997
599.237	117.1497
599.446	119.24969999999999
599.655	120.13969999999999
599.864	119.7797
600.073	117.41969999999999
600.282	120.2697
600.491	119.70970000000001
600.7	117.9897
600.909	119.20970000000001
601.118	118.5897
601.327	120.5997
601.536	118.1897
601.745	118.7997
601.953	119.6797
602.162	117.4497
602.371	118.2197
602.58	115.5797
602.789	118.20970000000001
602.997	116.6297
603.206	117.91969999999999
603.415	115.45970000000001
603.623	114.2297
603.832	113.5997
604.041	114.9797
604.249	112.8297
604.458	115.3197
604.666	113.91969999999999
604.875	113.9497
605.084	115.11970000000001
605.292	115.66969999999999
605.501	113.38969999999999
605.709	113.0097
605.918	113.4697
606.126	115.6797
606.334	113.80969999999999
606.543	114.5197
606.751	114.49969999999999
606.96	112.5797
607.168	113.2197
607.376	115.2997
607.585	114.8197
607.793	113.9697
608.001	113.8297
608.21	111.0897
608.418	112.45970000000001
608.626	113.0497
608.834	112.3797
609.043	112.8797
609.251	112.5997
609.459	112.6597
609.667	114.11970000000001
609.875	112.05969999999999
610.083	112.49969999999999
610.291	112.9897
610.499	112.8997
610.707	112.03970000000001
610.916	113.1097
611.124	112.8797
611.332	111.8497
611.54	112.80969999999999
611.748	112.2297
611.955	111.7297
612.163	111.95970000000001
612.371	112.7997
612.579	111.3397
612.787	112.78970000000001
612.995	112.7197
613.203	112.7397
613.411	109.4897
613.618	110.7797
613.826	109.3497
614.034	110.95970000000001
614.242	112.05969999999999
614.449	111.30969999999999
614.657	111.63969999999999
614.865	113.0997
615.072	113.8797
615.28	112.95970000000001
615.488	114.0297
615.695	115.9497
615.903	120.7197
616.111	121.9797
616.318	123.5897
616.526	118.3397
616.733	119.13969999999999
616.941	116.1797
617.148	116.20970000000001
617.356	114.05969999999999
617.563	113.16969999999999
617.771	114.41969999999999
617.978	112.11970000000001
618.185	112.5497
618.393	109.5997
618.6	110.6497
618.807	109.9397
619.015	110.6897
619.222	111.13969999999999
619.429	110.7697
619.637	111.2597
619.844	109.78970000000001
620.051	109.9897
620.258	109.16969999999999
620.466	110.24969999999999
620.673	108.8297
620.88	107.1997
621.087	107.8197
621.294	110.0797
621.501	108.0197
621.708	107.2697
621.915	109.05969999999999
622.122	107.66969999999999
622.329	108.8797
622.536	107.24969999999999
622.743	105.3297
622.95	107.0797
623.157	106.4397
623.364	108.2597
623.571	108.9297
623.778	106.3497
623.985	108.1097
624.192	106.5297
624.399	106.28970000000001
624.606	106.99969999999999
624.812	104.8297
625.019	104.41969999999999
625.226	105.7997
625.433	108.0697
625.639	105.4097
625.846	105.3597
626.053	104.0197
626.259	105.9897
626.466	106.4797
626.673	105.2297
626.879	105.5897
627.086	105.4497
627.293	107.0697
627.499	105.1797
627.706	105.4297
627.912	104.6297
628.119	103.6797
628.325	106.5497
628.532	103.4297
628.738	104.5197
628.945	103.4797
629.151	103.4697
629.357	103.0097
629.564	102.8497
629.77	105.80969999999999
629.976	103.1297
630.183	101.1297
630.389	102.30969999999999
630.595	102.6297
630.802	102.1597
631.008	102.6597
631.214	101.1097
631.42	102.2197
631.627	105.8997
631.833	103.9397
632.039	101.1897
632.245	101.7297
632.451	103.3297
632.657	102.2597
632.863	99.7597
633.069	101.80969999999999
633.275	101.0897
633.481	100.3397
633.688	100.7797
633.893	102.4297
634.099	101.8597
634.305	98.7397
634.511	100.2597
634.717	101.4397
634.923	99.63969999999999
635.129	98.38969999999999
635.335	100.66969999999999
635.541	99.0097
635.747	100.3197
635.952	98.8397
636.158	99.2697
636.364	100.80969999999999
636.57	100.36970000000001
636.775	100.6097
636.981	98.6597
637.187	99.9397
637.392	99.7597
637.598	99.5797
637.804	100.2197
638.009	99.5997
638.215	100.3597
638.421	98.70970000000001
638.626	97.49969999999999
638.832	99.1097
639.037	99.4097
639.243	97.88969999999999
639.448	98.5497
639.654	101.1897
639.859	98.8497
640.065	98.7997
640.27	102.1297
640.475	97.61970000000001
640.681	97.3797
640.886	99.4897
641.091	98.4897
641.297	100.2197
641.502	99.1097
641.707	99.2197
641.913	99.9397
642.118	98.86970000000001
642.323	97.95970000000001
642.528	100.4697
642.733	98.4897
642.939	99.5897
643.144	97.7397
643.349	97.4297
643.554	99.4797
643.759	98.4797
643.964	96.5697
644.169	98.5297
644.374	98.2697
644.579	98.1997
644.784	98.3797
644.989	97.8197
645.194	97.8497
645.399	98.3397
645.604	99.0697
645.809	100.49969999999999
646.014	98.6297
646.219	97.9897
646.423	98.5497
646.628	98.2397
646.833	99.0797
647.038	99.5897
647.243	97.7797
647.447	97.6297
647.652	98.6297
647.857	98.9297
648.062	100.38969999999999
648.266	100.9297
648.471	105.05969999999999
648.676	108.03970000000001
648.88	104.8797
649.085	105.4297
649.289	104.80969999999999
649.494	116.3997
649.698	144.1797
649.903	112.4097
650.107	101.45970000000001
650.312	98.20970000000001
650.516	95.9297
650.721	94.7797
650.925	94.41969999999999
651.13	96.0697
651.334	93.7797
651.539	95.7797
651.743	93.8597
651.947	94.8197
652.152	93.4097
652.356	94.24969999999999
652.56	93.0097
652.764	91.4497
652.969	91.7697
653.173	91.0297
653.377	90.2997
653.581	90.1497
653.785	90.2597
653.99	91.9297
654.194	91.7197
654.398	90.4797
654.602	91.6597
654.806	95.28970000000001
655.01	110.0497
655.214	97.7297
655.418	93.99969999999999
655.622	90.41969999999999
655.826	92.5597
656.03	93.91969999999999
656.234	97.3597
656.438	101.0097
656.642	102.5697
656.846	96.3597
657.049	93.4697
657.253	90.1497
657.457	87.9697
657.661	89.3797
657.865	88.45970000000001
658.068	87.0897
658.272	87.4497
658.476	86.6597
658.68	85.6797
658.883	85.11970000000001
659.087	83.53970000000001
659.291	84.6797
659.494	85.16969999999999
659.698	82.61970000000001
659.901	84.11970000000001
660.105	84.1797
660.309	83.0597
660.512	82.8597
660.716	84.0497
660.919	84.2597
661.123	85.78970000000001
661.326	82.7397
661.53	82.61970000000001
661.733	83.5997
661.936	84.2597
662.14	80.5997
662.343	83.6497
662.546	82.4897
662.75	82.4097
662.953	83.4897
663.156	82.20970000000001
663.36	81.0797
663.563	82.4897
663.766	80.6997
663.969	83.4097
664.173	80.9597
664.376	80.8497
664.579	80.8497
664.782	82.5897
664.985	81.1897
665.188	81.9897
665.391	81.9497
665.594	81.6397
665.797	81.4897
666.0	81.41969999999999
666.203	80.7697
666.406	81.4097
666.609	82.20970000000001
666.812	82.4897
667.015	81.6297
667.218	83.2997
667.421	82.6597
667.624	81.6497
667.827	81.0197
668.03	80.3397
668.232	80.2997
668.435	80.6897
668.638	80.9497
668.841	83.4897
669.043	80.5797
669.246	82.5597
669.449	80.28970000000001
669.651	80.7997
669.854	80.6897
670.057	81.0997
670.259	82.2297
670.462	80.7797
670.665	80.9697
670.867	81.99969999999999
671.07	81.3297
671.272	83.66969999999999
671.475	83.3797
671.677	80.1897
671.88	81.49969999999999
672.082	80.0197
672.284	82.1997
672.487	82.1797
672.689	81.4497
672.892	78.72970000000001
