223.165	-15.9407
223.4	-15.9407
223.635	-15.9407
223.869	-19.9507
224.104	-18.8107
224.338	-15.070699999999999
224.573	-14.590699999999998
224.808	-13.4907
225.042	-8.1907
225.277	-5.7707
225.511	-2.3907
225.746	3.5093
225.98	6.3593
226.215	11.639299999999999
226.449	15.699300000000001
226.683	20.7693
226.918	24.5193
227.152	31.7093
227.387	33.729299999999995
227.621	39.8193
227.856	44.3093
228.09	46.909299999999995
228.324	51.23929999999999
228.559	55.949299999999994
228.793	70.6893
229.027	102.1893
229.262	114.1793
229.496	125.9293
229.73	153.55929999999998
229.964	155.9493
230.199	123.6493
230.433	117.44930000000001
230.667	119.4093
230.901	117.21929999999999
231.136	117.7293
231.37	118.3593
231.604	120.2793
231.838	121.20930000000001
232.072	120.91929999999999
232.306	122.5693
232.541	124.5093
232.775	122.6793
233.009	123.7293
233.243	124.8093
233.477	125.1493
233.711	127.2393
233.945	126.53930000000001
234.179	127.1793
234.413	127.8493
234.647	127.3293
234.881	127.44930000000001
235.115	129.7193
235.349	129.29930000000002
235.583	131.1993
235.817	133.80929999999998
236.051	135.6593
236.285	134.0793
236.519	135.8393
236.753	144.89929999999998
236.987	166.27929999999998
237.221	214.84929999999997
237.455	228.68929999999997
237.689	164.57930000000002
237.922	148.55929999999998
238.156	144.4393
238.39	142.3493
238.624	137.6393
238.858	138.7893
239.091	140.80929999999998
239.325	141.5693
239.559	144.2493
239.793	145.0693
240.027	152.9393
240.26	166.1393
240.494	172.5493
240.728	168.75930000000002
240.961	166.4793
241.195	160.9293
241.429	153.9193
241.662	151.4793
241.896	151.39929999999998
242.13	154.4593
242.363	153.1793
242.597	156.0993
242.83	159.79930000000002
243.064	158.4593
243.298	158.9593
243.531	159.51930000000002
243.765	159.8193
243.998	162.8193
244.232	164.66930000000002
244.465	171.66930000000002
244.699	169.82930000000002
244.932	169.36929999999998
245.166	169.66930000000002
245.399	169.09929999999997
245.633	171.01930000000002
245.866	171.32930000000002
246.099	171.82930000000002
246.333	172.9493
246.566	174.9093
246.8	176.5593
247.033	181.98930000000001
247.266	184.6793
247.5	189.8293
247.733	194.8393
247.966	197.86929999999998
248.2	195.02929999999998
248.433	197.7993
248.666	203.02929999999998
248.899	216.9493
249.133	228.2893
249.366	236.7993
249.599	224.1593
249.832	207.48930000000001
250.066	209.4293
250.299	215.8593
250.532	229.3893
250.765	244.52929999999998
250.998	258.71930000000003
251.231	249.3393
251.465	234.43929999999997
251.698	225.8393
251.931	224.2193
252.164	223.5393
252.397	225.23930000000001
252.63	232.3593
252.863	240.0693
253.096	254.0693
253.329	257.8093
253.562	249.4293
253.795	241.1393
254.028	243.6093
254.261	247.27929999999998
254.494	266.41929999999996
254.727	301.1093
254.96	309.6093
255.193	284.16929999999996
255.426	264.09929999999997
255.659	257.21930000000003
255.892	264.96930000000003
256.124	275.2893
256.357	268.7093
256.59	257.72929999999997
256.823	246.3893
257.056	243.9493
257.289	245.0393
257.521	245.45929999999998
257.754	241.93929999999997
257.987	240.2993
258.22	243.0693
258.452	241.6393
258.685	244.9793
258.918	246.48930000000001
259.151	250.01930000000002
259.383	258.1293
259.616	260.1893
259.849	264.21930000000003
260.081	278.8293
260.314	297.9593
260.547	291.1893
260.779	274.71930000000003
261.012	266.16929999999996
261.244	260.4493
261.477	261.4493
261.71	265.6193
261.942	281.6593
262.175	288.2093
262.407	262.7693
262.64	253.9093
262.872	255.0093
263.105	253.52929999999998
263.337	256.14930000000004
263.57	257.2993
263.802	255.9993
264.035	256.7393
264.267	256.89930000000004
264.499	258.1593
264.732	258.6293
264.964	260.1193
265.197	260.7793
265.429	261.9993
265.661	262.2893
265.894	263.7493
266.126	266.9893
266.358	267.8693
266.591	269.6993
266.823	279.46930000000003
267.055	278.6393
267.287	279.3293
267.52	275.1293
267.752	275.9293
267.984	277.7593
268.216	282.9293
268.448	287.09929999999997
268.681	292.34929999999997
268.913	306.8893
269.145	325.6293
269.377	332.0493
269.609	322.59929999999997
269.841	320.1593
270.073	328.9193
270.306	359.6893
270.538	374.5193
270.77	357.85929999999996
271.002	344.60929999999996
271.234	339.4093
271.466	355.0993
271.698	368.1593
271.93	368.3093
272.162	370.1893
272.394	361.0093
272.626	346.28929999999997
272.858	333.20930000000004
273.09	323.7793
273.322	323.2393
273.553	318.1793
273.785	317.8893
274.017	318.0093
274.249	322.22929999999997
274.481	322.22929999999997
274.713	322.41929999999996
274.945	326.8093
275.176	325.1993
275.408	324.1793
275.64	321.2593
275.872	321.8593
276.104	328.38930000000005
276.335	329.8993
276.567	345.5793
276.799	368.20930000000004
277.031	388.5893
277.262	389.8793
277.494	377.1493
277.726	359.78929999999997
277.957	348.4393
278.189	342.4693
278.421	338.67929999999996
278.652	337.7593
278.884	336.85929999999996
279.115	335.6993
279.347	337.2993
279.579	335.20930000000004
279.81	337.27930000000003
280.042	339.0493
280.273	340.2693
280.505	342.63930000000005
280.736	340.9693
280.968	342.0593
281.199	343.8993
281.431	345.9193
281.662	347.6193
281.894	351.45930000000004
282.125	360.1993
282.356	389.8793
282.588	418.45930000000004
282.819	386.10929999999996
283.051	361.4693
283.282	355.8693
283.513	361.8093
283.745	361.5993
283.976	366.5493
284.207	366.70930000000004
284.439	365.6993
284.67	365.1593
284.901	367.4393
285.132	365.5493
285.364	363.8793
285.595	368.22929999999997
285.826	365.5993
286.057	372.67929999999996
286.288	368.7993
286.52	372.0893
286.751	374.24929999999995
286.982	374.52930000000003
287.213	374.3793
287.444	380.0493
287.675	385.72929999999997
287.906	394.6693
288.138	398.7693
288.369	400.38930000000005
288.6	398.7593
288.831	390.42929999999996
289.062	388.22929999999997
289.293	388.0793
289.524	387.27930000000003
289.755	385.1493
289.986	383.5593
290.217	386.0493
290.448	385.7693
290.679	387.2693
290.91	386.81930000000006
291.141	384.27930000000003
291.371	388.9093
291.602	388.8693
291.833	384.8293
292.064	388.52930000000003
292.295	388.6493
292.526	391.53929999999997
292.757	388.31930000000006
292.987	387.92929999999996
293.218	386.2393
293.449	391.7693
293.68	394.60929999999996
293.91	388.7693
294.141	391.2393
294.372	389.5093
294.603	391.4393
294.833	395.4393
295.064	395.2393
295.295	396.78929999999997
295.525	398.06930000000006
295.756	409.7593
295.987	427.77930000000003
296.217	457.7593
296.448	442.0093
296.679	408.9493
296.909	405.0193
297.14	405.6193
297.37	412.1293
297.601	416.3093
297.831	412.52930000000003
298.062	414.97929999999997
298.292	416.0593
298.523	421.8093
298.753	420.9493
298.984	419.13930000000005
299.214	419.7993
299.445	419.6293
299.675	424.03929999999997
299.905	428.81930000000006
300.136	424.0893
300.366	426.2593
300.597	429.27930000000003
300.827	442.6593
301.057	450.0193
301.288	458.3493
301.518	448.77930000000003
301.748	445.8693
301.979	460.0093
302.209	452.38930000000005
302.439	450.9093
302.669	443.60929999999996
302.9	442.2193
303.13	442.5793
303.36	449.03929999999997
303.59	453.45930000000004
303.82	461.8693
304.051	452.63930000000005
304.281	446.03929999999997
304.511	441.8093
304.741	440.88930000000005
304.971	439.5493
305.201	437.10929999999996
305.431	440.0893
305.661	441.7993
305.891	435.74929999999995
306.121	444.0193
306.352	451.2993
306.582	451.6693
306.812	435.7693
307.042	439.9193
307.272	441.78929999999997
307.502	440.70930000000004
307.731	444.6993
307.961	439.6293
308.191	440.6193
308.421	440.8093
308.651	445.1193
308.881	444.3093
309.111	447.99929999999995
309.341	450.7193
309.571	460.42929999999996
309.8	465.95930000000004
310.03	474.4093
310.26	473.78929999999997
310.49	470.4893
310.72	486.7393
310.949	494.70930000000004
311.179	490.56930000000006
311.409	476.8993
311.639	479.4193
311.868	481.13930000000005
312.098	483.1493
312.328	491.24929999999995
312.557	509.31930000000006
312.787	519.7793
313.017	504.22929999999997
313.246	493.6193
313.476	486.17929999999996
313.706	493.9393
313.935	501.7393
314.165	512.1693
314.394	515.9893
314.624	509.7993
314.853	498.1693
315.083	493.10929999999996
315.312	490.3093
315.542	488.1293
315.771	485.5893
316.001	483.02930000000003
316.23	481.0793
316.46	483.0493
316.689	488.6593
316.919	490.2593
317.148	496.3693
317.377	495.8793
317.607	490.5493
317.836	488.0193
318.065	480.5993
318.295	485.0993
318.524	483.0493
318.753	482.1193
318.983	483.7393
319.212	486.5793
319.441	499.7393
319.67	503.35929999999996
319.9	487.8693
320.129	487.6993
320.358	490.3093
320.587	494.5493
320.816	503.24929999999995
321.046	507.0893
321.275	503.74929999999995
321.504	500.4693
321.733	508.0793
321.962	511.99929999999995
322.191	521.7093
322.42	533.2493
322.649	543.9893
322.878	551.7592999999999
323.108	563.6893
323.337	593.7592999999999
323.566	612.5993
323.795	656.8992999999999
324.024	749.0993
324.253	1057.1292999999998
324.482	1752.5992999999999
324.71	2901.3093000000003
324.939	3425.3893000000003
325.168	1897.6693
325.397	891.3493
325.626	686.7393
325.855	635.5493
326.084	620.6993
326.313	627.7393
326.542	655.4392999999999
326.77	777.9893
326.999	1094.0992999999999
327.228	1787.9893000000002
327.457	2836.3293
327.686	2466.3593
327.914	1065.3393
328.143	787.6592999999999
328.372	719.3292999999999
328.6	676.0993
328.829	660.2192999999999
329.058	677.8393
329.287	676.2493000000001
329.515	638.9293
329.744	621.6593
329.972	635.8992999999999
330.201	668.8393
330.43	704.9392999999999
330.658	706.9893
330.887	729.1393
331.115	675.7493000000001
331.344	631.7893
331.572	621.9192999999999
331.801	635.5493
332.03	636.1392999999999
332.258	629.4693
332.486	628.4093
332.715	638.2093
332.943	660.8793
333.172	676.9493
333.4	693.6492999999999
333.629	712.8992999999999
333.857	734.0893
334.085	736.6093000000001
334.314	753.4692999999999
334.542	781.4993000000001
334.771	767.4293
334.999	696.8193
335.227	671.2393
335.455	656.5993
335.684	649.9793
335.912	640.8992999999999
336.14	632.3393
336.369	632.1793
336.597	638.0693
336.825	626.4793
337.053	618.5292999999999
337.281	608.6293
337.51	601.3892999999999
337.738	601.2293
337.966	598.5693
338.194	599.9893
338.422	593.7592999999999
338.65	580.9493
338.878	578.9993
339.106	574.6793
339.334	578.0292999999999
339.562	569.4493
339.79	564.3193
340.018	562.4493
340.246	562.6793
340.474	566.9093
340.702	565.1093
340.93	565.5793
341.158	564.5092999999999
341.386	563.4693
341.614	565.0292999999999
341.842	561.5092999999999
342.07	553.3393
342.298	552.4693
342.526	554.1993
342.754	549.4793
342.981	554.8293
343.209	565.0693
343.437	598.5893
343.665	622.4293
343.893	649.7393
344.12	654.7293
344.348	623.0993
344.576	605.5592999999999
344.804	598.0393
345.031	589.0893
345.259	585.3793
345.487	570.0393
345.714	558.8693
345.942	547.2792999999999
346.17	544.6692999999999
346.397	543.2792999999999
346.625	543.1793
346.853	538.1593
347.08	536.8393
347.308	545.7792999999999
347.535	554.0092999999999
347.763	557.3493
347.99	549.0893
348.218	556.2093
348.445	560.3693
348.673	549.7693
348.9	540.5193
349.128	532.6093
349.355	528.5593
349.583	529.1693
349.81	526.8393
350.037	526.6093
350.265	527.5393
350.492	526.7793
350.72	529.6392999999999
350.947	536.7093
351.174	548.4693
351.402	551.8393
351.629	539.7793
351.856	541.1993
352.083	547.8293
352.311	550.9693
352.538	551.3092999999999
352.765	551.5493
352.992	546.6693
353.22	544.0893
353.447	534.7393
353.674	530.0193
353.901	520.2793
354.128	521.8093
354.355	519.9493
354.583	520.6293000000001
354.81	520.3293
355.037	522.5092999999999
355.264	516.5493
355.491	517.7093
355.718	515.4593
355.945	518.0092999999999
356.172	517.3093
356.399	520.7193
356.626	519.7093
356.853	518.8893
357.08	515.2793
357.307	515.9893
357.534	514.2893
357.761	516.9393
357.988	523.7493
358.215	520.2193
358.441	522.8893
358.668	519.6993
358.895	524.3093
359.122	521.8593
359.349	533.2693
359.576	545.1392999999999
359.802	568.0393
360.029	587.4293
360.256	585.3393
360.483	563.1392999999999
360.709	537.9693
360.936	542.9793
361.163	539.9993
361.39	542.6993
361.616	542.5092999999999
361.843	536.0293
362.07	537.0393
362.296	540.8293
362.523	534.3493
362.749	537.9093
362.976	529.2693
363.203	527.5293
363.429	524.3992999999999
363.656	526.3293
363.882	524.0793
364.109	521.9593
364.335	520.6993
364.562	521.5193
364.788	521.6293000000001
365.015	524.9793
365.241	527.0693
365.468	538.2193
365.694	538.9593
365.92	531.9393
366.147	523.1793
366.373	520.5092999999999
366.599	520.1193
366.826	519.3493
367.052	514.5092999999999
367.278	524.3992999999999
367.505	525.4793
367.731	530.2393
367.957	527.1393
368.184	530.4693
368.41	543.5793
368.636	555.8693
368.862	565.3992999999999
369.089	549.2093
369.315	535.3693
369.541	534.5893
369.767	536.6593
369.993	536.7193
370.219	537.5393
370.445	538.5993
370.672	541.7893
370.898	543.7193
371.124	550.0793
371.35	552.1193
371.576	551.3593
371.802	550.9192999999999
372.028	545.4293
372.254	551.1993
372.48	556.2493
372.706	566.2093
372.932	570.7792999999999
373.158	565.3992999999999
373.384	559.8793
373.61	557.2792999999999
373.835	558.8593
374.061	558.2493
374.287	571.0092999999999
374.513	574.4293
374.739	591.3393
374.965	601.2993
375.191	597.7893
375.416	593.8593
375.642	576.5493
375.868	576.5292999999999
376.094	567.9192999999999
376.319	559.9793
376.545	560.3193
376.771	557.1093
376.997	555.1492999999999
377.222	556.4293
377.448	551.6893
377.674	553.6692999999999
377.899	548.0292999999999
378.125	551.1193
378.35	549.9793
378.576	547.2893
378.802	546.4293
379.027	551.9693
379.253	551.9192999999999
379.478	548.6193
379.704	548.3693
379.929	557.0092999999999
380.155	557.8892999999999
380.38	556.3493
380.606	561.7193
380.831	556.9893
381.057	565.5592999999999
381.282	560.6293
381.507	560.9793
381.733	568.4793
381.958	570.8892999999999
382.184	577.6193
382.409	584.9393
382.634	591.2193
382.86	587.1593
383.085	597.6893
383.31	603.8693
383.535	611.9893
383.761	613.4793
383.986	619.8892999999999
384.211	631.1993
384.436	639.9192999999999
384.662	647.7993
384.887	658.0393
385.112	655.4092999999999
385.337	664.6693
385.562	661.8793
385.787	669.1892999999999
386.013	676.2093
386.238	683.6093000000001
386.463	674.6592999999999
386.688	675.0792999999999
386.913	654.8292999999999
387.138	659.6793
387.363	658.6892999999999
387.588	650.3893
387.813	656.5492999999999
388.038	658.1492999999999
388.263	665.8493
388.488	668.3193
388.713	651.0893
388.938	646.7592999999999
389.163	647.9693
389.387	650.1193
389.612	638.8992999999999
389.837	641.3892999999999
390.062	641.2493
390.287	643.3992999999999
390.512	640.5793
390.736	650.4692999999999
390.961	660.4893
391.186	670.0092999999999
391.411	689.6793
391.636	701.0092999999999
391.86	712.9793
392.085	718.5593
392.31	704.5993
392.534	693.5192999999999
392.759	683.4293
392.984	674.2793
393.208	674.8593000000001
393.433	680.0092999999999
393.658	675.7992999999999
393.882	666.8793
394.107	669.7793
394.331	675.9893
394.556	674.4893
394.78	684.9392999999999
395.005	689.6193
395.229	686.8292999999999
395.454	708.6693
395.678	719.2592999999999
395.903	719.5092999999999
396.127	724.0393
396.352	703.9293
396.576	683.3693
396.801	681.8292999999999
397.025	695.2692999999999
397.249	706.6892999999999
397.474	718.3193
397.698	718.3992999999999
397.922	734.5492999999999
398.147	744.2493000000001
398.371	752.2592999999999
398.595	772.1093000000001
398.82	805.0393
399.044	864.8493
399.268	949.6193
399.492	1071.7593000000002
399.717	1141.3693
399.941	1115.5893
400.165	1046.5193000000002
400.389	965.8893
400.613	881.2192999999999
400.837	830.5492999999999
401.062	811.6492999999999
401.286	803.7692999999999
401.51	796.9692999999999
401.734	796.6193
401.958	815.8493
402.182	846.7592999999999
402.406	878.6993
402.63	857.8292999999999
402.854	854.0993
403.078	859.7393
403.302	872.9793
403.526	889.0293
403.75	892.2293
403.974	900.3693
404.198	894.0593
404.422	907.5593
404.645	903.0293
404.869	900.9392999999999
405.093	934.5593
405.317	966.1093000000001
405.541	958.8593000000001
405.765	905.9392999999999
405.988	904.8693
406.212	958.7592999999999
406.436	1015.4493
406.66	972.8793
406.883	939.8193
407.107	999.3093
407.331	1055.3293
407.555	1113.9193
407.778	1076.9293
408.002	993.4693000000001
408.226	951.5993
408.449	937.2893
408.673	922.8593000000001
408.896	941.9092999999999
409.12	959.1592999999999
409.344	910.1892999999999
409.567	871.4993000000001
409.791	872.5492999999999
410.014	857.6793
410.238	852.6793
410.461	856.1093000000001
410.685	864.0393
410.908	873.4692999999999
411.132	900.5192999999999
411.355	898.2493000000001
411.578	853.1793
411.802	830.5092999999999
412.025	830.1993
412.249	855.1892999999999
412.472	875.2293
412.695	890.8193
412.919	841.0993
413.142	815.7793
413.365	802.6393
413.589	803.7893
413.812	788.2692999999999
414.035	781.0393
414.258	785.5192999999999
414.482	791.9893
414.705	796.8393
414.928	793.1293
415.151	790.9593
415.374	793.7293
415.597	779.8193
415.821	771.0293
416.044	772.1693
416.267	771.5593
416.49	768.4593
416.713	765.2192999999999
416.936	774.7793
417.159	773.1093000000001
417.382	778.4692999999999
417.605	783.3393
417.828	800.9493
418.051	813.8992999999999
418.274	799.1393
418.497	788.1993
418.72	798.8393
418.943	796.9193
419.166	843.6293
419.389	889.7692999999999
419.611	871.5492999999999
419.834	848.0492999999999
420.057	836.9692999999999
420.28	824.2692999999999
420.503	801.3292999999999
420.726	804.3493
420.948	814.1793
421.171	863.0693
421.394	855.1592999999999
421.617	803.9893
421.839	801.6393
422.062	810.7393
422.285	828.7893
422.507	904.1193
422.73	960.7592999999999
422.953	890.6393
423.175	851.5593
423.398	853.7592999999999
423.621	850.4392999999999
423.843	879.0593
424.066	873.6492999999999
424.288	863.0092999999999
424.511	884.9893
424.733	937.3393
424.956	987.8992999999999
425.178	933.2192999999999
425.401	946.3393
425.623	934.1892999999999
425.846	825.3992999999999
426.068	808.2592999999999
426.291	799.2592999999999
426.513	800.8393
426.735	810.2692999999999
426.958	860.6793
427.18	945.6093000000001
427.402	1087.0093000000002
427.625	1107.8293
427.847	946.0893
428.069	863.7192999999999
428.292	794.2992999999999
428.514	750.9193
428.736	733.4993000000001
428.958	739.4493
429.181	717.3292999999999
429.403	714.5993
429.625	736.5893
429.847	772.1293
430.069	830.3893
430.292	779.2093
430.514	717.9993000000001
430.736	718.2592999999999
430.958	708.5693
431.18	701.1993
431.402	701.2893
431.624	699.2893
431.846	707.5092999999999
432.068	710.4593
432.29	718.8693
432.512	710.4293
432.734	723.0092999999999
432.956	712.8193
433.178	727.6993
433.4	725.5693
433.622	714.6293
433.844	717.3693
434.066	719.0492999999999
434.287	728.3593000000001
434.509	757.3093
434.731	779.9493
434.953	794.3992999999999
435.175	806.6492999999999
435.397	814.0593
435.618	803.6393
435.84	853.7393
436.062	951.7692999999999
436.284	931.7293
436.505	802.4392999999999
436.727	770.1592999999999
436.949	737.8193
437.17	724.6592999999999
437.392	714.5092999999999
437.614	737.1793
437.835	785.9493
438.057	889.9593
438.278	953.1393
438.5	942.6793
438.721	1041.3393
438.943	912.4593
439.165	775.9993000000001
439.386	763.1693
439.608	766.4193
439.829	779.4893
440.05	830.5192999999999
440.272	876.0492999999999
440.493	787.2992999999999
440.715	755.3093
440.936	748.2293
441.158	756.3593000000001
441.379	769.5393
441.6	806.5092999999999
441.822	831.5092999999999
442.043	877.8593000000001
442.264	964.6793
442.486	927.9392999999999
442.707	838.7992999999999
442.928	827.1193
443.149	866.1693
443.371	882.5293
443.592	930.2093
443.813	1039.1093
444.034	1024.6793
444.255	905.0293
444.476	886.1693
444.698	906.3193
444.919	919.2093
445.14	931.3693
445.361	901.5693
445.582	902.9092999999999
445.803	971.4793
446.024	1039.7093
446.245	995.2592999999999
446.466	894.6793
446.687	784.4193
446.908	751.7893
447.129	716.4193
447.35	706.7992999999999
447.571	702.8793
447.792	692.3193
448.013	705.6693
448.234	729.4692999999999
448.455	796.5893
448.675	932.1993
448.896	975.9993000000001
449.117	817.1393
449.338	845.7793
449.559	998.1193
449.779	1015.4493
450.0	784.0192999999999
450.221	710.8793
450.442	688.1993
450.662	681.3992999999999
450.883	696.3093
451.104	708.9692999999999
451.324	678.8992999999999
451.545	661.7592999999999
451.766	650.0192999999999
451.986	637.1993
452.207	633.6793
452.428	634.9893
452.648	644.4192999999999
452.869	654.4092999999999
453.089	660.4392999999999
453.31	672.1093000000001
453.53	639.4593
453.751	632.8693
453.971	640.8593
454.192	655.7992999999999
454.412	622.7592999999999
454.633	616.4793
454.853	617.6392999999999
455.073	618.2893
455.294	666.6293
455.514	725.4193
455.734	662.3893
455.955	605.6193
456.175	595.6593
456.395	590.8393
456.616	589.2193
456.836	592.5292999999999
457.056	588.7993
457.276	578.9693
457.497	600.3693
457.717	594.6692999999999
457.937	604.2493
458.157	614.3793
458.377	624.3293
458.598	670.8193
458.818	767.2692999999999
459.038	851.1693
459.258	813.5693
459.478	733.4293
459.698	717.6293
459.918	730.3893
460.138	746.8292999999999
460.358	770.5792999999999
460.578	772.2493000000001
460.798	783.0993
461.018	784.6293
461.238	766.4293
461.458	766.3593000000001
461.678	762.4293
461.898	781.6993
462.118	783.3093
462.338	823.1093000000001
462.558	836.3493
462.777	866.2093
462.997	929.0993
463.217	979.1893
463.437	954.5993
463.657	891.5192999999999
463.876	869.5792999999999
464.096	877.4092999999999
464.316	874.9793
464.536	877.4692999999999
464.755	851.8292999999999
464.975	847.2293
465.195	893.6993
465.414	885.0192999999999
465.634	759.7293
465.854	723.0393
466.073	698.0993
466.293	680.7493000000001
466.512	663.9092999999999
466.732	650.1093000000001
466.951	655.6793
467.171	655.6993
467.391	663.5492999999999
467.61	674.7093
467.829	668.2093
468.049	662.8292999999999
468.268	652.2093
468.488	635.4093
468.707	627.3493
468.927	627.8193
469.146	624.0193
469.365	636.2093
469.585	638.0893
469.804	661.2592999999999
470.023	684.8093
470.243	674.5792999999999
470.462	690.8493
470.681	711.9392999999999
470.901	685.9793
471.12	666.7793
471.339	664.2293
471.558	659.1592999999999
471.777	649.7893
471.997	646.2093
472.216	668.4293
472.435	710.5993
472.654	658.0593
472.873	636.6293
473.092	628.3593
473.311	627.5092999999999
473.53	633.7293
473.749	642.0193
473.968	702.3393
474.187	811.7093
474.406	753.9493
474.625	660.3493
474.844	636.3393
475.063	631.1692999999999
475.282	634.0292999999999
475.501	637.9593
475.72	643.4793
475.939	643.7093
476.158	648.0893
476.377	651.4092999999999
476.596	650.4092999999999
476.814	669.0192999999999
477.033	674.5993
477.252	679.3793
477.471	688.0092999999999
477.69	701.8693
477.908	713.3793
478.127	731.4593
478.346	738.9692999999999
478.564	748.6693
478.783	762.2293
479.002	781.3593000000001
479.22	779.6693
479.439	789.8292999999999
479.658	804.4392999999999
479.876	808.6892999999999
480.095	825.8292999999999
480.313	873.7592999999999
480.532	858.5492999999999
480.751	847.7192999999999
480.969	859.9293
481.188	957.9793
481.406	905.0593
481.624	807.0293
481.843	773.2893
482.061	755.9793
482.28	744.8793
482.498	736.0192999999999
482.717	730.7293
482.935	728.1193
483.153	727.6693
483.372	728.8992999999999
483.59	729.1093000000001
483.808	729.1793
484.027	734.4293
484.245	740.3393
484.463	740.5693
484.681	751.9692999999999
484.9	754.5893
485.118	760.2493000000001
485.336	762.3292999999999
485.554	776.0893
485.772	782.6492999999999
485.99	779.7192999999999
486.209	786.6093000000001
486.427	788.2493000000001
486.645	794.8793
486.863	807.5492999999999
487.081	795.3992999999999
487.299	788.1093000000001
487.517	783.2992999999999
487.735	775.3393
487.953	775.8992999999999
488.171	774.7493000000001
488.389	781.6892999999999
488.607	786.5593
488.825	778.8093
489.043	780.9593
489.261	789.3292999999999
489.479	791.6693
489.696	794.3292999999999
489.914	798.7093
490.132	808.8093
490.35	812.3193
490.568	818.2793
490.786	829.7093
491.003	833.9392999999999
491.221	852.5792999999999
491.439	865.4993000000001
491.657	871.1693
491.874	875.5792999999999
492.092	882.9692999999999
492.31	882.0293
492.527	883.9793
492.745	893.9493
492.963	901.7793
493.18	903.9893
493.398	911.6592999999999
493.615	922.6193
493.833	921.0092999999999
494.05	913.5092999999999
494.268	911.1492999999999
494.485	915.7692999999999
494.703	912.6093000000001
494.92	916.0293
495.138	910.5492999999999
495.355	912.8292999999999
495.573	913.8693
495.79	911.9193
496.008	918.3893
496.225	915.7093
496.442	916.2893
496.66	927.4692999999999
496.877	925.4993000000001
497.094	937.7093
497.312	951.5092999999999
497.529	972.3293000000001
497.746	994.0493
497.963	1012.3793000000001
498.181	1057.8793
498.398	1085.8593
498.615	1140.6193
498.832	1193.6293
499.049	1245.7793
499.267	1313.9093
499.484	1394.2493000000002
499.701	1485.4593
499.918	1569.4693000000002
500.135	1658.8492999999999
500.352	1720.8792999999998
500.569	1734.6993
500.786	1722.5493000000001
501.003	1670.4093
501.22	1600.9593
501.437	1516.9493
501.654	1425.7793000000001
501.871	1362.0393
502.088	1274.0593000000001
502.305	1210.5593000000001
502.522	1150.0593000000001
502.739	1114.9293
502.956	1061.7393000000002
503.172	1028.0793
503.389	999.9193
503.606	993.9493
503.823	978.3793
504.04	971.7992999999999
504.256	976.3693
504.473	997.3893
504.69	1000.9993000000001
504.907	974.9193
505.123	927.4793
505.34	901.3393
505.557	879.8292999999999
505.773	868.5993
505.99	860.8693
506.207	852.0893
506.423	845.9893
506.64	831.5693
506.856	819.8093
507.073	818.6693
507.289	812.0593
507.506	812.1693
507.722	831.1193
507.939	829.4392999999999
508.155	797.3193
508.372	783.2692999999999
508.588	779.3093
508.805	775.9392999999999
509.021	782.7793
509.238	798.5192999999999
509.454	799.6293
509.67	790.7293
509.887	782.2093
510.103	793.9092999999999
510.319	875.3893
510.536	1429.6393
510.752	3037.6493
510.968	1312.0093
511.184	797.8992999999999
511.401	753.0393
511.617	738.4593
511.833	740.0293
512.049	738.4193
512.265	735.9092999999999
512.481	732.6393
512.698	728.0092999999999
512.914	728.3292999999999
513.13	725.3393
513.346	723.9993000000001
513.562	727.5393
513.778	729.5192999999999
513.994	735.0393
514.21	751.3893
514.426	778.5393
514.642	812.8193
514.858	823.7992999999999
515.074	889.7293
515.29	1239.6493
515.506	2261.2393
515.721	1265.7493
515.937	867.3093
516.153	823.3493
516.369	814.8493
516.585	817.9893
516.801	831.9993000000001
517.016	852.5593
517.232	877.6892999999999
517.448	901.4893
517.664	921.5393
517.879	916.0593
518.095	905.2093
518.311	893.3693
518.527	862.5192999999999
518.742	837.6892999999999
518.958	808.9593
519.173	793.2692999999999
519.389	780.5693
519.605	764.6093000000001
519.82	757.0492999999999
520.036	770.3292999999999
520.251	789.9893
520.467	791.7992999999999
520.682	780.4293
520.898	776.5293
521.113	789.7992999999999
521.329	831.9193
521.544	940.8893
521.76	1389.0393
521.975	3252.0593000000003
522.19	2193.2893
522.406	977.4392999999999
522.621	755.2493000000001
522.836	709.8093
523.052	687.4593
523.267	670.0192999999999
523.482	662.3793
523.698	659.4193
523.913	676.5293
524.128	656.6393
524.343	638.6293
524.559	633.8092999999999
524.774	627.2393
524.989	630.6193
525.204	642.9093
525.419	635.8493
525.634	617.7293
525.849	617.0993
526.064	614.6293
526.28	615.3493
526.495	604.0893
526.71	602.7792999999999
526.925	600.1593
527.14	605.3693
527.355	602.9493
527.57	603.5092999999999
527.785	599.8992999999999
527.999	602.0592999999999
528.214	605.3593
528.429	608.0393
528.644	604.4993
528.859	602.8593
529.074	608.3393
529.289	646.3193
529.503	731.6293
529.718	649.4293
529.933	622.6392999999999
530.148	609.4093
530.363	606.2993
530.577	602.2792999999999
530.792	599.5092999999999
531.007	597.1193
531.221	602.4192999999999
531.436	598.7093
531.651	602.1392999999999
531.865	598.1692999999999
532.08	596.7393
532.295	596.6293
532.509	595.6492999999999
532.724	596.4393
532.938	598.5292999999999
533.153	597.6093
533.367	594.7393
533.582	595.2193
533.796	587.6093
534.011	589.4493
534.225	589.0393
534.44	582.8992999999999
534.654	585.6692999999999
534.868	582.2792999999999
535.083	583.3193
535.297	584.1793
535.511	588.6193
535.726	592.9393
535.94	587.9993
536.154	578.9493
536.369	571.2293
536.583	560.7693
536.797	561.8092999999999
537.011	558.9493
537.225	556.5893
537.44	557.0893
537.654	558.7693
537.868	553.8892999999999
538.082	556.2193
538.296	559.3193
538.51	555.1793
538.724	558.8493
538.938	551.9593
539.153	551.6492999999999
539.367	566.9192999999999
539.581	555.2592999999999
539.795	543.9893
540.009	545.8393
540.222	543.6093
540.436	547.4893
540.65	545.5193
540.864	551.5193
541.078	555.9793
541.292	549.3193
541.506	540.7493
541.72	536.0193
541.934	529.2693
542.147	531.1693
542.361	527.4693
542.575	526.2493
542.789	529.0893
543.002	530.8593
543.216	539.8493
543.43	542.9893
543.644	537.2193
543.857	534.7893
544.071	535.3493
544.285	538.4192999999999
544.498	537.3493
544.712	536.7592999999999
544.925	538.1593
545.139	538.8092999999999
545.352	539.6593
545.566	537.4393
545.779	538.2093
545.993	539.4192999999999
546.206	538.4493
546.42	534.7993
546.633	535.2792999999999
546.847	535.3493
547.06	530.1293000000001
547.274	532.4993
547.487	530.1692999999999
547.7	529.4093
547.914	532.8093
548.127	535.8593
548.34	540.2693
548.554	531.3193
548.767	534.5393
548.98	535.8793
549.193	539.0493
549.407	540.4893
549.62	544.0393
549.833	547.5193
550.046	540.4293
550.259	535.1793
550.473	527.4693
550.686	526.9193
550.899	522.2993
551.112	522.6293000000001
551.325	518.6492999999999
551.538	522.9693
551.751	522.0593
551.964	529.7693
552.177	535.4693
552.39	539.4093
552.603	550.1492999999999
552.816	557.9693
553.029	566.5092999999999
553.242	579.1093
553.455	584.8892999999999
553.667	594.4293
553.88	590.6692999999999
554.093	566.5993
554.306	555.9593
554.519	545.6392999999999
554.732	535.9493
554.944	522.5293
555.157	516.9393
555.37	508.85929999999996
555.583	503.6593
555.795	500.9693
556.008	490.1293
556.221	485.6693
556.433	477.8793
556.646	476.1893
556.859	471.47929999999997
557.071	469.3093
557.284	463.97929999999997
557.496	462.99929999999995
557.709	462.7393
557.921	461.24929999999995
558.134	455.42929999999996
558.346	452.60929999999996
558.559	452.49929999999995
558.771	450.4093
558.984	450.9393
559.196	446.6693
559.409	446.0993
559.621	447.0793
559.833	446.92929999999996
560.046	443.3293
560.258	444.8293
560.47	446.0793
560.683	442.5493
560.895	442.03929999999997
561.107	442.0093
561.32	440.49929999999995
561.532	442.24929999999995
561.744	443.67929999999996
561.956	444.02930000000003
562.168	447.3393
562.381	446.13930000000005
562.593	447.06930000000006
562.805	449.3093
563.017	451.06930000000006
563.229	452.3093
563.441	449.27930000000003
563.653	453.27930000000003
563.865	455.4093
564.077	456.3693
564.289	461.4493
564.501	466.35929999999996
564.713	473.1293
564.925	487.4193
565.137	505.13930000000005
565.349	499.6993
565.561	509.5893
565.773	524.2793
565.985	548.2093
566.197	571.7693
566.408	603.9192999999999
566.62	639.3193
566.832	670.3693
567.044	676.5293
567.255	677.9793
567.467	699.8093
567.679	728.8893
567.891	767.1892999999999
568.102	769.9293
568.314	721.7293
568.526	661.8893
568.737	619.8693
568.949	580.6993
569.161	542.9293
569.372	515.3992999999999
569.584	496.22929999999997
569.795	485.8693
570.007	497.35929999999996
570.218	620.3793000000001
570.43	503.74929999999995
570.641	457.72929999999997
570.853	454.4393
571.064	456.35929999999996
571.276	452.3293
571.487	437.6593
571.698	423.9393
571.91	413.9393
572.121	408.53929999999997
572.333	403.8493
572.544	396.4493
572.755	388.0493
572.966	386.81930000000006
573.178	385.1193
573.389	384.17929999999996
573.6	377.5193
573.811	376.1693
574.023	373.20930000000004
574.234	375.6893
574.445	376.2993
574.656	374.20930000000004
574.867	372.2993
575.078	370.92929999999996
575.289	368.06930000000006
575.501	366.5893
575.712	359.4193
575.923	360.13930000000005
576.134	358.6493
576.345	356.78929999999997
576.556	357.6593
576.767	353.49929999999995
576.978	352.2593
577.188	350.7393
577.399	349.95930000000004
577.61	348.88930000000005
577.821	352.8393
578.032	368.22929999999997
578.243	530.9593
578.454	1028.2093
578.665	465.1893
578.875	353.03929999999997
579.086	339.3693
579.297	331.8993
579.508	333.3793
579.718	331.1693
579.929	330.7193
580.14	324.3293
580.35	322.7493
580.561	324.34929999999997
580.772	323.66929999999996
580.982	321.5693
581.193	318.5693
581.403	318.6393
581.614	319.14930000000004
581.825	319.8393
582.035	318.0493
582.246	317.7493
582.456	314.89930000000004
582.667	315.5693
582.877	314.4293
583.087	312.7593
583.298	314.0893
583.508	310.9893
583.719	311.41929999999996
583.929	313.7393
584.139	311.3693
584.35	307.8693
584.56	309.7693
584.77	308.4093
584.981	308.5393
585.191	310.5393
585.401	309.7693
585.611	307.5593
585.821	307.7693
586.032	307.0693
586.242	303.5393
586.452	301.8593
586.662	299.89930000000004
586.872	300.7893
587.082	303.0293
587.292	301.3893
587.502	300.2493
587.713	299.72929999999997
587.923	301.2993
588.133	298.3093
588.343	298.96930000000003
588.553	301.4593
588.762	301.8193
588.972	302.9393
589.182	306.1393
589.392	304.8193
589.602	306.22929999999997
589.812	306.7693
590.022	307.7093
590.232	303.7793
590.441	303.1993
590.651	305.7893
590.861	305.5093
591.071	308.5293
591.281	310.2793
591.49	314.0893
591.7	317.2793
591.91	323.0893
592.119	326.27930000000003
592.329	333.8993
592.539	344.3693
592.748	347.35929999999996
592.958	354.35929999999996
593.167	357.2693
593.377	363.0493
593.587	371.27930000000003
593.796	368.3993
594.006	367.99929999999995
594.215	370.4393
594.424	364.92929999999996
594.634	357.3993
594.843	344.27930000000003
595.053	334.0193
595.262	327.6193
595.472	321.9493
595.681	312.89930000000004
595.89	306.0293
596.1	303.64930000000004
596.309	296.09929999999997
596.518	292.8693
596.727	289.9393
596.937	287.1993
597.146	282.7393
597.355	280.64930000000004
597.564	277.96930000000003
597.774	277.66929999999996
597.983	271.8593
598.192	269.1393
598.401	270.89930000000004
598.61	268.2993
598.819	267.2493
599.028	266.6593
599.237	263.0093
599.446	262.6093
599.655	262.6593
599.864	264.0693
600.073	259.97929999999997
600.282	264.4893
600.491	260.66929999999996
600.7	262.22929999999997
600.909	260.9093
601.118	259.8293
601.327	258.66929999999996
601.536	257.8593
601.745	255.6693
601.953	255.6793
602.162	254.59929999999997
602.371	252.7293
602.58	248.6693
602.789	251.95929999999998
602.997	250.3193
603.206	249.8593
603.415	248.86929999999998
603.623	245.59929999999997
603.832	244.8893
604.041	244.9093
604.249	242.7293
604.458	243.9193
604.666	242.3593
604.875	243.51930000000002
605.084	242.9193
605.292	243.1093
605.501	241.8793
605.709	240.9793
605.918	237.26930000000002
606.126	238.70929999999998
606.334	239.6393
606.543	240.01930000000002
606.751	237.98930000000001
606.96	237.5393
607.168	237.8193
607.376	235.0093
607.585	239.1793
607.793	238.4193
608.001	236.51930000000002
608.21	235.0793
608.418	234.4293
608.626	232.7493
608.834	233.5893
609.043	233.5793
609.251	233.2493
609.459	233.4093
609.667	234.84929999999997
609.875	233.1693
610.083	230.18929999999997
610.291	232.7593
610.499	232.7193
610.707	230.84929999999997
610.916	234.5793
611.124	232.3793
611.332	232.0393
611.54	232.2493
611.748	231.3793
611.955	229.9493
612.163	227.7893
612.371	227.86929999999998
612.579	228.1693
612.787	231.02929999999998
612.995	227.7493
613.203	230.2293
613.411	228.2493
613.618	226.7593
613.826	224.7293
614.034	227.5593
614.242	226.59929999999997
614.449	227.02929999999998
614.657	225.51930000000002
614.865	225.7193
615.072	227.6693
615.28	228.11929999999998
615.488	229.8793
615.695	234.1493
615.903	237.3293
616.111	240.4493
616.318	241.95929999999998
616.526	240.3393
616.733	239.7593
616.941	234.9993
617.148	234.18929999999997
617.356	229.8793
617.563	229.5793
617.771	229.76930000000002
617.978	226.6793
618.185	227.09929999999997
618.393	223.6493
618.6	226.0693
618.807	224.9993
619.015	225.98930000000001
619.222	221.2893
619.429	220.9693
619.637	223.34929999999997
619.844	221.11929999999998
620.051	218.8793
620.258	219.0693
620.466	214.4293
620.673	211.6593
620.88	211.1293
621.087	213.0693
621.294	214.51930000000002
621.501	212.6093
621.708	213.68929999999997
621.915	214.02929999999998
622.122	213.3093
622.329	214.3593
622.536	212.93929999999997
622.743	210.1393
622.95	209.9793
623.157	208.8293
623.364	207.18929999999997
623.571	205.6693
623.778	206.09929999999997
623.985	208.0893
624.192	204.0693
624.399	202.98930000000001
624.606	202.77929999999998
624.812	201.18929999999997
625.019	200.3793
625.226	200.9693
625.433	203.20929999999998
625.639	199.7193
625.846	199.26930000000002
626.053	198.9293
626.259	198.7293
626.466	199.2293
626.673	198.1393
626.879	195.4693
627.086	198.98930000000001
627.293	198.6793
627.499	197.1393
627.706	195.1493
627.912	194.1393
628.119	193.7893
628.325	196.2993
628.532	192.0793
628.738	192.0093
628.945	191.1493
629.151	190.0493
629.357	188.43929999999997
629.564	186.5093
629.77	187.7493
629.976	187.84929999999997
630.183	186.23930000000001
630.389	184.73930000000001
630.595	185.5693
630.802	184.32930000000002
631.008	183.3193
631.214	182.4993
631.42	183.6993
631.627	187.57930000000002
631.833	183.2893
632.039	181.8393
632.245	179.20929999999998
632.451	178.82930000000002
632.657	180.4693
632.863	179.07930000000002
633.069	178.75930000000002
633.275	177.75930000000002
633.481	177.41930000000002
633.688	175.1993
633.893	177.98930000000001
634.099	176.34929999999997
634.305	175.9693
634.511	173.8893
634.717	174.6793
634.923	172.68929999999997
635.129	172.9293
635.335	172.27929999999998
635.541	171.98930000000001
635.747	173.9693
635.952	171.98930000000001
636.158	172.01930000000002
636.364	177.86929999999998
636.57	176.20929999999998
636.775	176.1093
636.981	173.1793
637.187	172.18929999999997
637.392	171.3993
637.598	171.2293
637.804	171.43929999999997
638.009	169.34929999999997
638.215	168.7893
638.421	166.6293
638.626	168.07930000000002
638.832	167.98930000000001
639.037	164.20929999999998
639.243	165.5893
639.448	165.6493
639.654	165.5893
639.859	163.2293
640.065	162.9993
640.27	167.1293
640.475	164.3393
640.681	162.8093
640.886	165.27929999999998
641.091	163.2493
641.297	164.50930000000002
641.502	163.1293
641.707	164.32930000000002
641.913	162.23930000000001
642.118	159.3393
642.323	159.6893
642.528	161.51930000000002
642.733	159.8293
642.939	159.0093
643.144	159.0393
643.349	158.55929999999998
643.554	158.8293
643.759	157.3893
643.964	157.0093
644.169	157.80929999999998
644.374	157.1693
644.579	158.6993
644.784	160.5993
644.989	157.1593
645.194	158.0993
645.399	156.9393
645.604	156.4293
645.809	160.0293
646.014	158.8893
646.219	158.9393
646.423	157.6893
646.628	157.1093
646.833	159.7893
647.038	161.0793
647.243	161.1693
647.447	159.5893
647.652	161.8393
647.857	163.01930000000002
648.062	166.3593
648.266	168.2493
648.471	170.2893
648.676	173.7993
648.88	171.84929999999997
649.085	171.0693
649.289	169.2293
649.494	183.02929999999998
649.698	219.8993
649.903	181.6393
650.107	163.36929999999998
650.312	156.2393
650.516	152.14929999999998
650.721	149.4693
650.925	147.5093
651.13	145.79930000000002
651.334	142.4093
651.539	140.7393
651.743	140.04930000000002
651.947	138.2593
652.152	138.3493
652.356	136.3593
652.56	136.6793
652.764	132.1993
652.969	134.4493
653.173	131.9993
653.377	131.3393
653.581	130.1093
653.785	130.4093
653.99	129.5293
654.194	129.5793
654.398	126.21929999999999
654.602	128.0793
654.806	133.8193
655.01	149.64929999999998
655.214	133.6093
655.418	128.4393
655.622	124.41929999999999
655.826	127.1093
656.03	128.55929999999998
656.234	133.79930000000002
656.438	137.8793
656.642	137.4993
656.846	128.7793
657.049	121.99929999999999
657.253	118.38929999999999
657.457	113.5993
657.661	111.2593
657.865	107.3593
658.068	105.1093
658.272	102.87930000000001
658.476	103.3193
658.68	101.1593
658.883	98.5793
659.087	99.0093
659.291	97.99929999999999
659.494	96.2793
659.698	95.38929999999999
659.901	94.2993
660.105	93.5493
660.309	92.41929999999999
660.512	92.3493
660.716	91.7693
660.919	90.5593
661.123	93.2393
661.326	89.46929999999999
661.53	88.1093
661.733	89.11930000000001
661.936	89.1493
662.14	84.95930000000001
662.343	86.1493
662.546	85.37930000000001
662.75	84.5193
662.953	84.62930000000001
663.156	82.8993
663.36	84.5493
663.563	82.5693
663.766	82.12930000000001
663.969	82.3593
664.173	82.44930000000001
664.376	80.99929999999999
664.579	82.4393
664.782	82.6493
664.985	80.5893
665.188	83.36930000000001
665.391	82.71929999999999
665.594	82.0493
665.797	82.16929999999999
666.0	81.05930000000001
666.203	81.62930000000001
666.406	81.63929999999999
666.609	81.71929999999999
666.812	82.66929999999999
667.015	82.44930000000001
667.218	82.88929999999999
667.421	82.1493
667.624	80.55930000000001
667.827	81.94930000000001
668.03	80.8893
668.232	81.1893
668.435	81.74929999999999
668.638	81.6493
668.841	83.38929999999999
669.043	80.9093
669.246	82.0593
669.449	80.7393
669.651	81.0293
669.854	82.3093
670.057	81.3393
670.259	81.1093
670.462	81.8593
670.665	83.0493
670.867	82.49929999999999
671.07	80.3293
671.272	82.8993
671.475	85.87930000000001
671.677	82.12930000000001
671.88	82.0193
672.082	81.36930000000001
672.284	81.99929999999999
672.487	82.87930000000001
672.689	80.5193
672.892	80.8293
