223.165	-17.1961
223.4	-17.1961
223.635	-17.1961
223.869	-18.7361
224.104	-19.5561
224.338	-16.1661
224.573	-14.9961
224.808	-12.3861
225.042	-8.2461
225.277	-6.1661
225.511	-2.9160999999999997
225.746	3.3139
225.98	7.063899999999999
226.215	11.633899999999999
226.449	17.483900000000002
226.683	21.1339
226.918	25.5039
227.152	30.233900000000002
227.387	35.3239
227.621	38.9439
227.856	44.113899999999994
228.09	47.3339
228.324	51.6739
228.559	55.1539
228.793	61.1839
229.027	73.4639
229.262	81.40390000000001
229.496	94.5639
229.73	121.4639
229.964	116.90390000000001
230.199	91.0539
230.433	88.1039
230.667	90.2939
230.901	89.7839
231.136	87.6839
231.37	89.4739
231.604	89.17389999999999
231.838	89.49390000000001
232.072	89.7339
232.306	90.4339
232.541	90.4739
232.775	90.8639
233.009	89.2339
233.243	91.1839
233.477	90.66390000000001
233.711	92.5639
233.945	91.15390000000001
234.179	90.0239
234.413	91.5239
234.647	90.9439
234.881	91.3739
235.115	91.9639
235.349	92.1339
235.583	91.33389999999999
235.817	92.6139
236.051	94.2939
236.285	94.1339
236.519	93.8539
236.753	95.4439
236.987	103.9839
237.221	123.90390000000001
237.455	127.5339
237.689	101.4439
237.922	94.2239
238.156	93.4739
238.39	91.84389999999999
238.624	91.4439
238.858	91.7739
239.091	93.4839
239.325	96.3539
239.559	101.9439
239.793	100.0539
240.027	99.7039
240.26	101.1339
240.494	103.24390000000001
240.728	100.00390000000002
240.961	99.08389999999999
241.195	98.0339
241.429	96.6239
241.662	94.3039
241.896	94.65390000000001
242.13	94.33389999999999
242.363	94.9539
242.597	96.1839
242.83	97.6439
243.064	96.8939
243.298	97.74390000000001
243.531	96.16390000000001
243.765	98.8839
243.998	99.58389999999999
244.232	103.9739
244.465	109.6339
244.699	105.50390000000002
244.932	98.4839
245.166	100.82390000000001
245.399	98.4739
245.633	100.5639
245.866	100.58390000000001
246.099	100.7939
246.333	102.1439
246.566	102.83390000000001
246.8	102.7839
247.033	103.7339
247.266	105.4839
247.5	105.16390000000001
247.733	106.1739
247.966	108.34389999999999
248.2	108.41390000000001
248.433	107.74390000000001
248.666	110.7839
248.899	116.7039
249.133	125.3539
249.366	142.85389999999998
249.599	141.7439
249.832	121.8039
250.066	123.1939
250.299	139.31390000000002
250.532	158.5239
250.765	147.72390000000001
250.998	136.3439
251.231	125.82390000000001
251.465	123.0439
251.698	118.9839
251.931	121.8539
252.164	116.76389999999999
252.397	115.33390000000001
252.63	116.16390000000001
252.863	117.09389999999999
253.096	121.1739
253.329	123.3739
253.562	118.6239
253.795	117.1839
254.028	120.0639
254.261	121.25390000000002
254.494	127.7339
254.727	135.5239
254.96	136.0539
255.193	131.06390000000002
255.426	133.1339
255.659	149.7939
255.892	193.6839
256.124	222.3339
256.357	184.7639
256.59	153.4639
256.823	140.8239
257.056	138.1339
257.289	137.22390000000001
257.521	131.0239
257.754	125.1839
257.987	127.8839
258.22	132.6739
258.452	139.6639
258.685	136.1539
258.918	126.9539
259.151	125.40390000000001
259.383	127.7339
259.616	125.0539
259.849	125.7039
260.081	133.0539
260.314	137.4839
260.547	137.5739
260.779	141.2739
261.012	156.4239
261.244	156.0239
261.477	145.06390000000002
261.71	153.5539
261.942	196.98389999999998
262.175	210.80389999999997
262.407	145.4539
262.64	126.9739
262.872	127.50390000000002
263.105	125.6239
263.337	126.9339
263.57	124.3539
263.802	124.6239
264.035	123.9539
264.267	122.75390000000002
264.499	123.2339
264.732	125.2139
264.964	124.5639
265.197	124.7039
265.429	124.84389999999999
265.661	122.5539
265.894	123.2939
266.126	126.2339
266.358	126.0439
266.591	126.57390000000001
266.823	125.6939
267.055	126.9539
267.287	130.19389999999999
267.52	128.2639
267.752	128.0439
267.984	129.7139
268.216	128.7939
268.448	133.7639
268.681	135.44389999999999
268.913	137.3939
269.145	139.7439
269.377	138.2739
269.609	133.4939
269.841	138.3039
270.073	137.9839
270.306	148.3339
270.538	148.7439
270.77	144.4039
271.002	143.3839
271.234	146.5839
271.466	156.19389999999999
271.698	152.22390000000001
271.93	150.2439
272.162	151.94389999999999
272.394	150.6139
272.626	143.6839
272.858	140.5739
273.09	139.25390000000002
273.322	139.4639
273.553	140.2339
273.785	138.85389999999998
274.017	139.7339
274.249	140.50390000000002
274.481	142.2939
274.713	145.94389999999999
274.945	149.8639
275.176	153.19389999999999
275.408	163.82389999999998
275.64	179.47390000000001
275.872	193.7439
276.104	174.5239
276.335	167.71390000000002
276.567	197.3439
276.799	248.05389999999997
277.031	286.9239
277.262	317.1539
277.494	247.1339
277.726	177.8639
277.957	161.75390000000002
278.189	157.0239
278.421	155.9539
278.652	151.47390000000001
278.884	151.1239
279.115	153.72390000000001
279.347	156.8339
279.579	171.4039
279.81	212.47390000000001
280.042	304.69390000000004
280.273	398.8739
280.505	288.3939
280.736	184.2739
280.968	160.5239
281.199	157.4339
281.431	153.2339
281.662	153.5939
281.894	158.25390000000002
282.125	175.4439
282.356	224.57389999999998
282.588	276.1639
282.819	215.91389999999998
283.051	159.2339
283.282	150.3339
283.513	152.6139
283.745	149.8739
283.976	149.5239
284.207	149.1739
284.439	151.2439
284.67	152.2439
284.901	149.4039
285.132	148.2739
285.364	147.0539
285.595	149.5439
285.826	148.5439
286.057	152.1439
286.288	150.0339
286.52	150.9639
286.751	150.0439
286.982	151.2939
287.213	150.8939
287.444	153.97390000000001
287.675	158.2639
287.906	160.50390000000002
288.138	161.1239
288.369	166.7939
288.6	166.0239
288.831	157.7939
289.062	157.2639
289.293	158.10389999999998
289.524	153.9039
289.755	154.1339
289.986	152.3339
290.217	151.50390000000002
290.448	151.4839
290.679	151.8439
290.91	154.56390000000002
291.141	153.7639
291.371	153.9639
291.602	152.5439
291.833	151.5539
292.064	152.31390000000002
292.295	153.81390000000002
292.526	157.8239
292.757	157.4939
292.987	153.69389999999999
293.218	152.31390000000002
293.449	153.0839
293.68	152.1839
293.91	152.3939
294.141	154.6539
294.372	153.75390000000002
294.603	152.9339
294.833	154.9939
295.064	155.2639
295.295	156.7139
295.525	162.7039
295.756	179.0939
295.987	217.1039
296.217	273.5639
296.448	243.48389999999998
296.679	170.8539
296.909	158.5239
297.14	157.3839
297.37	157.8639
297.601	158.9639
297.831	161.0539
298.062	165.6839
298.292	164.0039
298.523	163.3639
298.753	160.9839
298.984	160.5739
299.214	161.5139
299.445	167.5039
299.675	171.46390000000002
299.905	176.62390000000002
300.136	166.48389999999998
300.366	162.9439
300.597	165.57389999999998
300.827	173.21390000000002
301.057	190.91389999999998
301.288	202.5939
301.518	182.3839
301.748	180.6939
301.979	194.7739
302.209	184.8639
302.439	177.4539
302.669	171.97390000000001
302.9	170.91389999999998
303.13	174.9339
303.36	195.6739
303.59	233.31390000000002
303.82	251.8839
304.051	194.91389999999998
304.281	171.8339
304.511	168.7439
304.741	166.80389999999997
304.971	163.9339
305.201	165.5839
305.431	167.03390000000002
305.661	166.3339
305.891	169.78390000000002
306.121	179.41389999999998
306.352	196.14389999999997
306.582	205.89389999999997
306.812	193.7439
307.042	216.9239
307.272	269.78389999999996
307.502	298.4839
307.731	281.8139
307.961	220.87390000000002
308.191	178.30389999999997
308.421	170.2539
308.651	172.7939
308.881	174.4339
309.111	175.1839
309.341	179.9539
309.571	190.9939
309.8	191.8439
310.03	197.7839
310.26	200.5939
310.49	192.8839
310.72	205.2639
310.949	226.0839
311.179	211.6939
311.409	189.1339
311.639	192.2539
311.868	195.4539
312.098	190.7539
312.328	198.6939
312.557	218.3839
312.787	236.91389999999998
313.017	213.5939
313.246	191.3339
313.476	184.3439
313.706	187.7039
313.935	196.4339
314.165	212.2739
314.394	218.6239
314.624	207.1539
314.853	200.1939
315.083	189.57389999999998
315.312	183.07389999999998
315.542	179.9339
315.771	180.9939
316.001	179.8839
316.23	179.7139
316.46	178.30389999999997
316.689	182.0239
316.919	189.5839
317.148	196.8339
317.377	194.3739
317.607	193.5939
317.836	189.31390000000002
318.065	181.5139
318.295	180.0439
318.524	181.1039
318.753	182.2439
318.983	187.1739
319.212	199.6739
319.441	217.66389999999998
319.67	218.2839
319.9	188.1039
320.129	184.5339
320.358	186.31390000000002
320.587	193.0939
320.816	204.1339
321.046	209.5239
321.275	198.80389999999997
321.504	192.5339
321.733	195.2539
321.962	202.1339
322.191	212.5039
322.42	223.8839
322.649	236.9439
322.878	239.66389999999998
323.108	253.3739
323.337	279.0739
323.566	296.0939
323.795	337.39390000000003
324.024	425.4939
324.253	748.3938999999999
324.482	1441.1839
324.71	2653.9439
324.939	3368.0838999999996
325.168	1443.8339
325.397	507.5539
325.626	328.32390000000004
325.855	285.7539
326.084	275.4539
326.313	285.71389999999997
326.542	326.1639
326.77	447.7339
326.999	771.4539
327.228	1440.8539
327.457	2425.5039
327.686	2038.8639
327.914	931.0939000000001
328.143	939.5038999999999
328.372	1138.2039
328.6	688.5439
328.829	411.4539
329.058	421.8839
329.287	438.93390000000005
329.515	408.4539
329.744	536.6639
329.972	904.4339
330.201	1624.1039
330.43	2210.3539
330.658	1126.5638999999999
330.887	605.6939
331.115	425.4839
331.344	304.0539
331.572	287.4039
331.801	300.0439
332.03	292.78389999999996
332.258	272.03389999999996
332.486	259.6739
332.715	266.5639
332.943	281.4539
333.172	302.4239
333.4	331.15389999999996
333.629	393.6739
333.857	531.2039
334.085	851.0739
334.314	1502.8539
334.542	2661.8039000000003
334.771	2459.8239
334.999	825.9739
335.227	410.7839
335.455	315.1039
335.684	281.8439
335.912	262.1539
336.14	253.56390000000002
336.369	254.41389999999998
336.597	260.21389999999997
336.825	248.6039
337.053	225.5239
337.281	221.7539
337.51	220.5439
337.738	221.1839
337.966	222.1039
338.194	231.9339
338.422	224.7939
338.65	211.6139
338.878	207.1939
339.106	203.6339
339.334	203.9639
339.562	201.8339
339.79	202.7639
340.018	202.8739
340.246	207.72390000000001
340.474	212.23389999999998
340.702	206.3739
340.93	200.3539
341.158	203.5039
341.386	212.91389999999998
341.614	216.2739
341.842	207.98389999999998
342.07	201.2939
342.298	199.30389999999997
342.526	194.98389999999998
342.754	192.23389999999998
342.981	188.64389999999997
343.209	190.23389999999998
343.437	203.9639
343.665	201.1239
343.893	205.97390000000001
344.12	208.1739
344.348	202.47390000000001
344.576	200.7139
344.804	207.1139
345.031	221.23389999999998
345.259	224.8839
345.487	211.31390000000002
345.714	204.1539
345.942	196.39389999999997
346.17	193.32389999999998
346.397	195.3539
346.625	196.9439
346.853	195.2539
347.08	193.0139
347.308	202.64389999999997
347.535	211.4939
347.763	220.4439
347.99	210.4239
348.218	216.5839
348.445	233.6539
348.673	219.41389999999998
348.9	201.4539
349.128	194.1739
349.355	186.97390000000001
349.583	190.39389999999997
349.81	190.1339
350.037	192.05389999999997
350.265	190.64389999999997
350.492	189.89389999999997
350.72	195.7639
350.947	207.2839
351.174	226.64389999999997
351.402	235.7539
351.629	214.6039
351.856	211.8839
352.083	221.6339
352.311	227.7439
352.538	238.1239
352.765	234.1339
352.992	230.1739
353.22	226.4939
353.447	212.3439
353.674	200.4239
353.901	187.1739
354.128	184.7839
354.355	186.5839
354.583	189.5039
354.81	188.4439
355.037	185.0139
355.264	183.0939
355.491	181.31390000000002
355.718	180.0039
355.945	180.8439
356.172	181.0939
356.399	181.57389999999998
356.626	183.4239
356.853	180.3839
357.08	180.72390000000001
357.307	180.6039
357.534	178.4639
357.761	183.2539
357.988	181.9039
358.215	181.91389999999998
358.441	186.06390000000002
358.668	184.2639
358.895	184.8739
359.122	185.0939
359.349	188.9339
359.576	202.5239
359.802	236.0139
360.029	282.3739
360.256	276.7239
360.483	234.3539
360.709	195.6939
360.936	195.9239
361.163	201.56390000000002
361.39	209.66389999999998
361.616	209.5339
361.843	194.72390000000001
362.07	205.81390000000002
362.296	213.6739
362.523	199.9639
362.749	201.1939
362.976	195.2539
363.203	189.1939
363.429	184.5839
363.656	190.0839
363.882	185.16389999999998
364.109	185.32389999999998
364.335	188.72390000000001
364.562	190.1139
364.788	191.82389999999998
365.015	195.3339
365.241	206.4239
365.468	223.47390000000001
365.694	225.0339
365.92	206.6239
366.147	194.5039
366.373	186.9639
366.599	186.9239
366.826	184.89389999999997
367.052	183.7439
367.278	189.2939
367.505	189.6339
367.731	192.97390000000001
367.957	192.47390000000001
368.184	195.5139
368.41	211.6239
368.636	236.55389999999997
368.862	245.4639
369.089	229.56390000000002
369.315	200.89389999999997
369.541	194.3539
369.767	192.8339
369.993	193.5039
370.219	192.9339
370.445	185.72390000000001
370.672	182.3339
370.898	183.91389999999998
371.124	184.3539
371.35	187.31390000000002
371.576	181.48389999999998
371.802	181.3339
372.028	181.7539
372.254	183.4939
372.48	182.9339
372.706	184.0139
372.932	185.05389999999997
373.158	184.4939
373.384	189.3739
373.61	189.2639
373.835	189.2139
374.061	187.55389999999997
374.287	194.5239
374.513	192.3539
374.739	189.73389999999998
374.965	193.05389999999997
375.191	191.1539
375.416	190.2139
375.642	188.0939
375.868	191.4039
376.094	188.81390000000002
376.319	186.6039
376.545	185.7139
376.771	186.1339
376.997	185.2939
377.222	188.55389999999997
377.448	186.9239
377.674	183.73389999999998
377.899	184.2939
378.125	184.1139
378.35	182.57389999999998
378.576	183.5339
378.802	182.97390000000001
379.027	183.6939
379.253	184.8739
379.478	183.3639
379.704	184.5439
379.929	188.3839
380.155	192.3339
380.38	191.97390000000001
380.606	191.47390000000001
380.831	190.6539
381.057	192.4639
381.282	192.07389999999998
381.507	192.7439
381.733	193.5939
381.958	192.56390000000002
382.184	197.3539
382.409	199.8639
382.634	203.97390000000001
382.86	198.9439
383.085	200.0439
383.31	200.2539
383.535	203.0239
383.761	203.0039
383.986	202.1239
384.211	204.8639
384.436	205.4939
384.662	208.1039
384.887	214.0239
385.112	215.89389999999997
385.337	215.4939
385.562	218.4239
385.787	221.2739
386.013	234.2839
386.238	247.4539
386.463	230.72390000000001
386.688	225.66389999999998
386.913	215.14389999999997
387.138	216.7939
387.363	213.2039
387.588	208.3539
387.813	210.1339
388.038	213.6839
388.263	223.6839
388.488	220.97390000000001
388.713	205.8439
388.938	204.22390000000001
389.163	204.47390000000001
389.387	201.7839
389.612	198.7439
389.837	198.8339
390.062	198.5139
390.287	198.6839
390.512	196.39389999999997
390.736	196.4639
390.961	201.7139
391.186	202.2939
391.411	205.05389999999997
391.636	207.7439
391.86	208.7739
392.085	209.2839
392.31	206.9539
392.534	206.6739
392.759	205.8439
392.984	202.5439
393.208	202.9239
393.433	206.81390000000002
393.658	202.48389999999998
393.882	199.72390000000001
394.107	199.81390000000002
394.331	202.1139
394.556	201.1339
394.78	205.81390000000002
395.005	206.3739
395.229	203.7639
395.454	207.7839
395.678	209.3339
395.903	212.98389999999998
396.127	215.5339
396.352	210.7539
396.576	206.41389999999998
396.801	207.1139
397.025	206.0939
397.249	206.5139
397.474	212.7439
397.698	214.3439
397.922	218.1839
398.147	220.41389999999998
398.371	220.07389999999998
398.595	220.7739
398.82	226.2439
399.044	236.8739
399.268	249.8639
399.492	271.7539
399.717	285.6239
399.941	284.4539
400.165	279.96389999999997
400.389	264.2339
400.613	245.1939
400.837	236.1739
401.062	234.2839
401.286	234.0339
401.51	237.1239
401.734	241.31390000000002
401.958	258.3439
402.182	320.27389999999997
402.406	401.75390000000004
402.63	326.22389999999996
402.854	261.8539
403.078	246.5939
403.302	246.72390000000001
403.526	248.72390000000001
403.75	246.4339
403.974	249.3539
404.198	251.5039
404.422	259.44390000000004
404.645	262.03389999999996
404.869	281.71389999999997
405.093	312.7239
405.317	351.97389999999996
405.541	348.7839
405.765	309.96389999999997
405.988	326.58389999999997
406.212	443.3539
406.436	594.3939
406.66	433.2339
406.883	306.9739
407.107	295.44390000000004
407.331	300.51390000000004
407.555	316.4239
407.778	301.1339
408.002	274.3639
408.226	264.46389999999997
408.449	258.77389999999997
408.673	256.4539
408.896	265.2239
409.12	271.1539
409.344	251.5039
409.567	244.1339
409.791	242.82389999999998
410.014	242.8539
410.238	242.81390000000002
410.461	243.9939
410.685	246.39389999999997
410.908	251.55389999999997
411.132	267.51390000000004
411.355	266.27389999999997
411.578	247.1239
411.802	241.8339
412.025	250.3339
412.249	274.2939
412.472	306.5839
412.695	342.27389999999997
412.919	296.2439
413.142	267.9739
413.365	251.8739
413.589	243.6839
413.812	235.1039
414.035	238.6139
414.258	239.23389999999998
414.482	236.7739
414.705	234.3539
414.928	230.4039
415.151	230.3439
415.374	230.2639
415.597	229.8539
415.821	228.4639
416.044	233.6939
416.267	231.9439
416.49	224.3839
416.713	224.07389999999998
416.936	229.2639
417.159	231.2639
417.382	243.55389999999997
417.605	258.4339
417.828	271.2939
418.051	252.6039
418.274	232.8439
418.497	228.1039
418.72	228.6239
418.943	228.4039
419.166	238.7039
419.389	247.6339
419.611	252.9639
419.834	254.0439
420.057	259.7439
420.28	273.7939
420.503	262.26390000000004
420.726	251.5339
420.948	254.6539
421.171	268.76390000000004
421.394	257.3239
421.617	234.91389999999998
421.839	230.9939
422.062	233.0839
422.285	243.32389999999998
422.507	264.27389999999997
422.73	282.8039
422.953	253.5839
423.175	241.1939
423.398	239.6939
423.621	240.6839
423.843	242.73389999999998
424.066	239.5339
424.288	243.05389999999997
424.511	252.66389999999998
424.733	275.9939
424.956	305.8839
425.178	283.7939
425.401	283.0039
425.623	277.1639
425.846	245.07389999999998
426.068	248.48389999999998
426.291	244.3839
426.513	237.3839
426.735	242.6339
426.958	261.9139
427.18	307.21389999999997
427.402	410.2339
427.625	540.0239
427.847	488.1739
428.069	426.50390000000004
428.292	300.7439
428.514	245.31390000000002
428.736	229.7139
428.958	223.7839
429.181	218.4939
429.403	216.8839
429.625	226.0039
429.847	238.0439
430.069	265.03389999999996
430.292	239.4239
430.514	216.2839
430.736	213.30389999999997
430.958	212.1939
431.18	207.9439
431.402	209.3439
431.624	206.55389999999997
431.846	208.6039
432.068	211.0139
432.29	213.0339
432.512	213.98389999999998
432.734	214.89389999999997
432.956	216.4439
433.178	225.3539
433.4	228.5239
433.622	217.6139
433.844	216.07389999999998
434.066	218.7639
434.287	222.0139
434.509	222.22390000000001
434.731	228.5439
434.953	228.2539
435.175	229.9039
435.397	236.06390000000002
435.618	237.5239
435.84	261.4139
436.062	309.8839
436.284	300.2939
436.505	248.14389999999997
436.727	238.1239
436.949	221.2739
437.17	216.8739
437.392	216.9939
437.614	236.0939
437.835	282.53389999999996
438.057	338.79389999999995
438.278	319.19390000000004
438.5	294.1439
438.721	334.4139
438.943	276.4039
439.165	229.6539
439.386	227.7039
439.608	235.2439
439.829	257.6039
440.05	311.71389999999997
440.272	358.1039
440.493	262.0039
440.715	227.31390000000002
440.936	221.7939
441.158	224.1839
441.379	228.7139
441.6	246.1139
441.822	257.4939
442.043	264.4839
442.264	301.5639
442.486	287.1339
442.707	255.89389999999997
442.928	280.3039
443.149	348.7839
443.371	353.7439
443.592	314.5039
443.813	327.3839
444.034	310.7439
444.255	254.1139
444.476	243.1039
444.698	247.4939
444.919	249.2939
445.14	293.4939
445.361	290.4039
445.582	309.8339
445.803	386.5339
446.024	389.9539
446.245	363.6739
446.466	295.6739
446.687	235.5939
446.908	225.8739
447.129	218.55389999999997
447.35	218.80389999999997
447.571	221.8439
447.792	221.2139
448.013	239.30389999999997
448.234	264.4139
448.455	263.3139
448.675	306.71389999999997
448.896	323.1539
449.117	256.78389999999996
449.338	267.0639
449.559	334.89390000000003
449.779	342.54389999999995
450.0	242.31390000000002
450.221	220.9939
450.442	215.57389999999998
450.662	231.8539
450.883	273.0539
451.104	293.6839
451.324	239.6539
451.545	213.2839
451.766	203.80389999999997
451.986	202.2039
452.207	206.4339
452.428	211.7439
452.648	226.4639
452.869	257.1839
453.089	272.19390000000004
453.31	285.8039
453.53	224.4039
453.751	214.7039
453.971	249.0839
454.192	278.3839
454.412	222.82389999999998
454.633	202.8339
454.853	197.47390000000001
455.073	198.55389999999997
455.294	216.2939
455.514	247.6239
455.734	214.7839
455.955	194.0039
456.175	189.5039
456.395	187.5139
456.616	188.8439
456.836	188.30389999999997
457.056	189.2639
457.276	185.07389999999998
457.497	193.4239
457.717	193.2439
457.937	196.2639
458.157	201.4539
458.377	214.6139
458.598	268.1639
458.818	408.4839
459.038	449.8039
459.258	325.90389999999996
459.478	235.6039
459.698	218.9539
459.918	215.5439
460.138	218.2139
460.358	220.7539
460.578	226.07389999999998
460.798	231.0339
461.018	231.1339
461.238	221.73389999999998
461.458	219.9639
461.678	217.5139
461.898	223.31390000000002
462.118	222.6339
462.338	229.5139
462.558	234.2539
462.777	239.2739
462.997	263.5839
463.217	285.7939
463.437	265.69390000000004
463.657	249.05389999999997
463.876	245.0139
464.096	249.3439
464.316	258.9239
464.536	265.19390000000004
464.755	260.4339
464.975	299.52389999999997
465.195	481.5139
465.414	484.5139
465.634	268.5639
465.854	231.1339
466.073	220.2139
466.293	216.7139
466.512	209.5139
466.732	210.4639
466.951	215.0839
467.171	223.0939
467.391	243.98389999999998
467.61	305.7539
467.829	403.9239
468.049	941.2838999999999
468.268	1369.7839
468.488	433.7639
468.707	254.22390000000001
468.927	225.0339
469.146	217.4039
469.365	216.6239
469.585	220.3539
469.804	242.07389999999998
470.023	251.9439
470.243	241.2939
470.462	264.2439
470.681	301.3939
470.901	245.5339
471.12	233.72390000000001
471.339	242.47390000000001
471.558	261.52389999999997
471.777	314.0539
471.997	537.2539
472.216	1744.7239
472.435	3733.3839000000003
472.654	1036.9339
472.873	380.52389999999997
473.092	277.02389999999997
473.311	249.1239
473.53	236.14389999999997
473.749	235.9339
473.968	257.4339
474.187	302.6839
474.406	267.6339
474.625	226.1239
474.844	213.30389999999997
475.063	211.0339
475.282	210.6039
475.501	210.2539
475.72	216.1739
475.939	211.73389999999998
476.158	211.05389999999997
476.377	214.5839
476.596	218.7139
476.814	233.4239
477.033	236.0039
477.252	224.5439
477.471	222.72390000000001
477.69	227.3439
477.908	229.1739
478.127	232.2939
478.346	234.1339
478.564	243.57389999999998
478.783	259.6439
479.002	261.4339
479.22	263.5739
479.439	291.01390000000004
479.658	314.5539
479.876	299.0539
480.095	301.1639
480.313	334.65389999999996
480.532	377.33389999999997
480.751	563.7638999999999
480.969	1622.4939
481.188	6127.8739000000005
481.406	3554.2339
481.624	754.9439
481.843	399.4239
482.061	327.7839
482.28	295.28389999999996
482.498	277.8339
482.717	266.1539
482.935	258.6339
483.153	251.4939
483.372	248.7839
483.59	244.3739
483.808	243.0339
484.027	243.32389999999998
484.245	246.1239
484.463	247.6539
484.681	248.5339
484.9	244.3639
485.118	246.22390000000001
485.336	247.7439
485.554	252.97390000000001
485.772	254.89389999999997
485.99	259.2339
486.209	264.8639
486.427	268.2539
486.645	287.2939
486.863	305.2439
487.081	271.7939
487.299	255.8639
487.517	252.2939
487.735	249.5939
487.953	247.4039
488.171	249.5039
488.389	255.55389999999997
488.607	262.6839
488.825	250.89389999999997
489.043	248.4539
489.261	250.0039
489.479	248.0439
489.696	252.98389999999998
489.914	254.14389999999997
490.132	258.1239
490.35	262.8139
490.568	267.0439
490.786	275.27389999999997
491.003	282.8339
491.221	299.69390000000004
491.439	316.03389999999996
491.657	314.8139
491.874	313.2439
492.092	313.2439
492.31	321.9039
492.527	336.5939
492.745	342.33389999999997
492.963	331.9239
493.18	323.4539
493.398	319.6839
493.615	319.7939
493.833	310.0739
494.05	302.69390000000004
494.268	295.9739
494.485	293.8139
494.703	288.4939
494.92	289.3739
495.138	283.8239
495.355	283.1539
495.573	284.4939
495.79	281.19390000000004
496.008	281.28389999999996
496.225	276.2539
496.442	275.6739
496.66	277.4039
496.877	275.1139
497.094	280.5939
497.312	280.3839
497.529	281.4339
497.746	286.51390000000004
497.963	289.1239
498.181	299.9839
498.398	310.1839
498.615	334.6939
498.832	334.4839
499.049	327.1939
499.267	333.32390000000004
499.484	344.0539
499.701	355.93390000000005
499.918	368.65389999999996
500.135	384.08389999999997
500.352	396.8739
500.569	409.1039
500.786	409.97389999999996
501.003	396.1039
501.22	380.11389999999994
501.437	370.04389999999995
501.654	369.1339
501.871	395.65389999999996
502.088	338.64390000000003
502.305	316.4539
502.522	301.8539
502.739	294.8339
502.956	288.02389999999997
503.172	286.0539
503.389	295.5439
503.606	325.8539
503.823	297.1739
504.04	277.53389999999996
504.256	272.5639
504.473	273.94390000000004
504.69	272.5939
504.907	271.0539
505.123	260.9739
505.34	256.53389999999996
505.557	253.6239
505.773	254.0239
505.99	249.41389999999998
506.207	248.57389999999998
506.423	245.3839
506.64	244.14389999999997
506.856	244.5239
507.073	243.7539
507.289	247.06390000000002
507.506	258.3039
507.722	308.3539
507.939	311.3839
508.155	254.81390000000002
508.372	242.9039
508.588	240.7139
508.805	244.07389999999998
509.021	247.0839
509.238	256.2339
509.454	254.5939
509.67	256.3339
509.887	268.4939
510.103	308.1739
510.319	455.6239
510.536	1487.2739000000001
510.752	5044.9139
510.968	1393.5039
511.184	369.58389999999997
511.401	297.9139
511.617	275.8639
511.833	295.44390000000004
512.049	281.1839
512.265	259.2439
512.481	249.4539
512.698	243.89389999999997
512.914	240.6039
513.13	240.2939
513.346	239.3739
513.562	242.0139
513.778	247.4239
513.994	255.2039
514.21	277.8639
514.426	324.3739
514.642	385.3039
514.858	363.9839
515.074	476.07390000000004
515.29	1261.8038999999999
515.506	4156.883900000001
515.721	1501.0039
515.937	441.6039
516.153	322.01390000000004
516.369	278.3439
516.585	264.5839
516.801	267.3239
517.016	263.5939
517.232	260.96389999999997
517.448	264.6839
517.664	268.6839
517.879	267.9139
518.095	265.1239
518.311	276.0439
518.527	275.1839
518.742	253.66389999999998
518.958	245.8339
519.173	246.30389999999997
519.389	248.2639
519.605	246.9239
519.82	249.66389999999998
520.036	271.19390000000004
520.251	328.57390000000004
520.467	311.2339
520.682	284.51390000000004
520.898	292.3639
521.113	322.5939
521.329	397.4439
521.544	612.2939
521.76	1628.0439000000001
521.975	6748.1639000000005
522.19	4047.3539
522.406	880.9539
522.621	355.61389999999994
522.836	274.7539
523.052	247.0839
523.267	233.9939
523.482	231.7539
523.698	245.2039
523.913	295.19390000000004
524.128	253.9539
524.343	220.16389999999998
524.559	216.5039
524.774	210.64389999999997
524.989	221.7939
525.204	251.1939
525.419	235.06390000000002
525.634	211.0239
525.849	205.8339
526.064	204.2139
526.28	204.2639
526.495	197.66389999999998
526.71	199.7539
526.925	197.32389999999998
527.14	199.06390000000002
527.355	198.5439
527.57	198.80389999999997
527.785	197.5839
527.999	197.05389999999997
528.214	199.30389999999997
528.429	205.0439
528.644	205.80389999999997
528.859	203.07389999999998
529.074	216.2639
529.289	305.02389999999997
529.503	504.3439
529.718	265.51390000000004
529.933	212.4939
530.148	201.4339
530.363	199.2939
530.577	197.7739
530.792	195.82389999999998
531.007	197.2439
531.221	200.8539
531.436	195.1239
531.651	196.9539
531.865	194.89389999999997
532.08	194.7539
532.295	198.7939
532.509	195.9639
532.724	195.7739
532.938	196.0839
533.153	196.98389999999998
533.367	194.4439
533.582	196.4539
533.796	194.2839
534.011	192.8339
534.225	192.4539
534.44	193.0839
534.654	193.32389999999998
534.868	191.30389999999997
535.083	192.6739
535.297	199.30389999999997
535.511	219.3439
535.726	228.47390000000001
535.94	212.7939
536.154	203.4039
536.369	195.3739
536.583	187.4239
536.797	187.3839
537.011	188.7839
537.225	187.14389999999997
537.44	187.7639
537.654	187.9939
537.868	188.1739
538.082	190.07389999999998
538.296	187.8739
538.51	187.22390000000001
538.724	186.6339
538.938	189.4339
539.153	200.3339
539.367	233.82389999999998
539.581	205.5239
539.795	186.4539
540.009	185.6139
540.222	184.2939
540.436	185.3739
540.65	186.55389999999997
540.864	192.9639
541.078	203.9539
541.292	192.9339
541.506	184.5439
541.72	182.81390000000002
541.934	180.41389999999998
542.147	180.2439
542.361	179.1039
542.575	179.6739
542.789	182.9339
543.002	184.2439
543.216	190.82389999999998
543.43	206.5939
543.644	189.6339
543.857	184.73389999999998
544.071	185.3639
544.285	184.8339
544.498	182.9339
544.712	182.1339
544.925	178.9339
545.139	180.30389999999997
545.352	179.1939
545.566	179.8839
545.779	178.0239
545.993	180.1539
546.206	180.0839
546.42	180.3639
546.633	182.2439
546.847	183.1939
547.06	178.6139
547.274	178.91389999999998
547.487	179.0039
547.7	178.8439
547.914	178.0439
548.127	177.7839
548.34	178.5039
548.554	178.6739
548.767	181.0239
548.98	180.1839
549.193	178.9339
549.407	179.9639
549.62	181.39389999999997
549.833	179.3639
550.046	178.2039
550.259	179.3839
550.473	179.9239
550.686	180.8539
550.899	178.72390000000001
551.112	179.0439
551.325	182.3439
551.538	192.4439
551.751	184.5839
551.964	181.06390000000002
552.177	181.8639
552.39	178.97390000000001
552.603	184.0339
552.816	186.4239
553.029	187.39389999999997
553.242	193.0839
553.455	208.7939
553.667	230.55389999999997
553.88	229.2139
554.093	205.32389999999998
554.306	216.4439
554.519	219.7839
554.732	194.1239
554.944	183.4339
555.157	178.0039
555.37	175.8539
555.583	179.5139
555.795	182.6339
556.008	174.6139
556.221	170.98389999999998
556.433	171.6739
556.646	172.82389999999998
556.859	170.8439
557.071	168.8639
557.284	167.4439
557.496	168.1039
557.709	167.1539
557.921	166.3339
558.134	164.7539
558.346	165.64389999999997
558.559	164.5939
558.771	164.3839
558.984	164.6339
559.196	162.91389999999998
559.409	162.0139
559.621	164.2739
559.833	165.39389999999997
560.046	171.4539
560.258	192.7039
560.47	222.3639
560.683	186.16389999999998
560.895	168.16389999999998
561.107	163.81390000000002
561.32	162.6939
561.532	162.7539
561.744	162.80389999999997
561.956	162.19389999999999
562.168	162.89389999999997
562.381	164.5939
562.593	163.3339
562.805	164.05389999999997
563.017	164.23389999999998
563.229	163.7939
563.441	163.2039
563.653	161.10389999999998
563.865	160.47390000000001
564.077	162.1339
564.289	164.7439
564.501	165.03390000000002
564.713	170.46390000000002
564.925	181.2439
565.137	202.6139
565.349	178.4939
565.561	172.7039
565.773	173.7539
565.985	175.55389999999997
566.197	179.31390000000002
566.408	185.97390000000001
566.62	192.6339
566.832	197.6039
567.044	198.9339
567.255	199.8439
567.467	201.9539
567.679	208.1139
567.891	214.7539
568.102	214.05389999999997
568.314	205.47390000000001
568.526	195.23389999999998
568.737	191.4039
568.949	182.4939
569.161	176.2739
569.372	170.03390000000002
569.584	171.1339
569.795	176.5439
570.007	219.2439
570.218	490.7439
570.43	262.5939
570.641	171.1939
570.853	163.06390000000002
571.064	160.2939
571.276	159.9539
571.487	157.8739
571.698	155.7439
571.91	152.5939
572.121	152.3439
572.333	150.8039
572.544	150.3439
572.755	149.9139
572.966	150.6839
573.178	149.6739
573.389	154.7839
573.6	149.97390000000001
573.811	146.31390000000002
574.023	145.7039
574.234	146.3339
574.445	146.7439
574.656	144.4339
574.867	143.6639
575.078	145.4039
575.289	146.0339
575.501	144.2039
575.712	143.94389999999999
575.923	144.5839
576.134	144.25390000000002
576.345	142.7339
576.556	145.0839
576.767	146.1639
576.978	147.9139
577.188	148.5239
577.399	149.5239
577.61	152.0939
577.821	162.32389999999998
578.032	195.0839
578.243	501.2939
578.454	1580.2539
578.665	402.6739
578.875	172.12390000000002
579.086	146.7939
579.297	141.3339
579.508	138.6539
579.718	138.8739
579.929	138.8439
580.14	137.2339
580.35	134.4039
580.561	136.9239
580.772	135.6139
580.982	134.60389999999998
581.193	133.9939
581.403	134.5539
581.614	133.69389999999999
581.825	134.4539
582.035	131.9639
582.246	135.2839
582.456	133.75390000000002
582.667	135.2939
582.877	133.6839
583.087	133.4339
583.298	134.44389999999999
583.508	136.31390000000002
583.719	134.9839
583.929	135.8239
584.139	134.0939
584.35	132.3339
584.56	134.3239
584.77	133.6139
584.981	134.6639
585.191	135.44389999999999
585.401	135.81390000000002
585.611	133.5339
585.821	136.0339
586.032	135.8239
586.242	132.2839
586.452	132.9839
586.662	131.50390000000002
586.872	131.9239
587.082	131.1739
587.292	129.6139
587.502	130.4039
587.713	128.9039
587.923	131.9239
588.133	131.9239
588.343	131.4839
588.553	132.5839
588.762	143.2839
588.972	178.5839
589.182	422.57390000000004
589.392	241.1839
589.602	192.71390000000002
589.812	313.5539
590.022	177.87390000000002
590.232	139.0539
590.441	133.8739
590.651	131.4539
590.861	130.6639
591.071	130.5239
591.281	133.1739
591.49	131.9339
591.7	130.7139
591.91	133.7939
592.119	133.25390000000002
592.329	142.4139
592.539	153.60389999999998
592.748	141.5839
592.958	139.2439
593.167	138.3339
593.377	139.8439
593.587	145.1139
593.796	141.1539
594.006	140.2139
594.215	141.22390000000001
594.424	139.9339
594.634	138.4839
594.843	137.6839
595.053	135.3339
595.262	132.5439
595.472	134.0739
595.681	132.1439
595.89	131.00390000000002
596.1	130.0439
596.309	129.2139
596.518	130.4039
596.727	130.6139
596.937	129.6339
597.146	128.4539
597.355	126.6739
597.564	126.4339
597.774	125.4539
597.983	124.4539
598.192	125.33390000000001
598.401	124.3139
598.61	123.8539
598.819	123.40390000000001
599.028	123.4839
599.237	124.2739
599.446	125.1139
599.655	126.9339
599.864	124.40390000000001
600.073	123.1739
600.282	125.3039
600.491	123.50390000000002
600.7	124.4739
600.909	122.3939
601.118	125.3939
601.327	125.9239
601.536	123.50390000000002
601.745	122.6039
601.953	124.9239
602.162	126.2239
602.371	126.9839
602.58	122.8639
602.789	124.7139
602.997	123.1739
603.206	123.9839
603.415	122.7039
603.623	120.41390000000001
603.832	121.8639
604.041	121.7739
604.249	120.9339
604.458	122.33390000000001
604.666	119.9239
604.875	119.8839
605.084	118.24390000000001
605.292	117.4439
605.501	119.8539
605.709	120.25390000000002
605.918	117.3939
606.126	121.99390000000001
606.334	118.1239
606.543	120.2339
606.751	119.84389999999999
606.96	118.83390000000001
607.168	120.00390000000002
607.376	124.3539
607.585	124.7239
607.793	121.9339
608.001	121.65390000000001
608.21	118.7739
608.418	118.99390000000001
608.626	117.74390000000001
608.834	118.66390000000001
609.043	118.74390000000001
609.251	118.3139
609.459	117.8039
609.667	120.3639
609.875	118.9339
610.083	118.8539
610.291	119.9739
610.499	119.7739
610.707	119.1739
610.916	119.83390000000001
611.124	119.5339
611.332	118.6939
611.54	118.83390000000001
611.748	117.9739
611.955	118.33390000000001
612.163	118.6139
612.371	117.8039
612.579	117.16390000000001
612.787	117.9239
612.995	120.1239
613.203	117.9839
613.411	117.91390000000001
613.618	117.6339
613.826	115.7239
614.034	115.07390000000001
614.242	118.2839
614.449	118.8139
614.657	122.7939
614.865	118.24390000000001
615.072	118.3539
615.28	120.8139
615.488	121.4839
615.695	120.99390000000001
615.903	123.4639
616.111	125.66390000000001
616.318	128.2039
616.526	122.5239
616.733	122.9239
616.941	118.5539
617.148	117.33390000000001
617.356	116.9739
617.563	115.90390000000001
617.771	117.9339
617.978	115.4239
618.185	116.3939
618.393	115.2139
618.6	115.7239
618.807	115.9639
619.015	116.75390000000002
619.222	113.7839
619.429	114.9839
619.637	114.6039
619.844	114.2839
620.051	114.41390000000001
620.258	113.2139
620.466	112.6439
620.673	111.41390000000001
620.88	110.2939
621.087	111.76389999999999
621.294	112.6139
621.501	111.7239
621.708	114.5339
621.915	112.9339
622.122	112.8139
622.329	113.7939
622.536	113.4239
622.743	110.01389999999999
622.95	111.00390000000002
623.157	110.6839
623.364	110.1839
623.571	110.59389999999999
623.778	110.4839
623.985	111.50390000000002
624.192	108.3139
624.399	109.6739
624.606	109.6039
624.812	109.8639
625.019	108.84389999999999
625.226	109.5239
625.433	113.2039
625.639	107.7039
625.846	108.76389999999999
626.053	109.3739
626.259	108.16390000000001
626.466	110.5639
626.673	107.6039
626.879	109.82390000000001
627.086	112.7139
627.293	110.32390000000001
627.499	107.1439
627.706	107.51389999999999
627.912	108.0539
628.119	106.40390000000001
628.325	110.76389999999999
628.532	106.8739
628.738	106.90390000000001
628.945	106.5339
629.151	107.8739
629.357	106.6139
629.564	106.59389999999999
629.77	106.7339
629.976	105.90390000000001
630.183	104.6839
630.389	104.3839
630.595	103.8939
630.802	104.9339
631.008	104.40390000000001
631.214	104.1239
631.42	105.76389999999999
631.627	109.1939
631.833	104.3739
632.039	103.4239
632.245	104.4239
632.451	105.5239
632.657	104.4639
632.863	104.3639
633.069	105.16390000000001
633.275	105.01389999999999
633.481	103.49390000000001
633.688	104.6339
633.893	105.3039
634.099	104.58390000000001
634.305	105.2039
634.511	106.5539
634.717	106.8839
634.923	106.76389999999999
635.129	106.9539
635.335	109.3039
635.541	113.1039
635.747	119.4639
635.952	129.7939
636.158	182.80389999999997
636.364	538.8539000000001
636.57	465.47389999999996
636.775	192.30389999999997
636.981	133.1339
637.187	119.16390000000001
637.392	115.33390000000001
637.598	111.08390000000001
637.804	109.6939
638.009	108.5539
638.215	108.1439
638.421	105.2039
638.626	103.1839
638.832	106.1939
639.037	103.8839
639.243	102.76389999999999
639.448	103.4839
639.654	105.4439
639.859	102.1139
640.065	101.6839
640.27	105.9639
640.475	102.3039
640.681	100.6439
640.886	102.1839
641.091	101.09389999999999
641.297	104.65390000000001
641.502	101.1239
641.707	105.42389999999999
641.913	103.7939
642.118	100.2739
642.323	100.0339
642.528	102.7139
642.733	103.00389999999999
642.939	101.4639
643.144	100.58389999999999
643.349	99.17389999999999
643.554	100.5639
643.759	99.6439
643.964	97.9439
644.169	100.3539
644.374	100.4439
644.579	100.1039
644.784	101.5539
644.989	101.4739
645.194	100.3739
645.399	100.57390000000001
645.604	100.6939
645.809	103.6439
646.014	100.67389999999999
646.219	100.4739
646.423	99.34389999999999
646.628	98.76389999999999
646.833	100.42389999999999
647.038	101.8639
647.243	101.42389999999999
647.447	102.0239
647.652	100.8639
647.857	98.84389999999999
648.062	101.5539
648.266	103.0539
648.471	106.2039
648.676	109.91390000000001
648.88	108.6339
649.085	105.7839
649.289	110.1039
649.494	124.40390000000001
649.698	166.7939
649.903	125.0339
650.107	106.1839
650.312	101.6939
650.516	99.17389999999999
650.721	100.1039
650.925	97.09389999999999
651.13	94.8639
651.334	95.0539
651.539	95.2739
651.743	94.2839
651.947	95.9439
652.152	94.8739
652.356	94.3939
652.56	96.0439
652.764	93.1139
652.969	93.75389999999999
653.173	91.9739
653.377	92.1039
653.581	91.4439
653.785	92.59389999999999
653.99	94.3539
654.194	92.3039
654.398	93.4739
654.602	94.2139
654.806	100.17389999999999
655.01	118.2939
655.214	102.2039
655.418	95.5439
655.622	93.7939
655.826	96.0439
656.03	97.2039
656.234	103.0339
656.438	109.40390000000001
656.642	112.6939
656.846	103.33389999999999
657.049	96.6439
657.253	93.4539
657.457	89.9839
657.661	89.1939
657.865	89.66390000000001
658.068	89.6339
658.272	88.8639
658.476	87.2939
658.68	86.8639
658.883	85.5639
659.087	85.0339
659.291	86.82390000000001
659.494	87.34389999999999
659.698	83.8639
659.901	85.07390000000001
660.105	83.90390000000001
660.309	84.1239
660.512	85.2339
660.716	85.99390000000001
660.919	84.99390000000001
661.123	85.3939
661.326	83.33390000000001
661.53	83.40390000000001
661.733	84.16390000000001
661.936	83.08390000000001
662.14	82.1139
662.343	83.8839
662.546	82.32390000000001
662.75	83.66390000000001
662.953	85.3839
663.156	82.9639
663.36	82.0239
663.563	82.15390000000001
663.766	81.8139
663.969	81.0339
664.173	80.9539
664.376	81.9439
664.579	83.00389999999999
664.782	81.65390000000001
664.985	81.8539
665.188	82.2039
665.391	81.99390000000001
665.594	81.0739
665.797	81.1239
666.0	80.5739
666.203	82.08390000000001
666.406	80.2439
666.609	81.7839
666.812	81.83390000000001
667.015	81.74390000000001
667.218	82.3639
667.421	81.7339
667.624	80.8139
667.827	83.3739
668.03	79.7139
668.232	79.5539
668.435	81.51389999999999
668.638	82.01389999999999
668.841	81.75389999999999
669.043	81.0039
669.246	81.6039
669.449	82.82390000000001
669.651	81.42389999999999
669.854	80.2839
670.057	81.10390000000001
670.259	80.4139
670.462	81.0539
670.665	80.93390000000001
670.867	82.17389999999999
671.07	82.0539
671.272	83.01389999999999
671.475	84.00389999999999
671.677	80.10390000000001
671.88	80.7839
672.082	80.3939
672.284	81.5239
672.487	79.8739
672.689	80.9239
672.892	81.25389999999999
