223.165	-16.9434
223.4	-16.9434
223.635	-16.9434
223.869	-19.2534
224.104	-19.083399999999997
224.338	-16.2234
224.573	-14.2034
224.808	-12.9734
225.042	-8.3234
225.277	-4.5934
225.511	-2.4134
225.746	2.8766000000000003
225.98	5.9266
226.215	11.736600000000001
226.449	16.3966
226.683	20.476599999999998
226.918	25.7366
227.152	30.8566
227.387	34.2166
227.621	37.0266
227.856	42.696600000000004
228.09	45.8166
228.324	49.806599999999996
228.559	53.846599999999995
228.793	63.656600000000005
229.027	80.9966
229.262	90.2566
229.496	102.93660000000001
229.73	127.3266
229.964	128.0766
230.199	100.0666
230.433	97.0766
230.667	101.4066
230.901	97.7166
231.136	97.18660000000001
231.37	97.3266
231.604	97.0666
231.838	100.8366
232.072	98.9066
232.306	101.6666
232.541	101.92660000000001
232.775	99.9666
233.009	100.3266
233.243	100.3166
233.477	100.0466
233.711	102.51660000000001
233.945	102.0566
234.179	102.8366
234.413	105.03659999999999
234.647	101.67660000000001
234.881	102.11659999999999
235.115	102.03659999999999
235.349	103.61659999999999
235.583	103.36659999999999
235.817	105.4666
236.051	107.26660000000001
236.285	106.36659999999999
236.519	106.4066
236.753	110.7366
236.987	124.3866
237.221	153.9866
237.455	164.33659999999998
237.689	120.60660000000001
237.922	111.17660000000001
238.156	110.64659999999999
238.39	107.61659999999999
238.624	106.9666
238.858	107.4666
239.091	107.53659999999999
239.325	108.19659999999999
239.559	112.67660000000001
239.793	112.8866
240.027	115.86659999999999
240.26	123.84660000000001
240.494	128.0766
240.728	125.6666
240.961	120.94659999999999
241.195	117.1366
241.429	113.4066
241.662	113.51660000000001
241.896	113.39659999999999
242.13	110.89659999999999
242.363	112.51660000000001
242.597	114.89659999999999
242.83	117.1266
243.064	115.8166
243.298	115.85660000000001
243.531	115.2466
243.765	116.9166
243.998	117.69659999999999
244.232	120.51660000000001
244.465	126.1566
244.699	125.3266
244.932	121.69659999999999
245.166	119.51660000000001
245.399	121.0866
245.633	122.2566
245.866	121.2966
246.099	119.6566
246.333	123.7066
246.566	123.92660000000001
246.8	123.7166
247.033	125.9566
247.266	128.41660000000002
247.5	132.5166
247.733	135.5066
247.966	136.95659999999998
248.2	134.8966
248.433	135.4466
248.666	139.04659999999998
248.899	149.1466
249.133	160.0666
249.366	171.8966
249.599	162.1866
249.832	141.91660000000002
250.066	142.6166
250.299	141.91660000000002
250.532	150.3166
250.765	160.3366
250.998	168.6466
251.231	161.1266
251.465	152.8966
251.698	149.0366
251.931	147.60660000000001
252.164	148.1166
252.397	149.6366
252.63	152.8366
252.863	156.85660000000001
253.096	164.65659999999997
253.329	169.5366
253.562	162.8966
253.795	159.9666
254.028	159.2666
254.261	159.5066
254.494	170.67659999999998
254.727	193.5466
254.96	195.40659999999997
255.193	177.72660000000002
255.426	167.38660000000002
255.659	162.5566
255.892	169.1866
256.124	170.0366
256.357	168.9566
256.59	162.5366
256.823	157.9966
257.056	157.2566
257.289	158.7366
257.521	159.3366
257.754	158.9766
257.987	156.4466
258.22	158.4466
258.452	157.9666
258.685	157.1566
258.918	161.7266
259.151	160.85660000000001
259.383	166.6066
259.616	166.0566
259.849	170.63660000000002
260.081	181.01659999999998
260.314	191.4466
260.547	185.3666
260.779	174.24659999999997
261.012	171.8766
261.244	169.1466
261.477	171.81660000000002
261.71	180.2366
261.942	202.0366
262.175	214.56660000000002
262.407	176.6966
262.64	164.2766
262.872	164.58659999999998
263.105	166.5366
263.337	167.3966
263.57	166.1866
263.802	166.6266
264.035	163.9666
264.267	164.7166
264.499	165.33659999999998
264.732	167.49659999999997
264.964	165.7366
265.197	166.1866
265.429	167.9866
265.661	166.63660000000002
265.894	167.7166
266.126	169.31660000000002
266.358	170.26659999999998
266.591	170.0566
266.823	173.9466
267.055	175.5766
267.287	177.1466
267.52	173.2166
267.752	175.5966
267.984	175.83659999999998
268.216	175.4366
268.448	179.7066
268.681	182.6366
268.913	191.1266
269.145	201.26659999999998
269.377	203.3766
269.609	195.67659999999998
269.841	195.8666
270.073	202.66660000000002
270.306	219.1166
270.538	228.2766
270.77	216.8266
271.002	208.76659999999998
271.234	207.5966
271.466	217.76659999999998
271.698	226.2266
271.93	222.90659999999997
272.162	227.6166
272.394	221.4366
272.626	210.0766
272.858	203.7966
273.09	197.6166
273.322	195.1866
273.553	194.2866
273.785	194.42659999999998
274.017	194.5466
274.249	195.9366
274.481	195.67659999999998
274.713	199.9866
274.945	203.0466
275.176	202.5366
275.408	200.9366
275.64	199.0366
275.872	198.6466
276.104	202.3766
276.335	205.5666
276.567	220.3666
276.799	242.6066
277.031	249.9866
277.262	243.49659999999997
277.494	230.0066
277.726	217.2266
277.957	209.15659999999997
278.189	205.5366
278.421	205.2566
278.652	204.2366
278.884	204.33659999999998
279.115	202.7366
279.347	203.9766
279.579	203.1166
279.81	202.5466
280.042	204.3466
280.273	207.1966
280.505	206.90659999999997
280.736	204.1466
280.968	203.0766
281.199	207.5066
281.431	207.4666
281.662	209.8466
281.894	212.5566
282.125	222.3866
282.356	254.0666
282.588	290.8466
282.819	251.5966
283.051	215.33659999999998
283.282	212.5766
283.513	216.26659999999998
283.745	217.4366
283.976	216.2066
284.207	216.3966
284.439	215.8666
284.67	215.7066
284.901	215.4366
285.132	214.0966
285.364	216.08659999999998
285.595	216.9766
285.826	214.0466
286.057	220.51659999999998
286.288	218.0466
286.52	218.8466
286.751	217.92659999999998
286.982	219.3166
287.213	219.7066
287.444	221.9766
287.675	229.15659999999997
287.906	234.0666
288.138	238.2066
288.369	237.24659999999997
288.6	235.5266
288.831	229.4566
289.062	227.66660000000002
289.293	226.40659999999997
289.524	224.8466
289.755	225.3566
289.986	223.9566
290.217	225.2166
290.448	225.6366
290.679	225.51659999999998
290.91	224.2866
291.141	222.6966
291.371	225.1966
291.602	225.0066
291.833	223.1266
292.064	225.9866
292.295	226.7566
292.526	228.3466
292.757	227.5366
292.987	226.4466
293.218	223.4666
293.449	228.76659999999998
293.68	227.99659999999997
293.91	226.2366
294.141	229.49659999999997
294.372	226.6166
294.603	229.7366
294.833	228.0766
295.064	228.8766
295.295	230.3666
295.525	233.5066
295.756	245.9366
295.987	265.6966
296.217	304.5066
296.448	286.3766
296.679	240.7966
296.909	235.51659999999998
297.14	233.7866
297.37	236.9766
297.601	238.49659999999997
297.831	236.3166
298.062	242.66660000000002
298.292	242.2866
298.523	245.4866
298.753	243.7266
298.984	239.7066
299.214	240.58659999999998
299.445	244.6166
299.675	242.9466
299.905	250.5566
300.136	245.9566
300.366	243.1166
300.597	245.5466
300.827	254.67659999999998
301.057	263.5566
301.288	274.4166
301.518	259.0366
301.748	255.3566
301.979	267.5966
302.209	260.71659999999997
302.439	260.97659999999996
302.669	255.3666
302.9	252.0666
303.13	253.3166
303.36	256.7566
303.59	267.5666
303.82	273.4466
304.051	259.8166
304.281	255.1166
304.511	251.8966
304.741	248.91660000000002
304.971	249.3066
305.201	250.0766
305.431	249.24659999999997
305.661	251.3766
305.891	249.3966
306.121	255.2866
306.352	263.1766
306.582	267.20660000000004
306.812	252.49659999999997
307.042	252.1866
307.272	254.2866
307.502	254.8166
307.731	254.91660000000002
307.961	252.0466
308.191	249.5966
308.421	252.5766
308.651	253.6466
308.881	254.2266
309.111	259.6266
309.341	262.0866
309.571	267.8666
309.8	269.7666
310.03	276.4266
310.26	280.2866
310.49	274.7366
310.72	285.90659999999997
310.949	301.0166
311.179	294.40659999999997
311.409	274.7366
311.639	276.9266
311.868	280.2466
312.098	279.2666
312.328	284.0666
312.557	302.1866
312.787	314.1266
313.017	299.6466
313.246	284.6366
313.476	275.2866
313.706	279.70660000000004
313.935	287.8666
314.165	299.77660000000003
314.394	305.6066
314.624	294.9966
314.853	288.5066
315.083	281.7366
315.312	278.2666
315.542	273.9166
315.771	272.1066
316.001	272.1766
316.23	269.3166
316.46	269.6166
316.689	276.0466
316.919	280.7366
317.148	286.27660000000003
317.377	284.0466
317.607	283.0666
317.836	280.1166
318.065	272.90659999999997
318.295	270.45660000000004
318.524	272.3966
318.753	271.5566
318.983	276.3166
319.212	283.3466
319.441	293.5066
319.67	292.97659999999996
319.9	277.8066
320.129	273.90659999999997
320.358	276.7466
320.587	280.8666
320.816	287.3166
321.046	294.65659999999997
321.275	289.8966
321.504	284.2366
321.733	287.3066
321.962	293.02660000000003
322.191	299.20660000000004
322.42	312.9866
322.649	324.02660000000003
322.878	324.6766
323.108	334.9966
323.337	355.93660000000006
323.566	373.3166
323.795	410.32660000000004
324.024	491.29660000000007
324.253	779.5065999999999
324.482	1449.3465999999999
324.71	2643.3166
324.939	3333.1966
325.168	1575.0566
325.397	588.1566
325.626	411.15659999999997
325.855	369.8166
326.084	358.04660000000007
326.313	367.6266
326.542	400.2366
326.77	513.9066
326.999	819.5365999999999
327.228	1495.3266
327.457	2578.4766
327.686	2183.9366
327.914	766.9966000000001
328.143	510.90659999999997
328.372	458.47659999999996
328.6	408.4666
328.829	391.0566
329.058	425.4666
329.287	427.6766
329.515	371.8466
329.744	348.6366
329.972	354.9166
330.201	383.6966
330.43	428.4666
330.658	439.0366
330.887	485.4266
331.115	427.2466
331.344	356.97659999999996
331.572	349.2666
331.801	360.4866
332.03	361.6066
332.258	347.5766
332.486	338.3466
332.715	343.8066
332.943	351.9466
333.172	363.52660000000003
333.4	371.8166
333.629	385.79660000000007
333.857	400.3866
334.085	402.07660000000004
334.314	411.8766
334.542	448.7466
334.771	446.40659999999997
334.999	380.9166
335.227	363.3766
335.455	352.8466
335.684	349.6866
335.912	345.46659999999997
336.14	343.1766
336.369	345.3166
336.597	353.8066
336.825	346.7866
337.053	335.7566
337.281	328.2366
337.51	327.1466
337.738	328.5566
337.966	328.27660000000003
338.194	336.0666
338.422	330.8866
338.65	320.7566
338.878	318.95660000000004
339.106	313.0166
339.334	315.5366
339.562	311.3066
339.79	308.2866
340.018	308.8566
340.246	314.8066
340.474	317.2466
340.702	313.7366
340.93	310.47659999999996
341.158	311.47659999999996
341.386	316.4366
341.614	318.90659999999997
341.842	313.4266
342.07	305.1166
342.298	305.5866
342.526	304.27660000000003
342.754	299.3466
342.981	301.5466
343.209	304.1266
343.437	326.6266
343.665	329.52660000000003
343.893	343.9866
344.12	344.9966
344.348	334.8366
344.576	325.8766
344.804	325.4466
345.031	332.4266
345.259	334.6266
345.487	319.6166
345.714	313.4466
345.942	305.3366
346.17	301.4366
346.397	300.3866
346.625	303.7666
346.853	302.20660000000004
347.08	299.1866
347.308	305.5466
347.535	314.1166
347.763	320.72659999999996
347.99	311.96659999999997
348.218	318.9266
348.445	326.40659999999997
348.673	314.0466
348.9	304.4766
349.128	299.7466
349.355	291.3566
349.583	293.71659999999997
349.81	294.27660000000003
350.037	295.5066
350.265	293.5966
350.492	293.3966
350.72	297.97659999999996
350.947	305.0066
351.174	318.9066
351.402	326.8366
351.629	308.95660000000004
351.856	309.5366
352.083	317.8066
352.311	323.1666
352.538	328.79660000000007
352.765	323.3966
352.992	324.9966
353.22	314.52660000000003
353.447	307.9266
353.674	301.3166
353.901	291.7466
354.128	288.8566
354.355	288.1166
354.583	293.4166
354.81	291.9866
355.037	287.97659999999996
355.264	287.3166
355.491	286.4966
355.718	281.77660000000003
355.945	285.7566
356.172	287.4166
356.399	287.7866
356.626	286.8866
356.853	287.5866
357.08	286.1166
357.307	285.47659999999996
357.534	284.0566
357.761	287.2566
357.988	288.6266
358.215	290.8166
358.441	289.96659999999997
358.668	288.6166
358.895	289.7566
359.122	289.90659999999997
359.349	295.5366
359.576	305.2866
359.802	329.95660000000004
360.029	362.8166
360.256	358.9866
360.483	329.93660000000006
360.709	300.7466
360.936	302.77660000000003
361.163	304.9966
361.39	309.5666
361.616	310.47659999999996
361.843	298.5966
362.07	305.8266
362.296	311.7666
362.523	302.3466
362.749	303.71659999999997
362.976	297.3966
363.203	294.3466
363.429	288.8466
363.656	294.02660000000003
363.882	290.8366
364.109	289.6966
364.335	289.8466
364.562	291.8466
364.788	293.5966
365.015	296.02660000000003
365.241	300.9266
365.468	312.0066
365.694	312.9266
365.92	304.1266
366.147	294.3266
366.373	289.77660000000003
366.599	288.71659999999997
366.826	288.7466
367.052	288.46659999999997
367.278	291.1766
367.505	290.9366
367.731	296.9966
367.957	292.71659999999997
368.184	297.8666
368.41	309.4366
368.636	325.82660000000004
368.862	334.2866
369.089	316.8166
369.315	300.97659999999996
369.541	296.45660000000004
369.767	299.0066
369.993	299.7466
370.219	301.02660000000003
370.445	294.90659999999997
370.672	294.9166
370.898	295.2566
371.124	298.5366
371.35	300.8366
371.576	298.46659999999997
371.802	297.0466
372.028	296.5366
372.254	301.22659999999996
372.48	303.5366
372.706	304.97659999999996
372.932	308.3466
373.158	305.40659999999997
373.384	307.0966
373.61	306.3166
373.835	306.5466
374.061	304.45660000000004
374.287	313.7466
374.513	312.3466
374.739	318.9166
374.965	321.6666
375.191	322.72659999999996
375.416	317.5366
375.642	312.1066
375.868	314.02660000000003
376.094	307.8766
376.319	302.8066
376.545	305.2466
376.771	303.1866
376.997	301.7866
377.222	305.1066
377.448	303.02660000000003
377.674	299.9266
377.899	298.0866
378.125	298.1766
378.35	299.5466
378.576	298.71659999999997
378.802	297.7566
379.027	299.7466
379.253	299.96659999999997
379.478	299.95660000000004
379.704	300.7566
379.929	305.77660000000003
380.155	305.7466
380.38	304.1766
380.606	306.7866
380.831	306.9366
381.057	309.3166
381.282	306.7666
381.507	307.96659999999997
381.733	310.2566
381.958	311.46659999999997
382.184	316.8366
382.409	320.3466
382.634	322.95660000000004
382.86	321.46659999999997
383.085	324.20660000000004
383.31	328.20660000000004
383.535	331.9966
383.761	331.3966
383.986	336.95660000000004
384.211	340.36659999999995
384.436	343.21659999999997
384.662	344.72659999999996
384.887	352.61660000000006
385.112	352.0366
385.337	356.32660000000004
385.562	355.5866
385.787	359.25660000000005
386.013	367.8866
386.238	377.4866
386.463	366.4966
386.688	364.07660000000004
386.913	353.15659999999997
387.138	355.20660000000004
387.363	353.40659999999997
387.588	348.8066
387.813	351.3166
388.038	353.3466
388.263	363.11660000000006
388.488	358.3866
388.713	346.7466
388.938	347.3166
389.163	346.5766
389.387	345.04659999999996
389.612	337.8966
389.837	339.0566
390.062	338.0366
390.287	339.5666
390.512	336.79659999999996
390.736	341.8266
390.961	345.8366
391.186	351.0766
391.411	358.5966
391.636	364.2366
391.86	368.52660000000003
392.085	371.1666
392.31	364.1266
392.534	359.7566
392.759	356.7866
392.984	353.1066
393.208	354.7366
393.433	367.27660000000003
393.658	361.7366
393.882	349.54659999999996
394.107	349.6666
394.331	351.71659999999997
394.556	351.8466
394.78	357.3566
395.005	358.1766
395.229	355.0566
395.454	365.3766
395.678	369.8166
395.903	376.40659999999997
396.127	378.8966
396.352	367.1666
396.576	357.5366
396.801	358.77660000000003
397.025	368.4966
397.249	367.2666
397.474	372.04659999999996
397.698	370.6966
397.922	378.2466
398.147	384.0166
398.371	387.36659999999995
398.595	393.4266
398.82	407.1966
399.044	433.8866
399.268	471.72659999999996
399.492	525.3866
399.717	558.3666
399.941	550.5666
400.165	521.5666
400.389	486.8866
400.613	444.21659999999997
400.837	421.90659999999997
401.062	412.15659999999997
401.286	409.7466
401.51	410.02660000000003
401.734	409.8866
401.958	425.7466
402.182	460.15659999999997
402.406	509.1766
402.63	467.8466
402.854	441.9966
403.078	436.90659999999997
403.302	442.2466
403.526	451.0966
403.75	448.86659999999995
403.974	452.3066
404.198	449.9866
404.422	458.7366
404.645	457.79659999999996
404.869	455.3366
405.093	476.45660000000004
405.317	494.0666
405.541	491.9466
405.765	468.1266
405.988	479.04660000000007
406.212	552.5766
406.436	639.9566
406.66	556.4766
406.883	488.8366
407.107	509.7466
407.331	534.9866
407.555	566.3066
407.778	545.0966
408.002	499.04659999999996
408.226	478.0866
408.449	470.8366
408.673	466.11659999999995
408.896	477.6666
409.12	489.2566
409.344	459.3866
409.567	439.11659999999995
409.791	438.4266
410.014	436.2866
410.238	430.7466
410.461	434.5066
410.685	438.7366
410.908	445.45660000000004
411.132	464.77660000000003
411.355	461.1666
411.578	433.9466
411.802	421.1466
412.025	420.1966
412.249	434.2666
412.472	443.7366
412.695	455.8866
412.919	426.90659999999997
413.142	412.6666
413.365	406.1466
413.589	408.0166
413.812	403.0966
414.035	398.0566
414.258	399.61659999999995
414.482	402.2466
414.705	406.8266
414.928	403.0666
415.151	405.47659999999996
415.374	407.6866
415.597	398.96659999999997
415.821	393.3866
416.044	396.77660000000003
416.267	395.1666
416.49	391.1766
416.713	391.1466
416.936	395.9166
417.159	397.1066
417.382	401.7566
417.605	402.0366
417.828	416.8966
418.051	422.2866
418.274	407.86659999999995
418.497	398.9866
418.72	407.71659999999997
418.943	405.96659999999997
419.166	424.40659999999997
419.389	444.8166
419.611	441.1366
419.834	430.8266
420.057	425.52660000000003
420.28	417.3966
420.503	405.6366
420.726	407.1466
420.948	417.5066
421.171	445.0166
421.394	438.1666
421.617	409.5566
421.839	407.6966
422.062	412.0166
422.285	424.5166
422.507	465.1366
422.73	502.7866
422.953	458.3566
423.175	432.6266
423.398	430.27660000000003
423.621	433.7366
423.843	446.04659999999996
424.066	440.6366
424.288	439.6966
424.511	452.8766
424.733	481.70660000000004
424.956	518.5566
425.178	485.72659999999996
425.401	495.0166
425.623	484.5566
425.846	426.0766
426.068	422.8566
426.291	415.0066
426.513	412.46659999999997
426.735	417.7466
426.958	445.7366
427.18	500.8366
427.402	602.4066
427.625	660.0266
427.847	544.3466
428.069	466.45660000000004
428.292	412.0166
428.514	386.8566
428.736	381.1766
428.958	379.5066
429.181	372.8366
429.403	370.8266
429.625	383.1766
429.847	404.3366
430.069	445.5666
430.292	411.0866
430.514	373.90659999999997
430.736	374.9266
430.958	368.02660000000003
431.18	363.2566
431.402	364.1966
431.624	362.46659999999997
431.846	366.3266
432.068	368.0566
432.29	371.7466
432.512	370.8266
432.734	374.3166
432.956	373.9466
433.178	388.4366
433.4	388.5566
433.622	373.3466
433.844	374.7366
434.066	376.1266
434.287	381.5166
434.509	389.20660000000004
434.731	401.21659999999997
434.953	405.1966
435.175	415.6866
435.397	422.5866
435.618	420.2466
435.84	450.4966
436.062	518.9866
436.284	505.65659999999997
436.505	428.7466
436.727	410.3166
436.949	387.2666
437.17	377.0166
437.392	373.6866
437.614	390.61659999999995
437.835	429.36660000000006
438.057	500.77660000000003
438.278	515.4466
438.5	499.8566
438.721	564.9666000000001
438.943	481.20660000000004
439.165	404.0766
439.386	398.2466
439.608	404.3766
439.829	420.6966
440.05	473.14660000000003
440.272	523.1166000000001
440.493	427.6466
440.715	393.79659999999996
440.936	389.2666
441.158	391.9866
441.379	398.5566
441.6	421.11659999999995
441.822	433.5566
442.043	457.68660000000006
442.264	511.5566
442.486	492.5366
442.707	435.86659999999995
442.928	446.5566
443.149	496.77660000000003
443.371	506.52660000000003
443.592	502.2666
443.813	553.3666
444.034	542.7366
444.255	465.3066
444.476	448.7866
444.698	457.97659999999996
444.919	465.45660000000004
445.14	491.2666
445.361	485.1966
445.582	495.7866
445.803	571.5266
446.024	595.1366
446.245	567.5566
446.466	487.95660000000004
446.687	410.52660000000003
446.908	392.47659999999996
447.129	378.3766
447.35	371.61659999999995
447.571	370.7566
447.792	366.71659999999997
448.013	381.3766
448.234	399.15659999999997
448.455	426.1866
448.675	504.5566
448.896	530.9666000000001
449.117	432.52660000000003
449.338	446.40659999999997
449.559	547.8366
449.779	563.0166
450.0	414.6666
450.221	375.4966
450.442	363.7366
450.662	368.46659999999997
450.883	391.04660000000007
451.104	408.07660000000004
451.324	375.72659999999996
451.545	353.90659999999997
451.766	345.8266
451.986	336.1066
452.207	339.02660000000003
452.428	341.8766
452.648	353.5066
452.869	369.1266
453.089	377.1966
453.31	386.5666
453.53	348.5666
453.751	340.2566
453.971	359.8166
454.192	380.5966
454.412	344.95660000000004
454.633	330.1466
454.853	330.3366
455.073	328.9866
455.294	356.47659999999996
455.514	400.52660000000003
455.734	360.9366
455.955	322.9166
456.175	316.6966
456.395	312.5066
456.616	313.0966
456.836	313.7966
457.056	311.7566
457.276	307.8566
457.497	317.0466
457.717	317.40659999999997
457.937	322.95660000000004
458.157	329.71659999999997
458.377	339.0966
458.598	377.3366
458.818	480.54660000000007
459.038	541.9766
459.258	471.6666
459.478	390.5766
459.698	374.27660000000003
459.918	378.77660000000003
460.138	383.8966
460.358	392.22659999999996
460.578	396.6666
460.798	403.1466
461.018	400.8266
461.238	392.0366
461.458	390.8066
461.678	386.86659999999995
461.898	392.97659999999996
462.118	396.9366
462.338	415.1266
462.558	419.95660000000004
462.777	431.02660000000003
462.997	462.8766
463.217	485.0866
463.437	472.70660000000004
463.657	442.8366
463.876	436.1866
464.096	441.8766
464.316	444.3066
464.536	450.0566
464.755	438.7366
464.975	451.9266
465.195	551.6766
465.414	563.7266
465.634	412.2866
465.854	378.36659999999995
466.073	365.0566
466.293	356.8966
466.512	346.8366
466.732	341.7366
466.951	345.4166
467.171	346.3866
467.391	356.3266
467.61	373.7466
467.829	365.0066
468.049	361.00660000000005
468.268	356.7866
468.488	335.0066
468.707	330.71659999999997
468.927	329.97659999999996
469.146	330.7566
469.365	334.3966
469.585	339.3766
469.804	358.45660000000004
470.023	370.47659999999996
470.243	361.6066
470.462	376.02660000000003
470.681	400.86660000000006
470.901	364.5666
471.12	350.3066
471.339	347.9466
471.558	346.5366
471.777	345.9266
471.997	344.5066
472.216	370.4866
472.435	422.3466
472.654	355.77660000000003
472.873	335.6266
473.092	330.4866
473.311	331.5166
473.53	333.4266
473.749	339.9966
473.968	376.5666
474.187	452.27660000000003
474.406	413.52660000000003
474.625	348.9466
474.844	337.8166
475.063	331.7366
475.282	335.3266
475.501	337.0966
475.72	343.1866
475.939	338.7566
476.158	340.7866
476.377	344.3566
476.596	343.6066
476.814	360.2366
477.033	361.8766
477.252	359.5966
477.471	360.21659999999997
477.69	368.5566
477.908	373.0966
478.127	377.8766
478.346	380.36659999999995
478.564	390.8066
478.783	398.6066
479.002	406.61659999999995
479.22	406.8966
479.439	420.11659999999995
479.658	433.04660000000007
479.876	427.6666
480.095	429.1866
480.313	456.6866
480.532	441.6066
480.751	438.1866
480.969	461.68660000000006
481.188	587.7066
481.406	522.5866
481.624	422.1466
481.843	399.8966
482.061	390.36659999999995
482.28	384.3766
482.498	381.79659999999996
482.717	380.5866
482.935	380.61659999999995
483.153	379.0766
483.372	380.8366
483.59	380.2666
483.808	378.3066
484.027	380.3866
484.245	385.9166
484.463	387.2466
484.681	395.46659999999997
484.9	394.04659999999996
485.118	395.8966
485.336	400.6066
485.554	404.90659999999997
485.772	410.04659999999996
485.99	413.79659999999996
486.209	416.15659999999997
486.427	419.27660000000003
486.645	427.8766
486.863	441.0366
487.081	422.71659999999997
487.299	412.5066
487.517	407.1966
487.735	403.1266
487.953	402.1466
488.171	405.1466
488.389	405.79659999999996
488.607	413.8266
488.825	400.5566
489.043	405.1966
489.261	408.70660000000004
489.479	406.36659999999995
489.696	407.9366
489.914	412.6466
490.132	415.2566
490.35	417.7366
490.568	422.3266
490.786	425.6966
491.003	430.8966
491.221	441.7566
491.439	446.3766
491.657	449.97659999999996
491.874	451.9866
492.092	451.1266
492.31	454.27660000000003
492.527	452.1266
492.745	457.2566
492.963	457.8966
493.18	462.6266
493.398	467.47659999999996
493.615	476.6766
493.833	475.52660000000003
494.05	468.04659999999996
494.268	463.6366
494.485	465.3866
494.703	462.0666
494.92	463.90659999999997
495.138	463.8166
495.355	465.97659999999996
495.573	465.21659999999997
495.79	466.8866
496.008	468.15659999999997
496.225	463.7866
496.442	463.1366
496.66	470.6266
496.877	470.15659999999997
497.094	473.5666
497.312	480.3566
497.529	490.27660000000003
497.746	500.8466
497.963	511.20660000000004
498.181	537.8765999999999
498.398	547.2266
498.615	580.7666
498.832	598.1566
499.049	608.8066
499.267	640.1566
499.484	674.0566
499.701	713.1166
499.918	752.2666
500.135	794.4266
500.352	825.4866
500.569	828.4066
500.786	826.3266
501.003	802.1766
501.22	768.0566
501.437	736.5466
501.654	703.7266
501.871	684.6666
502.088	629.6866
502.305	594.3166
502.522	567.9866
502.739	548.7766
502.956	527.6866
503.172	515.1465999999999
503.389	509.0866
503.606	519.1666
503.823	505.27660000000003
504.04	491.52660000000003
504.256	492.6366
504.473	496.1466
504.69	499.8366
504.907	490.4266
505.123	467.6366
505.34	460.3866
505.557	451.52660000000003
505.773	446.77660000000003
505.99	443.02660000000003
506.207	441.5766
506.423	436.45660000000004
506.64	431.0166
506.856	426.70660000000004
507.073	425.2366
507.289	424.4166
507.506	429.5966
507.722	459.50660000000005
507.939	462.6266
508.155	423.5966
508.372	409.8066
508.588	409.61659999999995
508.805	408.0166
509.021	415.9866
509.238	428.5766
509.454	427.5866
509.67	421.1466
509.887	421.3866
510.103	441.0566
510.319	533.0066
510.536	1154.6566
510.752	3140.4766000000004
510.968	1063.7966000000001
511.184	463.32660000000004
511.401	419.3566
511.617	397.20660000000004
511.833	391.6866
512.049	387.8866
512.265	384.70660000000004
512.481	385.4366
512.698	384.4166
512.914	386.97659999999996
513.13	383.27660000000003
513.346	381.5066
513.562	385.9466
513.778	388.4866
513.994	393.1666
514.21	407.8166
514.426	440.7166
514.642	487.5966
514.858	477.52660000000003
515.074	550.1265999999999
515.29	989.3666
515.506	2519.1766000000002
515.721	1110.1766
515.937	526.9666000000001
516.153	453.77660000000003
516.369	431.6766
516.585	428.52660000000003
516.801	430.6666
517.016	440.27660000000003
517.232	451.7666
517.448	458.9166
517.664	470.70660000000004
517.879	468.8966
518.095	462.11659999999995
518.311	454.20660000000004
518.527	443.8566
518.742	433.97659999999996
518.958	422.20660000000004
519.173	413.5166
519.389	411.0166
519.605	404.77660000000003
519.82	402.3466
520.036	419.86660000000006
520.251	454.20660000000004
520.467	444.8366
520.682	429.18660000000006
520.898	429.86660000000006
521.113	451.6266
521.329	497.1066
521.544	628.0566
521.76	1196.7666000000002
521.975	3914.8266
522.19	2476.7765999999997
522.406	755.0466
522.621	445.2366
522.836	395.8166
523.052	377.0566
523.267	365.5766
523.482	358.22659999999996
523.698	363.79659999999996
523.913	391.14660000000003
524.128	367.3366
524.343	346.90659999999997
524.559	343.15659999999997
524.774	336.8866
524.989	343.0566
525.204	359.25660000000005
525.419	350.47659999999996
525.634	335.72659999999996
525.849	330.1766
526.064	328.8566
526.28	329.6066
526.495	328.5966
526.71	325.8466
526.925	325.9366
527.14	323.1166
527.355	323.40659999999997
527.57	324.6066
527.785	322.0166
527.999	323.45660000000004
528.214	324.22659999999996
528.429	329.0766
528.644	328.4266
528.859	325.5166
529.074	332.97659999999996
529.289	382.2366
529.503	511.9266
529.718	374.61660000000006
529.933	337.8766
530.148	326.5966
530.363	325.0366
530.577	321.70660000000004
530.792	320.8666
531.007	320.4266
531.221	321.3666
531.436	319.6766
531.651	320.6866
531.865	320.6466
532.08	319.4266
532.295	321.6466
532.509	318.3266
532.724	318.3166
532.938	320.5866
533.153	323.97659999999996
533.367	320.1766
533.582	320.6766
533.796	318.6266
534.011	316.6866
534.225	316.46659999999997
534.44	314.4966
534.654	313.90659999999997
534.868	313.3266
535.083	314.9166
535.297	316.5666
535.511	328.1366
535.726	333.8466
535.94	325.79659999999996
536.154	318.95660000000004
536.369	311.90659999999997
536.583	303.0966
536.797	302.97659999999996
537.011	303.3566
537.225	301.9366
537.44	300.5666
537.654	302.4366
537.868	301.3966
538.082	303.6166
538.296	304.7466
538.51	302.6366
538.724	300.6766
538.938	300.0866
539.153	306.3066
539.367	326.6066
539.581	311.4166
539.795	300.3166
540.009	297.6066
540.222	297.7666
540.436	298.77660000000003
540.65	299.71659999999997
540.864	304.5066
541.078	309.7466
541.292	300.6166
541.506	296.02660000000003
541.72	292.52660000000003
541.934	288.96659999999997
542.147	292.6966
542.361	286.8166
542.575	285.8266
542.789	288.3566
543.002	293.0766
543.216	300.0166
543.43	307.0066
543.644	295.5966
543.857	293.4466
544.071	292.3266
544.285	295.97659999999996
544.498	293.1666
544.712	292.1966
544.925	291.3066
545.139	291.2366
545.352	292.2566
545.566	292.7366
545.779	289.9266
545.993	293.6866
546.206	291.5866
546.42	292.3666
546.633	291.97659999999996
546.847	291.0366
547.06	288.6366
547.274	287.7366
547.487	288.5366
547.7	286.3266
547.914	288.5866
548.127	290.6766
548.34	291.3366
548.554	286.5166
548.767	291.5166
548.98	289.3466
549.193	290.0966
549.407	292.21659999999997
549.62	293.02660000000003
549.833	294.02660000000003
550.046	290.5766
550.259	290.02660000000003
550.473	286.4966
550.686	285.3866
550.899	284.6466
551.112	284.95660000000004
551.325	284.4866
551.538	285.1866
551.751	283.15659999999997
551.964	283.6066
552.177	288.0366
552.39	288.9866
552.603	295.7966
552.816	302.46659999999997
553.029	303.1966
553.242	308.45660000000004
553.455	319.7366
553.667	329.89660000000003
553.88	326.5566
554.093	308.8166
554.306	304.0066
554.519	296.2366
554.732	289.7366
554.944	286.5866
555.157	280.15659999999997
555.37	278.7866
555.583	276.95660000000004
555.795	277.65659999999997
556.008	270.8566
556.221	268.0866
556.433	267.2966
556.646	265.1866
556.859	262.5766
557.071	262.46659999999997
557.284	259.4466
557.496	257.8366
557.709	254.6966
557.921	257.1766
558.134	256.6466
558.346	254.17659999999998
558.559	251.6966
558.771	252.8466
558.984	252.9866
559.196	250.9766
559.409	248.3566
559.621	250.1066
559.833	250.0366
560.046	249.16660000000002
560.258	249.16660000000002
560.47	250.1466
560.683	249.51659999999998
560.895	247.3766
561.107	248.9666
561.32	246.8266
561.532	248.5666
561.744	250.8566
561.956	250.58659999999998
562.168	251.3866
562.381	249.1866
562.593	250.7366
562.805	253.4566
563.017	255.1466
563.229	251.76659999999998
563.441	253.49659999999997
563.653	253.15659999999997
563.865	252.2766
564.077	253.7266
564.289	256.0166
564.501	258.77660000000003
564.713	263.40659999999997
564.925	272.4866
565.137	290.5366
565.349	277.1366
565.561	278.3566
565.773	283.5066
565.985	292.02660000000003
566.197	303.96659999999997
566.408	318.5466
566.62	332.8966
566.832	346.97659999999996
567.044	350.0666
567.255	349.4966
567.467	358.79659999999996
567.679	370.9966
567.891	389.3266
568.102	392.70660000000004
568.314	370.9166
568.526	343.6066
568.737	323.4866
568.949	306.1366
569.161	290.2666
569.372	277.90659999999997
569.584	271.8766
569.795	269.1066
570.007	291.5366
570.218	437.7566
570.43	307.9866
570.641	256.3566
570.853	252.1866
571.064	252.5766
571.276	249.8466
571.487	245.7866
571.698	238.9466
571.91	233.4366
572.121	232.2366
572.333	229.0366
572.544	225.76659999999998
572.755	221.8566
572.966	222.08659999999998
573.178	220.4866
573.389	223.17659999999998
573.6	218.5966
573.811	217.8966
574.023	214.01659999999998
574.234	215.8966
574.445	214.67659999999998
574.656	215.6966
574.867	215.41660000000002
575.078	213.8866
575.289	214.7166
575.501	214.76659999999998
575.712	210.26659999999998
575.923	209.7366
576.134	211.0266
576.345	208.51659999999998
576.556	209.49659999999997
576.767	208.2366
576.978	209.9866
577.188	209.7966
577.399	208.6466
577.61	209.9766
577.821	212.8766
578.032	230.7966
578.243	409.3566
578.454	980.1066000000001
578.665	344.1966
578.875	214.16660000000002
579.086	200.3166
579.297	198.0966
579.508	199.1866
579.718	199.5766
579.929	195.9366
580.14	193.3166
580.35	192.6266
580.561	194.8066
580.772	192.9366
580.982	192.1866
581.193	190.2766
581.403	190.8866
581.614	190.1966
581.825	190.7166
582.035	190.4466
582.246	191.6266
582.456	189.4366
582.667	190.2266
582.877	189.42659999999998
583.087	188.7166
583.298	189.7166
583.508	189.5566
583.719	187.2066
583.929	188.0566
584.139	186.15659999999997
584.35	188.0266
584.56	187.51659999999998
584.77	186.8466
584.981	187.8666
585.191	191.4566
585.401	189.1866
585.611	186.8766
585.821	188.8666
586.032	187.33659999999998
586.242	183.7566
586.452	185.76659999999998
586.662	182.6266
586.872	182.8266
587.082	179.5066
587.292	181.3766
587.502	183.6466
587.713	181.7566
587.923	180.6466
588.133	181.9466
588.343	182.24659999999997
588.553	180.76659999999998
588.762	185.1266
588.972	191.2866
589.182	234.2566
589.392	200.5466
589.602	192.38660000000002
589.812	211.4566
590.022	193.0066
590.232	181.58659999999998
590.441	182.8066
590.651	184.4666
590.861	183.8666
591.071	185.5466
591.281	187.7266
591.49	187.8966
591.7	189.2266
591.91	191.67659999999998
592.119	193.0066
592.329	197.3166
592.539	209.2866
592.748	203.6066
592.958	205.66660000000002
593.167	205.91660000000002
593.377	207.15659999999997
593.587	216.0466
593.796	212.1966
594.006	211.51659999999998
594.215	212.1066
594.424	209.4866
594.634	205.8166
594.843	199.8166
595.053	195.99659999999997
595.262	194.33659999999998
595.472	191.0566
595.681	187.8766
595.89	185.4766
596.1	183.3466
596.309	180.8066
596.518	178.5466
596.727	178.1266
596.937	175.92659999999998
597.146	174.66660000000002
597.355	174.38660000000002
597.564	172.08659999999998
597.774	172.2166
597.983	168.6966
598.192	167.3466
598.401	167.1466
598.61	167.2166
598.819	168.42659999999998
599.028	166.7066
599.237	163.3266
599.446	166.24659999999997
599.655	167.7966
599.864	166.6066
600.073	165.97660000000002
600.282	166.1966
600.491	165.5466
600.7	163.7066
600.909	164.8066
601.118	165.24659999999997
601.327	164.7066
601.536	162.8266
601.745	162.5266
601.953	164.3466
602.162	162.8466
602.371	162.90659999999997
602.58	160.0166
602.789	161.2566
602.997	160.5266
603.206	160.4066
603.415	158.6166
603.623	155.9766
603.832	157.1766
604.041	157.7366
604.249	158.8266
604.458	156.20659999999998
604.666	154.8766
604.875	155.8166
605.084	155.3766
605.292	154.4066
605.501	155.1466
605.709	155.3266
605.918	154.5866
606.126	155.66660000000002
606.334	153.41660000000002
606.543	154.0866
606.751	154.4466
606.96	152.4966
607.168	153.7366
607.376	153.7666
607.585	156.7666
607.793	153.6566
608.001	153.4866
608.21	152.0066
608.418	151.5166
608.626	150.9466
608.834	151.7466
609.043	153.5766
609.251	153.1566
609.459	150.4966
609.667	152.8466
609.875	152.2366
610.083	150.60660000000001
610.291	150.5066
610.499	151.1366
610.707	151.4466
610.916	151.4766
611.124	150.9466
611.332	149.66660000000002
611.54	150.1566
611.748	150.6466
611.955	149.5066
612.163	149.20659999999998
612.371	148.91660000000002
612.579	147.8966
612.787	150.6466
612.995	150.8466
613.203	152.9866
613.411	148.91660000000002
613.618	149.6166
613.826	149.0066
614.034	148.2266
614.242	148.8666
614.449	148.1866
614.657	149.3166
614.865	148.70659999999998
615.072	150.4366
615.28	150.0766
615.488	151.6166
615.695	152.7166
615.903	157.7266
616.111	159.60660000000001
616.318	160.7466
616.526	157.5666
616.733	157.0666
616.941	152.2766
617.148	151.91660000000002
617.356	151.41660000000002
617.563	150.35660000000001
617.771	151.20659999999998
617.978	146.8866
618.185	148.6366
618.393	147.1166
618.6	148.5966
618.807	147.70659999999998
619.015	149.3166
619.222	146.5766
619.429	147.45659999999998
619.637	147.45659999999998
619.844	146.4466
620.051	146.60660000000001
620.258	145.10660000000001
620.466	142.8066
620.673	141.3866
620.88	139.8866
621.087	143.04659999999998
621.294	143.79659999999998
621.501	141.3866
621.708	142.3466
621.915	144.3166
622.122	142.8266
622.329	143.60660000000001
622.536	141.6766
622.743	140.3666
622.95	139.20659999999998
623.157	137.7766
623.364	138.6566
623.571	139.8066
623.778	137.91660000000002
623.985	140.7466
624.192	138.0666
624.399	138.0666
624.606	139.0766
624.812	135.5066
625.019	137.1766
625.226	137.8766
625.433	137.6466
625.639	135.5866
625.846	137.45659999999998
626.053	135.8466
626.259	135.3366
626.466	137.6866
626.673	134.2266
626.879	137.0866
627.086	137.6466
627.293	137.0766
627.499	133.6766
627.706	134.7366
627.912	133.4866
628.119	133.04659999999998
628.325	135.95659999999998
628.532	132.91660000000002
628.738	133.0766
628.945	132.3666
629.151	132.79659999999998
629.357	132.0066
629.564	131.9966
629.77	130.6266
629.976	130.0966
630.183	130.20659999999998
630.389	128.7766
630.595	129.3366
630.802	127.5766
631.008	128.5166
631.214	129.70659999999998
631.42	129.1566
631.627	131.4466
631.833	127.9866
632.039	126.1566
632.245	126.3166
632.451	126.7266
632.657	127.34660000000001
632.863	124.89659999999999
633.069	126.18660000000001
633.275	127.7166
633.481	123.9666
633.688	126.01660000000001
633.893	127.0266
634.099	127.0666
634.305	124.5066
634.511	124.9766
634.717	125.3766
634.923	122.60660000000001
635.129	123.5566
635.335	123.7166
635.541	123.9566
635.747	124.28659999999999
635.952	124.53659999999999
636.158	124.7366
636.364	131.7166
636.57	129.5766
636.775	124.4766
636.981	124.3866
637.187	123.6666
637.392	121.1366
637.598	120.8866
637.804	124.2266
638.009	123.6566
638.215	121.8366
638.421	119.5066
638.626	121.94659999999999
638.832	121.1366
639.037	121.11659999999999
639.243	119.3266
639.448	119.89659999999999
639.654	121.9666
639.859	118.7066
640.065	117.67660000000001
640.27	123.1666
640.475	119.2066
640.681	118.3166
640.886	120.5066
641.091	119.3766
641.297	121.8366
641.502	118.4066
641.707	120.6366
641.913	120.1266
642.118	118.5666
642.323	117.7766
642.528	121.85660000000001
642.733	118.9566
642.939	120.1266
643.144	118.6266
643.349	116.64659999999999
643.554	119.7166
643.759	117.89659999999999
643.964	115.0466
644.169	117.5466
644.374	115.59660000000001
644.579	118.0866
644.784	117.18660000000001
644.989	117.7266
645.194	115.9166
645.399	118.53659999999999
645.604	116.51660000000001
645.809	117.2966
646.014	117.76660000000001
646.219	118.8166
646.423	117.9066
646.628	116.36659999999999
646.833	118.2466
647.038	120.2066
647.243	118.59660000000001
647.447	118.9666
647.652	120.6566
647.857	118.42660000000001
648.062	120.7266
648.266	122.9966
648.471	125.3366
648.676	131.2766
648.88	126.39659999999999
649.085	125.8766
649.289	126.9866
649.494	142.3166
649.698	180.4866
649.903	139.54659999999998
650.107	122.03659999999999
650.312	117.7966
650.516	113.1266
650.721	112.8366
650.925	111.0266
651.13	110.4966
651.334	109.8266
651.539	108.7366
651.743	108.7066
651.947	108.3266
652.152	109.0266
652.356	107.94659999999999
652.56	108.7566
652.764	104.6266
652.969	105.9966
653.173	103.1666
653.377	104.4566
653.581	102.94659999999999
653.785	105.44659999999999
653.99	105.2366
654.194	103.0666
654.398	103.67660000000001
654.602	103.26660000000001
654.806	109.67660000000001
655.01	127.03659999999999
655.214	110.7366
655.418	104.0566
655.622	101.67660000000001
655.826	103.0266
656.03	106.36659999999999
656.234	110.26660000000001
656.438	113.76660000000001
656.642	113.2266
656.846	105.9566
657.049	100.34660000000001
657.253	100.6366
657.457	97.68660000000001
657.661	94.93660000000001
657.865	94.2966
658.068	94.67660000000001
658.272	90.85660000000001
658.476	91.8066
658.68	90.60660000000001
658.883	88.11659999999999
659.087	88.68660000000001
659.291	88.6666
659.494	89.19659999999999
659.698	87.2266
659.901	88.01660000000001
660.105	87.51660000000001
660.309	86.1566
660.512	87.14659999999999
660.716	85.4066
660.919	85.01660000000001
661.123	87.4066
661.326	85.01660000000001
661.53	84.42660000000001
661.733	85.53659999999999
661.936	85.19659999999999
662.14	83.2766
662.343	83.8866
662.546	82.5466
662.75	82.86659999999999
662.953	84.09660000000001
663.156	83.0466
663.36	80.9366
663.563	81.53659999999999
663.766	81.3766
663.969	82.4166
664.173	81.7366
664.376	80.8366
664.579	80.3366
664.782	81.0766
664.985	81.3766
665.188	81.9766
665.391	82.0066
665.594	81.7966
665.797	80.5666
666.0	81.0266
666.203	80.9366
666.406	79.1366
666.609	81.4566
666.812	83.0066
667.015	81.9766
667.218	83.92660000000001
667.421	82.2266
667.624	80.3366
667.827	82.5866
668.03	80.39659999999999
668.232	79.5466
668.435	82.3366
668.638	80.64659999999999
668.841	83.03659999999999
669.043	80.5366
669.246	80.7466
669.449	80.6566
669.651	80.4666
669.854	78.9366
670.057	81.8066
670.259	79.5466
670.462	80.4666
670.665	82.53659999999999
670.867	80.4966
671.07	80.62660000000001
671.272	81.36659999999999
671.475	83.5666
671.677	81.2166
671.88	81.5766
672.082	79.5766
672.284	82.7966
672.487	80.9066
672.689	80.4366
672.892	80.5466
