223.165	-17.453599999999998
223.4	-17.453599999999998
223.635	-17.453599999999998
223.869	-19.453599999999998
224.104	-19.7536
224.338	-16.6036
224.573	-14.8236
224.808	-12.503599999999999
225.042	-7.873600000000001
225.277	-6.0236
225.511	-1.5635999999999999
225.746	4.7364
225.98	7.8364
226.215	12.7764
226.449	16.0864
226.683	20.1964
226.918	23.6064
227.152	30.8164
227.387	34.5664
227.621	38.3664
227.856	44.2264
228.09	45.8164
228.324	50.7264
228.559	56.636399999999995
228.793	62.1064
229.027	75.3764
229.262	80.1764
229.496	90.32639999999999
229.73	107.4464
229.964	105.7064
230.199	89.71640000000001
230.433	88.31639999999999
230.667	89.8664
230.901	90.71640000000001
231.136	89.23639999999999
231.37	88.97640000000001
231.604	90.31639999999999
231.838	91.5864
232.072	90.97640000000001
232.306	93.4364
232.541	93.7664
232.775	92.32639999999999
233.009	91.7964
233.243	94.4564
233.477	93.89640000000001
233.711	93.57639999999999
233.945	94.2564
234.179	93.55640000000001
234.413	93.4564
234.647	94.5964
234.881	92.9264
235.115	93.39639999999999
235.349	93.88640000000001
235.583	94.5964
235.817	95.1864
236.051	95.4364
236.285	93.7964
236.519	95.8564
236.753	97.5864
236.987	104.71640000000001
237.221	123.5864
237.455	126.5264
237.689	102.71640000000001
237.922	97.7964
238.156	96.0864
238.39	94.4264
238.624	93.7064
238.858	96.30640000000001
239.091	96.0064
239.325	98.7664
239.559	100.6964
239.793	98.8764
240.027	100.21640000000001
240.26	104.97640000000001
240.494	106.05640000000001
240.728	102.6764
240.961	101.1664
241.195	100.96640000000001
241.429	99.6164
241.662	98.8364
241.896	98.4264
242.13	97.89639999999999
242.363	100.65639999999999
242.597	100.40639999999999
242.83	102.9364
243.064	100.55640000000001
243.298	102.5464
243.531	102.98639999999999
243.765	102.9464
243.998	103.5164
244.232	107.3364
244.465	110.6964
244.699	108.22640000000001
244.932	105.9264
245.166	106.6864
245.399	105.97640000000001
245.633	105.9164
245.866	105.7964
246.099	104.97640000000001
246.333	105.97640000000001
246.566	108.6164
246.8	106.8464
247.033	110.89640000000001
247.266	110.4364
247.5	111.1964
247.733	112.7564
247.966	114.81640000000002
248.2	114.7364
248.433	114.97640000000001
248.666	116.8364
248.899	122.81640000000002
249.133	129.8264
249.366	141.0764
249.599	137.2164
249.832	125.21640000000001
250.066	130.4964
250.299	143.2064
250.532	165.28640000000001
250.765	156.1164
250.998	145.16639999999998
251.231	133.9764
251.465	129.6464
251.698	126.2664
251.931	127.4964
252.164	125.15639999999999
252.397	124.2364
252.63	125.8664
252.863	125.7864
253.096	129.25639999999999
253.329	131.4464
253.562	128.9864
253.795	128.4464
254.028	129.7364
254.261	131.06640000000002
254.494	137.4564
254.727	147.0964
254.96	147.47639999999998
255.193	141.9964
255.426	144.8464
255.659	159.3464
255.892	200.3964
256.124	231.36639999999997
256.357	202.2764
256.59	167.5664
256.823	149.1164
257.056	143.7064
257.289	140.3564
257.521	137.3564
257.754	134.7964
257.987	133.6864
258.22	139.00639999999999
258.452	139.1764
258.685	136.56640000000002
258.918	133.9864
259.151	133.3664
259.383	136.2664
259.616	132.5864
259.849	135.8464
260.081	142.2664
260.314	145.72639999999998
260.547	143.3064
260.779	142.7764
261.012	147.6464
261.244	148.6064
261.477	145.5764
261.71	149.5964
261.942	167.09640000000002
262.175	175.3364
262.407	142.62640000000002
262.64	134.3964
262.872	134.16639999999998
263.105	134.41639999999998
263.337	134.2064
263.57	132.9664
263.802	134.4064
264.035	133.5564
264.267	133.9264
264.499	133.7364
264.732	135.41639999999998
264.964	135.0264
265.197	135.7964
265.429	137.4564
265.661	135.8864
265.894	135.9964
266.126	138.6864
266.358	137.7064
266.591	137.0564
266.823	141.3464
267.055	140.66639999999998
267.287	143.25639999999999
267.52	139.81640000000002
267.752	140.6964
267.984	141.5164
268.216	140.78640000000001
268.448	145.16639999999998
268.681	145.8164
268.913	148.6864
269.145	153.1864
269.377	152.7364
269.609	148.38639999999998
269.841	150.50639999999999
270.073	154.7964
270.306	160.9864
270.538	164.28640000000001
270.77	159.8264
271.002	157.7664
271.234	158.2064
271.466	164.6464
271.698	164.9864
271.93	163.61639999999997
272.162	167.6664
272.394	164.70639999999997
272.626	159.0664
272.858	154.12640000000002
273.09	155.0664
273.322	155.03640000000001
273.553	151.9964
273.785	154.4364
274.017	154.1464
274.249	154.62640000000002
274.481	156.9664
274.713	157.1464
274.945	159.9664
275.176	161.87640000000002
275.408	166.0864
275.64	171.2364
275.872	177.37640000000002
276.104	172.0964
276.335	170.2164
276.567	184.6464
276.799	208.3064
277.031	229.4864
277.262	241.6764
277.494	213.0264
277.726	178.8964
277.957	172.53640000000001
278.189	168.9464
278.421	168.0664
278.652	165.7164
278.884	165.5964
279.115	165.1864
279.347	168.3964
279.579	174.4664
279.81	191.7664
280.042	231.3564
280.273	270.1164
280.505	222.6764
280.736	183.6664
280.968	172.3964
281.199	168.5964
281.431	168.12640000000002
281.662	170.0164
281.894	171.8364
282.125	181.4264
282.356	205.3564
282.588	233.8364
282.819	200.5864
283.051	171.6964
283.282	166.2464
283.513	170.5864
283.745	167.87640000000002
283.976	169.1664
284.207	168.87640000000002
284.439	168.0564
284.67	169.3064
284.901	168.6964
285.132	166.7464
285.364	167.0164
285.595	171.13639999999998
285.826	168.95639999999997
286.057	172.4664
286.288	168.3164
286.52	169.7364
286.751	169.7664
286.982	170.1864
287.213	171.5264
287.444	174.5864
287.675	176.97639999999998
287.906	178.9664
288.138	181.8264
288.369	181.2364
288.6	181.11639999999997
288.831	175.9064
289.062	175.3464
289.293	176.1664
289.524	174.2364
289.755	173.8164
289.986	173.3364
290.217	172.8364
290.448	172.8964
290.679	172.72639999999998
290.91	174.5864
291.141	174.4664
291.371	174.7364
291.602	173.5064
291.833	172.9864
292.064	174.5664
292.295	174.38639999999998
292.526	175.5164
292.757	174.4164
292.987	173.0664
293.218	174.6564
293.449	176.0564
293.68	173.2564
293.91	175.04639999999998
294.141	177.1064
294.372	174.8464
294.603	175.6064
294.833	175.8064
295.064	176.8064
295.295	177.72639999999998
295.525	180.9464
295.756	193.2564
295.987	207.2464
296.217	238.4064
296.448	220.7464
296.679	183.9264
296.909	181.8264
297.14	179.63639999999998
297.37	180.62640000000002
297.601	180.5764
297.831	183.63639999999998
298.062	184.0764
298.292	184.5064
298.523	185.5164
298.753	182.8464
298.984	182.8964
299.214	183.88639999999998
299.445	185.5264
299.675	187.8964
299.905	193.9264
300.136	186.6564
300.366	185.5564
300.597	186.3364
300.827	192.3264
301.057	201.6864
301.288	209.53640000000001
301.518	199.3264
301.748	195.8364
301.979	210.5064
302.209	198.9064
302.439	197.8264
302.669	194.4664
302.9	192.37640000000002
303.13	194.86639999999997
303.36	204.6964
303.59	217.54639999999998
303.82	228.87640000000002
304.051	205.7364
304.281	194.0864
304.511	192.97639999999998
304.741	190.2464
304.971	189.4264
305.201	190.1964
305.431	188.9364
305.661	190.9064
305.891	192.3364
306.121	197.3064
306.352	206.9064
306.582	209.7164
306.812	200.37640000000002
307.042	212.7564
307.272	234.1664
307.502	249.4264
307.731	244.1864
307.961	215.20639999999997
308.191	196.1564
308.421	193.6964
308.651	195.6964
308.881	195.86639999999997
309.111	196.5864
309.341	199.4164
309.571	206.72639999999998
309.8	207.1864
310.03	210.7464
310.26	209.8464
310.49	205.6664
310.72	217.0764
310.949	223.86639999999997
311.179	218.9164
311.409	206.5664
311.639	209.11639999999997
311.868	210.78640000000001
312.098	209.2564
312.328	214.37640000000002
312.557	225.5064
312.787	232.9464
313.017	225.0764
313.246	211.7364
313.476	209.9964
313.706	208.0064
313.935	217.1764
314.165	225.8364
314.394	226.72639999999998
314.624	218.5264
314.853	217.5264
315.083	209.1664
315.312	206.63639999999998
315.542	204.7464
315.771	204.1464
316.001	206.0164
316.23	204.3964
316.46	202.72639999999998
316.689	206.0764
316.919	211.86639999999997
317.148	215.4364
317.377	213.9264
317.607	211.6664
317.836	210.5264
318.065	205.1664
318.295	206.1864
318.524	208.4664
318.753	208.04639999999998
318.983	211.36639999999997
319.212	217.03640000000001
319.441	224.61639999999997
319.67	225.9064
319.9	211.1564
320.129	209.9064
320.358	210.0964
320.587	214.7164
320.816	219.0764
321.046	223.38639999999998
321.275	217.6964
321.504	216.53640000000001
321.733	217.5964
321.962	221.6464
322.191	227.7164
322.42	237.2664
322.649	246.3164
322.878	250.3464
323.108	258.52639999999997
323.337	275.6364
323.566	289.82640000000004
323.795	323.57640000000004
324.024	399.21639999999996
324.253	659.7464
324.482	1248.8663999999999
324.71	2266.1764000000003
324.939	2811.1463999999996
325.168	1263.9764
325.397	463.2264
325.626	324.67639999999994
325.855	291.9364
326.084	287.2064
326.313	296.3764
326.542	325.1964
326.77	432.9364
326.999	723.0663999999999
327.228	1345.6064000000001
327.457	2243.2964
327.686	1857.7264
327.914	741.7164
328.143	648.7664
328.372	711.3864
328.6	492.78639999999996
328.829	363.6264
329.058	367.5264
329.287	374.95640000000003
329.515	366.74640000000005
329.744	437.4364
329.972	635.1464
330.201	998.0164
330.43	1250.6864
330.658	725.2564
330.887	464.2964
331.115	365.4764
331.344	304.77639999999997
331.572	293.3964
331.801	296.2364
332.03	294.7264
332.258	283.7164
332.486	281.7864
332.715	288.7364
332.943	300.3964
333.172	316.8664
333.4	338.9364
333.629	378.2564
333.857	462.99640000000005
334.085	650.2564
334.314	1002.8964
334.542	1496.8564000000001
334.771	1409.5564
334.999	606.7964
335.227	381.45640000000003
335.455	322.1064
335.684	301.25640000000004
335.912	285.4864
336.14	278.5564
336.369	273.4164
336.597	275.9264
336.825	268.2664
337.053	256.1364
337.281	252.1564
337.51	249.8064
337.738	250.54639999999998
337.966	249.28640000000001
338.194	253.3564
338.422	248.20639999999997
338.65	241.4464
338.878	239.1664
339.106	235.72639999999998
339.334	237.45639999999997
339.562	233.3264
339.79	233.1664
340.018	231.78640000000001
340.246	234.4464
340.474	234.6764
340.702	232.61639999999997
340.93	230.8064
341.158	233.0764
341.386	235.0164
341.614	236.1964
341.842	232.0664
342.07	227.1864
342.298	226.70639999999997
342.526	224.86639999999997
342.754	222.78640000000001
342.981	223.95639999999997
343.209	226.3064
343.437	238.8264
343.665	238.38639999999998
343.893	245.9464
344.12	249.4364
344.348	241.9264
344.576	238.11639999999997
344.804	237.86639999999997
345.031	243.87640000000002
345.259	243.1964
345.487	234.8464
345.714	230.7164
345.942	223.1464
346.17	223.8364
346.397	221.9664
346.625	220.2364
346.853	221.2164
347.08	218.87640000000002
347.308	226.7364
347.535	233.47639999999998
347.763	234.5664
347.99	230.7664
348.218	235.0964
348.445	242.5064
348.673	233.6664
348.9	223.5864
349.128	220.88639999999998
349.355	219.0764
349.583	218.7564
349.81	217.9364
350.037	217.7564
350.265	219.0164
350.492	219.2364
350.72	221.2764
350.947	226.4064
351.174	238.4464
351.402	242.7664
351.629	232.0264
351.856	231.4664
352.083	236.2364
352.311	237.6064
352.538	242.1864
352.765	240.8464
352.992	243.9864
353.22	239.6864
353.447	231.47639999999998
353.674	225.0664
353.901	218.9264
354.128	217.0764
354.355	215.6764
354.583	218.5064
354.81	218.61639999999997
355.037	217.4064
355.264	214.5564
355.491	212.5564
355.718	212.61639999999997
355.945	212.8164
356.172	215.5864
356.399	215.4664
356.626	214.8064
356.853	213.97639999999998
357.08	212.8564
357.307	213.1964
357.534	211.3064
357.761	212.4964
357.988	216.5264
358.215	216.8964
358.441	213.6864
358.668	214.4364
358.895	212.88639999999998
359.122	214.5964
359.349	216.62640000000002
359.576	224.9864
359.802	242.62640000000002
360.029	264.9464
360.256	261.1464
360.483	240.0664
360.709	220.2364
360.936	222.97639999999998
361.163	225.6464
361.39	227.0164
361.616	226.2464
361.843	221.45639999999997
362.07	225.0964
362.296	226.8164
362.523	221.1964
362.749	222.0264
362.976	219.5064
363.203	217.8164
363.429	214.1964
363.656	217.1764
363.882	216.5564
364.109	215.47639999999998
364.335	215.3964
364.562	215.6664
364.788	215.8164
365.015	219.5164
365.241	224.22639999999998
365.468	234.6464
365.694	234.5264
365.92	225.0064
366.147	217.1864
366.373	212.0864
366.599	214.2364
366.826	213.47639999999998
367.052	211.9064
367.278	217.3364
367.505	215.9864
367.731	219.86639999999997
367.957	218.61639999999997
368.184	220.5164
368.41	227.63639999999998
368.636	242.0964
368.862	247.9364
369.089	235.4464
369.315	222.45639999999997
369.541	218.5964
369.767	220.5964
369.993	221.20639999999997
370.219	218.8564
370.445	215.97639999999998
370.672	216.9864
370.898	217.0264
371.124	218.6964
371.35	219.6764
371.576	220.4164
371.802	216.3564
372.028	216.87640000000002
372.254	218.3064
372.48	219.0864
372.706	223.04639999999998
372.932	224.1664
373.158	222.79639999999998
373.384	222.61639999999997
373.61	222.4164
373.835	221.28640000000001
374.061	222.1564
374.287	227.1864
374.513	226.1864
374.739	229.1864
374.965	229.4064
375.191	230.3564
375.416	227.3464
375.642	225.22639999999998
375.868	227.38639999999998
376.094	224.0964
376.319	221.78640000000001
376.545	219.8364
376.771	220.53640000000001
376.997	221.4164
377.222	221.4864
377.448	219.1664
377.674	218.9064
377.899	218.9064
378.125	218.5864
378.35	219.0764
378.576	218.6664
378.802	215.13639999999998
379.027	220.3464
379.253	221.2564
379.478	218.0264
379.704	221.54639999999998
379.929	222.13639999999998
380.155	224.0164
380.38	224.04639999999998
380.606	227.0864
380.831	223.2664
381.057	228.8164
381.282	225.1664
381.507	227.9664
381.733	227.0564
381.958	230.78640000000001
382.184	232.3064
382.409	234.47639999999998
382.634	237.4364
382.86	235.61639999999997
383.085	237.61639999999997
383.31	240.8364
383.535	243.47639999999998
383.761	243.20639999999997
383.986	244.8564
384.211	246.6664
384.436	249.2164
384.662	252.11639999999997
384.887	257.7464
385.112	259.07640000000004
385.337	261.75640000000004
385.562	260.1164
385.787	262.7264
386.013	270.0464
386.238	275.3864
386.463	266.9864
386.688	268.4264
386.913	259.4464
387.138	261.4964
387.363	258.1164
387.588	251.8464
387.813	255.0064
388.038	256.9364
388.263	265.4564
388.488	265.0464
388.713	249.5564
388.938	248.4464
389.163	246.4664
389.387	246.88639999999998
389.612	242.4164
389.837	242.6664
390.062	242.2664
390.287	244.22639999999998
390.512	242.0664
390.736	242.7364
390.961	247.7564
391.186	251.86639999999997
391.411	254.8264
391.636	257.5364
391.86	257.7864
392.085	260.2664
392.31	256.7964
392.534	253.86639999999997
392.759	252.5664
392.984	250.3364
393.208	252.3164
393.433	257.4464
393.658	253.8964
393.882	246.9864
394.107	248.3264
394.331	250.2664
394.556	249.6864
394.78	254.4464
395.005	253.3264
395.229	250.97639999999998
395.454	258.09639999999996
395.678	261.5364
395.903	261.8664
396.127	264.7864
396.352	259.2064
396.576	253.86639999999997
396.801	254.72639999999998
397.025	258.8564
397.249	259.0664
397.474	264.2164
397.698	263.6564
397.922	266.2364
398.147	269.33639999999997
398.371	271.4864
398.595	275.6364
398.82	286.02639999999997
399.044	302.84639999999996
399.268	321.4364
399.492	354.46639999999996
399.717	373.08639999999997
399.941	367.0064
400.165	352.96639999999996
400.389	331.2764
400.613	304.2064
400.837	292.1764
401.062	290.4464
401.286	287.6264
401.51	288.1264
401.734	286.0564
401.958	303.0364
402.182	332.81640000000004
402.406	373.6864
402.63	334.28639999999996
402.854	308.4864
403.078	303.3164
403.302	304.3164
403.526	310.9164
403.75	312.3164
403.974	315.1964
404.198	315.2864
404.422	323.6664
404.645	326.8764
404.869	337.1264
405.093	366.63640000000004
405.317	397.2664
405.541	392.3664
405.765	351.74640000000005
405.988	354.3664
406.212	413.6564
406.436	481.5964
406.66	401.46639999999996
406.883	341.1964
407.107	348.3664
407.331	363.88640000000004
407.555	382.3464
407.778	369.4864
408.002	341.99640000000005
408.226	327.9764
408.449	326.56640000000004
408.673	321.33639999999997
408.896	329.20640000000003
409.12	334.49640000000005
409.344	314.5164
409.567	304.2464
409.791	306.9964
410.014	306.5164
410.238	303.6764
410.461	303.6364
410.685	306.8064
410.908	312.82640000000004
411.132	325.5064
411.355	322.50640000000004
411.578	304.8864
411.802	299.7164
412.025	307.2364
412.249	330.8464
412.472	359.5264
412.695	388.9464
412.919	351.9064
413.142	323.8964
413.365	309.9764
413.589	301.9764
413.812	292.75640000000004
414.035	292.5364
414.258	291.0564
414.482	292.00640000000004
414.705	291.02639999999997
414.928	287.5164
415.151	288.4464
415.374	288.7464
415.597	284.2264
415.821	282.3964
416.044	284.8764
416.267	282.7664
416.49	279.4064
416.713	278.8864
416.936	284.1364
417.159	284.25640000000004
417.382	291.7164
417.605	298.82640000000004
417.828	308.09639999999996
418.051	299.1764
418.274	289.1564
418.497	282.3864
418.72	285.6764
418.943	287.2064
419.166	299.00640000000004
419.389	312.1864
419.611	315.9064
419.834	314.0464
420.057	318.6264
420.28	329.5764
420.503	319.5164
420.726	309.59639999999996
420.948	308.2164
421.171	318.8164
421.394	310.6064
421.617	292.8564
421.839	288.00640000000004
422.062	290.25640000000004
422.285	297.6964
422.507	320.6564
422.73	342.88640000000004
422.953	316.7264
423.175	300.2264
423.398	301.27639999999997
423.621	299.1764
423.843	305.8964
424.066	302.1164
424.288	300.8564
424.511	310.9464
424.733	330.42639999999994
424.956	351.5064
425.178	330.2964
425.401	335.4764
425.623	331.1864
425.846	294.3164
426.068	295.3764
426.291	291.4864
426.513	289.0364
426.735	292.8064
426.958	310.8864
427.18	349.95640000000003
427.402	430.83639999999997
427.625	496.1964
427.847	458.3064
428.069	439.8064
428.292	331.7964
428.514	286.3564
428.736	275.84639999999996
428.958	271.1864
429.181	264.4964
429.403	263.33639999999997
429.625	268.58639999999997
429.847	281.9464
430.069	306.2964
430.292	285.0564
430.514	262.8964
430.736	260.25640000000004
430.958	257.4164
431.18	254.9364
431.402	256.2864
431.624	255.4164
431.846	258.5564
432.068	260.4164
432.29	264.08639999999997
432.512	259.4864
432.734	261.8564
432.956	264.5664
433.178	274.1464
433.4	273.4264
433.622	264.3764
433.844	264.84639999999996
434.066	264.5564
434.287	266.0464
434.509	272.4464
434.731	279.0564
434.953	281.6364
435.175	285.33639999999997
435.397	289.5364
435.618	290.2264
435.84	313.1564
436.062	358.5964
436.284	347.4364
436.505	294.3564
436.727	286.2964
436.949	269.1364
437.17	264.3064
437.392	261.5164
437.614	273.6864
437.835	300.0364
438.057	344.49640000000005
438.278	350.64639999999997
438.5	340.9464
438.721	382.92639999999994
438.943	326.1864
439.165	278.4164
439.386	272.8764
439.608	279.5164
439.829	292.8964
440.05	333.64639999999997
440.272	369.28639999999996
440.493	296.8164
440.715	272.25640000000004
440.936	270.0564
441.158	272.2164
441.379	277.2864
441.6	292.4064
441.822	301.1364
442.043	313.8564
442.264	343.1564
442.486	331.70640000000003
442.707	301.7964
442.928	309.5364
443.149	350.35639999999995
443.371	357.85639999999995
443.592	343.1264
443.813	374.14639999999997
444.034	364.6564
444.255	312.77639999999997
444.476	306.7864
444.698	312.77639999999997
444.919	312.7964
445.14	354.71639999999996
445.361	344.2364
445.582	344.71639999999996
445.803	394.4464
446.024	407.6164
446.245	392.7664
446.466	336.9164
446.687	283.2864
446.908	271.25640000000004
447.129	262.08639999999997
447.35	260.4864
447.571	261.83639999999997
447.792	258.2864
448.013	267.8964
448.234	283.09639999999996
448.455	297.6564
448.675	345.13640000000004
448.896	363.14639999999997
449.117	298.84639999999996
449.338	309.1464
449.559	374.95640000000003
449.779	386.4864
450.0	284.5564
450.221	259.4564
450.442	255.79639999999998
450.662	261.8764
450.883	278.6264
451.104	289.9864
451.324	263.84639999999996
451.545	249.62640000000002
451.766	245.0964
451.986	238.7364
452.207	240.7464
452.428	243.3964
452.648	252.86639999999997
452.869	266.4164
453.089	273.6964
453.31	279.1864
453.53	246.5064
453.751	244.8164
453.971	257.9064
454.192	273.77639999999997
454.412	247.0564
454.633	237.0664
454.853	233.8964
455.073	234.87640000000002
455.294	250.12640000000002
455.514	274.1964
455.734	250.7464
455.955	232.4664
456.175	227.8064
456.395	225.5164
456.616	224.3964
456.836	228.0564
457.056	226.6764
457.276	225.0864
457.497	231.28640000000001
457.717	230.3364
457.937	232.2764
458.157	236.88639999999998
458.377	245.0064
458.598	274.33639999999997
458.818	352.1664
459.038	388.7964
459.258	325.70640000000003
459.478	271.1964
459.698	260.7664
459.918	263.9664
460.138	269.4264
460.358	274.9964
460.578	275.57640000000004
460.798	283.33639999999997
461.018	282.0664
461.238	274.2664
461.458	272.58639999999997
461.678	272.1464
461.898	277.2964
462.118	278.2164
462.338	287.3964
462.558	294.1464
462.777	302.2664
462.997	324.6164
463.217	340.9764
463.437	327.35639999999995
463.657	309.25640000000004
463.876	302.82640000000004
464.096	307.77639999999997
464.316	310.6664
464.536	314.6664
464.755	307.9664
464.975	322.5364
465.195	406.4764
465.414	404.9164
465.634	292.2264
465.854	270.2464
466.073	260.2364
466.293	257.2264
466.512	252.3364
466.732	250.8364
466.951	250.5764
467.171	256.4964
467.391	269.3964
467.61	293.2464
467.829	338.6964
468.049	576.1564
468.268	758.6664000000001
468.488	355.3464
468.707	270.9264
468.927	255.78640000000001
469.146	248.37640000000002
469.365	249.86639999999997
469.585	254.0864
469.804	266.9964
470.023	271.6464
470.243	268.4664
470.462	279.6964
470.681	296.4264
470.901	270.5464
471.12	264.6064
471.339	268.32640000000004
471.558	277.6464
471.777	302.50640000000004
471.997	409.88640000000004
472.216	973.2864
472.435	1864.8064
472.654	680.6764
472.873	352.3464
473.092	293.4264
473.311	276.7364
473.53	266.4064
473.749	267.3964
473.968	284.3164
474.187	325.33639999999997
474.406	298.8164
474.625	259.1264
474.844	250.0964
475.063	247.86639999999997
475.282	249.6964
475.501	251.7364
475.72	252.72639999999998
475.939	249.6764
476.158	252.4864
476.377	253.9464
476.596	254.0564
476.814	263.5164
477.033	265.4264
477.252	264.6764
477.471	264.9164
477.69	268.8864
477.908	271.2864
478.127	276.6364
478.346	276.6264
478.564	283.8564
478.783	294.1764
479.002	298.4064
479.22	298.4864
479.439	317.1164
479.658	327.38640000000004
479.876	322.0464
480.095	325.78639999999996
480.313	352.38640000000004
480.532	375.3264
480.751	466.78639999999996
480.969	989.7363999999999
481.188	2969.1264
481.406	1908.8464
481.624	627.0564
481.843	402.45640000000003
482.061	352.1864
482.28	329.38640000000004
482.498	313.5364
482.717	305.4664
482.935	301.4564
483.153	295.7164
483.372	292.7964
483.59	288.1164
483.808	286.58639999999997
484.027	287.5564
484.245	289.4664
484.463	288.8764
484.681	292.7464
484.9	291.75640000000004
485.118	292.4364
485.336	294.6564
485.554	297.4664
485.772	302.3164
485.99	306.8664
486.209	306.4964
486.427	310.4064
486.645	320.4864
486.863	326.5764
487.081	310.9464
487.299	303.3164
487.517	302.0464
487.735	300.33639999999997
487.953	298.0164
488.171	298.9564
488.389	302.0164
488.607	304.9864
488.825	300.6264
489.043	299.75640000000004
489.261	302.4264
489.479	301.59639999999996
489.696	306.7664
489.914	311.2964
490.132	315.2864
490.35	319.9564
490.568	323.0164
490.786	333.9864
491.003	340.3464
491.221	356.99640000000005
491.439	369.0164
491.657	375.4864
491.874	375.64639999999997
492.092	377.28639999999996
492.31	383.33639999999997
492.527	393.2764
492.745	402.49640000000005
492.963	396.7964
493.18	391.74640000000005
493.398	388.92639999999994
493.615	385.7764
493.833	379.13640000000004
494.05	370.20640000000003
494.268	363.2264
494.485	359.45640000000003
494.703	355.0564
494.92	353.7564
495.138	346.89639999999997
495.355	349.5164
495.573	347.21639999999996
495.79	344.6564
496.008	345.6264
496.225	341.7364
496.442	340.9764
496.66	341.6564
496.877	339.63640000000004
497.094	341.58639999999997
497.312	344.38640000000004
497.529	348.85639999999995
497.746	351.63640000000004
497.963	359.6564
498.181	372.1564
498.398	381.24640000000005
498.615	405.8464
498.832	413.60639999999995
499.049	415.45640000000003
499.267	431.0464
499.484	453.7664
499.701	475.4064
499.918	499.3664
500.135	519.0264
500.352	539.1863999999999
500.569	549.0664
500.786	550.6264
501.003	532.8964
501.22	512.5664
501.437	489.8664
501.654	470.1264
501.871	466.8664
502.088	426.3464
502.305	402.2564
502.522	385.58639999999997
502.739	375.5064
502.956	364.20640000000003
503.172	355.8264
503.389	353.3664
503.606	362.95640000000003
503.823	347.3764
504.04	342.6164
504.256	338.5964
504.473	342.5764
504.69	341.92639999999994
504.907	338.13640000000004
505.123	323.6764
505.34	315.4064
505.557	313.1064
505.773	310.7264
505.99	307.3864
506.207	302.9264
506.423	299.4764
506.64	298.25640000000004
506.856	295.8764
507.073	292.7464
507.289	294.0464
507.506	297.6564
507.722	321.4864
507.939	320.5464
508.155	293.9764
508.372	287.9564
508.588	284.32640000000004
508.805	286.3564
509.021	288.8164
509.238	296.3164
509.454	293.5664
509.67	294.34639999999996
509.887	295.9264
510.103	317.32640000000004
510.319	401.60639999999995
510.536	968.1364
510.752	2711.2064
510.968	894.1964
511.184	349.03639999999996
511.401	308.7264
511.617	304.1764
511.833	325.4764
512.049	324.27639999999997
512.265	303.27639999999997
512.481	294.4964
512.698	285.57640000000004
512.914	282.2364
513.13	281.0564
513.346	278.7864
513.562	279.09639999999996
513.778	280.9564
513.994	285.3164
514.21	296.4864
514.426	319.4764
514.642	352.38640000000004
514.858	345.4764
515.074	407.89639999999997
515.29	796.9364
515.506	2115.7664
515.721	902.6263999999999
515.937	385.8664
516.153	324.9464
516.369	304.4264
516.585	303.8764
516.801	306.6764
517.016	308.8064
517.232	315.4864
517.448	317.4264
517.664	324.95640000000003
517.879	324.2264
518.095	323.2664
518.311	325.0264
518.527	316.9164
518.742	302.9564
518.958	295.8764
519.173	290.2064
519.389	288.4464
519.605	286.4564
519.82	284.27639999999997
520.036	295.25640000000004
520.251	322.4764
520.467	317.0664
520.682	301.8564
520.898	304.7664
521.113	321.4164
521.329	363.5264
521.544	471.96639999999996
521.76	977.3864
521.975	3347.4564
522.19	2097.7264
522.406	590.2164
522.621	325.1564
522.836	281.9964
523.052	269.4564
523.267	262.59639999999996
523.482	260.6364
523.698	262.3064
523.913	284.7864
524.128	268.6364
524.343	249.13639999999998
524.559	247.97639999999998
524.774	244.5264
524.989	250.5164
525.204	262.9664
525.419	255.63639999999998
525.634	242.1664
525.849	240.2564
526.064	238.20639999999997
526.28	238.9664
526.495	236.1764
526.71	235.70639999999997
526.925	233.47639999999998
527.14	233.88639999999998
527.355	233.8264
527.57	234.37640000000002
527.785	233.04639999999998
527.999	234.2764
528.214	236.9164
528.429	238.03640000000001
528.644	237.6764
528.859	239.0264
529.074	243.6464
529.289	284.2964
529.503	380.5564
529.718	272.1964
529.933	244.38639999999998
530.148	237.9064
530.363	237.8064
530.577	234.0664
530.792	233.2464
531.007	234.0164
531.221	236.72639999999998
531.436	232.2364
531.651	234.61639999999997
531.865	233.2664
532.08	233.9364
532.295	234.6064
532.509	233.8264
532.724	233.7464
532.938	233.95639999999997
533.153	234.47639999999998
533.367	233.4664
533.582	232.0164
533.796	231.95639999999997
534.011	229.3364
534.225	229.6864
534.44	226.6964
534.654	229.3264
534.868	228.4464
535.083	228.3064
535.297	231.47639999999998
535.511	242.37640000000002
535.726	246.95639999999997
535.94	238.0664
536.154	233.4364
536.369	227.37640000000002
536.583	222.63639999999998
536.797	224.03640000000001
537.011	222.8264
537.225	220.9664
537.44	222.0664
537.654	223.3464
537.868	220.3064
538.082	221.4264
538.296	221.8564
538.51	219.4064
538.724	218.1064
538.938	221.1964
539.153	224.8364
539.367	241.61639999999997
539.581	228.3264
539.795	216.6864
540.009	217.5964
540.222	218.38639999999998
540.436	217.87640000000002
540.65	218.9264
540.864	222.4664
541.078	224.8564
541.292	220.8264
541.506	217.0064
541.72	216.1664
541.934	212.36639999999997
542.147	212.8264
542.361	212.12640000000002
542.575	210.7164
542.789	213.8264
543.002	214.7764
543.216	218.97639999999998
543.43	225.72639999999998
543.644	218.1464
543.857	215.12640000000002
544.071	218.1864
544.285	218.2664
544.498	214.6564
544.712	214.3964
544.925	215.1464
545.139	215.9364
545.352	214.2464
545.566	215.6664
545.779	212.1764
545.993	212.1764
546.206	214.37640000000002
546.42	214.3064
546.633	214.5964
546.847	216.38639999999998
547.06	213.8464
547.274	213.6064
547.487	211.87640000000002
547.7	212.0764
547.914	214.7764
548.127	214.3264
548.34	214.36639999999997
548.554	212.70639999999997
548.767	212.2464
548.98	215.3064
549.193	213.9264
549.407	214.9264
549.62	217.1864
549.833	215.3164
550.046	214.0164
550.259	212.9064
550.473	212.3064
550.686	213.29639999999998
550.899	211.37640000000002
551.112	209.53640000000001
551.325	211.3264
551.538	215.5664
551.751	214.22639999999998
551.964	212.5264
552.177	214.3264
552.39	216.5964
552.603	216.9364
552.816	221.3964
553.029	222.37640000000002
553.242	227.63639999999998
553.455	234.47639999999998
553.667	245.2664
553.88	244.3164
554.093	228.5664
554.306	233.8464
554.519	232.1564
554.732	220.9264
554.944	213.5264
555.157	210.0964
555.37	209.6664
555.583	208.8964
555.795	209.6564
556.008	202.79639999999998
556.221	201.5564
556.433	200.4664
556.646	201.63639999999998
556.859	198.3464
557.071	198.5864
557.284	197.4064
557.496	194.8364
557.709	194.1064
557.921	193.8364
558.134	192.0564
558.346	190.7764
558.559	190.5764
558.771	190.7464
558.984	190.6864
559.196	190.8264
559.409	187.8964
559.621	189.2164
559.833	189.8964
560.046	190.6864
560.258	200.8364
560.47	214.6464
560.683	197.22639999999998
560.895	192.7364
561.107	188.7564
561.32	187.4664
561.532	189.54639999999998
561.744	190.2664
561.956	190.54639999999998
562.168	190.12640000000002
562.381	190.9064
562.593	191.6964
562.805	192.54639999999998
563.017	191.86639999999997
563.229	189.7464
563.441	191.03640000000001
563.653	190.1864
563.865	189.0564
564.077	189.2764
564.289	192.12640000000002
564.501	194.6564
564.713	198.0064
564.925	203.4364
565.137	217.38639999999998
565.349	205.6964
565.561	208.2664
565.773	209.22639999999998
565.985	213.6464
566.197	218.9264
566.408	228.3364
566.62	236.0664
566.832	243.95639999999997
567.044	246.5564
567.255	246.6564
567.467	252.3564
567.679	262.2864
567.891	270.6464
568.102	269.1464
568.314	258.83639999999997
568.526	242.87640000000002
568.737	233.2764
568.949	222.45639999999997
569.161	211.36639999999997
569.372	202.1064
569.584	200.7164
569.795	200.6464
570.007	219.6964
570.218	350.9064
570.43	236.8364
570.641	190.1464
570.853	186.9264
571.064	188.1764
571.276	187.11639999999997
571.487	185.4464
571.698	180.5764
571.91	178.54639999999998
572.121	175.1864
572.333	175.5064
572.544	171.0964
572.755	171.9664
572.966	170.9464
573.178	170.6664
573.389	171.7664
573.6	169.4064
573.811	168.9664
574.023	167.2764
574.234	167.1464
574.445	169.1464
574.656	166.6564
574.867	167.11639999999997
575.078	167.5264
575.289	165.0864
575.501	166.5164
575.712	162.6964
575.923	162.28640000000001
576.134	164.1064
576.345	163.5564
576.556	164.4664
576.767	165.3264
576.978	166.78640000000001
577.188	163.3964
577.399	165.1064
577.61	164.0764
577.821	169.9364
578.032	185.9164
578.243	340.5464
578.454	846.9064000000001
578.665	288.4764
578.875	173.5664
579.086	158.4464
579.297	156.3464
579.508	155.9564
579.718	156.4264
579.929	156.1764
580.14	154.47639999999998
580.35	153.4464
580.561	153.62640000000002
580.772	153.72639999999998
580.982	152.5764
581.193	152.2464
581.403	151.47639999999998
581.614	152.5864
581.825	151.50639999999999
582.035	151.1764
582.246	152.5464
582.456	150.4264
582.667	150.9964
582.877	149.3564
583.087	147.7764
583.298	149.9264
583.508	149.5864
583.719	150.37640000000002
583.929	149.2964
584.139	147.72639999999998
584.35	147.6864
584.56	149.2364
584.77	147.8064
584.981	149.4664
585.191	151.2464
585.401	148.1464
585.611	148.78640000000001
585.821	150.78640000000001
586.032	150.78640000000001
586.242	147.62640000000002
586.452	147.13639999999998
586.662	145.7064
586.872	146.3364
587.082	146.7364
587.292	146.0264
587.502	147.1164
587.713	146.5764
587.923	147.2664
588.133	146.37640000000002
588.343	145.0264
588.553	146.0964
588.762	150.4364
588.972	155.8164
589.182	202.03640000000001
589.392	170.1464
589.602	162.87640000000002
589.812	182.8464
590.022	157.97639999999998
590.232	147.2464
590.441	147.0864
590.651	146.8364
590.861	146.8464
591.071	148.3964
591.281	149.37640000000002
591.49	149.3464
591.7	149.7464
591.91	152.0164
592.119	150.9564
592.329	157.5964
592.539	162.87640000000002
592.748	159.1164
592.958	159.5664
593.167	159.0564
593.377	161.2164
593.587	168.0164
593.796	162.47639999999998
594.006	162.0564
594.215	164.2664
594.424	163.5264
594.634	159.5464
594.843	155.6764
595.053	155.1964
595.262	152.0864
595.472	149.6064
595.681	148.4864
595.89	147.8064
596.1	145.56640000000002
596.309	143.8964
596.518	144.1164
596.727	143.4364
596.937	143.6164
597.146	141.91639999999998
597.355	142.9464
597.564	139.4064
597.774	140.1064
597.983	140.4364
598.192	137.5164
598.401	138.8064
598.61	136.1364
598.819	135.7964
599.028	135.9764
599.237	136.5864
599.446	135.8364
599.655	137.3064
599.864	136.9664
600.073	136.16639999999998
600.282	138.9264
600.491	136.7664
600.7	137.78640000000001
600.909	136.4864
601.118	137.9464
601.327	137.4964
601.536	136.9664
601.745	136.7164
601.953	137.31640000000002
602.162	136.16639999999998
602.371	137.5964
602.58	135.6064
602.789	134.5564
602.997	134.5264
603.206	133.8964
603.415	134.3964
603.623	132.8464
603.832	133.7264
604.041	132.25639999999999
604.249	130.9064
604.458	131.5464
604.666	129.8964
604.875	130.7164
605.084	130.7664
605.292	130.16639999999998
605.501	128.9064
605.709	130.4864
605.918	128.2464
606.126	131.9264
606.334	130.9764
606.543	131.62640000000002
606.751	130.5864
606.96	129.0564
607.168	131.1764
607.376	132.6064
607.585	133.5264
607.793	131.5764
608.001	130.6964
608.21	129.2964
608.418	129.62640000000002
608.626	127.5464
608.834	130.3464
609.043	130.2364
609.251	129.2364
609.459	129.1464
609.667	129.4964
609.875	128.41639999999998
610.083	130.5264
610.291	130.8064
610.499	130.9364
610.707	127.38640000000001
610.916	129.9364
611.124	131.2064
611.332	128.7764
611.54	128.4864
611.748	127.96640000000001
611.955	127.4264
612.163	126.0264
612.371	129.6164
612.579	127.0864
612.787	127.6864
612.995	128.41639999999998
613.203	129.12640000000002
613.411	126.5264
613.618	124.8664
613.826	126.81640000000002
614.034	125.5364
614.242	126.4964
614.449	127.1964
614.657	128.0864
614.865	127.2464
615.072	128.3264
615.28	129.7064
615.488	127.96640000000001
615.695	129.5264
615.903	133.4864
616.111	135.62640000000002
616.318	137.7364
616.526	132.06640000000002
616.733	132.03640000000001
616.941	126.1164
617.148	129.0164
617.356	126.38640000000001
617.563	128.0464
617.771	127.2764
617.978	124.3464
618.185	127.3564
618.393	124.5464
618.6	125.89640000000001
618.807	125.13640000000001
619.015	125.0164
619.222	123.1764
619.429	123.64640000000001
619.637	124.30640000000001
619.844	123.7464
620.051	123.15639999999999
620.258	121.72640000000001
620.466	120.14640000000001
620.673	119.2964
620.88	119.3764
621.087	120.9264
621.294	122.0864
621.501	120.31640000000002
621.708	121.55640000000001
621.915	121.47640000000001
622.122	122.1264
622.329	121.15639999999999
622.536	122.1664
622.743	118.5464
622.95	117.4164
623.157	117.6064
623.364	119.1664
623.571	119.72640000000001
623.778	119.82639999999999
623.985	119.13640000000001
624.192	118.8364
624.399	116.15639999999999
624.606	120.0464
624.812	116.6664
625.019	116.3564
625.226	115.7364
625.433	120.2864
625.639	115.07639999999999
625.846	117.13640000000001
626.053	115.7464
626.259	115.3564
626.466	116.9864
626.673	116.47640000000001
626.879	115.9464
627.086	118.71640000000001
627.293	116.7864
627.499	115.80640000000001
627.706	116.4264
627.912	113.38640000000001
628.119	113.88640000000001
628.325	116.0964
628.532	113.3564
628.738	113.4564
628.945	113.5164
629.151	114.15639999999999
629.357	114.8664
629.564	112.32639999999999
629.77	113.4464
629.976	114.14640000000001
630.183	113.3564
630.389	112.06639999999999
630.595	111.40639999999999
630.802	112.8464
631.008	111.3764
631.214	112.2564
631.42	111.5164
631.627	115.31639999999999
631.833	111.38640000000001
632.039	110.7864
632.245	110.3364
632.451	110.31639999999999
632.657	111.2664
632.863	110.05640000000001
633.069	110.3464
633.275	109.6664
633.481	109.06639999999999
633.688	110.7464
633.893	112.56639999999999
634.099	110.21640000000001
634.305	110.06639999999999
634.511	110.7964
634.717	109.80640000000001
634.923	110.2764
635.129	110.64639999999999
635.335	112.88640000000001
635.541	111.55640000000001
635.747	116.38640000000001
635.952	119.89639999999999
636.158	141.78640000000001
636.364	292.1864
636.57	259.5364
636.775	146.6764
636.981	124.1964
637.187	117.90639999999999
637.392	115.0064
637.598	112.7064
637.804	113.56639999999999
638.009	112.22640000000001
638.215	111.1064
638.421	109.0164
638.626	106.9464
638.832	110.1864
639.037	107.9964
639.243	106.8664
639.448	108.32639999999999
639.654	109.9964
639.859	108.2464
640.065	107.72640000000001
640.27	109.8464
640.475	106.1164
640.681	107.46640000000001
640.886	107.6964
641.091	105.6164
641.297	108.8364
641.502	106.5164
641.707	109.5964
641.913	107.4464
642.118	104.6964
642.323	104.8464
642.528	107.0364
642.733	106.48639999999999
642.939	105.39639999999999
643.144	106.1164
643.349	105.8464
643.554	107.23639999999999
643.759	104.64639999999999
643.964	103.5364
644.169	106.2664
644.374	103.9364
644.579	107.15639999999999
644.784	104.14639999999999
644.989	104.6664
645.194	104.39639999999999
645.399	105.07639999999999
645.604	106.3364
645.809	107.31639999999999
646.014	104.8464
646.219	105.23639999999999
646.423	105.0864
646.628	104.98639999999999
646.833	106.2864
647.038	107.2964
647.243	106.07639999999999
647.447	105.31639999999999
647.652	106.6264
647.857	105.2964
648.062	106.6764
648.266	109.0964
648.471	111.90639999999999
648.676	112.7964
648.88	112.2764
649.085	110.80640000000001
649.289	112.1864
649.494	125.30640000000001
649.698	161.1464
649.903	122.97640000000001
650.107	108.5264
650.312	106.7464
650.516	102.32639999999999
650.721	102.65639999999999
650.925	99.73639999999999
651.13	99.22640000000001
651.334	98.90639999999999
651.539	100.0064
651.743	99.7564
651.947	99.7764
652.152	99.2864
652.356	99.64639999999999
652.56	97.98639999999999
652.764	96.2564
652.969	96.6964
653.173	96.5964
653.377	95.2764
653.581	95.6164
653.785	96.63640000000001
653.99	96.6064
654.194	96.5964
654.398	94.40639999999999
654.602	95.4464
654.806	102.23639999999999
655.01	117.8664
655.214	103.0964
655.418	96.5864
655.622	94.73639999999999
655.826	96.8464
656.03	100.05640000000001
656.234	102.7764
656.438	108.7064
656.642	109.8364
656.846	101.8664
657.049	96.7764
657.253	94.5164
657.457	92.32639999999999
657.661	91.7064
657.865	90.57639999999999
658.068	89.64640000000001
658.272	89.06639999999999
658.476	88.8464
658.68	85.8764
658.883	85.6864
659.087	86.3564
659.291	86.5964
659.494	85.0464
659.698	86.2764
659.901	84.7664
660.105	83.7564
660.309	83.72640000000001
660.512	84.7864
660.716	86.81639999999999
660.919	84.0464
661.123	86.3364
661.326	83.14640000000001
661.53	83.2564
661.733	85.0864
661.936	84.1064
662.14	80.8564
662.343	81.5464
662.546	83.32639999999999
662.75	83.47640000000001
662.953	84.0064
663.156	81.0964
663.36	82.1764
663.563	82.1264
663.766	81.2464
663.969	83.6064
664.173	81.96640000000001
664.376	80.3964
664.579	81.21640000000001
664.782	81.6264
664.985	81.40639999999999
665.188	80.5664
665.391	81.4564
665.594	79.1564
665.797	80.2564
666.0	80.8264
666.203	81.82639999999999
666.406	80.0864
666.609	82.0064
666.812	81.5364
667.015	81.38640000000001
667.218	82.06639999999999
667.421	80.4064
667.624	80.2664
667.827	80.7764
668.03	80.1864
668.232	80.0764
668.435	81.2964
668.638	79.4264
668.841	82.9264
669.043	82.14640000000001
669.246	80.29639999999999
669.449	81.4164
669.651	80.6564
669.854	80.1464
670.057	80.6564
670.259	81.31639999999999
670.462	79.8664
670.665	80.5564
670.867	82.71640000000001
671.07	82.5064
671.272	82.47640000000001
671.475	83.0964
671.677	80.5664
671.88	81.0264
672.082	80.1864
672.284	82.0164
672.487	81.7564
672.689	79.3164
672.892	80.24640000000001
