223.165	-17.009800000000002
223.4	-17.009800000000002
223.635	-17.009800000000002
223.869	-19.2798
224.104	-18.759800000000002
224.338	-15.559800000000001
224.573	-15.729800000000001
224.808	-11.059800000000001
225.042	-7.3698
225.277	-5.7498
225.511	-2.6898
225.746	2.8301999999999996
225.98	6.3102
226.215	11.4902
226.449	15.9002
226.683	20.7902
226.918	24.9202
227.152	30.9602
227.387	34.9702
227.621	37.800200000000004
227.856	44.8202
228.09	46.0402
228.324	51.0002
228.559	54.7902
228.793	59.450199999999995
229.027	71.2602
229.262	75.14020000000001
229.496	80.7602
229.73	94.3402
229.964	94.6502
230.199	83.8802
230.433	84.2402
230.667	86.5802
230.901	85.0402
231.136	84.6802
231.37	86.6002
231.604	86.3202
231.838	89.2102
232.072	87.98020000000001
232.306	89.77019999999999
232.541	88.1302
232.775	89.1502
233.009	90.0102
233.243	88.1502
233.477	88.9502
233.711	90.5102
233.945	88.77019999999999
234.179	87.5102
234.413	90.1702
234.647	87.9602
234.881	88.36019999999999
235.115	88.5702
235.349	87.7402
235.583	88.77019999999999
235.817	89.0302
236.051	88.9302
236.285	87.5302
236.519	89.52019999999999
236.753	90.9002
236.987	95.5002
237.221	108.3802
237.455	111.67020000000001
237.689	95.14020000000001
237.922	89.98020000000001
238.156	89.6202
238.39	88.3202
238.624	88.0302
238.858	89.0802
239.091	87.94019999999999
239.325	89.7402
239.559	91.02019999999999
239.793	91.7002
240.027	92.2602
240.26	93.73020000000001
240.494	94.3502
240.728	93.3402
240.961	92.7002
241.195	92.81020000000001
241.429	91.1702
241.662	90.0902
241.896	90.5102
242.13	89.77019999999999
242.363	90.5402
242.597	92.14020000000001
242.83	92.02019999999999
243.064	90.9902
243.298	93.36019999999999
243.531	93.0902
243.765	93.3202
243.998	94.11019999999999
244.232	95.9702
244.465	98.5702
244.699	97.3702
244.932	95.19019999999999
245.166	94.64020000000001
245.399	96.19019999999999
245.633	94.2102
245.866	94.7002
246.099	94.44019999999999
246.333	95.56020000000001
246.566	96.0302
246.8	96.9202
247.033	96.7002
247.266	98.5502
247.5	99.19019999999999
247.733	98.9302
247.966	101.51020000000001
248.2	100.81020000000001
248.433	101.98020000000001
248.666	101.0002
248.899	106.59020000000001
249.133	111.4602
249.366	120.5302
249.599	118.1202
249.832	105.09020000000001
250.066	105.52019999999999
250.299	102.9002
250.532	106.77019999999999
250.765	108.4002
250.998	112.26020000000001
251.231	111.31020000000001
251.465	109.0402
251.698	107.67020000000001
251.931	105.1502
252.164	108.06020000000001
252.397	106.0502
252.63	108.5002
252.863	109.27019999999999
253.096	112.1602
253.329	114.92020000000001
253.562	112.81020000000001
253.795	111.67020000000001
254.028	111.11019999999999
254.261	110.73020000000001
254.494	116.4702
254.727	124.19019999999999
254.96	123.14020000000001
255.193	118.11019999999999
255.426	113.67020000000001
255.659	113.94019999999999
255.892	113.6602
256.124	111.39020000000001
256.357	110.23020000000001
256.59	112.0702
256.823	111.8202
257.056	110.2502
257.289	110.6302
257.521	110.7202
257.754	111.76020000000001
257.987	109.9902
258.22	112.23020000000001
258.452	110.84020000000001
258.685	112.1202
258.918	111.1602
259.151	112.84020000000001
259.383	116.2202
259.616	114.98020000000001
259.849	117.4002
260.081	120.6802
260.314	122.0802
260.547	122.0502
260.779	118.5002
261.012	116.9902
261.244	116.9602
261.477	120.48020000000001
261.71	123.56020000000001
261.942	137.1202
262.175	142.1302
262.407	119.4602
262.64	114.0502
262.872	114.84020000000001
263.105	114.89020000000001
263.337	117.6502
263.57	115.73020000000001
263.802	116.7102
264.035	116.1602
264.267	116.1502
264.499	115.3502
264.732	115.7002
264.964	115.98020000000001
265.197	115.86019999999999
265.429	116.3302
265.661	116.3502
265.894	117.7502
266.126	118.5802
266.358	118.23020000000001
266.591	117.2102
266.823	119.4602
267.055	118.69019999999999
267.287	118.8502
267.52	118.06020000000001
267.752	120.3302
267.984	120.1202
268.216	119.64020000000001
268.448	121.5802
268.681	123.1802
268.913	126.48020000000001
269.145	129.2102
269.377	131.7902
269.609	126.06020000000001
269.841	128.0402
270.073	129.2102
270.306	136.5302
270.538	139.8502
270.77	136.4102
271.002	133.6502
271.234	132.59019999999998
271.466	137.68019999999999
271.698	138.7902
271.93	136.8802
272.162	139.6702
272.394	138.6502
272.626	133.8102
272.858	130.7602
273.09	130.4602
273.322	129.3702
273.553	126.7402
273.785	128.2202
274.017	125.86019999999999
274.249	128.6602
274.481	128.2702
274.713	127.3802
274.945	131.6702
275.176	129.9602
275.408	130.5702
275.64	129.4202
275.872	129.1502
276.104	131.5502
276.335	135.8002
276.567	142.34019999999998
276.799	150.4602
277.031	149.8102
277.262	145.0302
277.494	141.4402
277.726	136.1302
277.957	133.3602
278.189	133.33020000000002
278.421	131.6302
278.652	130.4502
278.884	133.0502
279.115	131.0202
279.347	131.3102
279.579	130.6102
279.81	131.5202
280.042	132.1402
280.273	133.3802
280.505	132.6702
280.736	132.6102
280.968	131.7502
281.199	133.2002
281.431	132.9702
281.662	135.8702
281.894	137.09019999999998
282.125	143.5202
282.356	161.9702
282.588	181.43019999999999
282.819	159.5502
283.051	137.99020000000002
283.282	135.33020000000002
283.513	139.4102
283.745	137.84019999999998
283.976	139.2002
284.207	138.3502
284.439	138.84019999999998
284.67	137.5402
284.901	137.7602
285.132	138.49020000000002
285.364	136.9002
285.595	139.1702
285.826	137.33020000000002
286.057	140.4502
286.288	137.49020000000002
286.52	138.4802
286.751	138.4202
286.982	139.0402
287.213	139.1702
287.444	140.08020000000002
287.675	142.6002
287.906	145.5402
288.138	145.4202
288.369	149.3102
288.6	148.68019999999999
288.831	143.0202
289.062	143.9002
289.293	142.6102
289.524	141.8102
289.755	141.18019999999999
289.986	140.2902
290.217	139.8802
290.448	142.0702
290.679	143.7802
290.91	144.0302
291.141	141.5602
291.371	143.3102
291.602	141.3902
291.833	141.6302
292.064	142.9202
292.295	144.1602
292.526	144.4602
292.757	143.4602
292.987	142.9402
293.218	142.3202
293.449	143.5302
293.68	144.3802
293.91	143.2302
294.141	144.5102
294.372	142.7502
294.603	144.6502
294.833	143.7502
295.064	143.5202
295.295	145.0402
295.525	147.7902
295.756	154.5302
295.987	167.8502
296.217	188.3902
296.448	177.49020000000002
296.679	151.6602
296.909	147.7302
297.14	146.3702
297.37	148.1202
297.601	147.8802
297.831	147.0702
298.062	149.8802
298.292	149.8602
298.523	149.6502
298.753	147.8002
298.984	148.0702
299.214	146.8502
299.445	150.3802
299.675	151.6702
299.905	155.0302
300.136	151.5102
300.366	151.7902
300.597	151.9102
300.827	156.2902
301.057	161.58020000000002
301.288	165.92020000000002
301.518	159.43019999999999
301.748	154.6502
301.979	167.4402
302.209	155.4602
302.439	155.7802
302.669	153.3902
302.9	153.5002
303.13	154.6102
303.36	157.33020000000002
303.59	162.5402
303.82	167.7702
304.051	158.6102
304.281	156.2102
304.511	156.3002
304.741	153.6702
304.971	153.2302
305.201	154.6402
305.431	153.33020000000002
305.661	154.1102
305.891	154.1702
306.121	158.6502
306.352	162.8002
306.582	165.0602
306.812	156.24020000000002
307.042	157.1402
307.272	156.2302
307.502	156.34019999999998
307.731	157.68019999999999
307.961	154.43019999999999
308.191	155.0702
308.421	154.4402
308.651	157.8802
308.881	156.5602
309.111	157.3102
309.341	158.49020000000002
309.571	163.3702
309.8	163.6902
310.03	166.8202
310.26	164.33020000000002
310.49	163.8702
310.72	168.5102
310.949	172.42020000000002
311.179	169.0302
311.409	164.6002
311.639	164.8002
311.868	166.1502
312.098	166.33020000000002
312.328	166.42020000000002
312.557	173.1302
312.787	177.92020000000002
313.017	172.25019999999998
313.246	166.91019999999997
313.476	166.1402
313.706	165.3102
313.935	169.1202
314.165	173.43019999999999
314.394	174.3102
314.624	172.0602
314.853	170.8702
315.083	166.0102
315.312	166.7202
315.542	165.0102
315.771	163.49020000000002
316.001	163.8002
316.23	162.6502
316.46	161.2602
316.689	162.67020000000002
316.919	166.00019999999998
317.148	167.6002
317.377	167.5702
317.607	167.17020000000002
317.836	165.33020000000002
318.065	163.25019999999998
318.295	162.6202
318.524	164.0202
318.753	164.21020000000001
318.983	165.1502
319.212	169.6402
319.441	177.8902
319.67	176.1302
319.9	164.6402
320.129	164.9502
320.358	168.0302
320.587	168.2002
320.816	172.99020000000002
321.046	173.9502
321.275	172.2802
321.504	169.16019999999997
321.733	169.3102
321.962	173.5302
322.191	176.6002
322.42	182.4402
322.649	188.2702
322.878	189.9502
323.108	195.5102
323.337	206.66019999999997
323.566	216.2902
323.795	239.50019999999998
324.024	298.3402
324.253	497.4702
324.482	956.5602
324.71	1828.1401999999998
324.939	2348.4102
325.168	1001.4302
325.397	357.7102
325.626	246.33020000000002
325.855	219.0202
326.084	214.6002
326.313	220.8602
326.542	241.5702
326.77	321.55019999999996
326.999	553.1602
327.228	1057.8302
327.457	1854.1902
327.686	1523.5901999999999
327.914	488.4302
328.143	292.2502
328.372	242.0302
328.6	219.0302
328.829	213.6002
329.058	222.6002
329.287	222.3102
329.515	203.7702
329.744	194.0302
329.972	193.08020000000002
330.201	199.4802
330.43	211.08020000000002
330.658	219.74020000000002
330.887	238.3102
331.115	217.6502
331.344	194.9402
331.572	194.9402
331.801	197.83020000000002
332.03	197.17020000000002
332.258	192.2002
332.486	188.3902
332.715	192.6402
332.943	194.2602
333.172	198.4702
333.4	203.18019999999999
333.629	211.8602
333.857	218.09019999999998
334.085	211.6402
334.314	208.7602
334.542	214.8502
334.771	212.5402
334.999	201.9702
335.227	197.3202
335.455	196.7202
335.684	197.2302
335.912	193.1902
336.14	190.8202
336.369	193.92020000000002
336.597	195.2302
336.825	193.8802
337.053	187.8502
337.281	187.08020000000002
337.51	183.93019999999999
337.738	187.0102
337.966	183.2202
338.194	187.08020000000002
338.422	185.5102
338.65	182.8202
338.878	183.2302
339.106	180.1402
339.334	181.58020000000002
339.562	177.1502
339.79	177.4702
340.018	175.84019999999998
340.246	178.24020000000002
340.474	181.4702
340.702	179.4502
340.93	179.1502
341.158	178.0302
341.386	181.2302
341.614	180.25019999999998
341.842	178.67020000000002
342.07	175.67020000000002
342.298	175.92020000000002
342.526	175.34019999999998
342.754	174.7302
342.981	175.59019999999998
343.209	176.16019999999997
343.437	189.1302
343.665	189.1002
343.893	192.5502
344.12	194.42020000000002
344.348	188.7902
344.576	184.96020000000001
344.804	184.1402
345.031	185.7802
345.259	186.1402
345.487	181.3002
345.714	179.0602
345.942	176.3202
346.17	174.8902
346.397	174.1402
346.625	174.74020000000002
346.853	174.17020000000002
347.08	173.0102
347.308	178.7702
347.535	179.24020000000002
347.763	182.5702
347.99	179.0302
348.218	183.84019999999998
348.445	185.7302
348.673	180.3102
348.9	177.46020000000001
349.128	176.75019999999998
349.355	172.68019999999999
349.583	174.0702
349.81	173.42020000000002
350.037	174.5402
350.265	174.17020000000002
350.492	173.9502
350.72	174.8002
350.947	179.9802
351.174	186.2902
351.402	187.71020000000001
351.629	180.8102
351.856	181.67020000000002
352.083	182.1902
352.311	185.2602
352.538	187.92020000000002
352.765	187.17020000000002
352.992	189.1002
353.22	188.25019999999998
353.447	181.09019999999998
353.674	178.6102
353.901	175.7702
354.128	174.18019999999999
354.355	171.6202
354.583	176.3902
354.81	176.7602
355.037	173.9502
355.264	172.67020000000002
355.491	171.59019999999998
355.718	170.6002
355.945	172.6002
356.172	171.9702
356.399	173.6102
356.626	172.0502
356.853	171.5202
357.08	170.93019999999999
357.307	170.0602
357.534	169.6002
357.761	171.99020000000002
357.988	173.50019999999998
358.215	173.4502
358.441	171.93019999999999
358.668	169.5502
358.895	170.1302
359.122	170.25019999999998
359.349	170.4002
359.576	175.2002
359.802	182.3502
360.029	193.41019999999997
360.256	193.93019999999999
360.483	180.2302
360.709	171.5502
360.936	174.3502
361.163	174.74020000000002
361.39	176.4002
361.616	175.41019999999997
361.843	171.5702
362.07	175.2602
362.296	176.9002
362.523	172.6002
362.749	172.9802
362.976	171.59019999999998
363.203	172.9502
363.429	168.7202
363.656	170.2802
363.882	169.49020000000002
364.109	169.7802
364.335	170.1302
364.562	170.18019999999999
364.788	168.8602
365.015	171.8802
365.241	175.0702
365.468	182.1002
365.694	180.4402
365.92	175.1302
366.147	172.2302
366.373	168.6102
366.599	168.6002
366.826	169.2602
367.052	168.1102
367.278	170.7002
367.505	170.33020000000002
367.731	171.49020000000002
367.957	170.00019999999998
368.184	171.5102
368.41	179.0102
368.636	189.21020000000001
368.862	195.84019999999998
369.089	184.8802
369.315	172.6502
369.541	170.9502
369.767	172.4802
369.993	172.46020000000001
370.219	171.1002
370.445	168.9502
370.672	171.4702
370.898	173.0302
371.124	174.0202
371.35	173.59019999999998
371.576	173.1202
371.802	172.0602
372.028	171.4002
372.254	173.7902
372.48	176.0502
372.706	174.50019999999998
372.932	176.0202
373.158	175.5502
373.384	176.84019999999998
373.61	177.0502
373.835	175.42020000000002
374.061	175.24020000000002
374.287	176.91019999999997
374.513	178.43019999999999
374.739	177.5402
374.965	183.8702
375.191	182.58020000000002
375.416	180.5402
375.642	180.42020000000002
375.868	180.4002
376.094	177.7302
376.319	174.66019999999997
376.545	173.3802
376.771	175.9502
376.997	173.2602
377.222	175.2702
377.448	175.6902
377.674	173.9402
377.899	175.6102
378.125	172.59019999999998
378.35	176.0202
378.576	174.93019999999999
378.802	172.8902
379.027	174.3702
379.253	177.0202
379.478	174.49020000000002
379.704	175.43019999999999
379.929	175.1402
380.155	176.4702
380.38	177.2002
380.606	176.59019999999998
380.831	179.8602
381.057	180.0702
381.282	179.4702
381.507	178.0402
381.733	181.9702
381.958	181.0502
382.184	183.8602
382.409	184.66019999999997
382.634	187.96020000000001
382.86	186.3002
383.085	188.83020000000002
383.31	189.16019999999997
383.535	192.08020000000002
383.761	190.0602
383.986	192.9402
384.211	192.6002
384.436	195.9702
384.662	196.71020000000001
384.887	200.1302
385.112	200.4502
385.337	201.6402
385.562	200.21020000000001
385.787	202.00019999999998
386.013	206.4002
386.238	210.96020000000001
386.463	206.0102
386.688	210.9702
386.913	201.7802
387.138	201.4002
387.363	201.3102
387.588	198.8702
387.813	199.8602
388.038	202.18019999999999
388.263	206.8602
388.488	203.6202
388.713	197.83020000000002
388.938	195.4502
389.163	197.58020000000002
389.387	195.66019999999997
389.612	193.8102
389.837	191.9402
390.062	193.6202
390.287	193.2002
390.512	192.00019999999998
390.736	192.7902
390.961	195.6402
391.186	198.59019999999998
391.411	203.0302
391.636	202.8202
391.86	201.1202
392.085	201.93019999999999
392.31	199.3002
392.534	197.0302
392.759	195.92020000000002
392.984	194.2002
393.208	193.93019999999999
393.433	196.5502
393.658	196.5702
393.882	192.58020000000002
394.107	190.84019999999998
394.331	195.71020000000001
394.556	193.5702
394.78	198.2902
395.005	197.6502
395.229	194.4702
395.454	201.3802
395.678	201.7602
395.903	203.83020000000002
396.127	203.96020000000001
396.352	200.6902
396.576	193.9402
396.801	195.3502
397.025	197.3602
397.249	198.91019999999997
397.474	204.3102
397.698	202.8502
397.922	204.71020000000001
398.147	208.66019999999997
398.371	207.50019999999998
398.595	209.1302
398.82	216.41019999999997
399.044	227.6502
399.268	244.0402
399.492	264.35020000000003
399.717	280.1502
399.941	275.9402
400.165	267.23019999999997
400.389	249.8502
400.613	233.00019999999998
400.837	223.0702
401.062	220.33020000000002
401.286	218.3202
401.51	217.24020000000002
401.734	217.83020000000002
401.958	229.2602
402.182	250.33020000000002
402.406	278.7002
402.63	246.1102
402.854	230.4402
403.078	229.91019999999997
403.302	229.18019999999999
403.526	232.24020000000002
403.75	236.2302
403.974	234.99020000000002
404.198	233.1502
404.422	238.2902
404.645	234.74020000000002
404.869	234.2902
405.093	241.6202
405.317	245.2902
405.541	246.49020000000002
405.765	239.5102
405.988	251.25019999999998
406.212	299.7902
406.436	350.5302
406.66	284.0202
406.883	250.0202
407.107	256.53020000000004
407.331	267.8402
407.555	281.8602
407.778	274.10020000000003
408.002	256.0102
408.226	245.75019999999998
408.449	241.49020000000002
408.673	240.8802
408.896	246.3202
409.12	251.8202
409.344	240.1202
409.567	231.4702
409.791	232.34019999999998
410.014	233.43019999999999
410.238	231.00019999999998
410.461	233.3202
410.685	232.42020000000002
410.908	238.4402
411.132	248.6402
411.355	244.3002
411.578	231.6502
411.802	221.0502
412.025	221.7002
412.249	226.3602
412.472	226.6502
412.695	226.8602
412.919	218.8502
413.142	216.3202
413.365	216.49020000000002
413.589	216.74020000000002
413.812	215.5402
414.035	216.0302
414.258	215.09019999999998
414.482	216.3702
414.705	216.4802
414.928	217.2602
415.151	215.9502
415.374	220.2002
415.597	214.83020000000002
415.821	213.08020000000002
416.044	213.74020000000002
416.267	212.0202
416.49	211.0102
416.713	211.33020000000002
416.936	215.91019999999997
417.159	212.4502
417.382	212.18019999999999
417.605	214.5102
417.828	220.8502
418.051	222.50019999999998
418.274	218.25019999999998
418.497	214.2902
418.72	217.8502
418.943	217.7002
419.166	225.96020000000001
419.389	232.6102
419.611	231.3802
419.834	225.8802
420.057	223.9502
420.28	218.5302
420.503	215.2602
420.726	217.2602
420.948	218.7802
421.171	230.6002
421.394	231.6002
421.617	219.3002
421.839	217.8702
422.062	219.7002
422.285	227.0502
422.507	245.4002
422.73	258.7202
422.953	240.17020000000002
423.175	226.7202
423.398	227.83020000000002
423.621	227.66019999999997
423.843	231.0202
424.066	230.16019999999997
424.288	229.68019999999999
424.511	235.1002
424.733	249.3102
424.956	265.6102
425.178	248.7602
425.401	254.67020000000002
425.623	252.2002
425.846	225.21020000000001
426.068	223.5402
426.291	224.24020000000002
426.513	219.1302
426.735	223.7202
426.958	235.99020000000002
427.18	258.53020000000004
427.402	307.5702
427.625	328.2302
427.847	270.8302
428.069	236.8202
428.292	219.2902
428.514	209.1502
428.736	203.8502
428.958	204.8002
429.181	201.8802
429.403	199.74020000000002
429.625	206.2202
429.847	215.6002
430.069	230.9002
430.292	218.8202
430.514	202.8202
430.736	202.67020000000002
430.958	200.6202
431.18	196.58020000000002
431.402	198.25019999999998
431.624	196.7602
431.846	199.00019999999998
432.068	201.33020000000002
432.29	202.58020000000002
432.512	201.5602
432.734	203.0302
432.956	203.4502
433.178	211.24020000000002
433.4	212.0702
433.622	205.9802
433.844	203.3902
434.066	204.7702
434.287	206.2302
434.509	208.16019999999997
434.731	216.6302
434.953	215.7002
435.175	217.68019999999999
435.397	222.8602
435.618	221.6902
435.84	238.5602
436.062	270.5702
436.284	263.30019999999996
436.505	229.6902
436.727	220.75019999999998
436.949	210.92020000000002
437.17	204.96020000000001
437.392	201.1402
437.614	209.6002
437.835	225.7202
438.057	254.75019999999998
438.278	263.7202
438.5	259.55019999999996
438.721	291.5902
438.943	252.5702
439.165	218.3902
439.386	211.7202
439.608	215.8902
439.829	223.3502
440.05	245.6902
440.272	270.55019999999996
440.493	224.91019999999997
440.715	210.1902
440.936	207.4402
441.158	210.91019999999997
441.379	211.4502
441.6	223.1902
441.822	228.83020000000002
442.043	237.0102
442.264	260.7002
442.486	253.3502
442.707	230.6302
442.928	235.3102
443.149	258.3902
443.371	262.3402
443.592	256.3202
443.813	281.4502
444.034	273.4902
444.255	241.7602
444.476	234.3102
444.698	238.2002
444.919	239.41019999999997
445.14	275.2702
445.361	262.9402
445.582	256.1802
445.803	283.7602
446.024	298.4002
446.245	288.9402
446.466	253.00019999999998
446.687	217.5602
446.908	211.59019999999998
447.129	205.21020000000001
447.35	200.7302
447.571	203.8902
447.792	201.83020000000002
448.013	208.7002
448.234	218.5502
448.455	228.34019999999998
448.675	262.4902
448.896	278.2702
449.117	231.3802
449.338	238.2602
449.559	290.3602
449.779	293.5202
450.0	222.6902
450.221	201.5102
450.442	198.43019999999999
450.662	200.2702
450.883	210.24020000000002
451.104	216.3502
451.324	202.1902
451.545	192.5502
451.766	190.0202
451.986	188.18019999999999
452.207	188.71020000000001
452.428	190.8202
452.648	196.8002
452.869	203.4002
453.089	208.9702
453.31	214.3602
453.53	191.8502
453.751	191.3802
453.971	196.6102
454.192	205.3102
454.412	189.6002
454.633	186.0102
454.853	183.3102
455.073	182.7302
455.294	194.0202
455.514	212.6102
455.734	194.46020000000001
455.955	180.83020000000002
456.175	179.59019999999998
456.395	177.99020000000002
456.616	176.8002
456.836	176.17020000000002
457.056	177.8002
457.276	173.8202
457.497	179.0202
457.717	178.6102
457.937	182.21020000000001
458.157	183.99020000000002
458.377	189.41019999999997
458.598	206.08020000000002
458.818	251.49020000000002
459.038	277.6602
459.258	240.25019999999998
459.478	206.4802
459.698	201.08020000000002
459.918	202.91019999999997
460.138	206.66019999999997
460.358	208.1502
460.578	211.8702
460.798	214.3202
461.018	213.1502
461.238	209.2002
461.458	208.0402
461.678	208.8702
461.898	213.7902
462.118	212.91019999999997
462.338	218.59019999999998
462.558	221.8502
462.777	229.0502
462.997	238.5602
463.217	245.50019999999998
463.437	241.5402
463.657	230.18019999999999
463.876	229.6202
464.096	231.50019999999998
464.316	232.3702
464.536	233.2202
464.755	228.74020000000002
464.975	234.99020000000002
465.195	282.9002
465.414	276.6502
465.634	217.2302
465.854	203.96020000000001
466.073	199.6902
466.293	197.21020000000001
466.512	191.6902
466.732	192.24020000000002
466.951	189.8702
467.171	193.6502
467.391	196.4502
467.61	201.1202
467.829	199.6502
468.049	194.91019999999997
468.268	191.25019999999998
468.488	185.6202
468.707	184.67020000000002
468.927	184.4802
469.146	184.7602
469.365	186.1502
469.585	186.96020000000001
469.804	197.1102
470.023	200.93019999999999
470.243	197.1502
470.462	203.1302
470.681	213.2602
470.901	198.6002
471.12	191.5502
471.339	193.8902
471.558	190.3602
471.777	188.08020000000002
471.997	190.1002
472.216	195.1502
472.435	205.3002
472.654	188.96020000000001
472.873	185.0302
473.092	184.8502
473.311	185.9002
473.53	185.5602
473.749	190.7602
473.968	203.6402
474.187	230.6002
474.406	216.3802
474.625	193.8002
474.844	188.42020000000002
475.063	185.4802
475.282	189.3702
475.501	187.8002
475.72	189.46020000000001
475.939	188.34019999999998
476.158	188.3602
476.377	189.18019999999999
476.596	190.17020000000002
476.814	195.7802
477.033	195.93019999999999
477.252	197.1302
477.471	196.7902
477.69	199.7602
477.908	204.8802
478.127	207.3502
478.346	206.0702
478.564	208.7702
478.783	214.3602
479.002	215.6202
479.22	215.8202
479.439	223.5602
479.658	225.7602
479.876	223.24020000000002
480.095	222.9502
480.313	232.99020000000002
480.532	228.3602
480.751	226.24020000000002
480.969	229.92020000000002
481.188	260.0202
481.406	240.84019999999998
481.624	216.96020000000001
481.843	210.3202
482.061	207.0202
482.28	204.9802
482.498	205.1302
482.717	205.2802
482.935	205.92020000000002
483.153	204.9402
483.372	204.91019999999997
483.59	205.4002
483.808	204.2902
484.027	206.8202
484.245	209.8802
484.463	209.2602
484.681	212.96020000000001
484.9	211.5702
485.118	215.0702
485.336	215.7302
485.554	218.46020000000001
485.772	222.4402
485.99	224.49020000000002
486.209	226.8702
486.427	227.3002
486.645	230.16019999999997
486.863	236.93019999999999
487.081	225.33020000000002
487.299	222.16019999999997
487.517	220.2202
487.735	217.1002
487.953	217.0602
488.171	217.6902
488.389	218.9802
488.607	221.3002
488.825	214.1102
489.043	215.67020000000002
489.261	217.41019999999997
489.479	217.5702
489.696	217.8202
489.914	218.0702
490.132	219.3202
490.35	221.2002
490.568	219.42020000000002
490.786	221.7002
491.003	224.7302
491.221	227.50019999999998
491.439	229.5202
491.657	232.3702
491.874	231.0702
492.092	232.0502
492.31	234.7602
492.527	230.2202
492.745	232.59019999999998
492.963	233.9702
493.18	235.49020000000002
493.398	238.5602
493.615	245.1502
493.833	243.0302
494.05	238.1402
494.268	239.9802
494.485	237.9002
494.703	238.74020000000002
494.92	237.91019999999997
495.138	237.9402
495.355	239.9402
495.573	242.0502
495.79	238.34019999999998
496.008	241.7202
496.225	239.7602
496.442	238.1002
496.66	244.1502
496.877	242.7702
497.094	248.0302
497.312	247.0302
497.529	250.6202
497.746	254.1502
497.963	260.2602
498.181	267.55019999999996
498.398	276.0902
498.615	294.8802
498.832	299.8202
499.049	301.6402
499.267	312.8902
499.484	326.0702
499.701	344.0502
499.918	358.9302
500.135	371.5102
500.352	384.4302
500.569	387.9302
500.786	386.0802
501.003	376.6502
501.22	362.09020000000004
501.437	348.8502
501.654	335.7602
501.871	329.9402
502.088	306.7402
502.305	293.85020000000003
502.522	283.0702
502.739	276.10020000000003
502.956	265.9102
503.172	261.4902
503.389	256.8902
503.606	262.80019999999996
503.823	256.9502
504.04	252.16019999999997
504.256	254.0402
504.473	256.4702
504.69	254.4402
504.907	253.67020000000002
505.123	242.0502
505.34	238.25019999999998
505.557	234.67020000000002
505.773	232.1902
505.99	230.8002
506.207	231.1302
506.423	228.16019999999997
506.64	226.3002
506.856	225.4502
507.073	225.1402
507.289	225.1102
507.506	227.0402
507.722	236.7902
507.939	236.8202
508.155	224.1102
508.372	218.9002
508.588	218.84019999999998
508.805	219.8102
509.021	220.74020000000002
509.238	226.9002
509.454	227.83020000000002
509.67	226.0202
509.887	229.7002
510.103	248.2702
510.319	324.74019999999996
510.536	821.5502
510.752	2335.4302
510.968	734.7901999999999
511.184	267.5902
511.401	226.8002
511.617	215.9702
511.833	210.16019999999997
512.049	208.3702
512.265	207.3202
512.481	209.3602
512.698	206.3102
512.914	207.46020000000001
513.13	206.8902
513.346	206.24020000000002
513.562	209.3102
513.778	212.6002
513.994	213.33020000000002
514.21	218.8202
514.426	235.0702
514.642	250.7002
514.858	247.43019999999999
515.074	288.2202
515.29	548.1401999999999
515.506	1455.6201999999998
515.721	617.4802
515.937	277.6602
516.153	239.2302
516.369	228.8102
516.585	224.6102
516.801	228.4002
517.016	233.09019999999998
517.232	237.49020000000002
517.448	239.21020000000001
517.664	242.8702
517.879	243.1902
518.095	241.5702
518.311	238.2202
518.527	234.00019999999998
518.742	228.66019999999997
518.958	224.7302
519.173	221.93019999999999
519.389	219.4802
519.605	218.08020000000002
519.82	217.3802
520.036	225.43019999999999
520.251	238.6202
520.467	233.18019999999999
520.682	228.0402
520.898	229.6202
521.113	236.9802
521.329	259.6902
521.544	326.5102
521.76	656.6802
521.975	2314.9102
522.19	1433.0202
522.406	410.0102
522.621	237.9402
522.836	213.1502
523.052	206.1002
523.267	203.6502
523.482	197.8802
523.698	203.6902
523.913	218.5702
524.128	203.0202
524.343	194.96020000000001
524.559	192.9002
524.774	190.8702
524.989	193.0702
525.204	201.1102
525.419	195.71020000000001
525.634	188.1902
525.849	186.2902
526.064	185.34019999999998
526.28	188.49020000000002
526.495	183.8702
526.71	184.4002
526.925	183.7602
527.14	182.75019999999998
527.355	183.2902
527.57	183.2802
527.785	182.5502
527.999	181.8802
528.214	186.59019999999998
528.429	188.1302
528.644	186.91019999999997
528.859	185.4802
529.074	188.9402
529.289	214.4002
529.503	266.7402
529.718	204.3502
529.933	189.6102
530.148	185.5702
530.363	185.7202
530.577	183.92020000000002
530.792	184.5302
531.007	184.0202
531.221	185.7302
531.436	182.2202
531.651	184.5502
531.865	182.93019999999999
532.08	182.3002
532.295	185.1502
532.509	183.2002
532.724	183.0402
532.938	186.1202
533.153	187.2602
533.367	183.93019999999999
533.582	183.92020000000002
533.796	183.3802
534.011	182.17020000000002
534.225	182.2602
534.44	180.4802
534.654	182.17020000000002
534.868	180.5302
535.083	181.0502
535.297	181.91019999999997
535.511	187.92020000000002
535.726	191.3202
535.94	186.4502
536.154	183.5202
536.369	178.2802
536.583	174.50019999999998
536.797	176.8802
537.011	175.74020000000002
537.225	175.9402
537.44	175.8002
537.654	176.18019999999999
537.868	175.4402
538.082	176.3802
538.296	175.50019999999998
538.51	175.67020000000002
538.724	176.0102
538.938	175.99020000000002
539.153	178.24020000000002
539.367	187.2202
539.581	178.2802
539.795	173.6902
540.009	173.24020000000002
540.222	173.4702
540.436	175.4402
540.65	173.08020000000002
540.864	174.6202
541.078	176.4402
541.292	175.71020000000001
541.506	171.0602
541.72	171.0502
541.934	168.8502
542.147	168.9702
542.361	169.5502
542.575	168.5102
542.789	170.8802
543.002	168.8202
543.216	172.1102
543.43	177.8502
543.644	173.7002
543.857	173.0602
544.071	171.09019999999998
544.285	176.33020000000002
544.498	171.4002
544.712	172.84019999999998
544.925	170.7902
545.139	170.7602
545.352	169.4502
545.566	171.0102
545.779	170.5102
545.993	171.0402
546.206	171.2802
546.42	169.93019999999999
546.633	171.2302
546.847	172.42020000000002
547.06	168.33020000000002
547.274	169.3502
547.487	170.1202
547.7	168.8702
547.914	168.2902
548.127	170.0302
548.34	170.50019999999998
548.554	169.17020000000002
548.767	170.2302
548.98	170.46020000000001
549.193	170.2202
549.407	170.16019999999997
549.62	172.1002
549.833	172.43019999999999
550.046	169.5602
550.259	170.0402
550.473	168.0102
550.686	169.68019999999999
550.899	168.9502
551.112	168.1202
551.325	164.43019999999999
551.538	165.9502
551.751	168.0402
551.964	168.3502
552.177	169.67020000000002
552.39	168.1102
552.603	174.00019999999998
552.816	174.5102
553.029	175.6202
553.242	178.59019999999998
553.455	185.93019999999999
553.667	189.7702
553.88	186.5302
554.093	177.8802
554.306	175.50019999999998
554.519	172.2702
554.732	170.91019999999997
554.944	169.17020000000002
555.157	166.49020000000002
555.37	167.1102
555.583	166.3802
555.795	167.3002
556.008	163.9002
556.221	162.5302
556.433	163.3102
556.646	160.6002
556.859	160.3602
557.071	159.8502
557.284	159.5302
557.496	157.4602
557.709	156.34019999999998
557.921	157.9402
558.134	156.1902
558.346	154.2902
558.559	154.3202
558.771	153.43019999999999
558.984	155.5202
559.196	154.5302
559.409	153.6902
559.621	153.4502
559.833	152.1302
560.046	151.5602
560.258	153.5702
560.47	153.4502
560.683	153.4002
560.895	152.4502
561.107	154.5402
561.32	152.1902
561.532	153.7902
561.744	155.1502
561.956	156.2902
562.168	155.3002
562.381	155.2502
562.593	154.3902
562.805	158.0002
563.017	156.0502
563.229	156.6902
563.441	155.2602
563.653	154.8202
563.865	154.5002
564.077	155.7602
564.289	157.6302
564.501	159.1702
564.713	159.7102
564.925	164.99020000000002
565.137	173.0102
565.349	165.9502
565.561	165.5702
565.773	168.4402
565.985	170.5502
566.197	176.6402
566.408	181.16019999999997
566.62	187.1102
566.832	193.0302
567.044	193.8002
567.255	194.24020000000002
567.467	197.6302
567.679	201.7902
567.891	209.8702
568.102	211.08020000000002
568.314	203.17020000000002
568.526	191.8802
568.737	185.08020000000002
568.949	175.7902
569.161	169.9702
569.372	164.1302
569.584	163.8102
569.795	163.5202
570.007	183.3502
570.218	298.3902
570.43	197.3102
570.641	159.68019999999999
570.853	154.9402
571.064	154.59019999999998
571.276	153.3102
571.487	151.8702
571.698	150.1302
571.91	147.3002
572.121	147.2302
572.333	144.3902
572.544	143.7802
572.755	142.7302
572.966	142.6902
573.178	142.5702
573.389	142.4602
573.6	140.6102
573.811	140.68019999999999
574.023	139.08020000000002
574.234	138.4402
574.445	140.9402
574.656	139.2502
574.867	139.7002
575.078	140.4802
575.289	139.9602
575.501	139.6502
575.712	136.99020000000002
575.923	138.6602
576.134	137.7802
576.345	137.1702
576.556	139.6002
576.767	138.3602
576.978	137.8802
577.188	138.3102
577.399	138.2502
577.61	139.8102
577.821	144.68019999999999
578.032	158.2602
578.243	308.6202
578.454	766.1102
578.665	252.0502
578.875	146.9102
579.086	137.1102
579.297	132.7202
579.508	132.2302
579.718	132.9702
579.929	132.2302
580.14	132.7602
580.35	129.3602
580.561	129.49020000000002
580.772	128.2702
580.982	129.5302
581.193	129.93019999999999
581.403	130.0202
581.614	129.8002
581.825	128.43019999999999
582.035	128.6002
582.246	131.7302
582.456	129.1402
582.667	129.49020000000002
582.877	128.4402
583.087	128.7802
583.298	127.73020000000001
583.508	128.5302
583.719	128.4702
583.929	131.2902
584.139	128.6602
584.35	126.8502
584.56	129.8702
584.77	128.9402
584.981	126.48020000000001
585.191	127.4102
585.401	127.9202
585.611	126.8302
585.821	128.1502
586.032	128.3102
586.242	126.9102
586.452	126.9102
586.662	126.7502
586.872	125.1002
587.082	124.5702
587.292	127.1202
587.502	127.2602
587.713	124.98020000000001
587.923	124.3002
588.133	126.5702
588.343	125.9602
588.553	124.4602
588.762	128.8602
588.972	127.81020000000001
589.182	130.0202
589.392	126.52019999999999
589.602	125.52019999999999
589.812	127.9602
590.022	127.9502
590.232	124.89020000000001
590.441	125.14020000000001
590.651	126.3002
590.861	126.6002
591.071	127.7402
591.281	128.8502
591.49	124.6202
591.7	127.69019999999999
591.91	129.8902
592.119	130.2602
592.329	135.0002
592.539	138.6202
592.748	135.3202
592.958	135.6102
593.167	135.2602
593.377	136.1702
593.587	141.7702
593.796	137.5602
594.006	137.74020000000002
594.215	138.5102
594.424	136.08020000000002
594.634	134.5402
594.843	134.4702
595.053	129.5502
595.262	131.1602
595.472	129.9202
595.681	129.2802
595.89	126.6702
596.1	125.9502
596.309	126.9902
596.518	124.5302
596.727	124.6202
596.937	123.2802
597.146	121.3702
597.355	123.2902
597.564	120.4102
597.774	121.39020000000001
597.983	117.7202
598.192	119.6802
598.401	119.8802
598.61	118.52019999999999
598.819	120.94019999999999
599.028	119.2802
599.237	117.5002
599.446	118.7102
599.655	119.89020000000001
599.864	118.6202
600.073	117.5502
600.282	119.9602
600.491	119.3002
600.7	119.4502
600.909	119.8202
601.118	120.98020000000001
601.327	120.36019999999999
601.536	119.8302
601.745	118.0402
601.953	118.51020000000001
602.162	117.8502
602.371	118.4502
602.58	116.7202
602.789	117.61019999999999
602.997	116.7802
603.206	117.27019999999999
603.415	116.92020000000001
603.623	113.9702
603.832	114.81020000000001
604.041	113.5802
604.249	113.7402
604.458	114.69019999999999
604.666	114.6002
604.875	114.7802
605.084	113.8302
605.292	113.9102
605.501	112.9502
605.709	113.6502
605.918	113.0302
606.126	115.3202
606.334	115.0502
606.543	114.56020000000001
606.751	112.5802
606.96	112.11019999999999
607.168	114.6502
607.376	115.0402
607.585	116.94019999999999
607.793	115.0502
608.001	113.92020000000001
608.21	113.86019999999999
608.418	113.2402
608.626	113.1202
608.834	113.09020000000001
609.043	112.1502
609.251	113.4502
609.459	113.51020000000001
609.667	114.06020000000001
609.875	112.01020000000001
610.083	111.5402
610.291	112.77019999999999
610.499	113.0302
610.707	112.3502
610.916	113.77019999999999
611.124	113.1502
611.332	112.0302
611.54	112.8702
611.748	111.4102
611.955	113.94019999999999
612.163	111.61019999999999
612.371	113.0702
612.579	109.11019999999999
612.787	112.1302
612.995	113.17020000000001
613.203	113.4702
613.411	111.84020000000001
613.618	110.19019999999999
613.826	112.6502
614.034	112.7502
614.242	111.9002
614.449	111.1502
614.657	111.6602
614.865	111.8202
615.072	114.5502
615.28	111.9102
615.488	112.2202
615.695	116.7902
615.903	121.5502
616.111	123.59020000000001
616.318	126.6602
616.526	121.7502
616.733	121.0802
616.941	116.81020000000001
617.148	115.0702
617.356	112.6302
617.563	114.3302
617.771	113.81020000000001
617.978	111.2102
618.185	114.09020000000001
618.393	111.14020000000001
618.6	112.9602
618.807	110.67020000000001
619.015	112.2402
619.222	110.09020000000001
619.429	110.27019999999999
619.637	111.6502
619.844	109.7102
620.051	110.31020000000001
620.258	108.5002
620.466	109.9502
620.673	107.7202
620.88	108.0402
621.087	107.2102
621.294	109.3802
621.501	108.4102
621.708	109.73020000000001
621.915	110.3002
622.122	109.39020000000001
622.329	110.5002
622.536	109.4002
622.743	108.1302
622.95	108.76020000000001
623.157	107.26020000000001
623.364	106.3502
623.571	107.09020000000001
623.778	106.8802
623.985	108.3202
624.192	105.84020000000001
624.399	105.3302
624.606	107.7102
624.812	105.7202
625.019	105.17020000000001
625.226	107.17020000000001
625.433	107.1802
625.639	106.6802
625.846	106.1602
626.053	104.8702
626.259	105.01020000000001
626.466	107.39020000000001
626.673	106.76020000000001
626.879	105.27019999999999
627.086	107.4902
627.293	107.48020000000001
627.499	105.59020000000001
627.706	105.2202
627.912	105.3802
628.119	104.4702
628.325	106.86019999999999
628.532	103.8702
628.738	104.17020000000001
628.945	103.36019999999999
629.151	104.2002
629.357	102.8002
629.564	104.09020000000001
629.77	104.14020000000001
629.976	101.94019999999999
630.183	102.3302
630.389	101.8502
630.595	101.36019999999999
630.802	102.9902
631.008	102.7002
631.214	102.11019999999999
631.42	103.81020000000001
631.627	106.2202
631.833	102.39020000000001
632.039	102.5902
632.245	101.9702
632.451	101.6002
632.657	100.81020000000001
632.863	101.7802
633.069	102.4002
633.275	101.6002
633.481	100.9702
633.688	100.3302
633.893	103.4902
634.099	101.6802
634.305	102.2902
634.511	102.5502
634.717	102.06020000000001
634.923	99.8002
635.129	100.5702
635.335	99.7102
635.541	101.1602
635.747	100.39020000000001
635.952	100.36019999999999
636.158	100.9302
636.364	102.81020000000001
636.57	101.3002
636.775	100.98020000000001
636.981	100.4202
637.187	99.5702
637.392	99.14020000000001
637.598	97.4102
637.804	102.1702
638.009	100.8202
638.215	98.81020000000001
638.421	98.6202
638.626	98.4602
638.832	99.9302
639.037	99.2802
639.243	99.2902
639.448	98.8502
639.654	101.0502
639.859	99.06020000000001
640.065	97.8202
640.27	102.5502
640.475	97.3802
640.681	96.5302
640.886	98.4602
641.091	97.6702
641.297	100.2102
641.502	100.0902
641.707	101.2802
641.913	98.8702
642.118	97.2502
642.323	96.7502
642.528	99.2902
642.733	99.69019999999999
642.939	97.8002
643.144	96.7202
643.349	98.39020000000001
643.554	100.7002
643.759	98.8202
643.964	97.5002
644.169	99.3802
644.374	97.81020000000001
644.579	99.9102
644.784	99.6002
644.989	98.6502
645.194	98.8302
645.399	100.77019999999999
645.604	96.98020000000001
645.809	100.1302
646.014	101.3702
646.219	98.4502
646.423	99.1002
646.628	98.6302
646.833	99.1302
647.038	98.64020000000001
647.243	97.86019999999999
647.447	98.4602
647.652	100.2602
647.857	99.9302
648.062	99.1202
648.266	102.3802
648.471	104.9302
648.676	107.4502
648.88	104.9902
649.085	105.44019999999999
649.289	105.14020000000001
649.494	115.7802
649.698	145.5102
649.903	114.4502
650.107	101.8302
650.312	98.7002
650.516	95.7102
650.721	97.2902
650.925	96.27019999999999
651.13	94.3202
651.334	95.5002
651.539	94.2002
651.743	93.23020000000001
651.947	93.4102
652.152	95.1202
652.356	92.23020000000001
652.56	95.8002
652.764	91.9302
652.969	93.2502
653.173	90.3402
653.377	91.1002
653.581	89.3002
653.785	91.6802
653.99	92.77019999999999
654.194	90.81020000000001
654.398	91.64020000000001
654.602	91.8202
654.806	96.4302
655.01	110.0502
655.214	96.8402
655.418	90.7502
655.622	90.7802
655.826	92.81020000000001
656.03	94.8202
656.234	97.1602
656.438	103.2202
656.642	100.39020000000001
656.846	95.23020000000001
657.049	92.77019999999999
657.253	91.0702
657.457	89.19019999999999
657.661	89.5402
657.865	88.3202
658.068	86.8502
658.272	84.39020000000001
658.476	86.4002
658.68	85.81020000000001
658.883	84.8002
659.087	84.0102
659.291	85.73020000000001
659.494	85.89020000000001
659.698	83.1602
659.901	84.06020000000001
660.105	83.9302
660.309	83.3002
660.512	81.9502
660.716	85.7602
660.919	83.4002
661.123	84.8202
661.326	84.4102
661.53	83.5002
661.733	84.0702
661.936	84.0802
662.14	81.7002
662.343	82.89020000000001
662.546	83.7402
662.75	83.5802
662.953	83.92020000000001
663.156	82.8002
663.36	82.1002
663.563	81.67020000000001
663.766	80.4602
663.969	82.4102
664.173	81.4502
664.376	80.4002
664.579	82.64020000000001
664.782	80.25019999999999
664.985	82.7402
665.188	84.0802
665.391	83.9002
665.594	80.7602
665.797	81.1802
666.0	80.8802
666.203	80.7902
666.406	80.1602
666.609	80.9402
666.812	82.5502
667.015	81.2002
667.218	82.5902
667.421	80.98020000000001
667.624	80.2902
667.827	81.73020000000001
668.03	81.5402
668.232	79.4102
668.435	81.3702
668.638	81.2002
668.841	85.11019999999999
669.043	80.9002
669.246	79.9502
669.449	80.7702
669.651	81.3402
669.854	80.4202
670.057	83.0502
670.259	81.23020000000001
670.462	81.67020000000001
670.665	81.42020000000001
670.867	82.2402
671.07	82.61019999999999
671.272	83.0702
671.475	84.6002
671.677	81.00019999999999
671.88	81.52019999999999
672.082	81.0802
672.284	81.9102
672.487	82.7502
672.689	80.7602
672.892	81.3502
