223.165	-17.0212
223.4	-17.0212
223.635	-17.0212
223.869	-18.7312
224.104	-18.3212
224.338	-15.5112
224.573	-14.8612
224.808	-11.8612
225.042	-8.1312
225.277	-6.0312
225.511	-2.2412
225.746	2.3287999999999998
225.98	5.9488
226.215	12.4288
226.449	14.8388
226.683	20.7388
226.918	25.0188
227.152	31.4088
227.387	35.8388
227.621	38.138799999999996
227.856	44.2488
228.09	47.1188
228.324	50.8488
228.559	54.678799999999995
228.793	70.6388
229.027	106.9888
229.262	118.92880000000001
229.496	134.8388
229.73	167.1088
229.964	168.5588
230.199	130.99880000000002
230.433	122.0788
230.667	122.26880000000001
230.901	122.0688
231.136	121.2288
231.37	122.3088
231.604	123.19879999999999
231.838	123.0588
232.072	122.18879999999999
232.306	125.4688
232.541	125.1188
232.775	125.8788
233.009	126.0888
233.243	126.2188
233.477	127.4588
233.711	128.7588
233.945	128.9188
234.179	130.0288
234.413	128.99880000000002
234.647	128.9788
234.881	128.5288
235.115	131.4388
235.349	132.9188
235.583	133.9888
235.817	138.28879999999998
236.051	142.7088
236.285	140.1388
236.519	138.8688
236.753	150.3388
236.987	174.90879999999999
237.221	232.53879999999998
237.455	246.02880000000002
237.689	171.18880000000001
237.922	154.1488
238.156	150.74880000000002
238.39	146.0288
238.624	143.3388
238.858	144.1188
239.091	143.62879999999998
239.325	145.7088
239.559	150.4288
239.793	151.8388
240.027	158.6688
240.26	173.20880000000002
240.494	179.6688
240.728	178.1988
240.961	171.7388
241.195	162.7388
241.429	160.6888
241.662	156.8488
241.896	156.9088
242.13	158.2788
242.363	159.0588
242.597	160.1788
242.83	163.54880000000003
243.064	164.6388
243.298	164.4688
243.531	164.2688
243.765	165.3588
243.998	169.0988
244.232	169.6988
244.465	176.1388
244.699	176.54880000000003
244.932	176.1388
245.166	172.95880000000002
245.399	173.86880000000002
245.633	174.6088
245.866	176.2588
246.099	177.0088
246.333	178.8488
246.566	181.0888
246.8	182.7688
247.033	187.78879999999998
247.266	192.0788
247.5	197.2488
247.733	204.78879999999998
247.966	204.54879999999997
248.2	203.7688
248.433	205.1988
248.666	212.15879999999999
248.899	229.1488
249.133	240.5788
249.366	250.62879999999998
249.599	239.37879999999998
249.832	217.3288
250.066	219.28879999999998
250.299	226.8588
250.532	244.5188
250.765	260.7188
250.998	274.7188
251.231	262.8388
251.465	244.1488
251.698	235.3088
251.931	233.4188
252.164	231.18880000000001
252.397	234.36880000000002
252.63	240.22879999999998
252.863	249.8988
253.096	264.8188
253.329	270.0288
253.562	260.2088
253.795	250.9988
254.028	252.65879999999999
254.261	259.74879999999996
254.494	282.3388
254.727	321.1988
254.96	327.6488
255.193	295.3988
255.426	276.9788
255.659	270.2688
255.892	286.41880000000003
256.124	300.7688
256.357	289.5288
256.59	268.5588
256.823	257.9688
257.056	253.12879999999998
257.289	255.3288
257.521	254.4888
257.754	250.8588
257.987	250.53879999999998
258.22	253.6688
258.452	252.56879999999998
258.685	254.1788
258.918	257.5688
259.151	261.3288
259.383	269.5088
259.616	268.8088
259.849	277.8588
260.081	296.8188
260.314	313.3088
260.547	306.4388
260.779	288.3788
261.012	279.0788
261.244	275.4488
261.477	275.0788
261.71	280.1588
261.942	304.2388
262.175	313.8788
262.407	278.0588
262.64	267.1188
262.872	267.3688
263.105	266.9688
263.337	269.2788
263.57	268.9088
263.802	270.6288
264.035	268.1188
264.267	268.0888
264.499	267.6388
264.732	269.79879999999997
264.964	270.5788
265.197	271.4088
265.429	273.8688
265.661	273.9388
265.894	277.4588
266.126	278.04879999999997
266.358	280.66880000000003
266.591	283.66880000000003
266.823	291.8288
267.055	292.41880000000003
267.287	292.04879999999997
267.52	289.1488
267.752	289.8988
267.984	292.3188
268.216	294.54879999999997
268.448	300.8688
268.681	306.67879999999997
268.913	320.1588
269.145	345.7088
269.377	350.2888
269.609	339.92879999999997
269.841	337.17879999999997
270.073	351.49879999999996
270.306	378.58880000000005
270.538	397.74879999999996
270.77	381.5388
271.002	363.2088
271.234	359.8188
271.466	376.97880000000004
271.698	391.24879999999996
271.93	391.98879999999997
272.162	394.5688
272.394	384.23879999999997
272.626	366.8188
272.858	349.1288
273.09	342.6188
273.322	338.3188
273.553	335.8188
273.785	337.0288
274.017	336.5688
274.249	337.8788
274.481	338.17879999999997
274.713	342.4488
274.945	344.08880000000005
275.176	342.6088
275.408	343.2088
275.64	340.8288
275.872	340.90880000000004
276.104	347.8888
276.335	353.2088
276.567	369.9188
276.799	398.8288
277.031	418.3788
277.262	420.3288
277.494	399.6388
277.726	380.33880000000005
277.957	366.8688
278.189	361.5388
278.421	358.7688
278.652	356.8888
278.884	355.8988
279.115	354.0388
279.347	356.2588
279.579	356.40880000000004
279.81	357.49879999999996
280.042	361.0088
280.273	365.0788
280.505	365.2588
280.736	359.67879999999997
280.968	360.7588
281.199	360.5288
281.431	364.0188
281.662	366.15880000000004
281.894	371.1388
282.125	385.98879999999997
282.356	423.7088
282.588	463.0788
282.819	420.23879999999997
283.051	381.2888
283.282	372.0488
283.513	379.83880000000005
283.745	382.3588
283.976	386.73879999999997
284.207	387.8088
284.439	386.40880000000004
284.67	382.58880000000005
284.901	386.0788
285.132	384.0388
285.364	384.5688
285.595	385.7188
285.826	386.0388
286.057	393.33880000000005
286.288	389.5988
286.52	390.1088
286.751	391.9188
286.982	393.4388
287.213	396.7188
287.444	398.6988
287.675	407.5188
287.906	416.74879999999996
288.138	424.9388
288.369	424.65880000000004
288.6	422.1488
288.831	413.7988
289.062	408.72880000000004
289.293	408.47880000000004
289.524	408.4488
289.755	405.1088
289.986	406.97880000000004
290.217	406.8888
290.448	404.6488
290.679	405.5788
290.91	406.8488
291.141	402.8888
291.371	407.8688
291.602	408.8188
291.833	404.5488
292.064	410.6988
292.295	409.98879999999997
292.526	413.1888
292.757	410.8288
292.987	409.49879999999996
293.218	408.6188
293.449	414.3788
293.68	414.1088
293.91	413.5688
294.141	413.6688
294.372	411.0588
294.603	414.6988
294.833	417.7588
295.064	420.0688
295.295	420.6388
295.525	422.5188
295.756	437.2888
295.987	459.1988
296.217	504.2188
296.448	483.8288
296.679	436.5688
296.909	429.3588
297.14	429.7088
297.37	435.24879999999996
297.601	434.4588
297.831	435.97880000000004
298.062	439.6488
298.292	440.8988
298.523	448.8188
298.753	446.0588
298.984	443.0988
299.214	443.73879999999997
299.445	446.4588
299.675	447.7588
299.905	457.0188
300.136	449.9688
300.366	448.17879999999997
300.597	454.8888
300.827	469.0388
301.057	483.4588
301.288	492.7088
301.518	475.73879999999997
301.748	472.1388
301.979	486.90880000000004
302.209	478.9188
302.439	478.0288
302.669	471.42879999999997
302.9	469.8088
303.13	467.47880000000004
303.36	476.98879999999997
303.59	488.1688
303.82	497.3288
304.051	478.4388
304.281	471.3988
304.511	466.8688
304.741	465.90880000000004
304.971	467.74879999999996
305.201	465.2888
305.431	464.74879999999996
305.661	468.5088
305.891	466.5388
306.121	470.1688
306.352	485.3688
306.582	483.2188
306.812	467.0588
307.042	469.42879999999997
307.272	472.1388
307.502	471.1088
307.731	475.4688
307.961	469.3988
308.191	467.3188
308.421	467.8488
308.651	472.3688
308.881	472.2088
309.111	478.3688
309.341	481.6188
309.571	494.5088
309.8	496.7888
310.03	509.8588
310.26	510.2588
310.49	509.3788
310.72	524.3488
310.949	541.0088
311.179	533.2388
311.409	511.1288
311.639	515.6687999999999
311.868	514.9187999999999
312.098	521.1988
312.328	531.7688
312.557	551.6687999999999
312.787	564.3788000000001
313.017	547.3588
313.246	530.9788
313.476	520.5688
313.706	528.5688
313.935	540.2088
314.165	553.4488
314.394	559.1588
314.624	550.2588
314.853	535.4187999999999
315.083	532.3088
315.312	521.4588
315.542	521.5088
315.771	515.9688
316.001	515.0888
316.23	513.0688
316.46	518.0988
316.689	520.7388
316.919	524.9788
317.148	532.8488
317.377	530.5688
317.607	529.2787999999999
317.836	520.6888
318.065	513.1888
318.295	515.3188
318.524	516.4187999999999
318.753	515.2288
318.983	519.7988
319.212	524.9187999999999
319.441	540.5287999999999
319.67	544.6888
319.9	522.4488
320.129	521.1888
320.358	522.0287999999999
320.587	527.9187999999999
320.816	539.3088
321.046	544.5188
321.275	540.5888
321.504	539.6388
321.733	545.4788
321.962	554.0888
322.191	566.3388
322.42	581.8388
322.649	595.5988
322.878	605.9187999999999
323.108	621.0488
323.337	655.5487999999999
323.566	683.3788
323.795	740.8788
324.024	866.3388
324.253	1267.0788
324.482	2134.9888
324.71	3424.3188
324.939	3939.8588
325.168	2359.1588
325.397	1028.7688
325.626	770.1788
325.855	702.8888000000001
326.084	684.7288
326.313	694.7188000000001
326.542	732.6788
326.77	887.4688000000001
326.999	1291.2888
327.228	2145.6088
327.457	3333.7588
327.686	2920.7288
327.914	1246.3688
328.143	906.4087999999999
328.372	830.1688
328.6	763.1988
328.829	738.7987999999999
329.058	768.3888000000001
329.287	766.0088
329.515	708.7488000000001
329.744	688.9387999999999
329.972	709.3788
330.201	764.5487999999999
330.43	824.1488
330.658	815.2588
330.887	839.4087999999999
331.115	764.4988000000001
331.344	689.4288
331.572	679.0787999999999
331.801	695.2388
332.03	693.0088
332.258	678.7088
332.486	678.2788
332.715	688.5388
332.943	708.1288
333.172	727.7288
333.4	748.8988
333.629	774.0088
333.857	804.7488000000001
334.085	812.7788
334.314	847.4488
334.542	907.3188
334.771	888.5288
334.999	767.5187999999999
335.227	729.3388
335.455	708.0388
335.684	691.5388
335.912	687.0888
336.14	678.1788
336.369	673.3287999999999
336.597	686.7888
336.825	675.0187999999999
337.053	661.1988
337.281	651.1788
337.51	644.0588
337.738	647.0287999999999
337.966	640.5588
338.194	646.7288
338.422	635.1888
338.65	621.0688
338.878	621.5588
339.106	616.5287999999999
339.334	617.0988
339.562	608.9888
339.79	600.4488
340.018	602.6988
340.246	604.0588
340.474	610.8788000000001
340.702	606.4088
340.93	603.3188
341.158	604.9688
341.386	605.9988
341.614	608.6388
341.842	598.8088
342.07	595.0188
342.298	592.5287999999999
342.526	588.2588
342.754	587.7088
342.981	592.0888
343.209	604.8088
343.437	636.0287999999999
343.665	664.1288
343.893	690.5787999999999
344.12	692.6088000000001
344.348	665.2088
344.576	646.7888
344.804	637.2888
345.031	634.5988
345.259	633.0188
345.487	611.2988
345.714	599.3588
345.942	586.2688
346.17	580.1788
346.397	578.4988
346.625	579.0088
346.853	577.5588
347.08	577.6388
347.308	586.1088
347.535	597.1687999999999
347.763	602.6488
347.99	592.1588
348.218	600.3788000000001
348.445	605.4988
348.673	592.1288000000001
348.9	579.9288
349.128	574.2688
349.355	566.6088
349.583	565.8288
349.81	565.2088
350.037	563.2588
350.265	562.0287999999999
350.492	563.6888
350.72	567.6788
350.947	579.5088
351.174	594.2388
351.402	602.7588
351.629	585.4788
351.856	585.8888
352.083	595.2088
352.311	597.0888
352.538	600.3088
352.765	597.8988
352.992	593.4388
353.22	586.4288
353.447	580.9188
353.674	565.5287999999999
353.901	553.6488
354.128	555.4288
354.355	553.6687999999999
354.583	558.6888
354.81	556.2488
355.037	555.4187999999999
355.264	551.2188
355.491	549.3788000000001
355.718	548.1988
355.945	549.4088
356.172	553.5088
356.399	550.2488
356.626	552.7388
356.853	549.9488
357.08	545.1388
357.307	548.1488
357.534	549.4088
357.761	551.8188
357.988	554.7888
358.215	553.4588
358.441	555.6788
358.668	554.0888
358.895	556.5588
359.122	562.6988
359.349	571.9688
359.576	591.3088
359.802	621.2688
360.029	650.9087999999999
360.256	647.0688
360.483	611.1188
360.709	579.2988
360.936	579.3988
361.163	582.4488
361.39	587.2288
361.616	584.6188
361.843	574.0588
362.07	581.9488
362.296	583.4088
362.523	577.9288
362.749	576.3888
362.976	569.2388000000001
363.203	566.3988
363.429	560.0188
363.656	563.1388
363.882	559.2288
364.109	555.7988
364.335	555.5788
364.562	561.0588
364.788	557.0688
365.015	563.9788
365.241	569.0287999999999
365.468	579.4488
365.694	582.4187999999999
365.92	572.5388
366.147	561.5287999999999
366.373	558.5788
366.599	557.1488
366.826	555.9187999999999
367.052	554.3388
367.278	561.1288000000001
367.505	558.9088
367.731	567.5287999999999
367.957	563.6888
368.184	571.1288000000001
368.41	584.4488
368.636	602.1388
368.862	611.3988
369.089	590.0588
369.315	573.2588
369.541	574.5588
369.767	576.2188
369.993	576.1588
370.219	578.6888
370.445	574.0388
370.672	576.7888
370.898	579.1888
371.124	585.6687999999999
371.35	588.8588
371.576	585.3588
371.802	585.2988
372.028	580.9088
372.254	589.5287999999999
372.48	593.7488
372.706	603.3088
372.932	607.2888
373.158	601.5388
373.384	597.5488
373.61	590.9588
373.835	594.7787999999999
374.061	594.3288
374.287	607.8988
374.513	614.3688
374.739	627.9187999999999
374.965	636.7188
375.191	637.7488
375.416	629.3888
375.642	612.6687999999999
375.868	613.5188
376.094	603.8388
376.319	599.4388
376.545	595.1188
376.771	594.1588
376.997	593.1388
377.222	592.9488
377.448	588.7988
377.674	588.0388
377.899	586.5588
378.125	584.1988
378.35	582.7988
378.576	579.3188
378.802	582.9088
379.027	585.9388
379.253	588.1788
379.478	583.4088
379.704	588.7787999999999
379.929	589.7488
380.155	591.4988
380.38	589.5287999999999
380.606	598.4788
380.831	589.9888
381.057	599.9688
381.282	595.4788
381.507	599.4388
381.733	604.7888
381.958	605.7388
382.184	613.9088
382.409	621.3688
382.634	628.9588
382.86	626.5287999999999
383.085	634.3888
383.31	642.9888
383.535	654.6688
383.761	653.4188
383.986	665.2088
384.211	672.5588
384.436	681.1887999999999
384.662	688.2588
384.887	701.7687999999999
385.112	698.4087999999999
385.337	706.1788
385.562	704.7788
385.787	710.6488
386.013	722.2088
386.238	729.1288
386.463	717.3287999999999
386.688	718.1088000000001
386.913	700.9387999999999
387.138	703.8488
387.363	700.3088
387.588	688.6088000000001
387.813	697.0588
388.038	698.9288
388.263	705.3188
388.488	707.3488
388.713	693.3988
388.938	691.9888
389.163	688.6887999999999
389.387	687.6388000000001
389.612	682.5388
389.837	681.0187999999999
390.062	679.1188
390.287	683.2788
390.512	681.9387999999999
390.736	686.3588000000001
390.961	703.4087999999999
391.186	711.7588
391.411	727.7888
391.636	742.4188
391.86	758.7288
392.085	763.5988
392.31	751.1488
392.534	733.6488
392.759	723.2288
392.984	714.7788
393.208	711.8088
393.433	715.0187999999999
393.658	713.5787999999999
393.882	711.1188
394.107	712.0888
394.331	717.8988
394.556	721.1688
394.78	728.0487999999999
395.005	731.7687999999999
395.229	732.4988000000001
395.454	750.4288
395.678	761.5688
395.903	765.6587999999999
396.127	771.5688
396.352	747.8888000000001
396.576	723.9188
396.801	721.4087999999999
397.025	734.8287999999999
397.249	746.4488
397.474	765.6488
397.698	765.9888
397.922	784.0088
398.147	792.3588000000001
398.371	802.4788
398.595	819.7288
398.82	854.1188
399.044	921.0988
399.268	1013.4387999999999
399.492	1144.1188
399.717	1214.5888
399.941	1187.7888
400.165	1112.8188
400.389	1032.4788
400.613	935.8888000000001
400.837	882.4588
401.062	865.5888
401.286	853.9588
401.51	849.6288
401.734	848.0288
401.958	875.5888
402.182	910.5588
402.406	958.4988000000001
402.63	925.4188
402.854	913.3188
403.078	917.2188000000001
403.302	935.0288
403.526	946.4788
403.75	949.3788
403.974	958.5487999999999
404.198	955.8688
404.422	974.2687999999999
404.645	964.3388
404.869	967.8788
405.093	1002.6488
405.317	1039.0788
405.541	1034.1288
405.765	972.2788
405.988	967.9087999999999
406.212	1043.0588
406.436	1120.8388
406.66	1059.7188
406.883	1008.7687999999999
407.107	1077.1188
407.331	1138.2988
407.555	1198.7888
407.778	1157.0288
408.002	1062.4288
408.226	1012.8688
408.449	1000.7687999999999
408.673	984.7588
408.896	1007.4188
409.12	1022.6688
409.344	970.8388
409.567	929.4188
409.791	926.5588
410.014	915.6488
410.238	907.2388
410.461	914.1887999999999
410.685	916.2388
410.908	930.3287999999999
411.132	964.5888
411.355	963.1788
411.578	910.4288
411.802	881.6887999999999
412.025	890.4087999999999
412.249	915.7088
412.472	942.2588
412.695	961.7588
412.919	902.5487999999999
413.142	874.1288
413.365	860.0187999999999
413.589	854.1188
413.812	834.7088
414.035	829.1488
414.258	832.1587999999999
414.482	842.7088
414.705	845.5487999999999
414.928	839.2088
415.151	842.3788
415.374	841.6788
415.597	830.9788
415.821	820.0288
416.044	824.3088
416.267	820.7888
416.49	818.5888
416.713	811.1988
416.936	822.6088000000001
417.159	824.4888
417.382	830.6488
417.605	834.0388
417.828	857.7088
418.051	872.7388
418.274	852.3188
418.497	837.6887999999999
418.72	853.6288
418.943	845.4688000000001
419.166	895.6587999999999
419.389	941.2588
419.611	924.9387999999999
419.834	903.5588
420.057	896.5888
420.28	884.1088000000001
420.503	862.0888
420.726	862.3788
420.948	875.2088
421.171	921.2288
421.394	918.2088
421.617	855.4888
421.839	852.1788
422.062	866.0487999999999
422.285	889.3888000000001
422.507	966.7388
422.73	1032.4188000000001
422.953	953.4288
423.175	907.8488
423.398	912.3988
423.621	909.5088
423.843	937.6088000000001
424.066	928.7987999999999
424.288	920.7088
424.511	946.4888
424.733	1010.7687999999999
424.956	1068.7087999999999
425.178	1006.8788
425.401	1019.6988
425.623	1007.6988
425.846	888.0688
426.068	865.4387999999999
426.291	855.0888
426.513	855.7588
426.735	871.0688
426.958	927.2088
427.18	1031.1888
427.402	1191.7988
427.625	1240.2387999999999
427.847	1056.2288
428.069	949.6788
428.292	855.9288
428.514	801.6688
428.736	784.9288
428.958	785.7288
429.181	763.9387999999999
429.403	763.2888
429.625	788.8888000000001
429.847	827.0888
430.069	894.3588000000001
430.292	839.3888000000001
430.514	768.2788
430.736	766.4288
430.958	754.5588
431.18	742.6188
431.402	749.9688000000001
431.624	744.3287999999999
431.846	756.5688
432.068	756.7388
432.29	766.1788
432.512	751.6488
432.734	767.5787999999999
432.956	758.8988
433.178	778.9688000000001
433.4	776.9888
433.622	758.4788
433.844	764.8588000000001
434.066	765.2388
434.287	777.8888000000001
434.509	803.2188000000001
434.731	829.1388000000001
434.953	844.1688
435.175	860.7888
435.397	872.0787999999999
435.618	865.6887999999999
435.84	916.9888
436.062	1031.7888
436.284	1022.8088
436.505	867.3388
436.727	831.7888
436.949	791.3888000000001
437.17	770.1388000000001
437.392	766.6188
437.614	789.0388
437.835	853.6288
438.057	975.6188
438.278	1045.3588
438.5	1029.4488000000001
438.721	1138.7588
438.943	991.7588
439.165	838.3287999999999
439.386	815.4588
439.608	828.5187999999999
439.829	843.2088
440.05	904.2488000000001
440.272	966.2588
440.493	855.5588
440.715	807.4988000000001
440.936	803.8388
441.158	806.6088000000001
441.379	820.9688000000001
441.6	866.8287999999999
441.822	893.9688000000001
442.043	945.9488
442.264	1041.5088
442.486	1010.6988
442.707	902.6788
442.928	894.3088
443.149	941.8888000000001
443.371	969.1288
443.592	1010.7687999999999
443.813	1126.4288
444.034	1121.8388
444.255	973.5888
444.476	951.7687999999999
444.698	967.8088
444.919	978.9888
445.14	991.6688
445.361	968.7987999999999
445.582	981.7888
445.803	1075.9188000000001
446.024	1145.1088
446.245	1099.6188
446.466	973.8588000000001
446.687	845.2788
446.908	805.4087999999999
447.129	766.3888000000001
447.35	756.3388
447.571	751.7088
447.792	740.6988
448.013	758.8088
448.234	790.7488000000001
448.455	864.0988
448.675	1015.8988
448.896	1074.1988000000001
449.117	889.2987999999999
449.338	917.7687999999999
449.559	1086.3588
449.779	1119.2888
450.0	850.1587999999999
450.221	764.1488
450.442	735.9988000000001
450.662	734.3588000000001
450.883	754.4788
451.104	774.8888000000001
451.324	737.4087999999999
451.545	712.2687999999999
451.766	694.8188
451.986	683.2088
452.207	679.5588
452.428	681.4288
452.648	694.2188000000001
452.869	706.0988
453.089	718.9488
453.31	733.4588
453.53	689.6388000000001
453.751	679.5088
453.971	694.9188
454.192	715.2588
454.412	673.9288
454.633	663.4788
454.853	658.7788
455.073	663.6488
455.294	712.7488000000001
455.514	782.2488000000001
455.734	714.7987999999999
455.955	647.4688
456.175	636.1588
456.395	630.0788
456.616	629.1288000000001
456.836	627.9788
457.056	624.8188
457.276	616.5287999999999
457.497	637.3088
457.717	635.9788
457.937	642.5188
458.157	655.3287999999999
458.377	672.1988
458.598	727.9387999999999
458.818	852.0688
459.038	952.6587999999999
459.258	896.9788
459.478	787.9188
459.698	768.6587999999999
459.918	775.7188000000001
460.138	796.6188
460.358	819.3287999999999
460.578	825.4188
460.798	835.8588000000001
461.018	833.6988
461.238	815.1887999999999
461.458	814.9087999999999
461.678	808.4688000000001
461.898	826.7288
462.118	832.1488
462.338	871.2388
462.558	884.4087999999999
462.777	922.8287999999999
462.997	993.5487999999999
463.217	1040.7188
463.437	1018.0787999999999
463.657	950.8287999999999
463.876	923.9988000000001
464.096	934.5588
464.316	936.2788
464.536	939.1587999999999
464.755	911.6788
464.975	915.3988
465.195	995.1587999999999
465.414	998.3988
465.634	827.6188
465.854	780.2088
466.073	750.0487999999999
466.293	729.3287999999999
466.512	708.0787999999999
466.732	696.2088
466.951	699.4988000000001
467.171	701.8188
467.391	710.7987999999999
467.61	729.9188
467.829	721.3888000000001
468.049	720.8588000000001
468.268	720.2888
468.488	682.8388
468.707	672.2088
468.927	672.1688
469.146	665.8188
469.365	675.2088
469.585	680.6788
469.804	712.4888
470.023	732.6388000000001
470.243	726.0388
470.462	739.6688
470.681	766.9588
470.901	737.1988
471.12	716.8988
471.339	706.5787999999999
471.558	704.7888
471.777	697.8287999999999
471.997	694.4688000000001
472.216	741.3688
472.435	822.7088
472.654	724.8888000000001
472.873	683.0288
473.092	677.2288
473.311	673.3188
473.53	674.4188
473.749	692.1288
473.968	758.5787999999999
474.187	885.2288
474.406	826.3988
474.625	706.6488
474.844	679.1788
475.063	670.5688
475.282	673.9888
475.501	679.3488
475.72	688.0787999999999
475.939	686.2288
476.158	691.4988000000001
476.377	697.4788
476.596	695.6188
476.814	714.6788
477.033	720.0688
477.252	726.5187999999999
477.471	733.0988
477.69	753.8388
477.908	765.4288
478.127	780.9387999999999
478.346	786.8788
478.564	801.0388
478.783	816.5487999999999
479.002	834.5088
479.22	831.8088
479.439	851.2788
479.658	863.9188
479.876	866.4588
480.095	887.3088
480.313	936.7188000000001
480.532	926.0088
480.751	916.8888000000001
480.969	950.4288
481.188	1131.5488
481.406	1060.9088
481.624	885.8388
481.843	836.4988000000001
482.061	813.9387999999999
482.28	800.7288
482.498	788.8188
482.717	781.1488
482.935	779.9588
483.153	778.1388000000001
483.372	775.3388
483.59	774.8588000000001
483.808	775.4288
484.027	780.3888000000001
484.245	787.5787999999999
484.463	791.9788
484.681	800.3888000000001
484.9	801.9588
485.118	810.2088
485.336	813.7588
485.554	827.0988
485.772	831.4288
485.99	833.1688
486.209	838.7188000000001
486.427	843.4688000000001
486.645	852.7788
486.863	870.2588
487.081	852.8688
487.299	843.4188
487.517	836.4888
487.735	829.6488
487.953	830.1788
488.171	831.5288
488.389	829.1887999999999
488.607	836.5388
488.825	833.8788
489.043	831.1088000000001
489.261	843.7188000000001
489.479	847.0187999999999
489.696	849.1088000000001
489.914	852.4888
490.132	863.2188000000001
490.35	874.3788
490.568	876.5187999999999
490.786	888.1688
491.003	899.7888
491.221	916.2188000000001
491.439	927.1388000000001
491.657	940.3188
491.874	945.6788
492.092	951.5288
492.31	957.0787999999999
492.527	962.8388
492.745	970.3588000000001
492.963	974.8788
493.18	979.5187999999999
493.398	987.3888000000001
493.615	998.7388
493.833	996.5588
494.05	986.5388
494.268	982.9888
494.485	980.7888
494.703	976.1388000000001
494.92	979.2987999999999
495.138	975.2987999999999
495.355	975.3788
495.573	977.6288
495.79	975.9087999999999
496.008	979.9488
496.225	977.0988
496.442	981.4387999999999
496.66	985.8588000000001
496.877	989.8488
497.094	1004.4888
497.312	1019.0288
497.529	1039.6088
497.746	1061.1088
497.963	1084.4488000000001
498.181	1134.0788
498.398	1159.0288
498.615	1223.2888
498.832	1275.2888
499.049	1320.3088
499.267	1395.0788
499.484	1491.0188
499.701	1585.7688
499.918	1675.6788
500.135	1781.8588
500.352	1856.1288000000002
500.569	1871.6188
500.786	1855.4088000000002
501.003	1802.7087999999999
501.22	1719.9188
501.437	1625.9088000000002
501.654	1530.2387999999999
501.871	1468.3888
502.088	1361.9288
502.305	1285.8388
502.522	1229.2288
502.739	1190.2187999999999
502.956	1128.9488000000001
503.172	1095.7588
503.389	1069.5488
503.606	1065.7488
503.823	1047.4288
504.04	1038.5188
504.256	1038.4788
504.473	1055.3988
504.69	1065.2387999999999
504.907	1038.8588
505.123	986.2788
505.34	957.4988000000001
505.557	936.0988
505.773	925.8588000000001
505.99	919.6388000000001
506.207	909.8688
506.423	902.9488
506.64	887.5088
506.856	874.8988
507.073	873.1587999999999
507.289	870.3888000000001
507.506	870.7788
507.722	895.7588
507.939	898.2488000000001
508.155	856.6788
508.372	840.7588
508.588	829.1688
508.805	829.9588
509.021	837.2188000000001
509.238	860.0588
509.454	856.8287999999999
509.67	850.7388
509.887	841.3488
510.103	857.3088
510.319	954.2888
510.536	1637.5888
510.752	3779.3788
510.968	1586.5888
511.184	876.3287999999999
511.401	820.9087999999999
511.617	800.1988
511.833	798.8788
512.049	801.1988
512.265	796.1088000000001
512.481	789.3588000000001
512.698	780.5588
512.914	783.6288
513.13	778.7288
513.346	774.2588
513.562	779.8888000000001
513.778	785.5688
513.994	794.1388000000001
514.21	811.3988
514.426	849.6288
514.642	904.4888
514.858	913.1788
515.074	1001.0187999999999
515.29	1464.6888000000001
515.506	2889.7288
515.721	1560.0087999999998
515.937	964.1788
516.153	894.3388
516.369	875.1288
516.585	877.8688
516.801	890.7188000000001
517.016	910.5688
517.232	941.5187999999999
517.448	959.7388
517.664	980.2588
517.879	980.0888
518.095	972.1788
518.311	956.0088
518.527	919.3287999999999
518.742	896.3588000000001
518.958	870.1288
519.173	847.6688
519.389	835.6288
519.605	821.3287999999999
519.82	816.3388
520.036	831.4087999999999
520.251	858.7687999999999
520.467	869.8588000000001
520.682	852.1988
520.898	849.0187999999999
521.113	875.2888
521.329	934.4488
521.544	1086.6888
521.76	1686.0488
521.975	4116.7088
522.19	2887.5188000000003
522.406	1166.0388
522.621	843.6488
522.836	774.2888
523.052	748.7388
523.267	724.6088000000001
523.482	711.9588
523.698	712.0988
523.913	734.8488
524.128	713.2188000000001
524.343	689.8588000000001
524.559	681.6188
524.774	673.8388
524.989	678.7687999999999
525.204	693.6788
525.419	682.0787999999999
525.634	666.2987999999999
525.849	663.1288
526.064	657.3287999999999
526.28	651.2588
526.495	646.5188
526.71	645.5688
526.925	647.2787999999999
527.14	641.0688
527.355	646.1488
527.57	641.1988
527.785	641.3488
527.999	635.5988
528.214	644.3388
528.429	648.3388
528.644	643.8088
528.859	642.4688
529.074	650.3388
529.289	702.6488
529.503	833.0388
529.718	714.7588
529.933	667.6587999999999
530.148	655.1887999999999
530.363	648.6288000000001
530.577	639.2888
530.792	633.4187999999999
531.007	636.8488
531.221	638.1687999999999
531.436	633.5888
531.651	633.2388
531.865	631.6888
532.08	631.2388
532.295	630.0588
532.509	629.3788000000001
532.724	628.9088
532.938	634.5688
533.153	630.9688
533.367	627.6488
533.582	627.9588
533.796	626.3688
534.011	627.6088
534.225	621.8488
534.44	617.0287999999999
534.654	619.9688
534.868	619.2188
535.083	616.7688
535.297	620.0088
535.511	629.4888
535.726	633.4488
535.94	629.0988
536.154	614.6988
536.369	607.5188
536.583	595.7787999999999
536.797	596.7588
537.011	591.7888
537.225	587.3288
537.44	588.4187999999999
537.654	588.9388
537.868	586.3488
538.082	592.3288
538.296	594.2888
538.51	589.7688
538.724	590.1588
538.938	584.1388
539.153	588.9187999999999
539.367	609.9187999999999
539.581	591.9187999999999
539.795	578.0988
540.009	578.0388
540.222	580.3588
540.436	581.9187999999999
540.65	581.8688
540.864	585.9788
541.078	589.9288
541.292	585.1388
541.506	571.5788
541.72	566.9488
541.934	562.1188
542.147	564.1188
542.361	558.8488
542.575	553.5388
542.789	560.1788
543.002	566.8088
543.216	572.8588
543.43	580.4187999999999
543.644	568.1488
543.857	568.3788000000001
544.071	571.2588
544.285	570.8988
544.498	567.9688
544.712	565.9188
544.925	575.0388
545.139	568.2988
545.352	566.9788
545.566	569.6188
545.779	568.0088
545.993	567.1988
546.206	569.8188
546.42	563.4688
546.633	565.3888
546.847	566.2988
547.06	559.9888
547.274	561.6888
547.487	558.7088
547.7	560.3888
547.914	560.3788000000001
548.127	562.8388
548.34	567.3688
548.554	562.6388
548.767	564.7888
548.98	564.5888
549.193	564.3488
549.407	567.0788
549.62	576.2688
549.833	574.3888
550.046	568.4388
550.259	558.7088
550.473	553.4688
550.686	555.0788
550.899	550.0488
551.112	545.6687999999999
551.325	547.2888
551.538	551.1888
551.751	549.7088
551.964	553.9187999999999
552.177	561.3688
552.39	567.5188
552.603	582.3188
552.816	590.8888
553.029	596.8388
553.242	608.3388
553.455	622.7388
553.667	630.8888
553.88	625.8588
554.093	599.0788
554.306	587.6388
554.519	574.1988
554.732	564.1988
554.944	549.7787999999999
555.157	542.7988
555.37	537.0688
555.583	530.3588
555.795	527.6687999999999
556.008	514.4588
556.221	506.9488
556.433	505.3088
556.646	499.0188
556.859	494.9488
557.071	492.5288
557.284	488.7988
557.496	487.4188
557.709	484.6288
557.921	481.9688
558.134	478.73879999999997
558.346	476.83880000000005
558.559	477.5388
558.771	474.4388
558.984	469.97880000000004
559.196	470.0488
559.409	468.1288
559.621	469.2088
559.833	469.0788
560.046	465.2788
560.258	464.9688
560.47	467.6888
560.683	464.9488
560.895	463.24879999999996
561.107	465.6288
561.32	463.0988
561.532	466.7588
561.744	462.7188
561.956	465.0188
562.168	467.22880000000004
562.381	467.17879999999997
562.593	468.7688
562.805	468.8888
563.017	470.47880000000004
563.229	473.3088
563.441	472.3288
563.653	475.9488
563.865	473.8788
564.077	479.9488
564.289	482.98879999999997
564.501	490.24879999999996
564.713	498.6688
564.925	508.3288
565.137	536.0188
565.349	527.2588
565.561	536.5488
565.773	551.5287999999999
565.985	566.6888
566.197	596.3488
566.408	633.5088
566.62	674.6388000000001
566.832	703.5688
567.044	707.4588
567.255	711.1388000000001
567.467	733.8088
567.679	766.1788
567.891	806.8088
568.102	806.6688
568.314	759.7488000000001
568.526	696.4387999999999
568.737	649.4087999999999
568.949	605.8288
569.161	566.9088
569.372	540.1588
569.584	521.2787999999999
569.795	508.74879999999996
570.007	524.3388
570.218	678.6788
570.43	540.5088
570.641	482.42879999999997
570.853	474.6188
571.064	474.40880000000004
571.276	470.72880000000004
571.487	461.5088
571.698	445.3988
571.91	435.6688
572.121	425.7188
572.333	419.7688
572.544	411.83880000000005
572.755	406.17879999999997
572.966	406.7088
573.178	400.5788
573.389	399.5788
573.6	398.08880000000005
573.811	392.47880000000004
574.023	390.4188
574.234	388.48879999999997
574.445	386.5588
574.656	385.6688
574.867	384.5988
575.078	384.83880000000005
575.289	380.42879999999997
575.501	379.7188
575.712	371.72880000000004
575.923	374.7688
576.134	373.7788
576.345	370.2788
576.556	371.83880000000005
576.767	370.3188
576.978	372.4488
577.188	368.0688
577.399	364.1688
577.61	363.67879999999997
577.821	367.6888
578.032	386.4488
578.243	572.3388
578.454	1207.9288
578.665	516.1888
578.875	368.5188
579.086	351.0688
579.297	348.24879999999996
579.508	344.0488
579.718	342.90880000000004
579.929	341.3788
580.14	339.3188
580.35	338.99879999999996
580.561	338.4388
580.772	333.8988
580.982	333.7088
581.193	333.2788
581.403	332.92879999999997
581.614	330.7588
581.825	329.2788
582.035	327.8188
582.246	328.8988
582.456	329.2088
582.667	329.7788
582.877	324.7588
583.087	325.5288
583.298	325.42879999999997
583.508	325.1688
583.719	326.1388
583.929	324.49879999999996
584.139	323.4088
584.35	318.9488
584.56	324.7188
584.77	321.7988
584.981	321.1588
585.191	321.2388
585.401	320.67879999999997
585.611	319.6888
585.821	319.9388
586.032	319.4788
586.242	314.1188
586.452	317.3188
586.662	315.1288
586.872	313.29879999999997
587.082	314.0988
587.292	310.8788
587.502	311.67879999999997
587.713	311.91880000000003
587.923	312.4788
588.133	310.1488
588.343	311.4588
588.553	309.4088
588.762	314.3288
588.972	317.6188
589.182	337.6388
589.392	322.24879999999996
589.602	316.1088
589.812	327.1888
590.022	318.9788
590.232	316.4088
590.441	314.92879999999997
590.651	314.9388
590.861	316.91880000000003
591.071	319.8688
591.281	321.5988
591.49	323.1288
591.7	327.4188
591.91	332.8888
592.119	334.9488
592.329	347.6988
592.539	363.0388
592.748	360.8788
592.958	366.72880000000004
593.167	369.0788
593.377	377.7988
593.587	385.8588
593.796	378.42879999999997
594.006	380.7688
594.215	383.1288
594.424	380.3288
594.634	371.6088
594.843	359.9488
595.053	347.0988
595.262	339.3488
595.472	329.6888
595.681	324.4588
595.89	319.43879999999996
596.1	310.4088
596.309	305.1188
596.518	303.24879999999996
596.727	301.1188
596.937	297.24879999999996
597.146	293.3788
597.355	289.7088
597.564	285.17879999999997
597.774	285.3288
597.983	281.1088
598.192	281.04879999999997
598.401	277.1588
598.61	274.9788
598.819	275.4888
599.028	274.7388
599.237	272.5188
599.446	273.6988
599.655	271.6588
599.864	269.66880000000003
600.073	268.8988
600.282	272.9588
600.491	266.4488
600.7	266.3988
600.909	265.7288
601.118	266.5988
601.327	266.24879999999996
601.536	265.0888
601.745	263.3188
601.953	262.6288
602.162	261.0288
602.371	262.1088
602.58	259.4888
602.789	261.5688
602.997	259.8688
603.206	258.1888
603.415	256.9588
603.623	253.6088
603.832	255.47879999999998
604.041	253.62879999999998
604.249	252.02880000000002
604.458	251.77880000000002
604.666	251.54879999999997
604.875	250.0888
605.084	251.0788
605.292	249.0588
605.501	245.9288
605.709	248.52880000000002
605.918	247.9988
606.126	248.9188
606.334	249.77880000000002
606.543	248.9488
606.751	245.54879999999997
606.96	243.9988
607.168	246.20879999999997
607.376	245.8588
607.585	245.47879999999998
607.793	243.6488
608.001	242.06879999999998
608.21	242.3988
608.418	242.90879999999999
608.626	240.37879999999998
608.834	240.93880000000001
609.043	240.0888
609.251	240.8088
609.459	239.97879999999998
609.667	240.8588
609.875	239.3988
610.083	241.2488
610.291	240.6988
610.499	239.0788
610.707	239.1488
610.916	241.1788
611.124	240.54879999999997
611.332	239.5088
611.54	238.06879999999998
611.748	235.9488
611.955	237.06879999999998
612.163	236.37879999999998
612.371	236.77880000000002
612.579	233.53879999999998
612.787	233.68880000000001
612.995	234.40879999999999
613.203	235.3488
613.411	234.9188
613.618	233.36880000000002
613.826	232.02880000000002
614.034	232.2588
614.242	232.87879999999998
614.449	230.9188
614.657	234.0088
614.865	232.3588
615.072	234.9488
615.28	233.68880000000001
615.488	234.77880000000002
615.695	237.7688
615.903	244.6688
616.111	246.0988
616.318	247.93880000000001
616.526	242.7188
616.733	241.8588
616.941	240.2588
617.148	239.1088
617.356	238.9188
617.563	235.4688
617.771	235.8988
617.978	232.9688
618.185	235.3088
618.393	231.6788
618.6	231.62879999999998
618.807	230.90879999999999
619.015	230.8488
619.222	226.78879999999998
619.429	227.95879999999997
619.637	229.2388
619.844	227.6088
620.051	226.2488
620.258	222.87879999999998
620.466	218.97879999999998
620.673	217.88879999999997
620.88	216.8588
621.087	219.2188
621.294	219.38879999999997
621.501	219.9288
621.708	220.0588
621.915	220.6988
622.122	220.4688
622.329	221.4288
622.536	220.03879999999998
622.743	215.0788
622.95	214.8988
623.157	213.4188
623.364	214.3288
623.571	212.79879999999997
623.778	211.9288
623.985	210.7488
624.192	210.90879999999999
624.399	209.31879999999998
624.606	208.87879999999998
624.812	208.4488
625.019	208.5588
625.226	206.4688
625.433	208.62879999999998
625.639	207.65879999999999
625.846	206.04879999999997
626.053	207.12879999999998
626.259	205.6088
626.466	204.70879999999997
626.673	203.4288
626.879	201.1488
627.086	204.27880000000002
627.293	203.3988
627.499	199.5988
627.706	199.9488
627.912	198.5788
628.119	199.6788
628.325	200.62879999999998
628.532	200.4888
628.738	197.4488
628.945	196.4888
629.151	194.0588
629.357	193.7488
629.564	193.7588
629.77	193.1388
629.976	192.36880000000002
630.183	190.8388
630.389	190.2688
630.595	188.37879999999998
630.802	189.5088
631.008	188.9688
631.214	188.7188
631.42	189.03879999999998
631.627	187.6688
631.833	184.31879999999998
632.039	183.6088
632.245	183.8288
632.451	184.62879999999998
632.657	183.8288
632.863	182.03879999999998
633.069	180.86880000000002
633.275	181.29880000000003
633.481	180.1688
633.688	180.7488
633.893	183.1488
634.099	180.3588
634.305	177.2588
634.511	177.8988
634.717	178.3888
634.923	177.8088
635.129	176.4688
635.335	177.5788
635.541	176.79880000000003
635.747	177.2588
635.952	175.28879999999998
636.158	177.8888
636.364	187.0588
636.57	185.72879999999998
636.775	178.9988
636.981	176.4688
637.187	176.8388
637.392	174.6388
637.598	175.29880000000003
637.804	173.9488
638.009	173.68880000000001
638.215	173.8388
638.421	170.7188
638.626	171.9888
638.832	171.20880000000002
639.037	170.65879999999999
639.243	168.87879999999998
639.448	168.04880000000003
639.654	170.0788
639.859	166.9288
640.065	166.4488
640.27	170.9188
640.475	167.0988
640.681	165.12879999999998
640.886	167.0188
641.091	167.1388
641.297	166.9188
641.502	163.40879999999999
641.707	166.5188
641.913	165.0088
642.118	161.6888
642.323	162.5588
642.528	163.5088
642.733	162.03879999999998
642.939	163.02880000000002
643.144	161.5288
643.349	162.9688
643.554	160.9588
643.759	160.3888
643.964	158.6488
644.169	160.3588
644.374	159.6188
644.579	161.5588
644.784	160.74880000000002
644.989	159.3888
645.194	159.2688
645.399	159.2288
645.604	161.3388
645.809	162.4188
646.014	161.2688
646.219	161.2588
646.423	160.7988
646.628	159.28879999999998
646.833	162.03879999999998
647.038	163.8588
647.243	162.6788
647.447	161.6588
647.652	163.37879999999998
647.857	163.6488
648.062	168.97879999999998
648.266	169.93880000000001
648.471	175.8388
648.676	178.04880000000003
648.88	174.1988
649.085	172.11880000000002
649.289	173.47879999999998
649.494	189.0188
649.698	238.1488
649.903	190.0188
650.107	167.52880000000002
650.312	159.0988
650.516	154.7288
650.721	152.4288
650.925	148.2788
651.13	145.9188
651.334	146.7088
651.539	143.3888
651.743	140.7788
651.947	141.7388
652.152	140.5688
652.356	138.0788
652.56	139.24880000000002
652.764	136.53879999999998
652.969	135.1788
653.173	132.37879999999998
653.377	132.43880000000001
653.581	131.7088
653.785	131.0488
653.99	132.1588
654.194	131.1888
654.398	128.6188
654.602	129.5588
654.806	135.49880000000002
655.01	153.6688
655.214	137.0088
655.418	130.0088
655.622	126.4588
655.826	126.93879999999999
656.03	129.9288
656.234	132.4688
656.438	136.4488
656.642	135.7288
656.846	128.9688
657.049	122.8888
657.253	119.0588
657.457	114.3288
657.661	112.6288
657.865	110.00880000000001
658.068	107.7288
658.272	104.7288
658.476	103.25880000000001
658.68	101.84880000000001
658.883	99.6188
659.087	99.26880000000001
659.291	97.2988
659.494	97.10879999999999
659.698	97.0888
659.901	94.2088
660.105	92.6688
660.309	92.6688
660.512	91.18879999999999
660.716	92.18879999999999
660.919	91.3088
661.123	92.84880000000001
661.326	90.26880000000001
661.53	88.19879999999999
661.733	88.75880000000001
661.936	87.26880000000001
662.14	85.60879999999999
662.343	86.2888
662.546	84.2488
662.75	84.43879999999999
662.953	84.0388
663.156	83.7388
663.36	83.8988
663.563	83.4988
663.766	81.59880000000001
663.969	82.5788
664.173	82.42880000000001
664.376	80.9288
664.579	80.9688
664.782	83.69879999999999
664.985	81.84880000000001
665.188	80.6088
665.391	81.9588
665.594	80.3988
665.797	80.6388
666.0	80.8088
666.203	80.2188
666.406	79.03880000000001
666.609	81.1388
666.812	81.2088
667.015	80.3588
667.218	82.4088
667.421	79.91879999999999
667.624	81.03880000000001
667.827	81.4088
668.03	80.3988
668.232	80.8988
668.435	80.5088
668.638	80.86880000000001
668.841	81.84880000000001
669.043	79.36880000000001
669.246	82.02879999999999
669.449	79.6488
669.651	80.6888
669.854	80.4988
670.057	81.19879999999999
670.259	79.91879999999999
670.462	80.1988
670.665	80.0988
670.867	81.5888
671.07	80.66879999999999
671.272	81.9988
671.475	83.5688
671.677	80.9588
671.88	79.5088
672.082	80.1888
672.284	81.2488
672.487	81.3888
672.689	79.5988
672.892	80.5288
