223.165	-16.8583
223.4	-16.8583
223.635	-16.8583
223.869	-18.7983
224.104	-20.548299999999998
224.338	-14.8283
224.573	-15.1883
224.808	-12.788300000000001
225.042	-7.488300000000001
225.277	-5.9583
225.511	-1.8982999999999999
225.746	3.8117
225.98	6.8917
226.215	11.2917
226.449	16.041700000000002
226.683	21.471700000000002
226.918	25.0917
227.152	29.7617
227.387	35.1117
227.621	38.811699999999995
227.856	45.161699999999996
228.09	45.6317
228.324	49.801700000000004
228.559	55.7217
228.793	59.2717
229.027	66.1517
229.262	70.8017
229.496	75.7517
229.73	85.51169999999999
229.964	85.3717
230.199	78.5117
230.433	77.9517
230.667	81.1217
230.901	80.9717
231.136	81.6017
231.37	82.34169999999999
231.604	82.83170000000001
231.838	82.9517
232.072	84.2317
232.306	84.3117
232.541	82.9617
232.775	84.2817
233.009	84.04169999999999
233.243	84.76169999999999
233.477	83.7717
233.711	84.93169999999999
233.945	83.7817
234.179	85.99170000000001
234.413	85.3917
234.647	83.5217
234.881	83.4817
235.115	83.3917
235.349	83.91170000000001
235.583	85.04169999999999
235.817	84.50170000000001
236.051	82.8217
236.285	82.4517
236.519	82.93169999999999
236.753	83.8017
236.987	85.3917
237.221	94.0517
237.455	96.3117
237.689	83.33170000000001
237.922	83.76169999999999
238.156	81.6917
238.39	80.8117
238.624	80.9017
238.858	81.54169999999999
239.091	80.9117
239.325	81.8517
239.559	84.7117
239.793	84.84169999999999
240.027	85.8817
240.26	83.68169999999999
240.494	87.0217
240.728	83.9817
240.961	84.3017
241.195	84.5517
241.429	83.9717
241.662	80.5517
241.896	82.2317
242.13	83.8217
242.363	83.00170000000001
242.597	82.6017
242.83	85.01169999999999
243.064	84.2817
243.298	84.6217
243.531	83.3217
243.765	84.5517
243.998	86.0717
244.232	86.17170000000002
244.465	88.9617
244.699	88.2217
244.932	85.7217
245.166	85.1417
245.399	85.58170000000001
245.633	85.8617
245.866	85.1117
246.099	86.2117
246.333	86.66170000000001
246.566	86.0617
246.8	86.3217
247.033	87.25170000000001
247.266	86.8917
247.5	87.66170000000001
247.733	89.7317
247.966	89.66170000000001
248.2	88.2817
248.433	89.6117
248.666	89.3117
248.899	91.1117
249.133	96.3217
249.366	103.83170000000001
249.599	103.1317
249.832	92.8117
250.066	93.3117
250.299	90.9617
250.532	90.4817
250.765	92.92170000000002
250.998	93.3517
251.231	95.1317
251.465	93.1517
251.698	92.7117
251.931	91.4617
252.164	91.4617
252.397	92.1017
252.63	92.9617
252.863	94.2217
253.096	94.26169999999999
253.329	97.3817
253.562	95.9517
253.795	94.0617
254.028	96.7317
254.261	95.8117
254.494	96.0617
254.727	100.66170000000001
254.96	100.42170000000002
255.193	97.79169999999999
255.426	95.8017
255.659	95.4517
255.892	96.2717
256.124	95.3417
256.357	94.0917
256.59	94.6017
256.823	92.5317
257.056	94.50170000000001
257.289	94.5217
257.521	94.9717
257.754	93.7017
257.987	94.51169999999999
258.22	95.9717
258.452	94.43169999999999
258.685	95.68169999999999
258.918	95.08170000000001
259.151	95.3017
259.383	97.3217
259.616	96.41170000000001
259.849	97.51169999999999
260.081	99.42170000000002
260.314	102.0517
260.547	100.24170000000001
260.779	99.33170000000001
261.012	99.1917
261.244	98.8017
261.477	101.7017
261.71	103.5717
261.942	118.9717
262.175	121.79169999999999
262.407	102.29169999999999
262.64	98.8017
262.872	97.9617
263.105	97.1117
263.337	98.83170000000001
263.57	98.0617
263.802	98.0717
264.035	97.5617
264.267	95.3717
264.499	98.33170000000001
264.732	100.2317
264.964	97.1217
265.197	98.41170000000001
265.429	98.3017
265.661	98.0917
265.894	98.4817
266.126	100.75170000000001
266.358	97.67170000000002
266.591	99.1017
266.823	100.17170000000002
267.055	99.76169999999999
267.287	100.2217
267.52	99.4817
267.752	100.25170000000001
267.984	101.17170000000002
268.216	100.3717
268.448	101.9617
268.681	102.3817
268.913	104.4017
269.145	105.2117
269.377	106.5317
269.609	104.17170000000002
269.841	106.33170000000001
270.073	105.5217
270.306	107.7017
270.538	108.50170000000001
270.77	107.9017
271.002	107.8617
271.234	106.3417
271.466	111.3417
271.698	109.3217
271.93	109.2317
272.162	111.58170000000001
272.394	111.8917
272.626	106.7017
272.858	106.3617
273.09	105.79169999999999
273.322	105.83170000000001
273.553	105.29169999999999
273.785	106.3017
274.017	103.8417
274.249	105.00170000000001
274.481	104.8717
274.713	104.6117
274.945	106.8017
275.176	105.5317
275.408	106.9017
275.64	105.4617
275.872	105.6917
276.104	108.42170000000002
276.335	110.25170000000001
276.567	115.35170000000001
276.799	121.83170000000001
277.031	119.33170000000001
277.262	114.25170000000001
277.494	112.66170000000001
277.726	109.2117
277.957	106.8717
278.189	107.4817
278.421	105.91170000000001
278.652	107.1417
278.884	107.8217
279.115	107.1217
279.347	107.3217
279.579	107.0717
279.81	107.1417
280.042	107.67170000000002
280.273	108.1317
280.505	108.2317
280.736	108.9317
280.968	108.4817
281.199	108.10170000000001
281.431	107.8817
281.662	109.16170000000001
281.894	111.8617
282.125	117.58170000000001
282.356	134.0317
282.588	148.6617
282.819	130.0617
283.051	111.58170000000001
283.282	109.6817
283.513	111.35170000000001
283.745	110.35170000000001
283.976	111.4417
284.207	110.1517
284.439	110.5617
284.67	111.8917
284.901	110.8617
285.132	111.5917
285.364	108.8217
285.595	111.2317
285.826	110.1217
286.057	111.3617
286.288	108.74170000000001
286.52	110.7217
286.751	110.33170000000001
286.982	110.6417
287.213	111.66170000000001
287.444	113.4817
287.675	112.9617
287.906	116.2217
288.138	116.0117
288.369	117.2017
288.6	115.4617
288.831	113.1917
289.062	113.9617
289.293	114.10170000000001
289.524	111.6317
289.755	113.5717
289.986	110.41170000000001
290.217	113.9417
290.448	111.2717
290.679	112.58170000000001
290.91	114.50170000000001
291.141	112.3617
291.371	114.0117
291.602	113.5717
291.833	112.41170000000001
292.064	113.50170000000001
292.295	114.2817
292.526	113.6517
292.757	113.60170000000001
292.987	113.6317
293.218	113.1217
293.449	112.92170000000002
293.68	115.0717
293.91	113.91170000000001
294.141	116.0317
294.372	114.5617
294.603	114.54169999999999
294.833	114.54169999999999
295.064	114.5217
295.295	116.74170000000001
295.525	118.0117
295.756	123.04169999999999
295.987	135.0517
296.217	153.2017
296.448	142.8217
296.679	119.4317
296.909	117.08170000000001
297.14	116.9617
297.37	117.7117
297.601	114.92170000000002
297.831	115.9317
298.062	116.9017
298.292	117.60170000000001
298.523	117.3917
298.753	117.50170000000001
298.984	116.5317
299.214	116.9417
299.445	120.2617
299.675	121.4017
299.905	121.3017
300.136	119.2817
300.366	116.99170000000001
300.597	119.85170000000001
300.827	121.91170000000001
301.057	126.2617
301.288	129.4017
301.518	124.1917
301.748	118.8817
301.979	130.6317
302.209	121.1817
302.439	120.8117
302.669	118.41170000000001
302.9	119.8017
303.13	120.6317
303.36	122.4617
303.59	128.67170000000002
303.82	131.7817
304.051	124.04169999999999
304.281	121.5117
304.511	122.2617
304.741	121.4017
304.971	118.9017
305.201	120.6217
305.431	118.33170000000001
305.661	120.1817
305.891	118.79169999999999
306.121	123.0217
306.352	128.2317
306.582	129.5517
306.812	122.5217
307.042	121.6817
307.272	122.5217
307.502	121.9017
307.731	122.7117
307.961	121.0217
308.191	120.4417
308.421	120.8217
308.651	121.9317
308.881	123.10170000000001
309.111	123.08170000000001
309.341	124.8417
309.571	126.91170000000001
309.8	126.5317
310.03	126.66170000000001
310.26	127.3417
310.49	127.7117
310.72	129.8117
310.949	132.1617
311.179	131.01170000000002
311.409	126.2017
311.639	125.3117
311.868	129.3317
312.098	129.3417
312.328	128.3817
312.557	134.5417
312.787	134.8117
313.017	131.9317
313.246	127.3917
313.476	126.7617
313.706	126.8817
313.935	129.3417
314.165	133.14170000000001
314.394	132.0417
314.624	129.5417
314.853	130.64170000000001
315.083	127.08170000000001
315.312	126.4317
315.542	127.0917
315.771	124.50170000000001
316.001	127.35170000000001
316.23	124.83170000000001
316.46	123.04169999999999
316.689	125.0217
316.919	126.10170000000001
317.148	128.5517
317.377	128.76170000000002
317.607	128.2917
317.836	125.1917
318.065	124.3617
318.295	124.4517
318.524	125.35170000000001
318.753	125.8017
318.983	127.9817
319.212	131.0817
319.441	136.6917
319.67	136.5417
319.9	127.8917
320.129	126.6917
320.358	127.1317
320.587	129.6617
320.816	131.14170000000001
321.046	133.85170000000002
321.275	131.36169999999998
321.504	129.0817
321.733	131.61169999999998
321.962	132.14170000000001
322.191	136.5817
322.42	138.2517
322.649	142.7017
322.878	146.2217
323.108	149.9317
323.337	157.1317
323.566	165.3717
323.795	187.0517
324.024	235.92170000000002
324.253	411.1017
324.482	810.1917
324.71	1580.2616999999998
324.939	2034.4816999999998
325.168	806.6817
325.397	278.9717
325.626	185.9617
325.855	167.8217
326.084	164.2517
326.313	169.2917
326.542	187.51170000000002
326.77	258.9617
326.999	468.4517
327.228	912.3516999999999
327.457	1603.5617
327.686	1284.7317
327.914	389.7817
328.143	226.02169999999998
328.372	183.8217
328.6	164.0517
328.829	158.92170000000002
329.058	165.36169999999998
329.287	165.3217
329.515	150.2317
329.744	144.5417
329.972	140.0917
330.201	146.1917
330.43	152.92170000000002
330.658	160.8117
330.887	176.5817
331.115	163.11169999999998
331.344	143.02169999999998
331.572	143.2317
331.801	146.4317
332.03	145.86169999999998
332.258	142.8717
332.486	139.7317
332.715	140.4617
332.943	142.86169999999998
333.172	144.2017
333.4	147.9117
333.629	154.14170000000001
333.857	158.6817
334.085	154.35170000000002
334.314	148.7517
334.542	151.3317
334.771	150.39170000000001
334.999	146.4017
335.227	143.92170000000002
335.455	141.7517
335.684	143.8417
335.912	141.39170000000001
336.14	142.67170000000002
336.369	142.26170000000002
336.597	143.1617
336.825	142.17170000000002
337.053	139.4017
337.281	137.3217
337.51	134.8217
337.738	138.1617
337.966	137.2217
338.194	138.5017
338.422	137.5817
338.65	134.9517
338.878	134.3217
339.106	132.5417
339.334	134.9417
339.562	131.4817
339.79	131.8317
340.018	130.42170000000002
340.246	132.8317
340.474	134.51170000000002
340.702	133.4817
340.93	132.5017
341.158	133.11169999999998
341.386	135.3717
341.614	135.4017
341.842	134.35170000000002
342.07	131.8317
342.298	131.7117
342.526	129.5017
342.754	129.7117
342.981	130.4717
343.209	130.6517
343.437	142.52169999999998
343.665	137.4617
343.893	138.4417
344.12	142.2417
344.348	136.9817
344.576	134.8317
344.804	136.60170000000002
345.031	137.39170000000001
345.259	138.14170000000001
345.487	134.76170000000002
345.714	133.4517
345.942	131.86169999999998
346.17	133.4617
346.397	130.6217
346.625	130.4017
346.853	131.2517
347.08	130.8317
347.308	132.9417
347.535	136.5917
347.763	135.8817
347.99	135.8717
348.218	140.0017
348.445	140.7917
348.673	137.4617
348.9	133.8417
349.128	133.9417
349.355	131.5817
349.583	132.2117
349.81	132.9717
350.037	130.77169999999998
350.265	131.6317
350.492	131.9117
350.72	134.5817
350.947	136.3417
351.174	144.1817
351.402	144.7817
351.629	140.3717
351.856	137.2217
352.083	139.1817
352.311	140.6817
352.538	143.7317
352.765	143.1317
352.992	147.4417
353.22	146.10170000000002
353.447	139.6517
353.674	137.0417
353.901	134.4417
354.128	133.6817
354.355	133.4517
354.583	133.92170000000002
354.81	132.8417
355.037	132.3217
355.264	131.7217
355.491	129.8317
355.718	130.11169999999998
355.945	129.3017
356.172	130.7817
356.399	132.60170000000002
356.626	131.10170000000002
356.853	130.01170000000002
357.08	129.1817
357.307	128.9617
357.534	128.2817
357.761	130.89170000000001
357.988	134.0317
358.215	131.61169999999998
358.441	129.3817
358.668	127.5517
358.895	127.8617
359.122	125.9017
359.349	128.5617
359.576	130.7117
359.802	138.26170000000002
360.029	147.2217
360.256	145.1817
360.483	136.60170000000002
360.709	127.5917
360.936	132.1917
361.163	131.3417
361.39	132.8117
361.616	133.3817
361.843	129.3717
362.07	132.1617
362.296	133.27169999999998
362.523	130.02169999999998
362.749	130.4417
362.976	128.6217
363.203	130.4317
363.429	127.3717
363.656	128.8017
363.882	127.2617
364.109	128.6817
364.335	128.9617
364.562	128.9417
364.788	128.9917
365.015	130.76170000000002
365.241	135.0817
365.468	139.89170000000001
365.694	137.3217
365.92	132.0017
366.147	129.2117
366.373	126.7617
366.599	126.49170000000001
366.826	126.49170000000001
367.052	126.9317
367.278	128.67170000000002
367.505	129.6317
367.731	131.5517
367.957	127.7317
368.184	130.86169999999998
368.41	135.2517
368.636	144.26170000000002
368.862	151.3217
369.089	142.39170000000001
369.315	131.01170000000002
369.541	129.64170000000001
369.767	128.1317
369.993	130.1917
370.219	129.2817
370.445	129.1917
370.672	126.2017
370.898	126.0917
371.124	128.2017
371.35	129.4417
371.576	130.2317
371.802	129.0617
372.028	127.9017
372.254	129.2117
372.48	129.17170000000002
372.706	130.2417
372.932	131.4917
373.158	130.4417
373.384	131.4617
373.61	131.0917
373.835	131.3117
374.061	130.1917
374.287	132.4717
374.513	131.9817
374.739	133.61169999999998
374.965	133.0817
375.191	135.5917
375.416	134.1817
375.642	133.0017
375.868	134.0617
376.094	132.36169999999998
376.319	130.6517
376.545	129.76170000000002
376.771	129.8717
376.997	130.0817
377.222	128.8117
377.448	131.2117
377.674	130.2917
377.899	131.14170000000001
378.125	129.3217
378.35	130.6517
378.576	130.2017
378.802	131.2417
379.027	130.61169999999998
379.253	132.1817
379.478	131.5517
379.704	131.7917
379.929	133.8017
380.155	132.27169999999998
380.38	132.9117
380.606	132.2117
380.831	133.7017
381.057	137.3817
381.282	133.67170000000002
381.507	133.67170000000002
381.733	136.4017
381.958	135.14170000000001
382.184	136.11169999999998
382.409	138.86169999999998
382.634	141.14170000000001
382.86	140.0417
383.085	142.4117
383.31	142.9517
383.535	143.3317
383.761	141.4817
383.986	141.64170000000001
384.211	141.64170000000001
384.436	143.7117
384.662	144.2217
384.887	146.7917
385.112	147.9317
385.337	147.5317
385.562	147.8017
385.787	150.5017
386.013	152.3417
386.238	156.1817
386.463	150.6517
386.688	155.5817
386.913	146.02169999999998
387.138	148.1617
387.363	149.0417
387.588	147.4717
387.813	147.3417
388.038	148.9817
388.263	153.42170000000002
388.488	152.7917
388.713	146.3217
388.938	145.10170000000002
389.163	143.64170000000001
389.387	144.5617
389.612	142.3817
389.837	141.0717
390.062	141.42170000000002
390.287	141.4417
390.512	140.5617
390.736	139.9317
390.961	142.6917
391.186	143.5317
391.411	146.27169999999998
391.636	145.3717
391.86	140.0817
392.085	141.7417
392.31	141.4817
392.534	140.17170000000002
392.759	140.1517
392.984	141.7417
393.208	140.42170000000002
393.433	143.0917
393.658	139.3117
393.882	138.5517
394.107	138.5617
394.331	139.42170000000002
394.556	138.3017
394.78	140.5317
395.005	142.3417
395.229	139.2917
395.454	141.9917
395.678	142.0317
395.903	142.8117
396.127	143.5917
396.352	144.5717
396.576	139.8417
396.801	139.89170000000001
397.025	141.4317
397.249	142.1817
397.474	144.8817
397.698	143.89170000000001
397.922	144.5317
398.147	144.5317
398.371	145.02169999999998
398.595	148.8217
398.82	150.8817
399.044	154.4917
399.268	162.7117
399.492	173.05169999999998
399.717	183.4017
399.941	180.2517
400.165	176.6517
400.389	168.7017
400.613	159.60170000000002
400.837	152.3417
401.062	152.3417
401.286	152.6817
401.51	150.7517
401.734	152.1517
401.958	160.7017
402.182	180.8217
402.406	203.9017
402.63	173.69170000000003
402.854	159.6217
403.078	158.52169999999998
403.302	156.9417
403.526	158.1517
403.75	159.1517
403.974	160.17170000000002
404.198	158.4617
404.422	160.5017
404.645	160.2817
404.869	158.35170000000002
405.093	164.5817
405.317	167.4617
405.541	166.6617
405.765	166.2217
405.988	179.2217
406.212	224.3217
406.436	265.6417
406.66	203.7217
406.883	170.8717
407.107	173.26170000000002
407.331	177.8217
407.555	184.77169999999998
407.778	179.85170000000002
408.002	169.26170000000002
408.226	164.8317
408.449	164.0317
408.673	163.5717
408.896	167.36169999999998
409.12	170.3017
409.344	162.0917
409.567	158.6817
409.791	158.9317
410.014	160.7217
410.238	159.36169999999998
410.461	157.5617
410.685	161.8017
410.908	166.0917
411.132	173.0817
411.355	168.9517
411.578	160.1317
411.802	154.4617
412.025	151.6917
412.249	155.9017
412.472	155.51170000000002
412.695	154.9517
412.919	151.01170000000002
413.142	148.86169999999998
413.365	148.3017
413.589	150.0417
413.812	148.9917
414.035	151.7317
414.258	150.76170000000002
414.482	151.6817
414.705	150.8217
414.928	151.8417
415.151	153.77169999999998
415.374	153.6917
415.597	148.0617
415.821	146.8817
416.044	147.4417
416.267	148.4417
416.49	145.9417
416.713	147.86169999999998
416.936	149.8317
417.159	147.7017
417.382	150.9017
417.605	149.9917
417.828	154.86169999999998
418.051	155.27169999999998
418.274	152.1317
418.497	147.7117
418.72	148.0517
418.943	150.8317
419.166	154.01170000000002
419.389	159.9717
419.611	156.9817
419.834	154.39170000000001
420.057	152.9517
420.28	150.6917
420.503	146.5417
420.726	149.0417
420.948	151.5917
421.171	160.0417
421.394	159.2417
421.617	153.9517
421.839	150.9717
422.062	152.8417
422.285	157.9317
422.507	169.1517
422.73	176.36169999999998
422.953	163.9317
423.175	157.7217
423.398	156.52169999999998
423.621	156.9117
423.843	157.6617
424.066	157.0717
424.288	154.7017
424.511	159.0617
424.733	168.7317
424.956	178.3017
425.178	168.6217
425.401	173.3317
425.623	172.1317
425.846	156.8717
426.068	155.5017
426.291	153.7317
426.513	154.17170000000002
426.735	154.6517
426.958	160.76170000000002
427.18	175.5817
427.402	211.26170000000002
427.625	229.10170000000002
427.847	188.9717
428.069	163.51170000000002
428.292	148.5817
428.514	145.35170000000002
428.736	145.0917
428.958	143.9017
429.181	141.9717
429.403	142.27169999999998
429.625	144.4917
429.847	151.02169999999998
430.069	161.0917
430.292	153.5717
430.514	142.60170000000002
430.736	141.8317
430.958	140.60170000000002
431.18	140.51170000000002
431.402	140.1617
431.624	140.01170000000002
431.846	141.85170000000002
432.068	140.9417
432.29	143.1217
432.512	143.2417
432.734	143.27169999999998
432.956	146.0017
433.178	152.0717
433.4	151.77169999999998
433.622	145.3817
433.844	143.8817
434.066	144.4117
434.287	148.27169999999998
434.509	147.9117
434.731	149.7217
434.953	148.35170000000002
435.175	151.0517
435.397	155.0917
435.618	154.3117
435.84	165.9917
436.062	188.52169999999998
436.284	182.5917
436.505	161.6917
436.727	156.8117
436.949	146.7317
437.17	144.8817
437.392	142.6517
437.614	147.5817
437.835	160.3717
438.057	178.52169999999998
438.278	180.39170000000001
438.5	175.52169999999998
438.721	194.69169999999997
438.943	169.1317
439.165	149.5517
439.386	146.7817
439.608	151.1817
439.829	157.4917
440.05	175.1617
440.272	193.9817
440.493	156.9917
440.715	147.9817
440.936	145.42170000000002
441.158	147.5317
441.379	149.0817
441.6	153.8717
441.822	159.01170000000002
442.043	161.4417
442.264	177.11169999999998
442.486	170.86169999999998
442.707	157.52169999999998
442.928	165.4517
443.149	184.9517
443.371	184.4917
443.592	175.67170000000002
443.813	188.46169999999998
444.034	183.9117
444.255	163.5617
444.476	157.9117
444.698	161.0617
444.919	161.5917
445.14	196.76170000000002
445.361	187.0917
445.582	179.0017
445.803	199.51170000000002
446.024	204.7317
446.245	201.0317
446.466	176.5917
446.687	152.1817
446.908	146.64170000000001
447.129	143.8417
447.35	144.3417
447.571	142.7417
447.792	145.1917
448.013	150.11169999999998
448.234	156.3817
448.455	158.8017
448.675	179.3417
448.896	188.7317
449.117	160.0317
449.338	166.5917
449.559	199.1617
449.779	200.7017
450.0	155.4517
450.221	143.8717
450.442	142.4017
450.662	143.9117
450.883	153.8117
451.104	155.36169999999998
451.324	144.27169999999998
451.545	137.8317
451.766	136.8717
451.986	135.10170000000002
452.207	136.76170000000002
452.428	139.7817
452.648	142.3317
452.869	152.36169999999998
453.089	154.4717
453.31	158.17170000000002
453.53	140.2117
453.751	137.6517
453.971	146.7017
454.192	151.2917
454.412	137.5917
454.633	134.4717
454.853	133.4817
455.073	133.5517
455.294	139.3017
455.514	150.9817
455.734	139.6617
455.955	132.7217
456.175	130.39170000000001
456.395	129.0617
456.616	129.1317
456.836	130.5917
457.056	130.1217
457.276	129.4717
457.497	130.6917
457.717	132.0817
457.937	132.3217
458.157	133.7417
458.377	136.6617
458.598	151.6917
458.818	188.10170000000002
459.038	203.02169999999998
459.258	170.0317
459.478	146.2917
459.698	141.52169999999998
459.918	144.85170000000002
460.138	144.7917
460.358	145.60170000000002
460.578	147.5617
460.798	150.2217
461.018	149.6617
461.238	146.26170000000002
461.458	146.6217
461.678	144.6817
461.898	148.10170000000002
462.118	149.2917
462.338	149.7217
462.558	153.0817
462.777	154.7217
462.997	160.36169999999998
463.217	163.86169999999998
463.437	162.9317
463.657	157.14170000000001
463.876	157.7117
464.096	158.9117
464.316	158.7017
464.536	160.9517
464.755	159.60170000000002
464.975	166.7217
465.195	209.86169999999998
465.414	204.1817
465.634	152.86169999999998
465.854	144.3717
466.073	140.2917
466.293	140.5317
466.512	137.9017
466.732	136.11169999999998
466.951	137.3717
467.171	141.0317
467.391	143.3317
467.61	149.9617
467.829	143.7417
468.049	138.9717
468.268	136.9617
468.488	133.4317
468.707	131.8117
468.927	133.9017
469.146	133.5417
469.365	135.6617
469.585	135.89170000000001
469.804	142.6817
470.023	142.89170000000001
470.243	142.89170000000001
470.462	146.4417
470.681	156.3717
470.901	141.2217
471.12	138.0317
471.339	138.17170000000002
471.558	137.5017
471.777	137.8117
471.997	136.6517
472.216	138.76170000000002
472.435	144.36169999999998
472.654	136.1817
472.873	136.0017
473.092	133.42170000000002
473.311	134.2317
473.53	134.76170000000002
473.749	138.67170000000002
473.968	147.2817
474.187	162.2817
474.406	152.9517
474.625	139.9117
474.844	135.5617
475.063	133.5617
475.282	136.0317
475.501	135.42170000000002
475.72	138.60170000000002
475.939	134.39170000000001
476.158	135.14170000000001
476.377	136.36169999999998
476.596	139.7417
476.814	141.42170000000002
477.033	141.36169999999998
477.252	140.8317
477.471	141.51170000000002
477.69	142.9017
477.908	145.17170000000002
478.127	145.2317
478.346	144.9717
478.564	146.6317
478.783	153.35170000000002
479.002	152.5917
479.22	150.9017
479.439	158.3117
479.658	159.5817
479.876	155.8717
480.095	152.7417
480.313	159.0817
480.532	158.5417
480.751	156.5417
480.969	157.6917
481.188	171.1217
481.406	161.4917
481.624	150.7117
481.843	145.9917
482.061	145.3117
482.28	144.26170000000002
482.498	144.9117
482.717	144.8217
482.935	143.8817
483.153	144.17170000000002
483.372	143.8417
483.59	145.10170000000002
483.808	145.86169999999998
484.027	146.9117
484.245	149.0517
484.463	147.89170000000001
484.681	152.67170000000002
484.9	148.7417
485.118	152.42170000000002
485.336	152.9117
485.554	155.0417
485.772	155.9417
485.99	160.4317
486.209	162.69170000000003
486.427	162.4117
486.645	167.3117
486.863	167.4317
487.081	158.5417
487.299	155.4917
487.517	153.14170000000001
487.735	151.7017
487.953	153.4417
488.171	153.26170000000002
488.389	153.4517
488.607	155.36169999999998
488.825	151.26170000000002
489.043	150.0317
489.261	151.9517
489.479	151.26170000000002
489.696	151.3417
489.914	151.9117
490.132	151.4317
490.35	153.4717
490.568	151.0017
490.786	155.1317
491.003	154.3117
491.221	155.14170000000001
491.439	156.2917
491.657	158.26170000000002
491.874	161.7317
492.092	159.9517
492.31	159.01170000000002
492.527	159.14170000000001
492.745	158.42170000000002
492.963	159.5917
493.18	161.8017
493.398	164.0317
493.615	167.60170000000002
493.833	166.9317
494.05	161.35170000000002
494.268	162.89170000000001
494.485	160.9017
494.703	161.01170000000002
494.92	161.8117
495.138	161.5817
495.355	161.7017
495.573	163.7117
495.79	162.0517
496.008	165.26170000000002
496.225	163.6217
496.442	162.6617
496.66	164.1217
496.877	162.5517
497.094	168.0017
497.312	166.5417
497.529	168.6817
497.746	170.5017
497.963	174.42170000000002
498.181	177.5817
498.398	182.9717
498.615	195.87169999999998
498.832	197.4317
499.049	190.76170000000002
499.267	199.0917
499.484	206.69169999999997
499.701	215.5817
499.918	221.52169999999998
500.135	229.5017
500.352	236.62169999999998
500.569	236.1617
500.786	237.80169999999998
501.003	231.61169999999998
501.22	223.9817
501.437	217.8917
501.654	211.80169999999998
501.871	212.2317
502.088	197.02169999999998
502.305	188.4717
502.522	183.9717
502.739	180.1617
502.956	176.3217
503.172	174.7017
503.389	174.76170000000002
503.606	179.4917
503.823	173.89170000000001
504.04	170.92170000000002
504.256	169.7017
504.473	169.87169999999998
504.69	172.94169999999997
504.907	168.9917
505.123	163.27169999999998
505.34	161.3117
505.557	159.35170000000002
505.773	159.3117
505.99	158.61169999999998
506.207	156.9917
506.423	156.5317
506.64	157.3117
506.856	155.7917
507.073	154.27169999999998
507.289	155.3017
507.506	157.77169999999998
507.722	170.52169999999998
507.939	169.39170000000001
508.155	156.9117
508.372	152.67170000000002
508.588	154.10170000000002
508.805	154.7417
509.021	155.4917
509.238	158.9417
509.454	159.85170000000002
509.67	160.3017
509.887	163.7317
510.103	183.9317
510.319	254.2317
510.536	718.4117
510.752	2041.3217000000002
510.968	620.2817
511.184	200.5017
511.401	165.0317
511.617	155.39170000000001
511.833	149.1817
512.049	148.1617
512.265	147.2917
512.481	147.8817
512.698	149.10170000000002
512.914	147.1917
513.13	149.3017
513.346	148.4917
513.562	148.5717
513.778	151.0717
513.994	152.7417
514.21	155.3717
514.426	168.89170000000001
514.642	183.36169999999998
514.858	177.67170000000002
515.074	215.5717
515.29	463.64169999999996
515.506	1298.0617
515.721	525.0317
515.937	204.4317
516.153	167.2017
516.369	160.5617
516.585	155.6617
516.801	157.52169999999998
517.016	161.4717
517.232	162.94170000000003
517.448	164.5817
517.664	164.9617
517.879	167.35170000000002
518.095	164.2517
518.311	165.5417
518.527	161.8717
518.742	157.61169999999998
518.958	156.7217
519.173	154.67170000000002
519.389	154.7817
519.605	153.7817
519.82	153.7117
520.036	160.2417
520.251	172.7017
520.467	167.4517
520.682	161.4317
520.898	162.7217
521.113	169.8317
521.329	189.7317
521.544	247.3117
521.76	556.7617
521.975	2084.6317
522.19	1276.2817
522.406	331.3617
522.621	172.02169999999998
522.836	153.6817
523.052	146.89170000000001
523.267	145.3717
523.482	143.26170000000002
523.698	147.9017
523.913	162.3217
524.128	149.3417
524.343	140.9017
524.559	142.1917
524.774	138.4317
524.989	141.35170000000002
525.204	148.6617
525.419	143.6817
525.634	137.5917
525.849	137.4117
526.064	137.2917
526.28	138.7417
526.495	136.2917
526.71	136.02169999999998
526.925	133.6517
527.14	133.5717
527.355	136.2417
527.57	136.0317
527.785	136.3317
527.999	134.3117
528.214	138.1517
528.429	140.0017
528.644	138.1317
528.859	135.6617
529.074	139.5617
529.289	161.7917
529.503	207.5417
529.718	152.01170000000002
529.933	139.3117
530.148	136.10170000000002
530.363	136.3217
530.577	135.2017
530.792	135.3317
531.007	135.7317
531.221	136.2317
531.436	135.6917
531.651	137.7317
531.865	135.6317
532.08	133.0617
532.295	135.64170000000001
532.509	136.3817
532.724	136.2217
532.938	138.7217
533.153	140.0317
533.367	137.7017
533.582	137.86169999999998
533.796	136.36169999999998
534.011	135.7917
534.225	135.42170000000002
534.44	133.27169999999998
534.654	133.9917
534.868	134.6517
535.083	135.4917
535.297	136.0517
535.511	141.9917
535.726	143.0717
535.94	141.0517
536.154	138.1517
536.369	132.6817
536.583	130.2417
536.797	133.6317
537.011	130.9617
537.225	131.8317
537.44	132.0917
537.654	133.0517
537.868	129.7417
538.082	131.5917
538.296	130.9917
538.51	130.2917
538.724	129.7217
538.938	131.9517
539.153	135.5917
539.367	142.4617
539.581	133.9317
539.795	129.7417
540.009	129.92170000000002
540.222	129.51170000000002
540.436	129.92170000000002
540.65	129.4317
540.864	130.8717
541.078	134.01170000000002
541.292	132.9017
541.506	129.5717
541.72	130.4117
541.934	128.4317
542.147	129.02169999999998
542.361	127.4517
542.575	127.0217
542.789	127.29169999999999
543.002	128.9317
543.216	133.7517
543.43	136.0417
543.644	130.39170000000001
543.857	130.4317
544.071	129.7417
544.285	131.27169999999998
544.498	130.4517
544.712	132.01170000000002
544.925	128.9817
545.139	129.52169999999998
545.352	129.5517
545.566	129.89170000000001
545.779	128.1317
545.993	128.4317
546.206	129.5617
546.42	127.6317
546.633	129.77169999999998
546.847	132.0917
547.06	128.0317
547.274	128.1617
547.487	128.39170000000001
547.7	127.58170000000001
547.914	127.2317
548.127	127.41170000000001
548.34	127.8717
548.554	128.7817
548.767	129.60170000000002
548.98	129.1517
549.193	128.0317
549.407	127.8817
549.62	128.7917
549.833	129.7817
550.046	127.5517
550.259	127.8717
550.473	128.5017
550.686	129.14170000000001
550.899	127.49170000000001
551.112	128.5417
551.325	126.7717
551.538	126.00170000000001
551.751	128.4617
551.964	127.1517
552.177	129.5717
552.39	127.75170000000001
552.603	129.0717
552.816	131.9617
553.029	131.5417
553.242	134.51170000000002
553.455	138.9917
553.667	143.3417
553.88	140.0717
554.093	133.11169999999998
554.306	132.5717
554.519	130.8717
554.732	130.6617
554.944	129.8817
555.157	126.8717
555.37	126.10170000000001
555.583	127.0917
555.795	128.4617
556.008	125.04169999999999
556.221	125.2117
556.433	125.2117
556.646	126.5917
556.859	124.5117
557.071	125.6417
557.284	122.74170000000001
557.496	122.7617
557.709	123.1317
557.921	123.8017
558.134	121.3917
558.346	122.7017
558.559	120.91170000000001
558.771	120.08170000000001
558.984	120.0917
559.196	121.7717
559.409	121.1517
559.621	121.74170000000001
559.833	118.42170000000002
560.046	119.2817
560.258	119.8717
560.47	120.66170000000001
560.683	119.25170000000001
560.895	118.9317
561.107	119.6517
561.32	119.5617
561.532	120.91170000000001
561.744	122.2217
561.956	122.0717
562.168	121.1117
562.381	123.2217
562.593	122.2117
562.805	124.6117
563.017	122.5217
563.229	122.1517
563.441	121.4717
563.653	122.04169999999999
563.865	119.99170000000001
564.077	120.49170000000001
564.289	121.6517
564.501	123.00170000000001
564.713	124.6517
564.925	127.9017
565.137	134.0917
565.349	127.6917
565.561	124.7317
565.773	126.0917
565.985	127.9317
566.197	130.4917
566.408	133.0517
566.62	137.35170000000002
566.832	138.0317
567.044	140.3017
567.255	139.64170000000001
567.467	142.1217
567.679	144.27169999999998
567.891	149.2317
568.102	149.36169999999998
568.314	143.4917
568.526	138.2917
568.737	136.6317
568.949	132.5917
569.161	128.4317
569.372	125.3917
569.584	124.54169999999999
569.795	129.3117
570.007	145.0817
570.218	254.1317
570.43	159.6317
570.641	123.3917
570.853	119.1917
571.064	119.9617
571.276	119.6217
571.487	117.7717
571.698	116.16170000000001
571.91	116.42170000000002
572.121	116.3117
572.333	116.67170000000002
572.544	113.33170000000001
572.755	114.0617
572.966	115.1917
573.178	114.3417
573.389	116.8717
573.6	114.29169999999999
573.811	113.7717
574.023	113.3017
574.234	113.8217
574.445	116.1217
574.656	114.35170000000001
574.867	112.6217
575.078	113.7117
575.289	114.3217
575.501	113.9517
575.712	113.8917
575.923	111.7217
576.134	113.29169999999999
576.345	112.29169999999999
576.556	113.3617
576.767	113.1417
576.978	114.10170000000001
577.188	112.0517
577.399	113.67170000000002
577.61	114.85170000000001
577.821	119.2717
578.032	133.3717
578.243	270.9317
578.454	693.7517
578.665	220.6217
578.875	124.8717
579.086	113.1817
579.297	111.1517
579.508	108.3917
579.718	108.75170000000001
579.929	112.4717
580.14	109.17170000000002
580.35	109.0917
580.561	108.9617
580.772	108.4017
580.982	108.2117
581.193	108.66170000000001
581.403	108.1917
581.614	107.83170000000001
581.825	106.17170000000002
582.035	106.7117
582.246	108.9817
582.456	105.9817
582.667	106.2017
582.877	107.75170000000001
583.087	106.8717
583.298	107.2017
583.508	108.4817
583.719	106.50170000000001
583.929	109.50170000000001
584.139	107.3117
584.35	107.4517
584.56	109.50170000000001
584.77	107.5117
584.981	106.54169999999999
585.191	107.75170000000001
585.401	107.6517
585.611	107.79169999999999
585.821	109.2217
586.032	108.04169999999999
586.242	105.3617
586.452	106.24170000000001
586.662	105.26169999999999
586.872	104.4617
587.082	105.18169999999999
587.292	105.00170000000001
587.502	107.08170000000001
587.713	105.5217
587.923	106.0917
588.133	107.3517
588.343	105.75170000000001
588.553	105.0517
588.762	106.8517
588.972	107.1317
589.182	111.08170000000001
589.392	106.74170000000001
589.602	106.50170000000001
589.812	107.0517
590.022	107.8517
590.232	104.76169999999999
590.441	105.4817
590.651	104.1917
590.861	104.7317
591.071	106.0517
591.281	105.25170000000001
591.49	105.5617
591.7	105.3117
591.91	108.9817
592.119	107.04169999999999
592.329	110.67170000000002
592.539	114.1117
592.748	110.7317
592.958	111.4717
593.167	110.1817
593.377	110.8617
593.587	116.5217
593.796	111.5217
594.006	111.3017
594.215	110.7817
594.424	110.5617
594.634	111.60170000000001
594.843	109.8917
595.053	108.2317
595.262	108.2717
595.472	106.79169999999999
595.681	106.8217
595.89	106.2117
596.1	105.7117
596.309	105.0317
596.518	103.8217
596.727	105.4017
596.937	104.4417
597.146	103.5717
597.355	104.74170000000001
597.564	103.4817
597.774	102.3017
597.983	101.7317
598.192	102.00170000000001
598.401	102.9417
598.61	103.3817
598.819	103.1117
599.028	102.8217
599.237	101.2017
599.446	102.6517
599.655	102.5317
599.864	102.6317
600.073	101.7017
600.282	105.51169999999999
600.491	103.6117
600.7	104.43169999999999
600.909	104.01169999999999
601.118	105.5217
601.327	104.16170000000001
601.536	102.3517
601.745	102.9817
601.953	103.26169999999999
602.162	102.8217
602.371	102.4517
602.58	101.8117
602.789	102.1117
602.997	101.50170000000001
603.206	101.76169999999999
603.415	99.41170000000001
603.623	98.8017
603.832	99.8817
604.041	98.83170000000001
604.249	99.2017
604.458	100.3017
604.666	99.5917
604.875	98.5617
605.084	99.1917
605.292	99.68169999999999
605.501	99.51169999999999
605.709	99.50170000000001
605.918	98.7117
606.126	100.7317
606.334	100.24170000000001
606.543	100.8117
606.751	100.3617
606.96	100.6017
607.168	100.8217
607.376	100.1417
607.585	101.8817
607.793	100.1517
608.001	99.17170000000002
608.21	98.58170000000001
608.418	97.3617
608.626	98.00170000000001
608.834	98.8917
609.043	100.16170000000001
609.251	98.18169999999999
609.459	99.0717
609.667	99.9817
609.875	98.6417
610.083	98.3117
610.291	97.6917
610.499	98.5717
610.707	99.16170000000001
610.916	98.9717
611.124	100.6517
611.332	99.5617
611.54	97.1117
611.748	98.49170000000001
611.955	98.1517
612.163	98.29169999999999
612.371	98.6417
612.579	97.8617
612.787	98.8117
612.995	100.4417
613.203	101.3817
613.411	97.1417
613.618	98.42170000000002
613.826	97.5917
614.034	97.3917
614.242	99.0317
614.449	98.00170000000001
614.657	99.6217
614.865	98.3117
615.072	100.3617
615.28	99.8617
615.488	99.29169999999999
615.695	101.99170000000001
615.903	106.5717
616.111	110.7717
616.318	112.58170000000001
616.526	106.3517
616.733	105.0317
616.941	102.04169999999999
617.148	101.42170000000002
617.356	101.8017
617.563	99.3817
617.771	100.4417
617.978	97.24170000000001
618.185	98.7317
618.393	98.8117
618.6	97.0517
618.807	98.5917
619.015	97.2817
619.222	97.00170000000001
619.429	97.5717
619.637	98.8517
619.844	98.2717
620.051	96.0917
620.258	97.6517
620.466	97.42170000000002
620.673	95.1917
620.88	95.0217
621.087	97.3017
621.294	96.3217
621.501	96.4417
621.708	96.6017
621.915	94.4517
622.122	95.5517
622.329	97.29169999999999
622.536	96.68169999999999
622.743	96.1517
622.95	95.4617
623.157	95.3117
623.364	96.5217
623.571	95.3917
623.778	94.6917
623.985	94.4617
624.192	95.2017
624.399	97.5517
624.606	98.29169999999999
624.812	94.8117
625.019	94.5517
625.226	94.7117
625.433	96.8617
625.639	95.58170000000001
625.846	94.00170000000001
626.053	93.5617
626.259	94.6017
626.466	96.16170000000001
626.673	93.6317
626.879	94.26169999999999
627.086	96.1217
627.293	95.7017
627.499	94.24170000000001
627.706	94.5717
627.912	94.54169999999999
628.119	93.0617
628.325	95.7217
628.532	93.4817
628.738	95.41170000000001
628.945	94.4017
629.151	94.1517
629.357	94.4717
629.564	93.9817
629.77	94.79169999999999
629.976	93.3417
630.183	91.8017
630.389	92.1917
630.595	93.2817
630.802	92.3217
631.008	93.00170000000001
631.214	93.66170000000001
631.42	95.76169999999999
631.627	95.8117
631.833	92.7317
632.039	91.84169999999999
632.245	92.7717
632.451	93.0617
632.657	92.42170000000002
632.863	92.5617
633.069	92.8017
633.275	92.76169999999999
633.481	91.49170000000001
633.688	93.3117
633.893	94.8617
634.099	91.8717
634.305	92.76169999999999
634.511	93.24170000000001
634.717	93.5517
634.923	91.6517
635.129	91.0717
635.335	90.5217
635.541	90.6317
635.747	91.91170000000001
635.952	90.7017
636.158	92.4517
636.364	94.2317
636.57	93.4617
636.775	93.75170000000001
636.981	91.4017
637.187	91.1917
637.392	91.08170000000001
637.598	92.1317
637.804	93.17170000000002
638.009	92.2717
638.215	92.00170000000001
638.421	90.5717
638.626	91.0317
638.832	91.75170000000001
639.037	90.8917
639.243	92.68169999999999
639.448	90.76169999999999
639.654	92.92170000000002
639.859	90.1417
640.065	89.66170000000001
640.27	96.3217
640.475	90.6117
640.681	91.0217
640.886	93.5617
641.091	91.8117
641.297	93.75170000000001
641.502	90.9017
641.707	93.3817
641.913	91.75170000000001
642.118	90.9817
642.323	90.84169999999999
642.528	94.0217
642.733	92.2317
642.939	91.2217
643.144	91.3017
643.349	91.5217
643.554	92.4517
643.759	91.59169999999999
643.964	90.8817
644.169	92.0717
644.374	90.0617
644.579	91.4517
644.784	91.92170000000002
644.989	90.43169999999999
645.194	91.17170000000002
645.399	92.3917
645.604	92.17170000000002
645.809	94.75170000000001
646.014	93.76169999999999
646.219	90.4017
646.423	90.8517
646.628	91.9017
646.833	92.3717
647.038	92.99170000000001
647.243	91.91170000000001
647.447	92.1417
647.652	93.3017
647.857	91.93169999999999
648.062	92.24170000000001
648.266	92.9717
648.471	98.16170000000001
648.676	101.83170000000001
648.88	99.01169999999999
649.085	96.2317
649.289	96.43169999999999
649.494	105.42170000000002
649.698	131.7917
649.903	105.1317
650.107	94.3717
650.312	92.91170000000001
650.516	89.0317
650.721	90.4417
650.925	89.4017
651.13	89.2017
651.334	88.2817
651.539	90.58170000000001
651.743	87.5517
651.947	89.6117
652.152	89.7817
652.356	88.09169999999999
652.56	89.79169999999999
652.764	86.76169999999999
652.969	85.74170000000001
653.173	86.2717
653.377	85.74170000000001
653.581	84.99170000000001
653.785	86.04169999999999
653.99	87.43169999999999
654.194	86.8517
654.398	86.8917
654.602	88.50170000000001
654.806	91.75170000000001
655.01	102.54169999999999
655.214	94.16170000000001
655.418	88.5717
655.622	88.2817
655.826	88.6917
656.03	90.25170000000001
656.234	91.5217
656.438	96.66170000000001
656.642	96.50170000000001
656.846	91.1317
657.049	88.2717
657.253	88.67170000000002
657.457	86.42170000000002
657.661	86.4617
657.865	87.3717
658.068	85.75170000000001
658.272	83.9817
658.476	84.09169999999999
658.68	82.54169999999999
658.883	82.8217
659.087	82.33170000000001
659.291	83.42170000000002
659.494	82.09169999999999
659.698	82.3917
659.901	82.74170000000001
660.105	83.3817
660.309	80.5517
660.512	80.5117
660.716	81.0017
660.919	82.25170000000001
661.123	84.01169999999999
661.326	81.9417
661.53	82.83170000000001
661.733	82.6917
661.936	83.2117
662.14	80.5817
662.343	81.8017
662.546	82.3717
662.75	83.2817
662.953	83.3817
663.156	80.32169999999999
663.36	81.9417
663.563	81.25170000000001
663.766	79.7617
663.969	83.5317
664.173	81.8617
664.376	80.8617
664.579	80.52170000000001
664.782	82.33170000000001
664.985	80.6217
665.188	81.2117
665.391	81.2117
665.594	81.3217
665.797	80.4217
666.0	81.3617
666.203	81.24170000000001
666.406	79.77170000000001
666.609	81.0017
666.812	81.6317
667.015	79.9817
667.218	81.8717
667.421	82.24170000000001
667.624	81.5517
667.827	82.1417
668.03	80.3417
668.232	81.0917
668.435	80.79169999999999
668.638	80.54169999999999
668.841	83.26169999999999
669.043	80.4317
669.246	80.8617
669.449	80.9617
669.651	80.4817
669.854	80.3917
670.057	82.18169999999999
670.259	81.59169999999999
670.462	80.7417
670.665	81.07169999999999
670.867	81.25170000000001
671.07	80.6617
671.272	82.2017
671.475	84.7817
671.677	79.8117
671.88	80.8117
672.082	80.6317
672.284	81.7317
672.487	82.8517
672.689	80.4117
672.892	80.6817
