223.165	-17.1827
223.4	-17.1827
223.635	-17.1827
223.869	-18.4227
224.104	-18.7327
224.338	-15.2227
224.573	-14.0127
224.808	-11.7027
225.042	-9.2027
225.277	-5.8827
225.511	-2.5027
225.746	3.2373000000000003
225.98	7.0473
226.215	11.2773
226.449	15.8973
226.683	20.9573
226.918	24.807299999999998
227.152	29.6373
227.387	34.8273
227.621	38.1473
227.856	42.7173
228.09	46.0173
228.324	50.7173
228.559	56.7473
228.793	62.5973
229.027	81.0373
229.262	85.4873
229.496	96.1173
229.73	110.6873
229.964	111.74730000000001
230.199	95.3873
230.433	93.6573
230.667	95.5673
230.901	96.1573
231.136	94.5573
231.37	96.1773
231.604	96.5873
231.838	97.0573
232.072	96.2673
232.306	98.37729999999999
232.541	98.5573
232.775	98.1173
233.009	97.91730000000001
233.243	97.3173
233.477	98.82730000000001
233.711	99.5573
233.945	98.5073
234.179	100.6373
234.413	101.1873
234.647	100.6773
234.881	99.5973
235.115	99.6473
235.349	100.5973
235.583	100.5573
235.817	101.0873
236.051	104.2373
236.285	102.9873
236.519	103.3973
236.753	106.20729999999999
236.987	117.2773
237.221	140.84730000000002
237.455	147.5673
237.689	115.1773
237.922	106.99730000000001
238.156	105.3173
238.39	103.3573
238.624	101.41730000000001
238.858	104.2673
239.091	102.9673
239.325	103.20729999999999
239.559	107.1773
239.793	107.0973
240.027	109.6873
240.26	114.1373
240.494	118.9373
240.728	116.2573
240.961	114.2273
241.195	111.5573
241.429	110.8673
241.662	108.4673
241.896	107.29729999999999
242.13	108.20729999999999
242.363	108.8973
242.597	109.5873
242.83	111.8873
243.064	113.5673
243.298	113.3173
243.531	113.16730000000001
243.765	113.8373
243.998	113.9273
244.232	116.54729999999999
244.465	118.1173
244.699	119.5973
244.932	115.87729999999999
245.166	116.3073
245.399	116.45729999999999
245.633	116.2373
245.866	115.1473
246.099	117.0273
246.333	119.0673
246.566	119.16730000000001
246.8	119.2373
247.033	122.5673
247.266	122.1873
247.5	125.41730000000001
247.733	128.4673
247.966	130.3773
248.2	128.8173
248.433	128.3273
248.666	131.4673
248.899	140.1373
249.133	146.3873
249.366	154.68730000000002
249.599	147.8373
249.832	133.27730000000003
250.066	135.8673
250.299	137.3773
250.532	142.7673
250.765	150.5173
250.998	157.1273
251.231	151.1473
251.465	144.8273
251.698	141.4973
251.931	140.94729999999998
252.164	141.0473
252.397	142.3573
252.63	143.9973
252.863	146.7973
253.096	154.0173
253.329	158.1373
253.562	151.7473
253.795	151.0773
254.028	149.3773
254.261	153.4973
254.494	161.0873
254.727	177.6473
254.96	180.15730000000002
255.193	167.5873
255.426	159.2373
255.659	153.8173
255.892	159.9973
256.124	162.3873
256.357	158.5573
256.59	154.7673
256.823	152.1373
257.056	150.09730000000002
257.289	151.0473
257.521	150.3773
257.754	148.4873
257.987	150.3973
258.22	152.1573
258.452	149.1473
258.685	149.7873
258.918	151.9273
259.151	154.0373
259.383	158.4273
259.616	156.50730000000001
259.849	160.0173
260.081	167.0473
260.314	173.6273
260.547	172.27730000000003
260.779	163.6173
261.012	160.8673
261.244	159.3673
261.477	160.7273
261.71	164.6173
261.942	178.68730000000002
262.175	185.4873
262.407	162.6273
262.64	157.09730000000002
262.872	157.2073
263.105	156.2273
263.337	157.94729999999998
263.57	157.9073
263.802	157.5873
264.035	158.3073
264.267	156.6373
264.499	157.8773
264.732	159.9773
264.964	159.0773
265.197	159.5873
265.429	157.7473
265.661	159.2673
265.894	160.5173
266.126	161.7373
266.358	160.9873
266.591	164.18730000000002
266.823	167.6373
267.055	166.6673
267.287	168.9573
267.52	165.9873
267.752	167.2273
267.984	168.8973
268.216	167.0473
268.448	173.26729999999998
268.681	174.7973
268.913	178.85729999999998
269.145	189.7873
269.377	191.85729999999998
269.609	185.7273
269.841	186.0573
270.073	189.8773
270.306	203.6173
270.538	209.69729999999998
270.77	202.69729999999998
271.002	195.65730000000002
271.234	194.43730000000002
271.466	202.7273
271.698	208.9873
271.93	207.7373
272.162	208.44729999999998
272.394	207.31730000000002
272.626	197.5773
272.858	191.6773
273.09	189.2273
273.322	187.9873
273.553	185.9273
273.785	186.5473
274.017	184.8673
274.249	186.90730000000002
274.481	189.3673
274.713	187.9173
274.945	189.8273
275.176	188.76729999999998
275.408	188.3873
275.64	188.51729999999998
275.872	190.02730000000003
276.104	191.8973
276.335	194.7373
276.567	203.34730000000002
276.799	214.09730000000002
277.031	223.6673
277.262	219.44729999999998
277.494	213.8873
277.726	203.0473
277.957	199.3973
278.189	197.1473
278.421	194.90730000000002
278.652	195.9273
278.884	194.9173
279.115	195.4773
279.347	195.0773
279.579	196.9673
279.81	196.4273
280.042	200.26729999999998
280.273	199.0773
280.505	197.5473
280.736	197.6173
280.968	197.8273
281.199	199.8073
281.431	199.93730000000002
281.662	199.52730000000003
281.894	202.68730000000002
282.125	212.01729999999998
282.356	233.2373
282.588	252.6673
282.819	229.4773
283.051	208.3373
283.282	204.26729999999998
283.513	206.4273
283.745	208.02730000000003
283.976	208.51729999999998
284.207	209.6673
284.439	207.3973
284.67	208.84730000000002
284.901	207.43730000000002
285.132	205.9173
285.364	206.51729999999998
285.595	208.59730000000002
285.826	207.3873
286.057	209.5873
286.288	208.27730000000003
286.52	209.9773
286.751	210.5373
286.982	212.6473
287.213	213.25730000000001
287.444	214.1173
287.675	218.19729999999998
287.906	223.3273
288.138	223.40730000000002
288.369	225.31730000000002
288.6	226.34730000000002
288.831	219.25730000000001
289.062	220.2873
289.293	217.6773
289.524	214.9773
289.755	216.7473
289.986	218.00730000000001
290.217	217.34730000000002
290.448	218.4973
290.679	218.81730000000002
290.91	218.4173
291.141	216.68730000000002
291.371	217.2473
291.602	219.51729999999998
291.833	217.8273
292.064	217.2973
292.295	217.9173
292.526	220.5773
292.757	218.93730000000002
292.987	219.5373
293.218	217.4873
293.449	220.0373
293.68	220.69729999999998
293.91	221.3373
294.141	221.31730000000002
294.372	219.90730000000002
294.603	220.94729999999998
294.833	221.40730000000002
295.064	221.5573
295.295	223.3273
295.525	224.4273
295.756	233.6373
295.987	248.40730000000002
296.217	271.5773
296.448	259.7473
296.679	230.4973
296.909	226.6273
297.14	226.8273
297.37	229.4973
297.601	228.7473
297.831	231.60729999999998
298.062	232.1773
298.292	231.65730000000002
298.523	235.2173
298.753	233.9173
298.984	231.4173
299.214	233.8073
299.445	235.01729999999998
299.675	235.7473
299.905	239.40730000000002
300.136	235.7873
300.366	236.1373
300.597	237.8273
300.827	244.56730000000002
301.057	251.26729999999998
301.288	259.3673
301.518	248.4273
301.748	246.44729999999998
301.979	257.1073
302.209	249.3973
302.439	248.8273
302.669	243.8073
302.9	243.4573
303.13	244.68730000000002
303.36	249.6773
303.59	253.9573
303.82	257.6773
304.051	250.2073
304.281	244.44729999999998
304.511	244.1373
304.741	241.76729999999998
304.971	242.44729999999998
305.201	242.9573
305.431	241.0873
305.661	242.7173
305.891	244.81730000000002
306.121	246.81730000000002
306.352	251.75730000000001
306.582	253.7473
306.812	243.8973
307.042	245.77730000000003
307.272	247.8973
307.502	248.50730000000001
307.731	248.2273
307.961	243.09730000000002
308.191	241.60729999999998
308.421	243.44729999999998
308.651	245.7073
308.881	248.3973
309.111	248.6673
309.341	252.44729999999998
309.571	255.9773
309.8	255.76729999999998
310.03	259.9073
310.26	261.6473
310.49	260.31730000000005
310.72	267.1073
310.949	272.4073
311.179	271.4773
311.409	263.4773
311.639	263.13730000000004
311.868	265.2173
312.098	264.7873
312.328	270.4773
312.557	279.7873
312.787	284.4473
313.017	277.3973
313.246	267.7273
313.476	264.0573
313.706	270.20730000000003
313.935	273.7573
314.165	281.6773
314.394	282.88730000000004
314.624	278.1173
314.853	271.6473
315.083	268.7573
315.312	267.8573
315.542	266.4273
315.771	263.3273
316.001	263.2873
316.23	263.4273
316.46	264.0073
316.689	265.1173
316.919	267.4973
317.148	271.6273
317.377	269.9473
317.607	268.4473
317.836	266.2273
318.065	263.9873
318.295	263.1473
318.524	262.0073
318.753	263.0773
318.983	265.3673
319.212	269.9973
319.441	278.2573
319.67	279.0173
319.9	268.1573
320.129	266.0773
320.358	266.33729999999997
320.587	269.7373
320.816	275.83729999999997
321.046	279.5273
321.275	274.5373
321.504	274.4673
321.733	277.9673
321.962	279.1173
322.191	285.33729999999997
322.42	292.0473
322.649	302.1173
322.878	305.1373
323.108	312.1973
323.337	326.91729999999995
323.566	342.3673
323.795	374.6573
324.024	443.8673
324.253	684.3273
324.482	1222.8573
324.71	2191.4073
324.939	2683.7373000000002
325.168	1284.8073
325.397	521.8673
325.626	385.0773
325.855	349.0373
326.084	343.4573
326.313	348.4273
326.542	373.8273
326.77	472.27729999999997
326.999	740.2973000000001
327.228	1318.4272999999998
327.457	2188.1673
327.686	1825.0473
327.914	669.8973
328.143	451.3873
328.372	402.7573
328.6	368.0773
328.829	358.51730000000003
329.058	370.98729999999995
329.287	368.1073
329.515	342.8873
329.744	333.6173
329.972	341.77729999999997
330.201	363.2073
330.43	386.87729999999993
330.658	383.9373
330.887	400.77729999999997
331.115	365.8573
331.344	334.69730000000004
331.572	331.0373
331.801	336.6173
332.03	337.4373
332.258	331.62729999999993
332.486	331.4273
332.715	336.0073
332.943	343.7273
333.172	350.8173
333.4	359.7873
333.629	371.52729999999997
333.857	385.59729999999996
334.085	384.3673
334.314	398.6573
334.542	423.9273
334.771	413.3873
334.999	364.6873
335.227	349.7173
335.455	341.19730000000004
335.684	339.6073
335.912	332.8373
336.14	335.8573
336.369	332.87729999999993
336.597	337.27729999999997
336.825	332.01730000000003
337.053	323.9473
337.281	321.7873
337.51	317.3073
337.738	319.58729999999997
337.966	314.6173
338.194	315.7373
338.422	313.72729999999996
338.65	309.22729999999996
338.878	307.9173
339.106	305.2673
339.334	305.4473
339.562	301.2073
339.79	298.3573
340.018	298.6373
340.246	300.6073
340.474	302.4873
340.702	303.15729999999996
340.93	300.5773
341.158	301.9173
341.386	302.5273
341.614	302.7673
341.842	300.7473
342.07	295.0773
342.298	297.3473
342.526	295.1873
342.754	293.6373
342.981	296.0073
343.209	299.3073
343.437	318.9973
343.665	325.1173
343.893	339.0073
344.12	339.6473
344.348	326.0673
344.576	317.6073
344.804	315.5373
345.031	312.1773
345.259	311.9173
345.487	304.7873
345.714	298.95730000000003
345.942	295.1073
346.17	291.7673
346.397	291.0773
346.625	289.83729999999997
346.853	286.1973
347.08	288.0773
347.308	295.15729999999996
347.535	297.5773
347.763	302.2673
347.99	299.7573
348.218	300.4873
348.445	303.7473
348.673	297.8673
348.9	291.4973
349.128	287.9973
349.355	286.0073
349.583	285.3773
349.81	286.1573
350.037	287.6573
350.265	285.31730000000005
350.492	286.4073
350.72	288.3473
350.947	290.6773
351.174	302.3573
351.402	303.5073
351.629	295.2873
351.856	296.8473
352.083	298.40729999999996
352.311	302.2773
352.538	302.6873
352.765	303.7773
352.992	303.3073
353.22	300.9373
353.447	294.0773
353.674	288.5373
353.901	285.95730000000003
354.128	283.5073
354.355	283.9473
354.583	284.2973
354.81	286.88730000000004
355.037	284.1073
355.264	282.3073
355.491	280.7873
355.718	280.9773
355.945	282.3573
356.172	283.8073
356.399	283.63730000000004
356.626	282.2773
356.853	282.20730000000003
357.08	281.0773
357.307	280.4173
357.534	282.7673
357.761	283.6173
357.988	284.5273
358.215	286.0073
358.441	285.9273
358.668	283.0973
358.895	283.1073
359.122	281.7373
359.349	287.9473
359.576	293.0773
359.802	307.0073
360.029	322.0773
360.256	318.33729999999997
360.483	302.7873
360.709	290.1973
360.936	291.7473
361.163	292.8773
361.39	293.5773
361.616	293.4573
361.843	289.9973
362.07	292.2573
362.296	289.72729999999996
362.523	286.9173
362.749	287.4473
362.976	286.4973
363.203	285.33729999999997
363.429	280.4873
363.656	283.1873
363.882	282.6973
364.109	283.1573
364.335	281.6673
364.562	281.4473
364.788	281.1173
365.015	284.2573
365.241	288.4773
365.468	295.7373
365.694	293.0373
365.92	288.0073
366.147	283.0573
366.373	279.95730000000003
366.599	278.2373
366.826	281.0373
367.052	279.7173
367.278	284.4373
367.505	283.1273
367.731	286.4973
367.957	283.8073
368.184	286.45730000000003
368.41	293.6973
368.636	304.6073
368.862	311.5173
369.089	299.0673
369.315	288.0273
369.541	287.6473
369.767	288.90729999999996
369.993	286.2573
370.219	290.3473
370.445	288.3973
370.672	290.2073
370.898	288.83729999999997
371.124	292.08729999999997
371.35	294.3573
371.576	293.0073
371.802	292.5373
372.028	292.1173
372.254	294.72729999999996
372.48	297.8773
372.706	299.9273
372.932	303.1873
373.158	301.0173
373.384	298.83729999999997
373.61	298.3773
373.835	297.6273
374.061	297.5173
374.287	302.3873
374.513	305.8873
374.739	312.0173
374.965	318.0273
375.191	315.47729999999996
375.416	314.9673
375.642	306.7473
375.868	306.0373
376.094	301.8273
376.319	299.5073
376.545	296.0273
376.771	298.4973
376.997	296.3173
377.222	297.0073
377.448	296.0073
377.674	295.8273
377.899	294.6873
378.125	295.2073
378.35	295.1473
378.576	293.33729999999997
378.802	293.2673
379.027	295.1973
379.253	299.22729999999996
379.478	293.5673
379.704	297.6073
379.929	299.70730000000003
380.155	299.5273
380.38	300.40729999999996
380.606	302.7073
380.831	298.4173
381.057	308.3673
381.282	301.0373
381.507	305.2373
381.733	307.3773
381.958	309.2473
382.184	312.5573
382.409	316.6173
382.634	320.3573
382.86	318.40729999999996
383.085	323.1973
383.31	325.6573
383.535	329.26730000000003
383.761	329.59729999999996
383.986	332.4973
384.211	336.1173
384.436	341.55729999999994
384.662	346.8973
384.887	352.1773
385.112	353.26730000000003
385.337	358.5473
385.562	355.98729999999995
385.787	359.34729999999996
386.013	365.7173
386.238	369.98729999999995
386.463	361.3273
386.688	363.6773
386.913	355.0073
387.138	354.9773
387.363	352.5873
387.588	345.80729999999994
387.813	350.7273
388.038	355.0773
388.263	362.55729999999994
388.488	362.0073
388.713	345.3873
388.938	344.37729999999993
389.163	341.1573
389.387	341.7273
389.612	336.8873
389.837	336.2973
390.062	335.8173
390.287	338.84729999999996
390.512	336.0073
390.736	338.0773
390.961	342.7173
391.186	348.27729999999997
391.411	356.73729999999995
391.636	361.7473
391.86	364.66729999999995
392.085	368.48729999999995
392.31	359.8973
392.534	354.52729999999997
392.759	353.0773
392.984	347.1473
393.208	350.59729999999996
393.433	355.2573
393.658	349.6873
393.882	345.3373
394.107	346.2473
394.331	349.0873
394.556	348.5873
394.78	354.9673
395.005	354.19730000000004
395.229	350.76730000000003
395.454	364.5473
395.678	367.5373
395.903	368.62729999999993
396.127	371.7473
396.352	361.52729999999997
396.576	350.3573
396.801	354.2573
397.025	358.6073
397.249	360.9073
397.474	367.9973
397.698	368.7473
397.922	373.76730000000003
398.147	378.2073
398.371	383.6873
398.595	389.01730000000003
398.82	403.0873
399.044	436.09729999999996
399.268	472.1173
399.492	525.6873
399.717	556.7873
399.941	543.3473
400.165	513.4173000000001
400.389	478.2173
400.613	438.59729999999996
400.837	415.3373
401.062	411.0073
401.286	403.51730000000003
401.51	405.5373
401.734	400.41729999999995
401.958	415.4973
402.182	441.9073
402.406	468.1073
402.63	445.02729999999997
402.854	430.9073
403.078	432.9373
403.302	436.2973
403.526	443.3573
403.75	446.9273
403.974	447.9673
404.198	446.30729999999994
404.422	452.27729999999997
404.645	449.16729999999995
404.869	450.5073
405.093	465.3373
405.317	474.73729999999995
405.541	473.5873
405.765	452.2073
405.988	460.30729999999994
406.212	508.0773
406.436	555.4773
406.66	502.34729999999996
406.883	471.1473
407.107	492.59729999999996
407.331	520.1673000000001
407.555	550.6873
407.778	529.5373
408.002	491.1473
408.226	469.6073
408.449	463.7973
408.673	458.3873
408.896	468.8173
409.12	478.7173
409.344	453.2473
409.567	435.6373
409.791	436.0873
410.014	434.5473
410.238	429.26730000000003
410.461	431.4973
410.685	434.16729999999995
410.908	439.98729999999995
411.132	455.6573
411.355	449.1073
411.578	427.91729999999995
411.802	414.05729999999994
412.025	418.0773
412.249	427.62729999999993
412.472	431.6573
412.695	439.44730000000004
412.919	419.4073
413.142	407.6773
413.365	402.2573
413.589	402.9773
413.812	396.8373
414.035	396.4973
414.258	400.27729999999997
414.482	400.2173
414.705	403.3673
414.928	400.76730000000003
415.151	401.8173
415.374	402.84729999999996
415.597	395.6573
415.821	391.84729999999996
416.044	391.4073
416.267	391.9673
416.49	386.98729999999995
416.713	388.6473
416.936	392.5473
417.159	391.30729999999994
417.382	394.7873
417.605	394.6773
417.828	405.19730000000004
418.051	411.3873
418.274	404.7273
418.497	398.8173
418.72	404.5673
418.943	399.98729999999995
419.166	419.7573
419.389	440.7873
419.611	433.3573
419.834	423.62729999999993
420.057	421.55729999999994
420.28	412.19730000000004
420.503	405.4973
420.726	405.19730000000004
420.948	409.4973
421.171	431.8673
421.394	428.6873
421.617	407.37729999999993
421.839	403.55729999999994
422.062	408.1473
422.285	418.3373
422.507	452.7473
422.73	479.7973
422.953	444.5773
423.175	426.3273
423.398	427.37729999999993
423.621	427.0873
423.843	437.3373
424.066	434.55729999999994
424.288	430.0873
424.511	441.4673
424.733	465.9573
424.956	491.26730000000003
425.178	463.73729999999995
425.401	470.55729999999994
425.623	467.0373
425.846	417.23729999999995
426.068	407.5373
426.291	405.1573
426.513	405.2973
426.735	410.1873
426.958	433.2973
427.18	476.1473
427.402	553.1273
427.625	580.0773
427.847	489.2173
428.069	441.7173
428.292	402.1573
428.514	379.6473
428.736	371.0873
428.958	371.8973
429.181	362.12729999999993
429.403	366.52729999999997
429.625	373.62729999999993
429.847	393.73729999999995
430.069	422.0073
430.292	394.94730000000004
430.514	366.12729999999993
430.736	365.4073
430.958	361.44730000000004
431.18	355.8973
431.402	357.6573
431.624	357.2473
431.846	361.12729999999993
432.068	361.80729999999994
432.29	368.12729999999993
432.512	365.44730000000004
432.734	368.09729999999996
432.956	365.8673
433.178	376.34729999999996
433.4	376.6073
433.622	364.9973
433.844	367.8373
434.066	369.55729999999994
434.287	372.1573
434.509	385.4673
434.731	394.1873
434.953	403.1773
435.175	405.69730000000004
435.397	411.4973
435.618	407.37729999999993
435.84	431.6373
436.062	484.9073
436.284	478.7473
436.505	410.1073
436.727	397.27729999999997
436.949	378.8173
437.17	366.1873
437.392	364.02729999999997
437.614	375.7573
437.835	401.48729999999995
438.057	454.7173
438.278	482.7073
438.5	474.80729999999994
438.721	524.9073000000001
438.943	458.8573
439.165	394.01730000000003
439.386	385.8173
439.608	391.27729999999997
439.829	402.12729999999993
440.05	431.77729999999997
440.272	460.9573
440.493	405.1173
440.715	383.3373
440.936	379.4073
441.158	383.5873
441.379	387.7173
441.6	406.05729999999994
441.822	417.3173
442.043	439.6473
442.264	482.0673
442.486	467.4973
442.707	421.8673
442.928	420.5673
443.149	448.26730000000003
443.371	457.1173
443.592	470.09729999999996
443.813	519.4673
444.034	513.3172999999999
444.255	451.27729999999997
444.476	443.0073
444.698	452.1473
444.919	456.6573
445.14	489.41729999999995
445.361	466.5073
445.582	463.23729999999995
445.803	502.94730000000004
446.024	532.6673000000001
446.245	515.1073
446.466	460.80729999999994
446.687	397.8673
446.908	380.7473
447.129	366.8273
447.35	360.69730000000004
447.571	359.8673
447.792	354.55729999999994
448.013	365.2173
448.234	378.66729999999995
448.455	404.3873
448.675	471.9573
448.896	495.6573
449.117	415.0373
449.338	429.7573
449.559	510.02729999999997
449.779	519.0073
450.0	398.2973
450.221	361.7473
450.442	352.7273
450.662	353.1173
450.883	363.1573
451.104	371.6573
451.324	353.5473
451.545	340.91729999999995
451.766	332.8873
451.986	329.9773
452.207	330.4373
452.428	330.2973
452.648	337.0873
452.869	344.9773
453.089	349.69730000000004
453.31	356.9973
453.53	334.05729999999994
453.751	331.4073
453.971	339.5473
454.192	347.59729999999996
454.412	327.3973
454.633	320.7073
454.853	319.9673
455.073	323.0273
455.294	343.6073
455.514	370.02729999999997
455.734	342.7473
455.955	315.4673
456.175	312.7673
456.395	309.2073
456.616	307.1973
456.836	308.9273
457.056	308.1973
457.276	302.4373
457.497	308.6073
457.717	310.8473
457.937	316.3273
458.157	319.1373
458.377	328.6573
458.598	353.7173
458.818	413.0673
459.038	457.0873
459.258	423.6873
459.478	372.8673
459.698	366.4373
459.918	371.3273
460.138	379.2273
460.358	389.19730000000004
460.578	389.76730000000003
460.798	396.6173
461.018	396.5673
461.238	387.52729999999997
461.458	386.4673
461.678	382.12729999999993
461.898	389.6073
462.118	393.6773
462.338	411.6173
462.558	418.3673
462.777	429.98729999999995
462.997	461.3173
463.217	481.44730000000004
463.437	470.5473
463.657	442.4373
463.876	432.7573
464.096	435.34729999999996
464.316	438.0673
464.536	440.4273
464.755	432.2073
464.975	433.0673
465.195	478.8973
465.414	474.5673
465.634	392.05729999999994
465.854	370.91729999999995
466.073	359.9573
466.293	349.27729999999997
466.512	343.48729999999995
466.732	339.16729999999995
466.951	338.62729999999993
467.171	340.2273
467.391	347.16729999999995
467.61	353.55729999999994
467.829	348.1773
468.049	347.7173
468.268	346.4073
468.488	329.7873
468.707	324.5673
468.927	326.4973
469.146	324.94730000000004
469.365	328.01730000000003
469.585	335.1873
469.804	345.4273
470.023	353.05729999999994
470.243	349.59729999999996
470.462	358.3673
470.681	371.09729999999996
470.901	352.69730000000004
471.12	345.12729999999993
471.339	341.7273
471.558	340.94730000000004
471.777	337.8373
471.997	337.27729999999997
472.216	360.7473
472.435	400.05729999999994
472.654	345.6373
472.873	330.4973
473.092	329.1873
473.311	328.98729999999995
473.53	328.4573
473.749	334.3973
473.968	363.0873
474.187	415.4673
474.406	388.23729999999995
474.625	341.05729999999994
474.844	332.26730000000003
475.063	325.9773
475.282	327.9773
475.501	331.41729999999995
475.72	334.8173
475.939	333.3573
476.158	333.9673
476.377	336.84729999999996
476.596	338.44730000000004
476.814	346.0073
477.033	349.3673
477.252	348.87729999999993
477.471	354.16729999999995
477.69	360.37729999999993
477.908	363.8873
478.127	371.5873
478.346	375.1773
478.564	381.9773
478.783	389.6173
479.002	397.1373
479.22	392.55729999999994
479.439	405.2873
479.658	407.23729999999995
479.876	408.4273
480.095	417.9573
480.313	436.73729999999995
480.532	433.01730000000003
480.751	428.41729999999995
480.969	445.8573
481.188	538.0473
481.406	487.3973
481.624	410.8373
481.843	390.5773
482.061	381.1173
482.28	378.59729999999996
482.498	374.59729999999996
482.717	371.37729999999993
482.935	372.1873
483.153	371.1173
483.372	370.51730000000003
483.59	371.0873
483.808	372.73729999999995
484.027	374.1073
484.245	376.98729999999995
484.463	377.30729999999994
484.681	387.3373
484.9	382.59729999999996
485.118	388.2473
485.336	388.9373
485.554	397.2173
485.772	401.8173
485.99	400.4673
486.209	407.1473
486.427	407.2873
486.645	413.8873
486.863	417.7873
487.081	409.0073
487.299	401.6173
487.517	399.8873
487.735	395.09729999999996
487.953	394.4373
488.171	396.3673
488.389	396.2873
488.607	400.1173
488.825	395.7273
489.043	395.52729999999997
489.261	397.9373
489.479	398.5373
489.696	402.3573
489.914	402.09729999999996
490.132	405.0373
490.35	409.59729999999996
490.568	408.6173
490.786	412.3873
491.003	419.1373
491.221	425.4573
491.439	432.48729999999995
491.657	436.5373
491.874	438.1373
492.092	440.3573
492.31	442.9573
492.527	441.0773
492.745	445.09729999999996
492.963	446.41729999999995
493.18	447.8373
493.398	456.51730000000003
493.615	461.52729999999997
493.833	457.9973
494.05	455.23729999999995
494.268	453.30729999999994
494.485	453.52729999999997
494.703	447.1173
494.92	452.77729999999997
495.138	452.5473
495.355	452.12729999999993
495.573	452.9973
495.79	451.6073
496.008	456.84729999999996
496.225	454.0073
496.442	453.1073
496.66	459.4973
496.877	458.76730000000003
497.094	463.12729999999993
497.312	471.98729999999995
497.529	479.8673
497.746	489.37729999999993
497.963	498.1473
498.181	518.0273000000001
498.398	532.8473
498.615	563.8273
498.832	582.3973
499.049	600.4073000000001
499.267	634.6873
499.484	669.9573
499.701	710.3372999999999
499.918	748.5572999999999
500.135	792.6473000000001
500.352	823.7073
500.569	832.3072999999999
500.786	825.8673000000001
501.003	799.4673
501.22	765.8072999999999
501.437	727.3673000000001
501.654	684.9973
501.871	661.1573000000001
502.088	614.2473
502.305	584.4373
502.522	557.5773
502.739	544.7273
502.956	520.8773
503.172	504.41730000000007
503.389	495.80729999999994
503.606	495.3873
503.823	485.9973
504.04	480.5873
504.256	484.02729999999997
504.473	490.62729999999993
504.69	490.09729999999996
504.907	481.9273
505.123	458.1573
505.34	446.0373
505.557	437.2173
505.773	433.4773
505.99	431.91729999999995
506.207	426.0873
506.423	422.7173
506.64	419.7073
506.856	414.30729999999994
507.073	411.7273
507.289	409.52729999999997
507.506	411.0373
507.722	424.59729999999996
507.939	420.2973
508.155	402.2473
508.372	397.9373
508.588	393.8673
508.805	396.6373
509.021	395.4773
509.238	408.23729999999995
509.454	406.98729999999995
509.67	404.80729999999994
509.887	403.0473
510.103	417.77729999999997
510.319	484.91729999999995
510.536	941.1073
510.752	2316.0273
510.968	873.6673
511.184	428.3373
511.401	390.8673
511.617	379.4673
511.833	377.4973
512.049	375.2473
512.265	374.34729999999996
512.481	372.41729999999995
512.698	369.3573
512.914	370.5673
513.13	369.1873
513.346	370.30729999999994
513.562	371.6073
513.778	375.3573
513.994	376.5773
514.21	384.8673
514.426	403.8173
514.642	424.7973
514.858	428.62729999999993
515.074	477.16729999999995
515.29	744.7973000000001
515.506	1622.2072999999998
515.721	806.4073000000001
515.937	461.41729999999995
516.153	420.7273
516.369	410.4973
516.585	410.9773
516.801	417.8373
517.016	428.0773
517.232	440.01730000000003
517.448	452.6473
517.664	455.4373
517.879	456.3573
518.095	452.8973
518.311	447.2273
518.527	434.05729999999994
518.742	422.76730000000003
518.958	410.7473
519.173	402.1073
519.389	395.4373
519.605	389.6373
519.82	385.2973
520.036	396.3173
520.251	411.0673
520.467	408.2273
520.682	401.2273
520.898	400.7273
521.113	413.0673
521.329	438.4773
521.544	516.7773
521.76	862.3873
521.975	2436.0073
522.19	1604.7973
522.406	580.9373
522.621	398.2873
522.836	368.7873
523.052	358.2273
523.267	348.16729999999995
523.482	342.69730000000004
523.698	346.0873
523.913	358.8373
524.128	344.51730000000003
524.343	333.5873
524.559	330.84729999999996
524.774	324.9673
524.989	329.48729999999995
525.204	339.0873
525.419	332.2273
525.634	325.12729999999993
525.849	324.5073
526.064	321.3973
526.28	322.2773
526.495	317.5173
526.71	319.1373
526.925	317.9173
527.14	315.0373
527.355	316.0373
527.57	314.4373
527.785	316.0973
527.999	314.6373
528.214	318.7173
528.429	320.2173
528.644	318.0173
528.859	317.9973
529.074	320.9973
529.289	350.6373
529.503	411.5473
529.718	345.84729999999996
529.933	323.3873
530.148	319.2073
530.363	318.9573
530.577	314.5573
530.792	311.83729999999997
531.007	314.3973
531.221	318.9673
531.436	312.8073
531.651	315.7673
531.865	314.1173
532.08	314.5073
532.295	314.5273
532.509	312.6173
532.724	311.2773
532.938	315.6373
533.153	318.3473
533.367	312.6373
533.582	313.72729999999996
533.796	310.1273
534.011	311.0173
534.225	308.2173
534.44	306.6973
534.654	308.9673
534.868	308.7673
535.083	308.0173
535.297	307.2973
535.511	313.9173
535.726	315.7573
535.94	314.2073
536.154	305.8173
536.369	302.40729999999996
536.583	296.3473
536.797	298.6773
537.011	296.9473
537.225	295.9473
537.44	294.4173
537.654	295.4573
537.868	295.2073
538.082	296.0273
538.296	295.65729999999996
538.51	293.90729999999996
538.724	293.47729999999996
538.938	294.0773
539.153	295.7473
539.367	304.20730000000003
539.581	296.1673
539.795	290.0273
540.009	290.72729999999996
540.222	290.90729999999996
540.436	291.90729999999996
540.65	290.8973
540.864	293.5773
541.078	297.7273
541.292	293.6173
541.506	289.2873
541.72	284.1773
541.934	283.0273
542.147	285.9773
542.361	282.6073
542.575	281.13730000000004
542.789	281.9273
543.002	282.8473
543.216	288.4573
543.43	292.6673
543.644	289.3273
543.857	287.1473
544.071	288.2773
544.285	290.58729999999997
544.498	285.8073
544.712	285.7573
544.925	286.7373
545.139	285.6073
545.352	285.47729999999996
545.566	284.8573
545.779	285.7473
545.993	285.9973
546.206	287.2073
546.42	283.38730000000004
546.633	284.4373
546.847	286.81730000000005
547.06	282.6773
547.274	283.5273
547.487	281.95730000000003
547.7	282.8773
547.914	283.8673
548.127	284.5773
548.34	284.72729999999996
548.554	283.1273
548.767	283.20730000000003
548.98	287.5973
549.193	284.9273
549.407	286.1873
549.62	288.3573
549.833	290.2273
550.046	285.7873
550.259	284.7273
550.473	280.81730000000005
550.686	282.7973
550.899	279.2173
551.112	278.4273
551.325	278.3073
551.538	279.08729999999997
551.751	278.1673
551.964	281.6773
552.177	283.83729999999997
552.39	285.0673
552.603	291.65729999999996
552.816	295.7973
553.029	298.9673
553.242	301.9173
553.455	309.9373
553.667	317.8673
553.88	313.3273
554.093	299.5473
554.306	294.3073
554.519	290.3173
554.732	283.9173
554.944	281.9473
555.157	277.8073
555.37	272.8773
555.583	274.1773
555.795	272.5373
556.008	266.1473
556.221	262.81730000000005
556.433	260.8073
556.646	259.95730000000003
556.859	257.9073
557.071	256.2873
557.284	255.9173
557.496	252.7473
557.709	253.56730000000002
557.921	249.1473
558.134	251.50730000000001
558.346	249.5773
558.559	248.7273
558.771	247.7873
558.984	246.7173
559.196	246.7973
559.409	244.1273
559.621	245.8673
559.833	242.8773
560.046	242.6273
560.258	244.5873
560.47	247.44729999999998
560.683	244.09730000000002
560.895	242.4673
561.107	242.7273
561.32	243.2973
561.532	244.27730000000003
561.744	245.02730000000003
561.956	245.31730000000002
562.168	245.4773
562.381	247.1673
562.593	247.15730000000002
562.805	246.44729999999998
563.017	248.40730000000002
563.229	247.84730000000002
563.441	247.51729999999998
563.653	248.1173
563.865	247.6673
564.077	247.19729999999998
564.289	251.59730000000002
564.501	255.1373
564.713	259.1173
564.925	264.5273
565.137	275.3773
565.349	270.1073
565.561	273.5073
565.773	280.5173
565.985	288.0673
566.197	298.3473
566.408	313.3573
566.62	332.2173
566.832	341.6373
567.044	343.2873
567.255	347.6373
567.467	356.84729999999996
567.679	369.84729999999996
567.891	388.5773
568.102	386.8373
568.314	368.8873
568.526	341.0373
568.737	321.6673
568.949	302.0973
569.161	286.5373
569.372	274.0173
569.584	266.8273
569.795	263.4973
570.007	275.3473
570.218	375.2473
570.43	284.1873
570.641	249.35729999999998
570.853	247.2473
571.064	247.9573
571.276	244.44729999999998
571.487	238.65730000000002
571.698	235.1373
571.91	230.1673
572.121	226.2073
572.333	223.4573
572.544	221.6273
572.755	218.94729999999998
572.966	220.2873
573.178	217.3873
573.389	216.10729999999998
573.6	214.76729999999998
573.811	213.0573
574.023	212.85729999999998
574.234	211.9773
574.445	211.9873
574.656	208.43730000000002
574.867	210.0473
575.078	212.27730000000003
575.289	209.06730000000002
575.501	209.0373
575.712	206.34730000000002
575.923	205.27730000000003
576.134	204.76729999999998
576.345	202.9973
576.556	204.4973
576.767	204.4273
576.978	204.1673
577.188	204.0373
577.399	204.4273
577.61	203.93730000000002
577.821	207.01729999999998
578.032	219.0773
578.243	340.9573
578.454	730.6972999999999
578.665	298.0473
578.875	208.68730000000002
579.086	197.0873
579.297	194.27730000000003
579.508	194.75730000000001
579.718	192.43730000000002
579.929	191.40730000000002
580.14	189.6173
580.35	189.4273
580.561	190.26729999999998
580.772	190.4873
580.982	187.0573
581.193	187.2073
581.403	187.34730000000002
581.614	187.10729999999998
581.825	188.77730000000003
582.035	185.9773
582.246	187.19729999999998
582.456	185.65730000000002
582.667	186.2873
582.877	185.7173
583.087	184.84730000000002
583.298	184.2973
583.508	185.5473
583.719	184.2873
583.929	185.59730000000002
584.139	183.9173
584.35	182.7273
584.56	185.0473
584.77	183.43730000000002
584.981	182.2173
585.191	184.5873
585.401	184.3673
585.611	182.1573
585.821	183.3773
586.032	183.50730000000001
586.242	181.5773
586.452	182.6273
586.662	181.52730000000003
586.872	179.6773
587.082	178.5773
587.292	178.51729999999998
587.502	179.6473
587.713	178.4173
587.923	181.1573
588.133	179.4273
588.343	178.3673
588.553	177.75730000000001
588.762	183.56730000000002
588.972	192.4873
589.182	248.93730000000002
589.392	206.3073
589.602	193.81730000000002
589.812	222.60729999999998
590.022	191.4973
590.232	180.5773
590.441	180.8673
590.651	179.56730000000002
590.861	180.19729999999998
591.071	182.2073
591.281	184.94729999999998
591.49	184.4273
591.7	186.2273
591.91	188.84730000000002
592.119	188.9873
592.329	196.00730000000001
592.539	201.85729999999998
592.748	200.4973
592.958	203.50730000000001
593.167	203.18730000000002
593.377	206.7373
593.587	212.3773
593.796	208.3273
594.006	208.27730000000003
594.215	209.3073
594.424	206.6273
594.634	204.1173
594.843	198.9773
595.053	192.8973
595.262	191.76729999999998
595.472	188.06730000000002
595.681	184.34730000000002
595.89	181.4773
596.1	180.4773
596.309	178.4073
596.518	173.6773
596.727	175.5373
596.937	172.8073
597.146	171.44729999999998
597.355	171.9073
597.564	169.3373
597.774	169.34730000000002
597.983	167.01729999999998
598.192	165.75730000000001
598.401	165.0873
598.61	164.52730000000003
598.819	164.6373
599.028	162.6373
599.237	161.9673
599.446	163.35729999999998
599.655	163.4773
599.864	162.1673
600.073	161.25730000000001
600.282	162.69729999999998
600.491	161.93730000000002
600.7	160.9573
600.909	160.5673
601.118	162.4973
601.327	160.8173
601.536	160.4673
601.745	160.3273
601.953	161.0773
602.162	160.94729999999998
602.371	157.2673
602.58	157.94729999999998
602.789	158.3073
602.997	156.6773
603.206	157.3173
603.415	155.9673
603.623	153.8273
603.832	154.19729999999998
604.041	154.4273
604.249	153.77730000000003
604.458	153.6773
604.666	153.5873
604.875	152.8973
605.084	151.7673
605.292	152.6073
605.501	152.1473
605.709	153.2173
605.918	151.7173
606.126	151.4673
606.334	153.2073
606.543	152.3673
606.751	151.6173
606.96	150.2373
607.168	149.2973
607.376	150.0473
607.585	151.1073
607.793	150.3773
608.001	150.8773
608.21	149.6373
608.418	149.0873
608.626	148.0473
608.834	150.94729999999998
609.043	150.59730000000002
609.251	151.4773
609.459	149.43730000000002
609.667	151.3973
609.875	147.3673
610.083	147.8073
610.291	148.75730000000001
610.499	149.77730000000003
610.707	149.0373
610.916	148.3773
611.124	149.6273
611.332	149.5373
611.54	147.7873
611.748	146.3973
611.955	146.8873
612.163	147.8573
612.371	148.1773
612.579	145.68730000000002
612.787	146.6373
612.995	149.1473
613.203	149.3873
613.411	147.44729999999998
613.618	146.8773
613.826	146.25730000000001
614.034	145.5673
614.242	146.84730000000002
614.449	146.84730000000002
614.657	148.2073
614.865	147.2173
615.072	146.0573
615.28	148.4773
615.488	148.4073
615.695	150.1673
615.903	153.8173
616.111	159.1573
616.318	159.2973
616.526	155.69729999999998
616.733	155.5373
616.941	151.4873
617.148	151.59730000000002
617.356	149.68730000000002
617.563	148.27730000000003
617.771	149.2473
617.978	146.02730000000003
618.185	147.2073
618.393	146.59730000000002
618.6	145.94729999999998
618.807	145.8173
619.015	144.5673
619.222	144.9773
619.429	142.8773
619.637	145.3873
619.844	142.94729999999998
620.051	142.94729999999998
620.258	141.77730000000003
620.466	140.9273
620.673	139.19729999999998
620.88	138.6473
621.087	139.43730000000002
621.294	140.59730000000002
621.501	139.4973
621.708	138.9273
621.915	140.9873
622.122	139.6573
622.329	141.1073
622.536	140.7673
622.743	137.18730000000002
622.95	138.6273
623.157	136.27730000000003
623.364	138.0873
623.571	137.8173
623.778	136.8773
623.985	138.1273
624.192	137.6173
624.399	135.8673
624.606	136.8673
624.812	134.8673
625.019	135.2873
625.226	135.6073
625.433	134.00730000000001
625.639	132.4273
625.846	134.8973
626.053	133.7073
626.259	133.8273
626.466	134.1673
626.673	132.09730000000002
626.879	131.1673
627.086	134.3773
627.293	134.5173
627.499	133.50730000000001
627.706	133.7373
627.912	131.44729999999998
628.119	131.5873
628.325	133.1273
628.532	130.3473
628.738	130.2873
628.945	130.69729999999998
629.151	129.5173
629.357	129.1673
629.564	129.8173
629.77	130.4873
629.976	128.4873
630.183	127.7873
630.389	128.2373
630.595	127.04729999999999
630.802	126.3373
631.008	127.0273
631.214	126.4273
631.42	127.82730000000001
631.627	129.8973
631.833	126.9873
632.039	124.2173
632.245	124.1373
632.451	126.8173
632.657	125.0973
632.863	123.3973
633.069	123.24730000000001
633.275	124.9273
633.481	121.6473
633.688	124.3873
633.893	125.04729999999999
634.099	124.5573
634.305	122.3173
634.511	122.6373
634.717	122.91730000000001
634.923	121.0573
635.129	122.5073
635.335	120.49730000000001
635.541	122.7373
635.747	122.49730000000001
635.952	121.3973
636.158	122.99730000000001
636.364	127.7573
636.57	125.6373
636.775	123.8073
636.981	123.2273
637.187	121.6073
637.392	121.4373
637.598	120.99730000000001
637.804	120.24730000000001
638.009	119.8673
638.215	120.16730000000001
638.421	118.3073
638.626	119.6573
638.832	120.6373
639.037	119.4773
639.243	118.2173
639.448	119.5673
639.654	119.7673
639.859	117.2673
640.065	117.2873
640.27	122.5273
640.475	117.3573
640.681	117.9473
640.886	116.9873
641.091	117.0073
641.297	120.4273
641.502	116.4673
641.707	119.9073
641.913	118.1573
642.118	116.9673
642.323	115.9473
642.528	118.7673
642.733	117.3073
642.939	117.2173
643.144	115.04729999999999
643.349	115.5373
643.554	116.37729999999999
643.759	115.2773
643.964	113.8873
644.169	114.4873
644.374	114.3573
644.579	117.1073
644.784	116.12729999999999
644.989	116.2773
645.194	114.5273
645.399	116.2273
645.604	114.6373
645.809	118.8173
646.014	118.3873
646.219	118.7173
646.423	114.9373
646.628	114.4673
646.833	116.0273
647.038	117.54729999999999
647.243	119.1773
647.447	115.95729999999999
647.652	118.16730000000001
647.857	118.8673
648.062	120.9673
648.266	121.1473
648.471	124.2873
648.676	127.9673
648.88	125.4773
649.085	124.3973
649.289	123.79729999999999
649.494	135.0573
649.698	167.8073
649.903	133.8873
650.107	121.2573
650.312	117.2173
650.516	114.1573
650.721	113.99730000000001
650.925	110.0273
651.13	110.5373
651.334	109.0373
651.539	109.24730000000001
651.743	107.7173
651.947	108.7773
652.152	107.9273
652.356	106.4373
652.56	106.84729999999999
652.764	104.6873
652.969	102.3673
653.173	102.3473
653.377	101.5673
653.581	102.45729999999999
653.785	102.6873
653.99	102.2773
654.194	102.6173
654.398	102.3673
654.602	102.45729999999999
654.806	106.8973
655.01	120.82730000000001
655.214	109.4373
655.418	102.2673
655.622	102.70729999999999
655.826	102.87729999999999
656.03	105.54729999999999
656.234	109.3073
656.438	115.32730000000001
656.642	114.29729999999999
656.846	106.5073
657.049	100.82730000000001
657.253	100.54729999999999
657.457	97.4073
657.661	93.5373
657.865	94.0173
658.068	92.5073
658.272	91.4273
658.476	89.5973
658.68	90.7273
658.883	90.4273
659.087	88.8573
659.291	89.1173
659.494	87.8873
659.698	86.6373
659.901	87.8973
660.105	86.1773
660.309	85.5373
660.512	85.29729999999999
660.716	86.70729999999999
660.919	85.2173
661.123	88.5573
661.326	85.5573
661.53	84.1373
661.733	84.9373
661.936	84.7773
662.14	82.6373
662.343	82.6873
662.546	81.0173
662.75	81.5173
662.953	83.9673
663.156	81.6573
663.36	83.3873
663.563	81.9773
663.766	80.07730000000001
663.969	81.79729999999999
664.173	81.0273
664.376	81.24730000000001
664.579	80.2873
664.782	80.8473
664.985	82.1073
665.188	81.9873
665.391	82.5073
665.594	80.54729999999999
665.797	80.7173
666.0	81.49730000000001
666.203	80.6973
666.406	80.0973
666.609	80.18730000000001
666.812	81.8673
667.015	80.8473
667.218	81.2873
667.421	81.0673
667.624	82.8073
667.827	81.99730000000001
668.03	81.1073
668.232	80.6773
668.435	81.95729999999999
668.638	81.79729999999999
668.841	81.6373
669.043	80.9173
669.246	82.0873
669.449	81.5873
669.651	79.9473
669.854	81.16730000000001
670.057	80.32730000000001
670.259	79.6673
670.462	80.99730000000001
670.665	80.8473
670.867	80.0673
671.07	79.3973
671.272	82.07730000000001
671.475	83.62729999999999
671.677	79.8073
671.88	80.8873
672.082	78.2273
672.284	81.4373
672.487	81.8673
672.689	79.7273
672.892	81.4473
