223.165	-17.4958
223.4	-17.4958
223.635	-17.4958
223.869	-18.0458
224.104	-18.3058
224.338	-16.4358
224.573	-15.465800000000002
224.808	-11.975800000000001
225.042	-7.8758
225.277	-6.1558
225.511	-1.5758
225.746	2.9842
225.98	8.3342
226.215	11.3842
226.449	15.6442
226.683	19.5542
226.918	24.8442
227.152	30.5842
227.387	35.0042
227.621	38.3042
227.856	43.9942
228.09	45.6442
228.324	50.964200000000005
228.559	56.4942
228.793	60.6842
229.027	70.58420000000001
229.262	74.1442
229.496	79.2342
229.73	91.0442
229.964	91.6942
230.199	84.0342
230.433	84.2842
230.667	86.1842
230.901	86.1642
231.136	84.85419999999999
231.37	88.0242
231.604	86.05420000000001
231.838	88.0242
232.072	87.2142
232.306	88.2042
232.541	88.99419999999999
232.775	88.1842
233.009	89.0842
233.243	89.39420000000001
233.477	89.6842
233.711	88.97420000000001
233.945	89.5842
234.179	89.0042
234.413	89.47420000000001
234.647	89.0042
234.881	88.8342
235.115	88.8342
235.349	88.65419999999999
235.583	89.55420000000001
235.817	90.8442
236.051	89.7742
236.285	89.1842
236.519	87.07419999999999
236.753	89.07419999999999
236.987	94.15419999999999
237.221	103.82419999999999
237.455	107.4342
237.689	93.10419999999999
237.922	90.5342
238.156	88.2842
238.39	88.2842
238.624	87.32419999999999
238.858	87.6642
239.091	87.7542
239.325	89.55420000000001
239.559	91.2842
239.793	91.22420000000001
240.027	91.9442
240.26	92.4542
240.494	94.2142
240.728	94.2542
240.961	93.0342
241.195	93.1942
241.429	91.2142
241.662	91.1142
241.896	91.0342
242.13	91.2942
242.363	92.1642
242.597	92.2142
242.83	94.0442
243.064	93.05420000000001
243.298	94.1842
243.531	93.72420000000001
243.765	94.24419999999999
243.998	94.05420000000001
244.232	96.3842
244.465	97.4342
244.699	97.15419999999999
244.932	95.8442
245.166	95.1942
245.399	94.2542
245.633	94.74419999999999
245.866	95.82419999999999
246.099	97.1242
246.333	96.4642
246.566	96.2642
246.8	96.5242
247.033	98.1342
247.266	97.6342
247.5	98.9442
247.733	100.9142
247.966	101.2542
248.2	102.56420000000001
248.433	101.6142
248.666	103.10419999999999
248.899	108.1342
249.133	110.6842
249.366	119.06420000000001
249.599	116.5042
249.832	107.10419999999999
250.066	108.9542
250.299	110.3842
250.532	116.3442
250.765	117.7642
250.998	117.4342
251.231	112.3742
251.465	110.15419999999999
251.698	108.4642
251.931	107.89420000000001
252.164	107.40419999999999
252.397	108.5842
252.63	109.5942
252.863	110.55420000000001
253.096	112.9542
253.329	113.89420000000001
253.562	111.90419999999999
253.795	109.98420000000002
254.028	112.5342
254.261	112.35419999999999
254.494	115.4242
254.727	123.5442
254.96	121.35419999999999
255.193	119.15419999999999
255.426	118.3442
255.659	118.3442
255.892	130.92419999999998
256.124	140.3242
256.357	134.1642
256.59	125.2742
256.823	118.2942
257.056	116.0142
257.289	114.6842
257.521	115.35419999999999
257.754	113.4242
257.987	113.1142
258.22	113.4442
258.452	112.4442
258.685	112.72420000000001
258.918	114.1842
259.151	114.60419999999999
259.383	115.8642
259.616	113.7542
259.849	115.8642
260.081	120.05420000000001
260.314	121.73420000000002
260.547	119.7642
260.779	119.22420000000001
261.012	118.0442
261.244	118.23420000000002
261.477	121.0242
261.71	122.74419999999999
261.942	134.1542
262.175	137.4742
262.407	118.9442
262.64	114.4642
262.872	115.8442
263.105	114.8642
263.337	116.65419999999999
263.57	115.5242
263.802	117.80420000000001
264.035	115.9442
264.267	115.4642
264.499	116.0042
264.732	116.2942
264.964	117.4242
265.197	115.82419999999999
265.429	116.4442
265.661	116.30420000000001
265.894	116.39420000000001
266.126	118.2142
266.358	117.73420000000002
266.591	117.0842
266.823	120.1742
267.055	117.7942
267.287	119.7042
267.52	119.24419999999999
267.752	120.2742
267.984	119.89420000000001
268.216	121.6342
268.448	121.2142
268.681	123.2542
268.913	126.9442
269.145	128.4842
269.377	129.7842
269.609	126.99419999999999
269.841	128.1842
270.073	129.9842
270.306	135.2842
270.538	136.9442
270.77	134.0942
271.002	130.7642
271.234	131.9342
271.466	134.3842
271.698	134.6942
271.93	135.8242
272.162	137.1242
272.394	136.1642
272.626	132.1242
272.858	130.55419999999998
273.09	128.45420000000001
273.322	129.7242
273.553	126.97419999999998
273.785	129.1842
274.017	128.89419999999998
274.249	128.1842
274.481	129.3142
274.713	129.7242
274.945	133.0242
275.176	128.9642
275.408	131.5242
275.64	132.0442
275.872	131.0642
276.104	132.4642
276.335	132.5642
276.567	140.8842
276.799	150.2442
277.031	149.1542
277.262	149.0742
277.494	142.58419999999998
277.726	139.9042
277.957	134.6242
278.189	133.9942
278.421	133.5142
278.652	133.95420000000001
278.884	132.7742
279.115	133.7142
279.347	134.08419999999998
279.579	134.1942
279.81	137.2442
280.042	141.2442
280.273	145.3142
280.505	139.64419999999998
280.736	134.6042
280.968	134.0642
281.199	135.1842
281.431	135.55419999999998
281.662	136.6242
281.894	138.1642
282.125	143.4742
282.356	160.0442
282.588	175.66420000000002
282.819	157.0942
283.051	139.9342
283.282	136.8242
283.513	140.14419999999998
283.745	139.1642
283.976	138.3442
284.207	137.9742
284.439	138.3242
284.67	138.5442
284.901	138.4142
285.132	138.4442
285.364	138.4142
285.595	140.2442
285.826	137.2242
286.057	140.6242
286.288	138.2442
286.52	140.4042
286.751	140.4642
286.982	141.4742
287.213	139.2442
287.444	142.4842
287.675	144.0242
287.906	145.64419999999998
288.138	147.1542
288.369	148.08419999999998
288.6	146.6142
288.831	144.6042
289.062	144.3542
289.293	143.9642
289.524	144.7242
289.755	142.5442
289.986	142.70420000000001
290.217	143.2842
290.448	142.2542
290.679	142.4042
290.91	145.64419999999998
291.141	142.8642
291.371	144.0142
291.602	143.5942
291.833	141.17419999999998
292.064	144.8242
292.295	143.1042
292.526	143.9742
292.757	142.67419999999998
292.987	143.9642
293.218	143.0142
293.449	143.8742
293.68	145.39419999999998
293.91	145.5342
294.141	146.5942
294.372	144.1142
294.603	144.5942
294.833	145.2842
295.064	144.83419999999998
295.295	146.17419999999998
295.525	146.5042
295.756	152.6842
295.987	163.3842
296.217	183.27419999999998
296.448	172.8042
296.679	151.4642
296.909	149.1942
297.14	150.0242
297.37	148.7842
297.601	148.2242
297.831	148.4942
298.062	150.67419999999998
298.292	149.7142
298.523	150.42419999999998
298.753	148.9642
298.984	148.6242
299.214	148.4442
299.445	153.1942
299.675	152.4442
299.905	154.5242
300.136	151.45420000000001
300.366	151.5142
300.597	151.8442
300.827	156.7642
301.057	162.2242
301.288	163.91420000000002
301.518	157.6542
301.748	155.5242
301.979	167.7842
302.209	155.83419999999998
302.439	154.64419999999998
302.669	153.4942
302.9	155.3442
303.13	155.55419999999998
303.36	158.7442
303.59	164.6942
303.82	167.3042
304.051	160.2342
304.281	156.7742
304.511	157.45420000000001
304.741	154.1842
304.971	153.0342
305.201	154.4842
305.431	154.7142
305.661	155.5942
305.891	154.8142
306.121	158.1042
306.352	163.8742
306.582	163.4442
306.812	156.1942
307.042	158.83419999999998
307.272	160.8542
307.502	163.7442
307.731	164.4742
307.961	158.6042
308.191	153.6942
308.421	156.58419999999998
308.651	157.8142
308.881	157.7542
309.111	157.6542
309.341	160.0742
309.571	163.82420000000002
309.8	163.2842
310.03	165.5542
310.26	165.1242
310.49	162.84419999999997
310.72	167.73420000000002
310.949	169.98420000000002
311.179	167.59419999999997
311.409	163.7842
311.639	165.1042
311.868	165.8942
312.098	165.3842
312.328	168.00420000000003
312.557	173.0642
312.787	174.66420000000002
313.017	173.8042
313.246	167.8742
313.476	163.7642
313.706	167.1242
313.935	168.8842
314.165	172.09419999999997
314.394	172.7142
314.624	168.7642
314.853	169.7442
315.083	167.41420000000002
315.312	165.5542
315.542	162.5442
315.771	164.2942
316.001	161.1842
316.23	162.32420000000002
316.46	162.0142
316.689	163.4942
316.919	164.3142
317.148	168.2442
317.377	168.52419999999998
317.607	166.6442
317.836	164.77419999999998
318.065	162.6342
318.295	161.5742
318.524	161.5642
318.753	164.0142
318.983	166.8742
319.212	168.83419999999998
319.441	174.17419999999998
319.67	173.9442
319.9	164.77419999999998
320.129	164.0442
320.358	166.3042
320.587	168.4742
320.816	169.5142
321.046	172.17419999999998
321.275	171.41420000000002
321.504	169.98420000000002
321.733	171.6442
321.962	171.67419999999998
322.191	173.91420000000002
322.42	179.2242
322.649	183.32420000000002
322.878	186.3542
323.108	190.9642
323.337	200.0242
323.566	205.7742
323.795	226.97420000000002
324.024	273.9042
324.253	431.38419999999996
324.482	800.3942
324.71	1503.6342000000002
324.939	1902.2242
325.168	815.8542
325.397	318.0042
325.626	231.04420000000002
325.855	209.91420000000002
326.084	208.5342
326.313	212.58419999999998
326.542	228.8742
326.77	295.2042
326.999	480.29420000000005
327.228	882.0642
327.457	1508.7842
327.686	1241.0842
327.914	434.11420000000004
328.143	302.0342
328.372	279.68420000000003
328.6	236.32420000000002
328.829	217.7842
329.058	222.81420000000003
329.287	224.04420000000002
329.515	213.0342
329.744	219.1142
329.972	243.1842
330.201	297.5042
330.43	340.2242
330.658	271.0642
330.887	246.5542
331.115	222.0542
331.344	202.3442
331.572	200.2642
331.801	201.6942
332.03	201.0242
332.258	198.73420000000002
332.486	197.67419999999998
332.715	201.08419999999998
332.943	203.50420000000003
333.172	210.23420000000002
333.4	217.4942
333.629	227.9342
333.857	243.04420000000002
334.085	266.8142
334.314	319.6442
334.542	409.5042
334.771	386.69419999999997
334.999	249.23420000000002
335.227	218.25420000000003
335.455	209.29420000000002
335.684	205.1442
335.912	202.07420000000002
336.14	200.5542
336.369	198.70420000000001
336.597	200.0342
336.825	197.48420000000002
337.053	193.40420000000003
337.281	190.06420000000003
337.51	187.2642
337.738	187.7842
337.966	187.38420000000002
338.194	186.7742
338.422	188.2742
338.65	184.42419999999998
338.878	183.5142
339.106	182.0942
339.334	182.56420000000003
339.562	180.1942
339.79	178.66420000000002
340.018	176.41420000000002
340.246	178.32420000000002
340.474	180.6842
340.702	180.3542
340.93	179.67419999999998
341.158	179.04420000000002
341.386	180.65420000000003
341.614	181.1242
341.842	180.70420000000001
342.07	176.1942
342.298	176.75420000000003
342.526	174.2842
342.754	174.5542
342.981	175.9942
343.209	179.32420000000002
343.437	191.13420000000002
343.665	187.4942
343.893	194.3942
344.12	194.56420000000003
344.348	189.20420000000001
344.576	185.81420000000003
344.804	183.00420000000003
345.031	185.04420000000002
345.259	184.6242
345.487	181.3542
345.714	178.56420000000003
345.942	176.2842
346.17	177.0142
346.397	174.3442
346.625	176.2142
346.853	173.5242
347.08	173.8442
347.308	176.65420000000003
347.535	180.4642
347.763	180.91420000000002
347.99	180.13420000000002
348.218	181.88420000000002
348.445	182.40420000000003
348.673	178.40420000000003
348.9	177.90420000000003
349.128	176.08419999999998
349.355	172.25420000000003
349.583	174.3442
349.81	173.0642
350.037	174.5642
350.265	174.92419999999998
350.492	174.2842
350.72	174.92419999999998
350.947	178.15420000000003
351.174	184.7142
351.402	186.56420000000003
351.629	179.5542
351.856	180.0242
352.083	181.75420000000003
352.311	183.95420000000001
352.538	183.3442
352.765	184.7742
352.992	190.1142
353.22	186.6442
353.447	179.59419999999997
353.674	179.4042
353.901	174.8042
354.128	174.4742
354.355	172.7642
354.583	176.2242
354.81	175.4442
355.037	177.43419999999998
355.264	175.23420000000002
355.491	174.7042
355.718	173.2442
355.945	174.25420000000003
356.172	173.50420000000003
356.399	174.1542
356.626	172.59419999999997
356.853	171.2142
357.08	171.98420000000002
357.307	172.84419999999997
357.534	170.9542
357.761	172.4742
357.988	174.6042
358.215	176.7442
358.441	175.50420000000003
358.668	173.0342
358.895	171.54420000000002
359.122	170.9342
359.349	172.17419999999998
359.576	174.8742
359.802	180.70420000000001
360.029	189.97420000000002
360.256	187.75420000000003
360.483	180.08419999999998
360.709	172.08419999999998
360.936	176.3042
361.163	175.4442
361.39	176.20420000000001
361.616	174.83419999999998
361.843	173.8042
362.07	174.9942
362.296	175.95420000000001
362.523	174.06420000000003
362.749	173.4342
362.976	172.57420000000002
363.203	173.90420000000003
363.429	169.2842
363.656	171.75420000000003
363.882	167.7942
364.109	170.8442
364.335	171.91420000000002
364.562	168.5542
364.788	170.0542
365.015	171.8542
365.241	174.8942
365.468	180.2742
365.694	178.5942
365.92	175.22420000000002
366.147	169.48420000000002
366.373	169.1942
366.599	168.36419999999998
366.826	167.7042
367.052	167.6342
367.278	170.0142
367.505	170.97420000000002
367.731	174.08419999999998
367.957	169.79420000000002
368.184	172.98420000000002
368.41	177.4342
368.636	186.6142
368.862	191.6042
369.089	183.0342
369.315	174.3042
369.541	172.83419999999998
369.767	171.92419999999998
369.993	172.8442
370.219	172.5342
370.445	171.4942
370.672	169.67419999999998
370.898	173.1142
371.124	172.6942
371.35	174.67419999999998
371.576	173.3442
371.802	173.90420000000003
372.028	173.6942
372.254	172.9442
372.48	174.0542
372.706	176.79420000000002
372.932	177.9442
373.158	177.66420000000002
373.384	179.8542
373.61	176.92419999999998
373.835	177.40420000000003
374.061	175.5342
374.287	177.9942
374.513	179.8942
374.739	180.0142
374.965	184.0342
375.191	185.32420000000002
375.416	182.70420000000001
375.642	180.13420000000002
375.868	179.72420000000002
376.094	179.66420000000002
376.319	177.4642
376.545	176.7142
376.771	176.40420000000003
376.997	176.82420000000002
377.222	176.2842
377.448	177.1042
377.674	176.48420000000002
377.899	176.3542
378.125	176.88420000000002
378.35	177.8942
378.576	177.3542
378.802	176.2442
379.027	177.67419999999998
379.253	179.2142
379.478	176.8942
379.704	178.8442
379.929	180.0242
380.155	178.7842
380.38	179.2442
380.606	182.8542
380.831	182.82420000000002
381.057	185.16420000000002
381.282	183.08419999999998
381.507	183.0542
381.733	185.1242
381.958	185.1042
382.184	187.3742
382.409	189.50420000000003
382.634	193.7142
382.86	192.97420000000002
383.085	193.4642
383.31	194.7642
383.535	195.41420000000002
383.761	196.67419999999998
383.986	198.0342
384.211	197.6842
384.436	200.4442
384.662	204.23420000000002
384.887	208.38420000000002
385.112	209.70420000000001
385.337	212.42419999999998
385.562	213.7142
385.787	212.95420000000001
386.013	216.6442
386.238	220.4442
386.463	212.9342
386.688	217.8042
386.913	210.45420000000001
387.138	212.82420000000002
387.363	209.8942
387.588	203.7642
387.813	207.1042
388.038	211.48420000000002
388.263	219.08419999999998
388.488	217.33419999999998
388.713	200.25420000000003
388.938	197.07420000000002
389.163	197.1842
389.387	196.82420000000002
389.612	194.16420000000002
389.837	192.4342
390.062	193.6142
390.287	193.63420000000002
390.512	192.07420000000002
390.736	192.9442
390.961	195.0342
391.186	199.0142
391.411	201.88420000000002
391.636	204.17419999999998
391.86	204.4342
392.085	201.8042
392.31	199.88420000000002
392.534	199.73420000000002
392.759	199.7842
392.984	201.20420000000001
393.208	208.72420000000002
393.433	228.6042
393.658	215.8742
393.882	195.8442
394.107	195.1242
394.331	196.20420000000001
394.556	195.00420000000003
394.78	197.42419999999998
395.005	199.73420000000002
395.229	198.23420000000002
395.454	201.82420000000002
395.678	204.7442
395.903	204.07420000000002
396.127	207.20420000000001
396.352	201.15420000000003
396.576	199.8042
396.801	207.22420000000002
397.025	214.4642
397.249	206.4642
397.474	206.2842
397.698	203.81420000000003
397.922	205.58419999999998
398.147	206.48420000000002
398.371	207.7442
398.595	214.7842
398.82	220.5542
399.044	229.2742
399.268	244.17419999999998
399.492	266.6542
399.717	281.6942
399.941	276.81419999999997
400.165	264.8542
400.389	250.5542
400.613	231.5542
400.837	223.06420000000003
401.062	221.16420000000002
401.286	219.38420000000002
401.51	218.88420000000002
401.734	220.07420000000002
401.958	228.72420000000002
402.182	244.29420000000002
402.406	269.2042
402.63	244.9642
402.854	231.6942
403.078	232.47420000000002
403.302	233.4642
403.526	234.29420000000002
403.75	236.3742
403.974	238.08419999999998
404.198	237.6842
404.422	240.5942
404.645	240.0542
404.869	244.1442
405.093	258.87420000000003
405.317	271.6542
405.541	267.6042
405.765	249.8942
405.988	255.1142
406.212	292.43420000000003
406.436	332.2842
406.66	277.3842
406.883	251.5942
407.107	255.48420000000002
407.331	268.43420000000003
407.555	280.2942
407.778	272.0142
408.002	254.8742
408.226	246.3742
408.449	246.22420000000002
408.673	243.3442
408.896	246.5542
409.12	250.95420000000001
409.344	239.8442
409.567	234.2842
409.791	234.17419999999998
410.014	237.5242
410.238	233.38420000000002
410.461	234.3442
410.685	233.16420000000002
410.908	237.7442
411.132	248.50420000000003
411.355	242.7642
411.578	232.13420000000002
411.802	226.33419999999998
412.025	230.38420000000002
412.249	239.6442
412.472	247.6242
412.695	260.9142
412.919	242.9342
413.142	233.2642
413.365	227.57420000000002
413.589	224.65420000000003
413.812	220.5342
414.035	222.72420000000002
414.258	221.6242
414.482	221.9642
414.705	220.42419999999998
414.928	222.2442
415.151	222.00420000000003
415.374	221.97420000000002
415.597	217.3442
415.821	216.0142
416.044	218.41420000000002
416.267	218.83419999999998
416.49	214.6842
416.713	213.8442
416.936	217.13420000000002
417.159	216.04420000000002
417.382	218.0242
417.605	220.07420000000002
417.828	226.5342
418.051	225.5142
418.274	220.57420000000002
418.497	217.3042
418.72	219.2842
418.943	219.70420000000001
419.166	230.2142
419.389	238.6842
419.611	237.7742
419.834	232.92419999999998
420.057	233.2442
420.28	234.82420000000002
420.503	230.3542
420.726	227.3742
420.948	228.1142
421.171	235.29420000000002
421.394	233.32420000000002
421.617	223.9642
421.839	222.54420000000002
422.062	222.33419999999998
422.285	227.56420000000003
422.507	246.4442
422.73	257.4542
422.953	240.1242
423.175	229.13420000000002
423.398	228.2642
423.621	229.5142
423.843	231.8442
424.066	230.57420000000002
424.288	228.00420000000003
424.511	236.6242
424.733	248.91420000000002
424.956	258.6742
425.178	245.32420000000002
425.401	249.7442
425.623	247.31420000000003
425.846	224.83419999999998
426.068	222.6942
426.291	219.6242
426.513	218.97420000000002
426.735	222.1942
426.958	230.1942
427.18	250.1042
427.402	293.4942
427.625	316.7142
427.847	280.36420000000004
428.069	267.2042
428.292	227.66420000000002
428.514	212.13420000000002
428.736	204.70420000000001
428.958	204.7642
429.181	200.81420000000003
429.403	200.8042
429.625	204.54420000000002
429.847	214.1142
430.069	227.56420000000003
430.292	215.8642
430.514	201.6142
430.736	200.4642
430.958	200.0542
431.18	198.92419999999998
431.402	199.3742
431.624	196.91420000000002
431.846	200.70420000000001
432.068	202.6042
432.29	203.08419999999998
432.512	203.97420000000002
432.734	201.63420000000002
432.956	204.4942
433.178	210.83419999999998
433.4	209.3642
433.622	204.8742
433.844	206.22420000000002
434.066	208.15420000000003
434.287	208.1042
434.509	211.3642
434.731	215.48420000000002
434.953	216.00420000000003
435.175	217.79420000000002
435.397	222.58419999999998
435.618	219.7142
435.84	232.2642
436.062	258.6442
436.284	252.7642
436.505	223.2642
436.727	218.0942
436.949	208.8942
437.17	203.3942
437.392	201.48420000000002
437.614	207.0242
437.835	220.6242
438.057	245.8642
438.278	251.5542
438.5	247.3042
438.721	272.3342
438.943	241.98420000000002
439.165	214.50420000000003
439.386	211.1442
439.608	212.0942
439.829	219.7742
440.05	239.9642
440.272	254.4342
440.493	217.91420000000002
440.715	209.3942
440.936	206.8542
441.158	211.08419999999998
441.379	212.6242
441.6	221.1442
441.822	225.7642
442.043	231.72420000000002
442.264	250.6142
442.486	243.5242
442.707	224.81420000000003
442.928	230.7642
443.149	249.04420000000002
443.371	252.9342
443.592	250.2742
443.813	268.2742
444.034	264.1042
444.255	238.0142
444.476	234.00420000000003
444.698	236.67419999999998
444.919	238.6442
445.14	278.5742
445.361	260.5242
445.582	249.5142
445.803	270.7442
446.024	282.18420000000003
446.245	274.7442
446.466	243.31420000000003
446.687	213.6842
446.908	209.3742
447.129	201.95420000000001
447.35	199.4442
447.571	201.4342
447.792	199.0142
448.013	202.8442
448.234	214.9342
448.455	221.32420000000002
448.675	249.6842
448.896	260.4642
449.117	223.6142
449.338	229.98420000000002
449.559	268.0342
449.779	270.54420000000005
450.0	216.63420000000002
450.221	200.8542
450.442	195.90420000000003
450.662	198.48420000000002
450.883	204.57420000000002
451.104	210.88420000000002
451.324	199.45420000000001
451.545	193.7642
451.766	189.40420000000003
451.986	186.4342
452.207	188.1842
452.428	189.08419999999998
452.648	194.9342
452.869	200.45420000000001
453.089	203.2842
453.31	207.8642
453.53	190.58419999999998
453.751	189.1242
453.971	196.66420000000002
454.192	201.2642
454.412	187.1942
454.633	182.88420000000002
454.853	182.8442
455.073	184.07420000000002
455.294	190.5342
455.514	207.16420000000002
455.734	191.98420000000002
455.955	180.4442
456.175	178.0242
456.395	177.1942
456.616	178.88420000000002
456.836	179.1042
457.056	177.08419999999998
457.276	176.57420000000002
457.497	177.2442
457.717	178.38420000000002
457.937	180.7842
458.157	182.8442
458.377	186.7642
458.598	201.58419999999998
458.818	239.90420000000003
459.038	261.3042
459.258	230.4642
459.478	205.2642
459.698	201.06420000000003
459.918	203.7442
460.138	207.32420000000002
460.358	211.6942
460.578	213.31420000000003
460.798	214.54420000000002
461.018	214.31420000000003
461.238	211.3642
461.458	211.3942
461.678	209.63420000000002
461.898	212.48420000000002
462.118	213.08419999999998
462.338	220.54420000000002
462.558	224.8742
462.777	227.31420000000003
462.997	241.15420000000003
463.217	250.11419999999998
463.437	246.1442
463.657	235.08419999999998
463.876	231.7642
464.096	232.54420000000002
464.316	233.3942
464.536	234.0942
464.755	230.79420000000002
464.975	235.0242
465.195	271.3042
465.414	265.6642
465.634	216.2742
465.854	204.0142
466.073	200.2642
466.293	197.08419999999998
466.512	192.0542
466.732	188.95420000000001
466.951	193.5942
467.171	194.6242
467.391	199.90420000000003
467.61	204.57420000000002
467.829	206.1142
468.049	233.1242
468.268	251.54420000000002
468.488	199.07420000000002
468.707	188.82420000000002
468.927	187.04420000000002
469.146	187.3042
469.365	189.6942
469.585	191.3442
469.804	198.1442
470.023	201.3542
470.243	198.7142
470.462	205.4642
470.681	214.6242
470.901	199.5242
471.12	196.57420000000002
471.339	196.0242
471.558	195.98420000000002
471.777	197.91420000000002
471.997	214.57420000000002
472.216	295.12420000000003
472.435	426.55420000000004
472.654	247.7642
472.873	204.9642
473.092	194.41420000000002
473.311	192.08419999999998
473.53	190.8542
473.749	194.98420000000002
473.968	204.95420000000001
474.187	228.22420000000002
474.406	212.73420000000002
474.625	193.8042
474.844	190.72420000000002
475.063	187.3942
475.282	190.38420000000002
475.501	188.2142
475.72	193.1242
475.939	191.65420000000003
476.158	190.75420000000003
476.377	192.0342
476.596	190.31420000000003
476.814	196.7842
477.033	198.40420000000003
477.252	198.88420000000002
477.471	199.5242
477.69	205.08419999999998
477.908	206.0142
478.127	208.9642
478.346	209.2142
478.564	214.2742
478.783	217.57420000000002
479.002	218.50420000000003
479.22	218.0142
479.439	225.5342
479.658	227.32420000000002
479.876	227.7642
480.095	227.1842
480.313	239.8742
480.532	240.5942
480.751	253.83419999999998
480.969	336.13419999999996
481.188	666.1641999999999
481.406	494.2142
481.624	267.2542
481.843	233.88420000000002
482.061	224.56420000000003
482.28	216.2642
482.498	213.6042
482.717	213.67419999999998
482.935	212.70420000000001
483.153	211.72420000000002
483.372	210.1942
483.59	209.72420000000002
483.808	209.6242
484.027	212.07420000000002
484.245	214.0242
484.463	213.1242
484.681	218.16420000000002
484.9	216.63420000000002
485.118	220.3442
485.336	221.63420000000002
485.554	225.0542
485.772	227.72420000000002
485.99	233.0942
486.209	234.65420000000003
486.427	234.2842
486.645	235.88420000000002
486.863	239.6142
487.081	230.97420000000002
487.299	226.41420000000002
487.517	222.65420000000003
487.735	222.8042
487.953	221.9642
488.171	224.3542
488.389	224.7442
488.607	226.81420000000003
488.825	222.2842
489.043	221.42419999999998
489.261	224.8442
489.479	222.8642
489.696	225.42419999999998
489.914	227.88420000000002
490.132	228.25420000000003
490.35	231.98420000000002
490.568	231.66420000000002
490.786	231.97420000000002
491.003	237.7842
491.221	240.90420000000003
491.439	246.4942
491.657	250.97420000000002
491.874	251.36419999999998
492.092	249.6942
492.31	252.4642
492.527	251.83419999999998
492.745	255.1842
492.963	257.4942
493.18	257.9042
493.398	258.2342
493.615	262.1442
493.833	258.87420000000003
494.05	254.7842
494.268	251.7842
494.485	254.4942
494.703	249.91420000000002
494.92	249.3942
495.138	248.33419999999998
495.355	249.58419999999998
495.573	248.6242
495.79	246.70420000000001
496.008	251.15420000000003
496.225	248.3642
496.442	247.29420000000002
496.66	251.1442
496.877	251.5242
497.094	251.95420000000001
497.312	253.07420000000002
497.529	253.1442
497.746	258.5342
497.963	263.8242
498.181	268.7142
498.398	277.8042
498.615	295.37420000000003
498.832	302.9942
499.049	305.1442
499.267	318.3642
499.484	331.9742
499.701	346.9842
499.918	361.0142
500.135	377.8442
500.352	387.9742
500.569	391.1042
500.786	391.7542
501.003	381.3542
501.22	368.8042
501.437	354.2442
501.654	336.9842
501.871	329.93420000000003
502.088	308.6542
502.305	298.1742
502.522	284.7142
502.739	279.4442
502.956	268.3442
503.172	264.45419999999996
503.389	258.0542
503.606	261.1442
503.823	255.9442
504.04	254.73420000000002
504.256	254.16420000000002
504.473	257.0442
504.69	257.1942
504.907	253.92419999999998
505.123	243.41420000000002
505.34	238.70420000000001
505.557	235.5142
505.773	233.04420000000002
505.99	230.40420000000003
506.207	229.92419999999998
506.423	227.04420000000002
506.64	224.6142
506.856	225.97420000000002
507.073	222.8542
507.289	224.08419999999998
507.506	225.1942
507.722	234.4442
507.939	234.38420000000002
508.155	222.04420000000002
508.372	217.66420000000002
508.588	216.4342
508.805	218.72420000000002
509.021	216.91420000000002
509.238	224.00420000000003
509.454	223.0942
509.67	223.65420000000003
509.887	227.3042
510.103	241.8542
510.319	301.9142
510.536	714.5442
510.752	1920.0842
510.968	634.1641999999999
511.184	256.0942
511.401	222.3642
511.617	217.1842
511.833	218.75420000000003
512.049	221.06420000000003
512.265	216.88420000000002
512.481	214.88420000000002
512.698	210.7442
512.914	210.47420000000002
513.13	211.20420000000001
513.346	208.67419999999998
513.562	211.90420000000003
513.778	210.6842
513.994	212.1042
514.21	218.23420000000002
514.426	228.00420000000003
514.642	242.6942
514.858	240.8642
515.074	276.5542
515.29	492.06419999999997
515.506	1224.9442
515.721	540.4042000000001
515.937	263.1942
516.153	231.33419999999998
516.369	226.8742
516.585	225.2142
516.801	228.4942
517.016	233.75420000000003
517.232	236.9342
517.448	239.33419999999998
517.664	242.8942
517.879	243.1042
518.095	241.2642
518.311	238.3642
518.527	235.5142
518.742	228.5242
518.958	223.8042
519.173	220.7842
519.389	220.16420000000002
519.605	215.33419999999998
519.82	214.7642
520.036	220.5942
520.251	231.5342
520.467	227.8742
520.682	221.6042
520.898	221.9342
521.113	231.32420000000002
521.329	248.91420000000002
521.544	302.4242
521.76	577.2042
521.975	1921.0242
522.19	1195.9442
522.406	367.6542
522.621	227.08419999999998
522.836	209.31420000000003
523.052	202.20420000000001
523.267	198.32420000000002
523.482	197.67419999999998
523.698	198.7142
523.913	211.3942
524.128	200.04420000000002
524.343	192.3742
524.559	191.90420000000003
524.774	188.07420000000002
524.989	191.56420000000003
525.204	196.2442
525.419	194.31420000000003
525.634	190.1242
525.849	186.9642
526.064	184.8742
526.28	187.3742
526.495	185.08419999999998
526.71	185.83419999999998
526.925	183.5942
527.14	183.8442
527.355	184.20420000000001
527.57	183.7742
527.785	183.7842
527.999	184.1842
528.214	185.8942
528.429	186.56420000000003
528.644	186.42419999999998
528.859	186.23420000000002
529.074	187.7642
529.289	208.4442
529.503	250.5542
529.718	199.6442
529.933	188.25420000000003
530.148	183.8442
530.363	187.2142
530.577	184.0942
530.792	184.50420000000003
531.007	183.81420000000003
531.221	183.8742
531.436	184.6442
531.651	184.8642
531.865	183.3442
532.08	182.9342
532.295	184.6842
532.509	184.75420000000003
532.724	183.7142
532.938	185.4442
533.153	187.1142
533.367	183.13420000000002
533.582	184.25420000000003
533.796	183.7842
534.011	184.47420000000002
534.225	181.38420000000002
534.44	182.8942
534.654	183.25420000000003
534.868	180.0942
535.083	179.7842
535.297	182.79420000000002
535.511	187.8442
535.726	189.3742
535.94	185.7442
536.154	184.1142
536.369	179.00420000000003
536.583	175.0942
536.797	178.6042
537.011	176.13420000000002
537.225	175.47420000000002
537.44	175.2642
537.654	177.4442
537.868	175.88420000000002
538.082	177.8642
538.296	176.50420000000003
538.51	176.2142
538.724	175.8542
538.938	177.1242
539.153	177.73420000000002
539.367	185.31420000000003
539.581	179.29420000000002
539.795	173.29420000000002
540.009	173.7742
540.222	174.6842
540.436	176.0142
540.65	172.65420000000003
540.864	174.4942
541.078	177.6242
541.292	175.1942
541.506	173.6442
541.72	171.81420000000003
541.934	170.2842
542.147	169.57420000000002
542.361	170.5542
542.575	169.2142
542.789	169.5542
543.002	169.33419999999998
543.216	176.0342
543.43	177.92419999999998
543.644	173.95420000000001
543.857	172.3742
544.071	174.23420000000002
544.285	176.08419999999998
544.498	171.88420000000002
544.712	172.3442
544.925	171.33419999999998
545.139	172.48420000000002
545.352	172.2142
545.566	171.06420000000003
545.779	172.2642
545.993	171.2642
546.206	171.23420000000002
546.42	171.0542
546.633	171.1142
546.847	174.0142
547.06	172.57420000000002
547.274	172.25420000000003
547.487	172.3442
547.7	169.5942
547.914	168.8042
548.127	170.5942
548.34	171.2442
548.554	170.2742
548.767	173.3042
548.98	172.0242
549.193	171.16420000000002
549.407	174.9442
549.62	173.9442
549.833	173.79420000000002
550.046	172.75420000000003
550.259	171.0242
550.473	171.6442
550.686	170.54420000000002
550.899	170.9942
551.112	169.4542
551.325	170.6042
551.538	168.86419999999998
551.751	168.23420000000002
551.964	169.6042
552.177	172.8642
552.39	169.8442
552.603	174.25420000000003
552.816	176.2442
553.029	177.38420000000002
553.242	178.9942
553.455	186.75420000000003
553.667	190.3042
553.88	187.3542
554.093	178.8442
554.306	177.82420000000002
554.519	174.50420000000003
554.732	172.08419999999998
554.944	170.7242
555.157	170.42419999999998
555.37	169.2442
555.583	166.6442
555.795	168.18419999999998
556.008	164.32420000000002
556.221	163.00420000000003
556.433	163.7142
556.646	161.6542
556.859	160.7142
557.071	163.3142
557.284	162.05419999999998
557.496	162.1942
557.709	157.5242
557.921	159.14419999999998
558.134	158.2142
558.346	157.7842
558.559	157.0342
558.771	156.1242
558.984	155.4442
559.196	156.0642
559.409	154.08419999999998
559.621	155.2842
559.833	154.5442
560.046	153.0142
560.258	156.3542
560.47	157.0642
560.683	154.7242
560.895	153.4142
561.107	152.33419999999998
561.32	153.95420000000001
561.532	155.0142
561.744	155.7542
561.956	156.39419999999998
562.168	157.5142
562.381	156.3542
562.593	156.6542
562.805	156.9942
563.017	158.5042
563.229	157.8542
563.441	154.0242
563.653	152.5142
563.865	155.9342
564.077	155.1142
564.289	158.8442
564.501	157.5742
564.713	161.0342
564.925	164.8842
565.137	172.2442
565.349	166.09419999999997
565.561	167.41420000000002
565.773	169.6042
565.985	172.0242
566.197	176.25420000000003
566.408	182.1942
566.62	188.73420000000002
566.832	194.9442
567.044	194.8642
567.255	196.04420000000002
567.467	199.2142
567.679	206.7742
567.891	214.3742
568.102	215.5142
568.314	207.13420000000002
568.526	194.95420000000001
568.737	186.75420000000003
568.949	178.1942
569.161	170.5142
569.372	165.2142
569.584	162.3842
569.795	163.00420000000003
570.007	178.93419999999998
570.218	265.1842
570.43	188.5142
570.641	158.42419999999998
570.853	154.20420000000001
571.064	155.5042
571.276	154.3842
571.487	152.0942
571.698	151.4042
571.91	148.05419999999998
572.121	145.9342
572.333	145.2942
572.544	142.7842
572.755	143.58419999999998
572.966	144.7642
573.178	143.7842
573.389	144.83419999999998
573.6	140.7442
573.811	139.4742
574.023	140.0242
574.234	139.9842
574.445	141.3842
574.656	139.5342
574.867	139.3542
575.078	138.9842
575.289	139.9842
575.501	140.4642
575.712	139.05419999999998
575.923	137.4442
576.134	139.7142
576.345	136.0042
576.556	140.0742
576.767	137.7642
576.978	140.1642
577.188	140.70420000000001
577.399	138.80419999999998
577.61	138.4942
577.821	144.1542
578.032	154.4842
578.243	264.88419999999996
578.454	601.9642
578.665	221.1542
578.875	144.3842
579.086	136.0742
579.297	130.9842
579.508	133.4642
579.718	133.6542
579.929	132.3742
580.14	130.8142
580.35	128.89419999999998
580.561	131.7442
580.772	131.4942
580.982	131.2142
581.193	129.9142
581.403	131.3242
581.614	130.4042
581.825	130.1942
582.035	129.80419999999998
582.246	131.6942
582.456	128.7642
582.667	129.0442
582.877	130.1242
583.087	128.1842
583.298	128.4642
583.508	130.2742
583.719	128.4342
583.929	132.8242
584.139	129.8742
584.35	126.63419999999999
584.56	129.7542
584.77	128.89419999999998
584.981	128.0342
585.191	128.0942
585.401	129.20420000000001
585.611	128.5742
585.821	128.70420000000001
586.032	130.8542
586.242	127.4542
586.452	126.88419999999999
586.662	127.39419999999998
586.872	125.4542
587.082	125.64419999999998
587.292	124.8442
587.502	128.6042
587.713	127.4542
587.923	126.6742
588.133	126.9642
588.343	126.7642
588.553	126.7542
588.762	132.7742
588.972	142.83419999999998
589.182	209.57420000000002
589.392	156.8142
589.602	141.5142
589.812	177.8142
590.022	141.5342
590.232	126.85419999999999
590.441	127.2142
590.651	127.7542
590.861	127.0842
591.071	127.31419999999999
591.281	127.1742
591.49	128.1142
591.7	127.9642
591.91	130.9842
592.119	131.4442
592.329	133.80419999999998
592.539	136.80419999999998
592.748	137.6142
592.958	137.6142
593.167	134.6042
593.377	136.42419999999998
593.587	143.83419999999998
593.796	139.6242
594.006	136.8742
594.215	139.4342
594.424	137.14419999999998
594.634	134.1042
594.843	133.1042
595.053	132.4842
595.262	130.0642
595.472	129.2842
595.681	128.8742
595.89	127.35419999999999
596.1	127.7542
596.309	126.6642
596.518	124.2942
596.727	125.5442
596.937	124.0342
597.146	122.07419999999999
597.355	124.74419999999999
597.564	120.4242
597.774	123.2842
597.983	119.90419999999999
598.192	119.5442
598.401	120.2042
598.61	118.9542
598.819	120.5042
599.028	119.55420000000001
599.237	119.6842
599.446	120.14420000000001
599.655	118.7942
599.864	119.99419999999999
600.073	117.73420000000002
600.282	119.6142
600.491	119.99419999999999
600.7	118.5342
600.909	120.23420000000002
601.118	122.32419999999999
601.327	121.6342
601.536	119.64420000000001
601.745	119.47420000000001
601.953	119.6842
602.162	119.30420000000001
602.371	117.60419999999999
602.58	117.39420000000001
602.789	117.9542
602.997	117.39420000000001
603.206	118.97420000000001
603.415	117.2842
603.623	113.8442
603.832	116.7642
604.041	116.30420000000001
604.249	114.30420000000001
604.458	116.2542
604.666	114.4342
604.875	115.5442
605.084	116.6142
605.292	114.56420000000001
605.501	115.0042
605.709	114.3742
605.918	114.5042
606.126	115.90419999999999
606.334	115.47420000000001
606.543	115.73420000000002
606.751	115.1942
606.96	114.6742
607.168	113.9642
607.376	114.23420000000002
607.585	115.2942
607.793	115.65419999999999
608.001	113.9142
608.21	115.06420000000001
608.418	114.8742
608.626	115.15419999999999
608.834	114.1242
609.043	114.6142
609.251	114.8342
609.459	114.1942
609.667	114.57419999999999
609.875	114.35419999999999
610.083	111.8742
610.291	113.7542
610.499	114.24419999999999
610.707	112.32419999999999
610.916	113.48420000000002
611.124	115.80420000000001
611.332	115.57419999999999
611.54	113.3742
611.748	113.80420000000001
611.955	113.7142
612.163	112.3342
612.371	114.82419999999999
612.579	112.98420000000002
612.787	111.6342
612.995	113.24419999999999
613.203	115.55420000000001
613.411	111.0442
613.618	112.82419999999999
613.826	113.06420000000001
614.034	112.7742
614.242	115.4442
614.449	113.49419999999999
614.657	112.2842
614.865	113.2142
615.072	112.47420000000001
615.28	113.48420000000002
615.488	114.07419999999999
615.695	116.7842
615.903	121.1942
616.111	123.0042
616.318	125.32419999999999
616.526	119.64420000000001
616.733	117.8442
616.941	115.6142
617.148	115.99419999999999
617.356	113.22420000000001
617.563	113.15419999999999
617.771	115.15419999999999
617.978	113.65419999999999
618.185	111.89420000000001
618.393	111.8442
618.6	113.6842
618.807	111.80420000000001
619.015	111.85419999999999
619.222	110.0142
619.429	111.5442
619.637	112.3342
619.844	110.89420000000001
620.051	110.0342
620.258	110.0842
620.466	110.3742
620.673	108.7042
620.88	108.0242
621.087	109.6242
621.294	109.8442
621.501	108.48420000000002
621.708	109.31420000000001
621.915	109.9242
622.122	108.1342
622.329	110.14420000000001
622.536	108.5442
622.743	107.55420000000001
622.95	107.0442
623.157	107.2942
623.364	109.0842
623.571	107.4242
623.778	108.1942
623.985	107.9342
624.192	106.4642
624.399	105.9142
624.606	108.98420000000002
624.812	108.2142
625.019	107.3742
625.226	107.2042
625.433	108.5142
625.639	105.1742
625.846	106.8842
626.053	105.74419999999999
626.259	104.7742
626.466	108.2142
626.673	104.5842
626.879	105.2542
627.086	108.57419999999999
627.293	108.1642
627.499	105.1842
627.706	106.0842
627.912	102.9442
628.119	104.5442
628.325	106.6642
628.532	103.31420000000001
628.738	104.81420000000001
628.945	104.5842
629.151	103.15419999999999
629.357	104.07419999999999
629.564	104.9642
629.77	104.6842
629.976	103.6942
630.183	103.60419999999999
630.389	103.2842
630.595	101.7942
630.802	103.2842
631.008	103.2842
631.214	102.2042
631.42	101.22420000000001
631.627	105.5342
631.833	103.5242
632.039	102.49419999999999
632.245	102.2542
632.451	102.2842
632.657	103.0942
632.863	101.0042
633.069	102.2942
633.275	104.6342
633.481	101.3642
633.688	101.0842
633.893	103.8642
634.099	101.7142
634.305	100.85419999999999
634.511	102.1742
634.717	102.32419999999999
634.923	100.5242
635.129	99.8442
635.335	101.0942
635.541	100.81420000000001
635.747	101.8742
635.952	100.8442
636.158	105.23419999999999
636.364	123.1642
636.57	115.8842
636.775	102.1642
636.981	102.6642
637.187	102.4642
637.392	101.1642
637.598	100.4542
637.804	100.2742
638.009	100.4242
638.215	101.6242
638.421	99.3742
638.626	99.0842
638.832	101.1342
639.037	99.5842
639.243	98.4342
639.448	98.9142
639.654	102.3642
639.859	99.0142
640.065	100.1242
640.27	103.48419999999999
640.475	100.9542
640.681	99.23419999999999
640.886	99.7942
641.091	99.39420000000001
641.297	101.40419999999999
641.502	98.81420000000001
641.707	100.15419999999999
641.913	100.8342
642.118	97.23419999999999
642.323	97.90419999999999
642.528	100.0942
642.733	99.14420000000001
642.939	99.5842
643.144	98.1342
643.349	97.1242
643.554	100.10419999999999
643.759	99.7042
643.964	96.9142
644.169	99.47420000000001
644.374	97.0142
644.579	99.23419999999999
644.784	98.0842
644.989	98.3342
645.194	98.4542
645.399	100.05420000000001
645.604	98.0842
645.809	99.6342
646.014	99.9142
646.219	99.30420000000001
646.423	99.56420000000001
646.628	98.9242
646.833	99.7842
647.038	100.10419999999999
647.243	100.05420000000001
647.447	100.2742
647.652	99.5142
647.857	98.9642
648.062	100.1842
648.266	101.56420000000001
648.471	102.8442
648.676	107.4542
648.88	104.5442
649.085	104.6842
649.289	102.6342
649.494	110.99419999999999
649.698	133.7742
649.903	109.9242
650.107	101.47420000000001
650.312	98.73419999999999
650.516	96.9642
650.721	97.22420000000001
650.925	94.1742
651.13	94.98419999999999
651.334	94.4542
651.539	95.22420000000001
651.743	93.89420000000001
651.947	94.7642
652.152	94.14420000000001
652.356	94.06420000000001
652.56	95.14420000000001
652.764	92.35419999999999
652.969	92.22420000000001
653.173	91.1642
653.377	90.9642
653.581	91.0442
653.785	91.55420000000001
653.99	92.2042
654.194	91.06420000000001
654.398	91.0342
654.602	92.3842
654.806	97.1742
655.01	107.4342
655.214	96.8842
655.418	92.4442
655.622	91.49419999999999
655.826	92.89420000000001
656.03	94.6842
656.234	99.8442
656.438	105.5842
656.642	104.35419999999999
656.846	98.1242
657.049	93.1742
657.253	92.06420000000001
657.457	89.4142
657.661	87.81420000000001
657.865	88.2842
658.068	87.8842
658.272	84.6842
658.476	86.2742
658.68	86.1242
658.883	85.3342
659.087	84.6742
659.291	85.72420000000001
659.494	85.22420000000001
659.698	83.49419999999999
659.901	84.9342
660.105	84.82419999999999
660.309	83.48420000000002
660.512	83.4142
660.716	84.2542
660.919	82.9242
661.123	85.6142
661.326	84.2042
661.53	83.74419999999999
661.733	85.1842
661.936	84.4242
662.14	82.2042
662.343	82.9442
662.546	82.1842
662.75	83.39420000000001
662.953	85.65419999999999
663.156	81.9242
663.36	82.55420000000001
663.563	83.0242
663.766	81.5042
663.969	83.06420000000001
664.173	82.3642
664.376	81.7142
664.579	81.47420000000001
664.782	80.9342
664.985	80.9842
665.188	81.81420000000001
665.391	82.5942
665.594	81.6742
665.797	82.22420000000001
666.0	82.5242
666.203	81.7742
666.406	81.8742
666.609	80.4642
666.812	82.3642
667.015	82.2142
667.218	84.6842
667.421	81.0742
667.624	80.63419999999999
667.827	82.8342
668.03	81.15419999999999
668.232	80.8742
668.435	82.1342
668.638	82.99419999999999
668.841	82.56420000000001
669.043	80.9342
669.246	80.9342
669.449	82.15419999999999
669.651	83.05420000000001
669.854	83.15419999999999
670.057	83.57419999999999
670.259	81.6142
670.462	82.1842
670.665	81.3342
670.867	83.85419999999999
671.07	83.6742
671.272	82.9542
671.475	85.74419999999999
671.677	80.9842
671.88	82.2642
672.082	80.8742
672.284	83.49419999999999
672.487	82.98420000000002
672.689	81.6642
672.892	80.85419999999999
