223.165	-17.09
223.4	-17.09
223.635	-17.09
223.869	-18.31
224.104	-20.56
224.338	-16.23
224.573	-14.54
224.808	-12.49
225.042	-7.58
225.277	-6.12
225.511	-2.6399999999999997
225.746	4.52
225.98	6.61
226.215	11.76
226.449	16.18
226.683	20.150000000000002
226.918	26.19
227.152	30.150000000000002
227.387	35.36
227.621	37.25
227.856	43.470000000000006
228.09	45.69
228.324	51.0
228.559	56.44
228.793	69.89999999999999
229.027	105.91
229.262	117.75
229.496	131.42
229.73	161.45000000000002
229.964	162.64
230.199	126.3
230.433	119.55999999999999
230.667	121.34
230.901	118.76
231.136	119.32
231.37	118.97999999999999
231.604	120.42
231.838	121.67
232.072	121.89999999999999
232.306	123.26
232.541	123.59
232.775	123.71
233.009	124.43
233.243	124.08
233.477	123.77000000000001
233.711	127.0
233.945	128.27
234.179	128.91
234.413	128.41
234.647	127.64999999999999
234.881	127.84
235.115	129.02
235.349	131.03
235.583	132.41
235.817	135.54999999999998
236.051	141.47
236.285	137.47
236.519	139.23
236.753	148.82
236.987	172.11999999999998
237.221	229.65
237.455	246.17000000000002
237.689	169.61999999999998
237.922	150.79000000000002
238.156	147.29000000000002
238.39	142.94
238.624	139.82
238.858	140.19
239.091	141.08
239.325	142.38000000000002
239.559	145.91
239.793	147.57
240.027	156.35
240.26	169.69
240.494	176.67000000000002
240.728	175.35
240.961	169.6
241.195	161.14
241.429	155.45000000000002
241.662	154.08
241.896	152.73
242.13	152.95000000000002
242.363	154.66
242.597	155.20000000000002
242.83	163.01
243.064	160.92
243.298	161.81
243.531	160.31
243.765	162.75
243.998	165.08
244.232	164.70999999999998
244.465	172.11
244.699	171.53
244.932	169.48
245.166	168.83
245.399	170.45999999999998
245.633	169.0
245.866	170.74
246.099	172.9
246.333	172.9
246.566	176.65
246.8	178.53
247.033	183.4
247.266	185.86
247.5	191.36999999999998
247.733	200.43
247.966	199.41
248.2	198.45000000000002
248.433	198.97
248.666	207.47
248.899	223.4
249.133	237.09
249.366	243.14
249.599	228.31
249.832	207.66
250.066	207.88000000000002
250.299	209.20999999999998
250.532	218.10000000000002
250.765	237.84
250.998	262.03
251.231	253.56
251.465	237.28
251.698	228.68
251.931	225.93
252.164	225.58
252.397	228.17000000000002
252.63	233.92000000000002
252.863	242.32
253.096	260.07
253.329	266.92
253.562	254.15
253.795	245.24
254.028	246.35000000000002
254.261	251.42000000000002
254.494	276.46
254.727	313.74
254.96	323.75
255.193	288.03
255.426	264.09
255.659	251.29999999999998
255.892	247.61
256.124	243.60000000000002
256.357	239.33
256.59	239.52
256.823	238.56
257.056	237.70999999999998
257.289	241.03
257.521	243.20000000000002
257.754	242.56
257.987	240.70999999999998
258.22	242.39
258.452	240.76000000000002
258.685	244.78
258.918	248.03
259.151	252.06
259.383	262.33000000000004
259.616	262.45
259.849	269.94
260.081	290.28
260.314	308.09999999999997
260.547	300.59999999999997
260.779	280.15000000000003
261.012	270.26000000000005
261.244	266.11
261.477	266.01000000000005
261.71	269.37
261.942	285.03
262.175	292.39
262.407	266.99
262.64	257.05
262.872	258.2
263.105	256.5
263.337	258.36
263.57	258.53
263.802	259.34
264.035	258.29
264.267	261.13
264.499	259.38
264.732	262.27
264.964	263.23
265.197	265.71
265.429	265.41
265.661	265.15000000000003
265.894	266.62
266.126	267.90000000000003
266.358	269.83000000000004
266.591	272.61
266.823	282.17
267.055	281.83000000000004
267.287	282.44
267.52	278.64
267.752	279.64
267.984	282.8
268.216	286.52
268.448	291.08000000000004
268.681	297.67
268.913	311.26
269.145	336.18
269.377	342.59
269.609	331.05
269.841	329.57
270.073	342.8
270.306	374.0
270.538	392.64
270.77	375.94
271.002	355.88
271.234	350.3
271.466	369.94
271.698	382.69
271.93	385.15000000000003
272.162	384.64
272.394	377.73
272.626	358.62
272.858	340.15000000000003
273.09	332.87
273.322	327.76000000000005
273.553	324.90000000000003
273.785	324.45
274.017	322.89
274.249	326.12
274.481	325.23
274.713	329.03
274.945	332.84999999999997
275.176	329.48
275.408	330.12
275.64	328.09
275.872	328.04
276.104	333.11
276.335	336.90000000000003
276.567	351.69
276.799	374.03
277.031	395.98999999999995
277.262	402.98999999999995
277.494	384.84999999999997
277.726	366.93
277.957	352.98999999999995
278.189	346.0
278.421	340.64
278.652	340.08000000000004
278.884	341.66999999999996
279.115	338.84999999999997
279.347	340.37
279.579	341.19
279.81	340.73
280.042	339.51000000000005
280.273	342.27
280.505	341.83000000000004
280.736	344.87
280.968	342.59999999999997
281.199	347.09
281.431	350.54
281.662	350.34999999999997
281.894	354.56
282.125	364.66
282.356	397.2
282.588	426.41
282.819	393.09999999999997
283.051	364.46
283.282	358.95
283.513	365.63
283.745	368.76000000000005
283.976	371.73
284.207	373.37
284.439	370.7
284.67	369.55
284.901	370.87
285.132	368.01000000000005
285.364	369.8
285.595	371.95
285.826	369.76000000000005
286.057	374.03
286.288	374.15000000000003
286.52	374.48999999999995
286.751	376.87
286.982	378.71
287.213	379.36
287.444	382.13
287.675	390.8
287.906	402.84
288.138	408.21
288.369	404.01000000000005
288.6	404.89
288.831	397.94
289.062	395.06
289.293	392.38
289.524	390.12
289.755	392.0
289.986	387.48999999999995
290.217	386.34
290.448	391.16999999999996
290.679	390.69
290.91	391.39
291.141	390.89
291.371	393.09999999999997
291.602	393.41999999999996
291.833	388.56
292.064	393.84999999999997
292.295	395.22
292.526	396.41
292.757	396.73
292.987	393.44
293.218	391.46
293.449	397.82
293.68	396.98999999999995
293.91	397.19
294.141	395.78
294.372	395.84999999999997
294.603	400.43
294.833	399.65000000000003
295.064	399.53
295.295	403.58000000000004
295.525	403.36
295.756	417.22
295.987	431.78
296.217	467.5
296.448	451.41
296.679	412.7
296.909	409.84999999999997
297.14	410.41999999999996
297.37	417.87
297.601	417.76000000000005
297.831	417.79
298.062	419.86
298.292	423.08000000000004
298.523	427.34999999999997
298.753	428.05
298.984	423.47
299.214	423.44
299.445	426.44
299.675	429.69
299.905	437.09999999999997
300.136	429.16
300.366	430.68
300.597	434.08000000000004
300.827	447.76000000000005
301.057	458.07
301.288	464.73999999999995
301.518	455.31
301.748	452.46
301.979	466.88
302.209	459.05
302.439	458.51000000000005
302.669	453.83000000000004
302.9	448.68
303.13	449.58000000000004
303.36	453.55
303.59	462.91999999999996
303.82	467.53
304.051	457.7
304.281	452.55
304.511	447.16999999999996
304.741	445.44
304.971	443.63
305.201	445.83000000000004
305.431	446.34
305.661	446.41999999999996
305.891	446.97
306.121	449.04
306.352	458.63
306.582	457.34999999999997
306.812	442.33000000000004
307.042	445.31
307.272	447.22
307.502	447.53
307.731	446.09999999999997
307.961	446.79
308.191	447.87
308.421	447.48999999999995
308.651	451.37
308.881	451.47
309.111	458.06
309.341	458.91999999999996
309.571	469.53
309.8	477.48999999999995
310.03	486.84
310.26	485.08000000000004
310.49	482.73999999999995
310.72	499.73999999999995
310.949	511.22
311.179	503.91999999999996
311.409	489.83000000000004
311.639	491.26000000000005
311.868	493.15000000000003
312.098	497.7
312.328	508.04
312.557	523.49
312.787	535.16
313.017	517.99
313.246	508.66999999999996
313.476	496.66999999999996
313.706	504.47
313.935	512.76
314.165	527.7700000000001
314.394	528.79
314.624	521.43
314.853	510.48999999999995
315.083	505.54
315.312	498.52
315.542	498.13
315.771	492.57
316.001	490.44
316.23	491.03
316.46	491.81
316.689	498.0
316.919	501.14
317.148	506.84
317.377	504.32
317.607	500.66
317.836	496.91
318.065	490.61
318.295	490.59
318.524	492.16
318.753	489.65000000000003
318.983	494.75
319.212	494.81
319.441	509.88
319.67	510.91
319.9	497.18
320.129	495.41999999999996
320.358	498.01000000000005
320.587	500.72
320.816	509.8
321.046	516.22
321.275	510.07
321.504	510.94
321.733	514.52
321.962	521.12
322.191	535.3000000000001
322.42	549.1
322.649	560.93
322.878	569.58
323.108	578.27
323.337	611.41
323.566	634.3
323.795	682.87
324.024	786.9599999999999
324.253	1125.17
324.482	1875.81
324.71	3055.5499999999997
324.939	3522.6099999999997
325.168	2116.22
325.397	936.88
325.626	711.4499999999999
325.855	649.13
326.084	637.08
326.313	642.57
326.542	679.06
326.77	805.83
326.999	1152.2
327.228	1914.1100000000001
327.457	3006.96
327.686	2635.8300000000004
327.914	1134.54
328.143	834.94
328.372	746.43
328.6	686.56
328.829	679.9100000000001
329.058	703.24
329.287	696.0
329.515	645.82
329.744	617.08
329.972	615.63
330.201	626.29
330.43	654.01
330.658	700.62
330.887	754.75
331.115	697.65
331.344	643.14
331.572	631.88
331.801	645.28
332.03	644.07
332.258	636.07
332.486	631.57
332.715	642.4499999999999
332.943	659.3000000000001
333.172	678.18
333.4	692.9599999999999
333.629	707.0200000000001
333.857	717.49
334.085	702.94
334.314	688.2099999999999
334.542	677.79
334.771	679.26
334.999	668.15
335.227	661.47
335.455	655.5899999999999
335.684	646.88
335.912	643.14
336.14	637.47
336.369	637.41
336.597	645.16
336.825	634.83
337.053	625.9
337.281	615.53
337.51	612.01
337.738	614.78
337.966	614.9
338.194	624.0
338.422	623.21
338.65	598.66
338.878	593.56
339.106	586.65
339.334	585.49
339.562	578.26
339.79	571.58
340.018	571.06
340.246	573.87
340.474	577.5899999999999
340.702	579.36
340.93	573.8399999999999
341.158	574.93
341.386	576.35
341.614	578.9
341.842	570.92
342.07	566.56
342.298	564.86
342.526	559.9499999999999
342.754	560.25
342.981	564.1999999999999
343.209	573.39
343.437	607.9499999999999
343.665	629.77
343.893	657.67
344.12	660.4599999999999
344.348	635.21
344.576	613.65
344.804	610.06
345.031	602.5
345.259	598.18
345.487	579.53
345.714	572.47
345.942	559.4799999999999
346.17	555.35
346.397	553.06
346.625	553.83
346.853	552.07
347.08	550.4799999999999
347.308	557.29
347.535	567.91
347.763	569.74
347.99	562.64
348.218	569.79
348.445	575.21
348.673	562.33
348.9	554.0899999999999
349.128	543.81
349.355	536.1
349.583	542.89
349.81	540.32
350.037	536.38
350.265	536.54
350.492	538.4499999999999
350.72	540.08
350.947	547.06
351.174	563.37
351.402	566.9499999999999
351.629	551.9799999999999
351.856	556.57
352.083	564.1
352.311	565.33
352.538	568.89
352.765	567.61
352.992	564.83
353.22	557.05
353.447	546.92
353.674	539.18
353.901	532.38
354.128	530.5500000000001
354.355	530.4
354.583	532.71
354.81	528.1999999999999
355.037	530.26
355.264	525.67
355.491	524.5500000000001
355.718	524.81
355.945	525.28
356.172	528.91
356.399	529.15
356.626	528.87
356.853	526.17
357.08	521.11
357.307	523.25
357.534	526.03
357.761	525.73
357.988	530.68
358.215	529.0
358.441	528.2700000000001
358.668	526.46
358.895	534.29
359.122	536.33
359.349	544.4799999999999
359.576	560.63
359.802	588.0899999999999
360.029	608.18
360.256	605.87
360.483	575.4
360.709	555.02
360.936	553.83
361.163	554.71
361.39	557.39
361.616	555.7299999999999
361.843	547.41
362.07	551.2299999999999
362.296	555.75
362.523	547.08
362.749	551.39
362.976	542.6999999999999
363.203	539.39
363.429	530.94
363.656	537.43
363.882	531.99
364.109	531.64
364.335	530.33
364.562	531.78
364.788	531.68
365.015	537.25
365.241	537.46
365.468	547.05
365.694	551.97
365.92	544.75
366.147	534.19
366.373	531.29
366.599	528.6999999999999
366.826	528.96
367.052	528.53
367.278	534.0500000000001
367.505	535.2299999999999
367.731	538.9
367.957	534.77
368.184	541.01
368.41	553.71
368.636	568.74
368.862	577.67
369.089	558.67
369.315	544.72
369.541	543.61
369.767	546.6999999999999
369.993	549.17
370.219	549.28
370.445	548.4
370.672	549.18
370.898	553.85
371.124	557.24
371.35	562.85
371.576	560.24
371.802	557.7299999999999
372.028	557.69
372.254	559.94
372.48	565.19
372.706	576.6
372.932	578.93
373.158	569.82
373.384	570.7299999999999
373.61	566.56
373.835	565.99
374.061	568.25
374.287	580.0899999999999
374.513	582.05
374.739	597.38
374.965	606.02
375.191	610.82
375.416	600.35
375.642	587.08
375.868	585.3
376.094	577.03
376.319	569.7299999999999
376.545	569.6
376.771	566.27
376.997	566.05
377.222	565.81
377.448	564.66
377.674	561.28
377.899	557.0899999999999
378.125	560.4
378.35	557.51
378.576	556.4799999999999
378.802	556.02
379.027	557.81
379.253	560.97
379.478	556.28
379.704	560.1999999999999
379.929	566.93
380.155	563.43
380.38	563.38
380.606	567.63
380.831	564.85
381.057	573.42
381.282	570.13
381.507	569.26
381.733	578.38
381.958	579.77
382.184	589.16
382.409	592.72
382.634	599.27
382.86	598.21
383.085	605.12
383.31	612.14
383.535	620.68
383.761	622.54
383.986	632.15
384.211	641.51
384.436	646.91
384.662	656.6999999999999
384.887	665.9499999999999
385.112	665.38
385.337	674.9
385.562	675.76
385.787	675.19
386.013	688.6
386.238	693.1600000000001
386.463	683.8399999999999
386.688	686.14
386.913	665.2700000000001
387.138	667.24
387.363	667.04
387.588	656.85
387.813	665.31
388.038	663.79
388.263	672.18
388.488	673.65
388.713	663.93
388.938	657.58
389.163	659.56
389.387	658.01
389.612	646.24
389.837	652.18
390.062	646.9
390.287	651.1999999999999
390.512	651.92
390.736	657.8399999999999
390.961	667.8399999999999
391.186	679.0
391.411	696.75
391.636	706.6999999999999
391.86	723.14
392.085	725.62
392.31	713.56
392.534	700.97
392.759	690.9100000000001
392.984	681.2099999999999
393.208	686.42
393.433	690.35
393.658	683.5200000000001
393.882	678.67
394.107	680.6
394.331	685.1600000000001
394.556	682.9799999999999
394.78	692.75
395.005	695.37
395.229	696.74
395.454	717.64
395.678	727.88
395.903	730.47
396.127	736.2099999999999
396.352	717.22
396.576	693.19
396.801	691.24
397.025	703.4499999999999
397.249	718.26
397.474	726.8000000000001
397.698	730.06
397.922	748.83
398.147	760.7299999999999
398.371	766.1999999999999
398.595	781.38
398.82	812.38
399.044	876.68
399.268	960.69
399.492	1083.37
399.717	1152.05
399.941	1125.89
400.165	1066.08
400.389	985.72
400.613	890.62
400.837	841.1999999999999
401.062	825.11
401.286	811.5699999999999
401.51	808.74
401.734	805.63
401.958	827.4599999999999
402.182	855.92
402.406	889.3399999999999
402.63	871.3399999999999
402.854	862.39
403.078	872.3000000000001
403.302	885.42
403.526	900.5899999999999
403.75	901.76
403.974	909.54
404.198	903.62
404.422	917.4799999999999
404.645	903.87
404.869	893.8199999999999
405.093	911.94
405.317	919.8199999999999
405.541	927.5899999999999
405.765	893.42
405.988	903.0500000000001
406.212	966.83
406.436	1022.89
406.66	983.13
406.883	947.9599999999999
407.107	1011.5500000000001
407.331	1074.63
407.555	1138.76
407.778	1096.05
408.002	1007.7900000000001
408.226	965.53
408.449	947.1600000000001
408.673	936.26
408.896	958.35
409.12	979.0
409.344	919.88
409.567	881.2700000000001
409.791	881.5899999999999
410.014	869.93
410.238	862.56
410.461	864.79
410.685	869.39
410.908	884.67
411.132	918.0699999999999
411.355	913.9499999999999
411.578	862.04
411.802	833.0200000000001
412.025	830.37
412.249	837.9799999999999
412.472	836.28
412.695	819.22
412.919	797.9
413.142	797.7299999999999
413.365	794.03
413.589	802.15
413.812	786.69
414.035	782.62
414.258	790.5699999999999
414.482	796.31
414.705	803.01
414.928	797.0200000000001
415.151	795.6999999999999
415.374	798.0500000000001
415.597	787.58
415.821	781.2700000000001
416.044	780.5
416.267	777.88
416.49	773.75
416.713	770.1600000000001
416.936	784.25
417.159	780.9100000000001
417.382	793.6600000000001
417.605	791.3000000000001
417.828	808.35
418.051	825.28
418.274	807.62
418.497	799.3199999999999
418.72	810.68
418.943	802.79
419.166	850.0899999999999
419.389	892.0
419.611	878.58
419.834	852.31
420.057	837.4799999999999
420.28	812.1999999999999
420.503	791.36
420.726	798.5899999999999
420.948	821.65
421.171	873.35
421.394	871.64
421.617	813.2099999999999
421.839	810.39
422.062	820.11
422.285	841.8199999999999
422.507	923.1999999999999
422.73	985.6600000000001
422.953	907.68
423.175	863.03
423.398	864.56
423.621	867.0500000000001
423.843	896.76
424.066	887.65
424.288	876.53
424.511	902.37
424.733	962.4
424.956	1018.13
425.178	957.54
425.401	978.04
425.623	964.51
425.846	844.38
426.068	828.22
426.291	816.6
426.513	813.9499999999999
426.735	831.5699999999999
426.958	884.28
427.18	981.56
427.402	1134.46
427.625	1153.0
427.847	954.88
428.069	841.0200000000001
428.292	796.26
428.514	761.4599999999999
428.736	746.47
428.958	748.33
429.181	726.53
429.403	729.36
429.625	754.51
429.847	791.22
430.069	865.64
430.292	805.5
430.514	730.14
430.736	731.72
430.958	718.47
431.18	709.49
431.402	711.68
431.624	712.06
431.846	717.89
432.068	719.8000000000001
432.29	732.51
432.512	719.6600000000001
432.734	733.1600000000001
432.956	728.4
433.178	740.58
433.4	741.17
433.622	727.5899999999999
433.844	726.3000000000001
434.066	729.78
434.287	738.81
434.509	763.9799999999999
434.731	789.53
434.953	802.35
435.175	819.29
435.397	832.87
435.618	825.7700000000001
435.84	883.1999999999999
436.062	990.92
436.284	975.4
436.505	829.03
436.727	790.08
436.949	753.19
437.17	733.0200000000001
437.392	730.39
437.614	754.4599999999999
437.835	807.5699999999999
438.057	929.4100000000001
438.278	997.8399999999999
438.5	980.4799999999999
438.721	1091.23
438.943	950.06
439.165	802.89
439.386	782.9
439.608	789.6600000000001
439.829	804.4599999999999
440.05	860.42
440.272	915.36
440.493	814.93
440.715	773.29
440.936	766.5899999999999
441.158	767.9799999999999
441.379	782.67
441.6	824.0200000000001
441.822	850.7099999999999
442.043	902.2099999999999
442.264	1000.33
442.486	961.61
442.707	864.12
442.928	848.85
443.149	892.49
443.371	915.75
443.592	962.01
443.813	1078.23
444.034	1065.67
444.255	931.5699999999999
444.476	901.83
444.698	924.51
444.919	931.01
445.14	950.49
445.361	926.15
445.582	936.4599999999999
445.803	1023.6999999999999
446.024	1100.92
446.245	1054.91
446.466	936.35
446.687	810.36
446.908	771.9
447.129	735.88
447.35	719.9599999999999
447.571	719.0699999999999
447.792	707.42
448.013	724.3399999999999
448.234	751.76
448.455	825.3000000000001
448.675	975.97
448.896	1026.8200000000002
449.117	851.12
449.338	877.26
449.559	1051.66
449.779	1071.18
450.0	814.58
450.221	730.62
450.442	703.62
450.662	700.1999999999999
450.883	714.75
451.104	726.4599999999999
451.324	699.15
451.545	679.24
451.766	660.86
451.986	649.2099999999999
452.207	649.8199999999999
452.428	648.78
452.648	657.0899999999999
452.869	667.64
453.089	679.31
453.31	690.5
453.53	652.42
453.751	643.29
453.971	655.81
454.192	672.94
454.412	639.2299999999999
454.633	631.16
454.853	627.4799999999999
455.073	632.44
455.294	682.74
455.514	751.9499999999999
455.734	685.04
455.955	619.12
456.175	607.82
456.395	598.82
456.616	600.72
456.836	599.02
457.056	597.4799999999999
457.276	589.81
457.497	607.41
457.717	606.6
457.937	613.6999999999999
458.157	621.75
458.377	636.69
458.598	687.1
458.818	797.5500000000001
459.038	892.5200000000001
459.258	849.19
459.478	748.18
459.698	730.56
459.918	735.62
460.138	759.44
460.358	785.04
460.578	784.5200000000001
460.798	793.5899999999999
461.018	792.75
461.238	774.0
461.458	774.1600000000001
461.678	771.37
461.898	785.18
462.118	790.37
462.338	830.65
462.558	845.4
462.777	877.81
462.997	941.6600000000001
463.217	986.42
463.437	961.85
463.657	897.11
463.876	874.56
464.096	880.8000000000001
464.316	885.9499999999999
464.536	892.12
464.755	863.1
464.975	861.2700000000001
465.195	919.11
465.414	918.19
465.634	779.69
465.854	736.5500000000001
466.073	712.3199999999999
466.293	694.1999999999999
466.512	675.6999999999999
466.732	663.24
466.951	660.0
467.171	664.74
467.391	674.79
467.61	683.25
467.829	677.2099999999999
468.049	658.42
468.268	639.25
468.488	634.77
468.707	632.72
468.927	633.61
469.146	632.68
469.365	641.32
469.585	648.82
469.804	675.0699999999999
470.023	691.03
470.243	686.9100000000001
470.462	702.33
470.681	721.4799999999999
470.901	695.13
471.12	677.5899999999999
471.339	674.3000000000001
471.558	669.53
471.777	659.31
471.997	646.63
472.216	641.19
472.435	637.28
472.654	632.14
472.873	627.37
473.092	628.69
473.311	633.37
473.53	636.44
473.749	651.7299999999999
473.968	719.44
474.187	848.2099999999999
474.406	784.4799999999999
474.625	673.5500000000001
474.844	645.86
475.063	636.72
475.282	637.9799999999999
475.501	643.92
475.72	653.75
475.939	654.43
476.158	658.33
476.377	659.29
476.596	659.06
476.814	679.6999999999999
477.033	685.14
477.252	691.4799999999999
477.471	697.6600000000001
477.69	713.5200000000001
477.908	723.1999999999999
478.127	740.11
478.346	748.4499999999999
478.564	760.1999999999999
478.783	772.13
479.002	791.74
479.22	787.13
479.439	802.93
479.658	814.86
479.876	816.6600000000001
480.095	838.19
480.313	890.0899999999999
480.532	868.49
480.751	848.33
480.969	840.99
481.188	823.3399999999999
481.406	797.15
481.624	778.8199999999999
481.843	759.22
482.061	752.78
482.28	741.4
482.498	736.25
482.717	733.68
482.935	735.5200000000001
483.153	731.49
483.372	732.25
483.59	734.1999999999999
483.808	732.8399999999999
484.027	741.72
484.245	745.9799999999999
484.463	749.79
484.681	762.5500000000001
484.9	761.68
485.118	766.33
485.336	772.75
485.554	785.5200000000001
485.772	787.54
485.99	791.31
486.209	797.81
486.427	798.17
486.645	804.86
486.863	820.49
487.081	804.0200000000001
487.299	795.47
487.517	790.4599999999999
487.735	786.9100000000001
487.953	784.2700000000001
488.171	786.56
488.389	786.8199999999999
488.607	790.8000000000001
488.825	783.8199999999999
489.043	788.9499999999999
489.261	796.19
489.479	794.3399999999999
489.696	801.17
489.914	806.18
490.132	812.37
490.35	817.83
490.568	825.13
490.786	832.37
491.003	843.4499999999999
491.221	859.38
491.439	869.24
491.657	876.15
491.874	878.81
492.092	883.18
492.31	884.89
492.527	883.49
492.745	891.89
492.963	897.26
493.18	902.31
493.398	913.87
493.615	931.4599999999999
493.833	927.36
494.05	923.5
494.268	926.11
494.485	917.9499999999999
494.703	918.33
494.92	920.08
495.138	920.94
495.355	921.65
495.573	925.67
495.79	924.69
496.008	932.8199999999999
496.225	928.08
496.442	926.76
496.66	935.04
496.877	936.44
497.094	949.5699999999999
497.312	970.76
497.529	989.64
497.746	1003.6999999999999
497.963	1032.1499999999999
498.181	1082.38
498.398	1100.8200000000002
498.615	1158.92
498.832	1210.09
499.049	1258.0
499.267	1324.89
499.484	1412.87
499.701	1496.52
499.918	1575.7
500.135	1663.56
500.352	1727.47
500.569	1739.3500000000001
500.786	1723.48
501.003	1674.02
501.22	1606.81
501.437	1530.17
501.654	1445.01
501.871	1382.74
502.088	1285.71
502.305	1218.7900000000002
502.522	1162.51
502.739	1126.8999999999999
502.956	1078.6499999999999
503.172	1045.1000000000001
503.389	1017.5899999999999
503.606	1017.31
503.823	1002.92
504.04	993.1800000000001
504.256	996.0899999999999
504.473	1011.1600000000001
504.69	1016.0500000000001
504.907	987.1
505.123	944.68
505.34	915.33
505.557	899.11
505.773	891.65
505.99	883.9799999999999
506.207	874.72
506.423	868.9100000000001
506.64	857.12
506.856	848.26
507.073	838.58
507.289	832.9100000000001
507.506	834.97
507.722	855.92
507.939	854.49
508.155	819.89
508.372	806.1999999999999
508.588	799.2700000000001
508.805	795.4
509.021	804.61
509.238	827.42
509.454	825.9799999999999
509.67	815.0200000000001
509.887	804.0
510.103	812.58
510.319	885.5500000000001
510.536	1430.25
510.752	2998.65
510.968	1335.41
511.184	814.19
511.401	770.99
511.617	749.33
511.833	743.4100000000001
512.049	732.83
512.265	733.74
512.481	738.5899999999999
512.698	736.62
512.914	735.44
513.13	737.7099999999999
513.346	738.4799999999999
513.562	742.85
513.778	742.64
513.994	750.7700000000001
514.21	768.81
514.426	800.5200000000001
514.642	841.76
514.858	852.79
515.074	925.5899999999999
515.29	1290.8
515.506	2337.67
515.721	1317.3200000000002
515.937	895.65
516.153	845.08
516.369	831.7099999999999
516.585	835.89
516.801	846.81
517.016	868.67
517.232	894.03
517.448	915.4599999999999
517.664	934.22
517.879	929.89
518.095	921.83
518.311	910.9
518.527	879.4599999999999
518.742	855.76
518.958	831.76
519.173	812.0200000000001
519.389	799.8199999999999
519.605	784.74
519.82	778.14
520.036	795.36
520.251	818.04
520.467	820.25
520.682	802.5899999999999
520.898	804.39
521.113	827.26
521.329	871.2099999999999
521.544	991.72
521.76	1469.5
521.975	3351.03
522.19	2295.31
522.406	1024.11
522.621	784.6600000000001
522.836	733.26
523.052	707.3399999999999
523.267	687.64
523.482	676.4499999999999
523.698	680.88
523.913	691.0500000000001
524.128	672.7099999999999
524.343	655.4799999999999
524.559	647.53
524.774	640.1
524.989	644.2299999999999
525.204	654.6
525.419	648.56
525.634	633.41
525.849	628.9
526.064	626.66
526.28	623.5899999999999
526.495	614.74
526.71	617.24
526.925	616.42
527.14	613.37
527.355	612.26
527.57	613.43
527.785	614.21
527.999	610.47
528.214	614.52
528.429	616.71
528.644	616.13
528.859	615.85
529.074	619.76
529.289	660.79
529.503	762.38
529.718	672.78
529.933	637.01
530.148	619.78
530.363	618.75
530.577	612.18
530.792	610.64
531.007	605.4499999999999
531.221	610.15
531.436	608.47
531.651	608.89
531.865	606.02
532.08	604.72
532.295	607.64
532.509	602.87
532.724	603.03
532.938	608.8
533.153	608.24
533.367	602.77
533.582	601.47
533.796	601.49
534.011	598.52
534.225	595.99
534.44	589.8399999999999
534.654	588.5
534.868	586.13
535.083	590.51
535.297	591.93
535.511	598.96
535.726	603.61
535.94	598.67
536.154	586.9799999999999
536.369	576.8399999999999
536.583	567.88
536.797	570.36
537.011	566.3399999999999
537.225	564.67
537.44	566.93
537.654	568.86
537.868	565.57
538.082	568.0
538.296	568.4799999999999
538.51	563.87
538.724	566.12
538.938	560.11
539.153	559.55
539.367	580.86
539.581	567.0
539.795	553.56
540.009	551.94
540.222	553.68
540.436	557.63
540.65	557.05
540.864	561.71
541.078	566.15
541.292	558.68
541.506	550.44
541.72	542.92
541.934	535.52
542.147	539.4
542.361	536.56
542.575	532.12
542.789	540.08
543.002	540.44
543.216	550.15
543.43	555.44
543.644	546.89
543.857	545.05
544.071	548.19
544.285	548.0
544.498	549.07
544.712	544.0899999999999
544.925	545.92
545.139	545.26
545.352	544.25
545.566	543.56
545.779	542.86
545.993	544.16
546.206	544.52
546.42	540.39
546.633	543.42
546.847	546.1999999999999
547.06	539.24
547.274	538.05
547.487	535.76
547.7	538.83
547.914	540.8
548.127	545.22
548.34	546.43
548.554	537.6
548.767	541.3
548.98	541.05
549.193	542.29
549.407	544.55
549.62	551.88
549.833	552.2299999999999
550.046	545.78
550.259	541.43
550.473	531.21
550.686	533.02
550.899	528.29
551.112	526.22
551.325	522.35
551.538	529.17
551.751	530.67
551.964	532.87
552.177	541.58
552.39	544.56
552.603	557.18
552.816	563.15
553.029	574.7299999999999
553.242	582.55
553.455	592.07
553.667	600.32
553.88	597.33
554.093	576.62
554.306	566.3399999999999
554.519	551.97
554.732	539.55
554.944	530.1999999999999
555.157	521.25
555.37	516.9499999999999
555.583	507.61
555.795	509.01000000000005
556.008	494.38
556.221	487.34999999999997
556.433	482.21
556.646	478.41
556.859	477.23999999999995
557.071	472.66999999999996
557.284	470.29
557.496	468.8
557.709	467.23
557.921	463.72
558.134	461.89
558.346	457.95
558.559	458.16
558.771	457.40000000000003
558.984	453.06
559.196	453.97
559.409	448.52
559.621	450.37
559.833	450.34
560.046	448.90000000000003
560.258	446.76000000000005
560.47	444.7
560.683	447.48
560.895	445.68
561.107	448.77
561.32	443.34
561.532	446.76000000000005
561.744	451.28
561.956	447.23999999999995
562.168	452.2
562.381	450.95
562.593	452.98
562.805	456.23
563.017	455.56
563.229	456.23999999999995
563.441	454.97
563.653	459.95
563.865	459.16999999999996
564.077	464.02
564.289	466.09
564.501	471.34999999999997
564.713	478.8
564.925	491.61
565.137	511.57
565.349	505.32
565.561	514.9100000000001
565.773	528.69
565.985	552.25
566.197	575.0
566.408	608.68
566.62	647.7299999999999
566.832	677.89
567.044	682.65
567.255	687.2700000000001
567.467	704.5899999999999
567.679	735.81
567.891	773.15
568.102	773.8199999999999
568.314	727.5
568.526	666.78
568.737	625.51
568.949	584.1999999999999
569.161	548.94
569.372	520.81
569.584	500.81
569.795	491.59
570.007	502.91
570.218	617.11
570.43	505.87
570.641	463.69
570.853	458.28
571.064	463.18
571.276	456.34
571.487	441.38
571.698	431.29
571.91	419.52
572.121	415.87
572.333	406.39
572.544	400.29
572.755	393.44
572.966	392.56
573.178	390.32
573.389	386.88
573.6	383.91
573.811	381.33000000000004
574.023	378.29
574.234	378.03
574.445	378.78
574.656	374.66999999999996
574.867	375.91
575.078	376.31
575.289	372.12
575.501	370.59
575.712	364.18
575.923	362.76000000000005
576.134	362.06
576.345	360.97
576.556	358.32
576.767	356.48
576.978	357.7
577.188	356.73
577.399	354.06
577.61	353.18
577.821	356.22
578.032	371.0
578.243	529.9100000000001
578.454	1012.54
578.665	468.28
578.875	356.31
579.086	341.69
579.297	336.34
579.508	335.04
579.718	334.81
579.929	332.40000000000003
580.14	329.54
580.35	328.84999999999997
580.561	329.48
580.772	327.43
580.982	325.44
581.193	322.66
581.403	326.53
581.614	322.31
581.825	323.81
582.035	320.47
582.246	321.56
582.456	318.2
582.667	320.43
582.877	319.63
583.087	315.91
583.298	317.39
583.508	317.38
583.719	316.01
583.929	318.71
584.139	313.37
584.35	310.01
584.56	314.40000000000003
584.77	311.84999999999997
584.981	312.65000000000003
585.191	312.93
585.401	310.15000000000003
585.611	307.91
585.821	311.09999999999997
586.032	311.78
586.242	308.72
586.452	305.94
586.662	306.38
586.872	304.90000000000003
587.082	306.41999999999996
587.292	305.25
587.502	305.49
587.713	303.59999999999997
587.923	304.31
588.133	303.0
588.343	301.52
588.553	303.3
588.762	306.23
588.972	304.37
589.182	310.94
589.392	304.53
589.602	305.77
589.812	305.81
590.022	305.78
590.232	304.83000000000004
590.441	308.55
590.651	310.0
590.861	307.7
591.071	312.37
591.281	313.74
591.49	316.98
591.7	322.22
591.91	325.73
592.119	327.02
592.329	337.91
592.539	350.21
592.748	353.34
592.958	359.09999999999997
593.167	362.01000000000005
593.377	365.81
593.587	374.36
593.796	372.46
594.006	372.02
594.215	375.91
594.424	369.78
594.634	360.98999999999995
594.843	348.62
595.053	340.63
595.262	334.57
595.472	324.98
595.681	316.48
595.89	310.52
596.1	305.25
596.309	300.90000000000003
596.518	297.55
596.727	292.74
596.937	289.84
597.146	285.3
597.355	283.69
597.564	280.56
597.774	277.78
597.983	274.38
598.192	273.64
598.401	272.77
598.61	271.47
598.819	269.93
599.028	269.66
599.237	265.48
599.446	268.25
599.655	266.34
599.864	266.13
600.073	262.81
600.282	266.76000000000005
600.491	261.76000000000005
600.7	262.66
600.909	262.51000000000005
601.118	264.71
601.327	262.46
601.536	260.16
601.745	258.16
601.953	257.66
602.162	260.06
602.371	255.97
602.58	252.20000000000002
602.789	253.94000000000003
602.997	250.77
603.206	251.9
603.415	250.52
603.623	248.38000000000002
603.832	247.77
604.041	247.61999999999998
604.249	246.07
604.458	246.07
604.666	245.58
604.875	246.11
605.084	245.39
605.292	245.65
605.501	245.18
605.709	242.19000000000003
605.918	241.24
606.126	243.51000000000002
606.334	240.84
606.543	241.0
606.751	241.60000000000002
606.96	240.18
607.168	239.48
607.376	239.75
607.585	239.61999999999998
607.793	237.70000000000002
608.001	237.81
608.21	237.07
608.418	238.66
608.626	236.13000000000002
608.834	236.54999999999998
609.043	234.34
609.251	236.29000000000002
609.459	236.14
609.667	237.04999999999998
609.875	233.70000000000002
610.083	234.01000000000002
610.291	233.65
610.499	232.41
610.707	235.66
610.916	234.42000000000002
611.124	235.28
611.332	233.70999999999998
611.54	232.67000000000002
611.748	233.09
611.955	231.54999999999998
612.163	230.13000000000002
612.371	230.32
612.579	230.85000000000002
612.787	230.29999999999998
612.995	232.09
613.203	231.08
613.411	228.72
613.618	229.25
613.826	226.35000000000002
614.034	229.72
614.242	229.04000000000002
614.449	227.68
614.657	229.91
614.865	229.48
615.072	231.11
615.28	230.39
615.488	231.45000000000002
615.695	235.67000000000002
615.903	240.41
616.111	246.09
616.318	247.09
616.526	242.79999999999998
616.733	240.15
616.941	234.70999999999998
617.148	234.65
617.356	232.98
617.563	231.94000000000003
617.771	231.36
617.978	228.09
618.185	230.63000000000002
618.393	229.52
618.6	229.38000000000002
618.807	228.19000000000003
619.015	228.83
619.222	223.65
619.429	225.01000000000002
619.637	225.82
619.844	223.95000000000002
620.051	222.97
620.258	220.36
620.466	217.54999999999998
620.673	214.94000000000003
620.88	214.36
621.087	213.47
621.294	217.32
621.501	216.0
621.708	217.28
621.915	218.94000000000003
622.122	217.04000000000002
622.329	215.29000000000002
622.536	216.72
622.743	213.10000000000002
622.95	212.26000000000002
623.157	208.98
623.364	211.82
623.571	211.0
623.778	212.03
623.985	210.70999999999998
624.192	208.04000000000002
624.399	207.35000000000002
624.606	208.42000000000002
624.812	205.98
625.019	206.59
625.226	205.4
625.433	207.44000000000003
625.639	202.13000000000002
625.846	202.78
626.053	201.93
626.259	202.57
626.466	202.69000000000003
626.673	200.38000000000002
626.879	198.09
627.086	201.52
627.293	199.91
627.499	200.09
627.706	199.99
627.912	197.95999999999998
628.119	197.75
628.325	198.65
628.532	197.03
628.738	196.60000000000002
628.945	195.33
629.151	193.04999999999998
629.357	190.89
629.564	190.98
629.77	192.25
629.976	189.07
630.183	189.43
630.389	186.74
630.595	187.98
630.802	186.61999999999998
631.008	185.54999999999998
631.214	185.36999999999998
631.42	185.19
631.627	189.54999999999998
631.833	184.42000000000002
632.039	181.93
632.245	181.61999999999998
632.451	182.54000000000002
632.657	181.42000000000002
632.863	181.70000000000002
633.069	180.95999999999998
633.275	180.66
633.481	179.43
633.688	179.13000000000002
633.893	180.56
634.099	177.51
634.305	175.85
634.511	175.29999999999998
634.717	175.82
634.923	174.26
635.129	173.45000000000002
635.335	176.61
635.541	174.0
635.747	175.74
635.952	173.51
636.158	173.20999999999998
636.364	174.85
636.57	170.93
636.775	171.75
636.981	172.28
637.187	172.84
637.392	171.68
637.598	170.33
637.804	170.58
638.009	172.11999999999998
638.215	170.70000000000002
638.421	168.35
638.626	167.72
638.832	168.64
639.037	166.6
639.243	166.78
639.448	166.9
639.654	167.67000000000002
639.859	164.85
640.065	164.36
640.27	168.86
640.475	164.51
640.681	165.15
640.886	166.41
641.091	165.47
641.297	166.20999999999998
641.502	162.0
641.707	165.70000000000002
641.913	164.58
642.118	161.97
642.323	159.89
642.528	162.94
642.733	161.54999999999998
642.939	161.79999999999998
643.144	160.14
643.349	161.25
643.554	160.11
643.759	158.71
643.964	157.81
644.169	159.6
644.374	158.74
644.579	161.74
644.784	158.64
644.989	159.5
645.194	159.35
645.399	160.13000000000002
645.604	159.11
645.809	163.88000000000002
646.014	161.44
646.219	160.6
646.423	159.16
646.628	160.27
646.833	160.81
647.038	162.54000000000002
647.243	163.88000000000002
647.447	163.26
647.652	162.79000000000002
647.857	164.78
648.062	167.74
648.266	169.44
648.471	174.48
648.676	177.19
648.88	175.81
649.085	173.19
649.289	172.44
649.494	185.53
649.698	225.33
649.903	184.94
650.107	164.97
650.312	158.15
650.516	153.48
650.721	149.64
650.925	148.03
651.13	145.75
651.334	146.11
651.539	144.47
651.743	141.32
651.947	141.65
652.152	140.01
652.356	137.08
652.56	139.27
652.764	135.59
652.969	132.27
653.173	133.35
653.377	130.33
653.581	131.65
653.785	131.53
653.99	131.69
654.194	131.44
654.398	127.19000000000001
654.602	128.79000000000002
654.806	136.29000000000002
655.01	151.18
655.214	135.62
655.418	128.19
655.622	128.51
655.826	128.08
656.03	129.88
656.234	134.45000000000002
656.438	137.29000000000002
656.642	137.13
656.846	129.11
657.049	122.89
657.253	119.92
657.457	114.74
657.661	111.28
657.865	109.14999999999999
658.068	108.26
658.272	104.05999999999999
658.476	104.32
658.68	101.05999999999999
658.883	100.13
659.087	98.03
659.291	98.47
659.494	96.83
659.698	94.93
659.901	95.11
660.105	94.60000000000001
660.309	93.04
660.512	91.99
660.716	92.42
660.919	91.05
661.123	92.84
661.326	89.12
661.53	89.29
661.733	87.80999999999999
661.936	85.8
662.14	83.58
662.343	85.5
662.546	84.45
662.75	85.58
662.953	85.94000000000001
663.156	82.55
663.36	81.77000000000001
663.563	83.80999999999999
663.766	81.63
663.969	83.72999999999999
664.173	81.54
664.376	82.24
664.579	80.99
664.782	81.75
664.985	81.49
665.188	82.86
665.391	81.55
665.594	81.05
665.797	81.93
666.0	81.5
666.203	80.11
666.406	79.32
666.609	80.64
666.812	81.63
667.015	80.57
667.218	81.92
667.421	81.3
667.624	80.64
667.827	82.79
668.03	81.54
668.232	80.49
668.435	81.87
668.638	82.07
668.841	82.42
669.043	81.29
669.246	81.35000000000001
669.449	80.3
669.651	80.97
669.854	79.95
670.057	80.02000000000001
670.259	80.32
670.462	80.79
670.665	81.46
670.867	81.89999999999999
671.07	81.58
671.272	83.41
671.475	84.09
671.677	80.62
671.88	80.59
672.082	82.68
672.284	82.38
672.487	82.47
672.689	80.61
672.892	79.97
