223.165	-16.5377
223.4	-16.5377
223.635	-16.5377
223.869	-17.9677
224.104	-19.3377
224.338	-15.957699999999999
224.573	-15.1477
224.808	-12.5577
225.042	-7.847700000000001
225.277	-5.1377
225.511	-1.3377
225.746	3.0723
225.98	5.9323
226.215	11.9123
226.449	15.8923
226.683	18.7223
226.918	25.9123
227.152	30.3823
227.387	35.6623
227.621	38.082300000000004
227.856	44.3723
228.09	47.652300000000004
228.324	50.9123
228.559	56.552299999999995
228.793	59.7223
229.027	70.5723
229.262	75.6823
229.496	83.9023
229.73	97.00229999999999
229.964	97.1623
230.199	84.3423
230.433	82.2423
230.667	86.7223
230.901	85.5623
231.136	84.8523
231.37	86.7223
231.604	86.8223
231.838	88.00229999999999
232.072	88.4623
232.306	88.62230000000001
232.541	88.3423
232.775	89.42229999999999
233.009	89.6423
233.243	88.3223
233.477	88.2723
233.711	88.8023
233.945	88.42229999999999
234.179	87.4623
234.413	88.4623
234.647	87.6323
234.881	87.62230000000001
235.115	89.1623
235.349	88.00229999999999
235.583	88.0923
235.817	89.08229999999999
236.051	89.29230000000001
236.285	88.0223
236.519	89.37230000000001
236.753	91.6323
236.987	97.4323
237.221	109.5723
237.455	113.6523
237.689	94.95230000000001
237.922	90.80229999999999
238.156	90.25229999999999
238.39	87.2423
238.624	88.00229999999999
238.858	88.83229999999999
239.091	89.37230000000001
239.325	89.83229999999999
239.559	92.6523
239.793	91.75229999999999
240.027	92.54230000000001
240.26	95.3223
240.494	96.3423
240.728	94.3423
240.961	92.50229999999999
241.195	92.45230000000001
241.429	92.0723
241.662	90.7823
241.896	89.6323
242.13	91.9423
242.363	90.1023
242.597	91.0923
242.83	93.1123
243.064	90.5223
243.298	92.8823
243.531	91.64229999999999
243.765	92.9823
243.998	94.9823
244.232	95.47229999999999
244.465	98.7623
244.699	96.3223
244.932	95.00229999999999
245.166	93.9323
245.399	96.1123
245.633	94.4923
245.866	95.33229999999999
246.099	94.12230000000001
246.333	96.1923
246.566	96.17229999999999
246.8	96.5223
247.033	96.8423
247.266	98.33229999999999
247.5	100.0723
247.733	101.0623
247.966	101.6823
248.2	100.63229999999999
248.433	100.0723
248.666	102.3423
248.899	106.2723
249.133	112.4623
249.366	124.0223
249.599	121.9423
249.832	107.5223
250.066	107.4923
250.299	110.4923
250.532	120.3123
250.765	119.04230000000001
250.998	118.6023
251.231	113.50229999999999
251.465	108.00229999999999
251.698	107.4323
251.931	106.6923
252.164	107.33229999999999
252.397	107.4923
252.63	107.5223
252.863	107.97229999999999
253.096	112.3423
253.329	114.12230000000001
253.562	111.83229999999999
253.795	112.33229999999999
254.028	112.8123
254.261	111.9823
254.494	115.29230000000001
254.727	124.7623
254.96	126.4023
255.193	118.6023
255.426	117.5223
255.659	118.79230000000001
255.892	133.39229999999998
256.124	143.2423
256.357	135.7723
256.59	125.00229999999999
256.823	118.5223
257.056	115.0923
257.289	114.3523
257.521	114.08229999999999
257.754	111.6523
257.987	112.47229999999999
258.22	114.62230000000001
258.452	113.1123
258.685	111.9323
258.918	112.0923
259.151	112.8623
259.383	114.58229999999999
259.616	113.20230000000001
259.849	116.6823
260.081	119.89229999999999
260.314	122.3123
260.547	120.0223
260.779	118.05229999999999
261.012	117.75229999999999
261.244	118.1823
261.477	120.9123
261.71	125.5623
261.942	141.8723
262.175	147.6223
262.407	120.67229999999999
262.64	114.4823
262.872	115.63229999999999
263.105	115.7623
263.337	114.45230000000001
263.57	114.1523
263.802	115.83229999999999
264.035	114.67229999999999
264.267	113.92229999999999
264.499	114.7423
264.732	115.37230000000001
264.964	115.04230000000001
265.197	115.95230000000001
265.429	115.58229999999999
265.661	116.17229999999999
265.894	116.2123
266.126	118.2723
266.358	117.1523
266.591	117.5123
266.823	118.29230000000001
267.055	119.3123
267.287	120.12230000000001
267.52	118.0723
267.752	117.6023
267.984	119.17229999999999
268.216	118.7623
268.448	121.0723
268.681	121.4823
268.913	125.5723
269.145	130.5423
269.377	129.0923
269.609	126.5723
269.841	126.17229999999999
270.073	130.57229999999998
270.306	134.89229999999998
270.538	138.9623
270.77	134.2723
271.002	130.5423
271.234	131.7023
271.466	135.57229999999998
271.698	136.8023
271.93	138.3123
272.162	138.4423
272.394	138.0423
272.626	131.7423
272.858	128.6523
273.09	127.4323
273.322	127.4423
273.553	125.6923
273.785	126.3123
274.017	127.4823
274.249	127.2823
274.481	128.7223
274.713	127.89229999999999
274.945	130.5323
275.176	131.0923
275.408	133.0023
275.64	131.4223
275.872	132.3023
276.104	134.9623
276.335	135.5623
276.567	145.1123
276.799	158.32229999999998
277.031	161.0623
277.262	157.4523
277.494	148.82229999999998
277.726	138.4423
277.957	136.0023
278.189	133.6723
278.421	131.9223
278.652	133.1023
278.884	132.8323
279.115	132.4123
279.347	133.0923
279.579	135.1123
279.81	137.6723
280.042	142.32229999999998
280.273	151.2023
280.505	145.14229999999998
280.736	136.2423
280.968	136.0523
281.199	134.1223
281.431	135.32229999999998
281.662	135.0623
281.894	139.0423
282.125	147.07229999999998
282.356	167.0023
282.588	190.14229999999998
282.819	165.63230000000001
283.051	139.7123
283.282	134.7423
283.513	137.07229999999998
283.745	138.9523
283.976	137.3323
284.207	136.4023
284.439	136.7723
284.67	136.9523
284.901	136.6823
285.132	135.7923
285.364	135.5823
285.595	137.9723
285.826	138.07229999999998
286.057	140.0223
286.288	137.5623
286.52	139.0223
286.751	137.0623
286.982	138.73229999999998
287.213	139.5223
287.444	140.5923
287.675	143.5423
287.906	145.3623
288.138	147.0023
288.369	147.7823
288.6	148.0023
288.831	142.32229999999998
289.062	143.2023
289.293	143.1823
289.524	141.1523
289.755	142.1823
289.986	140.82229999999998
290.217	140.4523
290.448	141.7023
290.679	142.73229999999998
290.91	143.32229999999998
291.141	141.57229999999998
291.371	142.4723
291.602	142.1123
291.833	140.6923
292.064	140.6123
292.295	142.1523
292.526	141.9423
292.757	142.0923
292.987	141.57229999999998
293.218	141.4623
293.449	144.07229999999998
293.68	143.0123
293.91	142.5123
294.141	144.6823
294.372	142.3523
294.603	142.5023
294.833	144.1223
295.064	145.4623
295.295	144.6323
295.525	146.7023
295.756	157.2823
295.987	171.23229999999998
296.217	197.2023
296.448	181.4123
296.679	151.14229999999998
296.909	146.9323
297.14	146.2923
297.37	149.2023
297.601	147.82229999999998
297.831	148.5123
298.062	149.6823
298.292	147.3623
298.523	149.39229999999998
298.753	149.07229999999998
298.984	147.0923
299.214	149.7023
299.445	151.5023
299.675	152.7423
299.905	155.1723
300.136	150.2223
300.366	150.3123
300.597	151.2023
300.827	155.5623
301.057	160.9623
301.288	166.9323
301.518	158.5223
301.748	155.39229999999998
301.979	164.6923
302.209	155.5823
302.439	155.8723
302.669	155.7623
302.9	153.2223
303.13	154.8723
303.36	160.0023
303.59	166.6723
303.82	171.7423
304.051	159.4523
304.281	155.6723
304.511	153.2423
304.741	152.6723
304.971	151.7123
305.201	153.9523
305.431	153.6223
305.661	152.7823
305.891	153.9123
306.121	158.0523
306.352	163.9923
306.582	164.8023
306.812	157.98229999999998
307.042	158.5023
307.272	162.4923
307.502	167.7423
307.731	164.7123
307.961	158.64229999999998
308.191	154.6123
308.421	153.9723
308.651	155.6523
308.881	158.0123
309.111	157.1823
309.341	160.0823
309.571	164.6823
309.8	164.76229999999998
310.03	167.5223
310.26	168.2023
310.49	166.57229999999998
310.72	171.3623
310.949	176.01229999999998
311.179	174.6123
311.409	163.7423
311.639	165.5023
311.868	167.81230000000002
312.098	166.65230000000003
312.328	170.0823
312.557	179.22230000000002
312.787	182.5523
313.017	177.9923
313.246	167.98229999999998
313.476	164.2923
313.706	164.97230000000002
313.935	171.1123
314.165	177.0823
314.394	176.9923
314.624	175.48229999999998
314.853	171.0523
315.083	166.7923
315.312	165.32229999999998
315.542	164.1223
315.771	164.1123
316.001	164.31230000000002
316.23	164.5323
316.46	161.8523
316.689	164.2523
316.919	166.81230000000002
317.148	170.1223
317.377	170.2923
317.607	167.2023
317.836	165.57229999999998
318.065	163.7723
318.295	162.1823
318.524	163.23229999999998
318.753	163.7923
318.983	167.1223
319.212	171.73229999999998
319.441	177.51229999999998
319.67	178.5823
319.9	165.6723
320.129	164.9323
320.358	167.1923
320.587	171.81230000000002
320.816	174.7723
321.046	177.8323
321.275	172.9623
321.504	169.9623
321.733	173.0023
321.962	175.0023
322.191	181.0923
322.42	186.5923
322.649	195.2523
322.878	197.8523
323.108	205.1123
323.337	216.3623
323.566	231.1623
323.795	259.1223
324.024	328.9223
324.253	574.1523
324.482	1132.5522999999998
324.71	2149.6423
324.939	2729.0223
325.168	1152.4123
325.397	389.0523
325.626	258.6523
325.855	230.57229999999998
326.084	225.89230000000003
326.313	231.13230000000001
326.542	260.6523
326.77	359.3523
326.999	650.0623
327.228	1255.1623
327.457	2178.5023
327.686	1781.5923
327.914	567.3023
328.143	366.90229999999997
328.372	336.7723
328.6	272.08230000000003
328.829	240.56230000000002
329.058	251.6723
329.287	254.48230000000004
329.515	231.4223
329.744	237.44230000000002
329.972	276.9823
330.201	360.18230000000005
330.43	426.3523
330.658	324.8823
330.887	289.01230000000004
331.115	248.21230000000003
331.344	211.94230000000002
331.572	206.05230000000003
331.801	210.88230000000001
332.03	211.47230000000002
332.258	203.57229999999998
332.486	201.6123
332.715	202.0423
332.943	207.89230000000003
333.172	211.81230000000002
333.4	220.2523
333.629	237.2023
333.857	261.4823
334.085	300.08230000000003
334.314	381.9923
334.542	513.7723
334.771	484.89230000000003
334.999	279.2823
335.227	227.37230000000002
335.455	212.78230000000002
335.684	206.64230000000003
335.912	204.14230000000003
336.14	198.5123
336.369	200.2423
336.597	202.44230000000002
336.825	198.2423
337.053	191.80230000000003
337.281	190.90230000000003
337.51	185.6023
337.738	189.96230000000003
337.966	188.9123
338.194	189.63230000000001
338.422	189.3623
338.65	184.31230000000002
338.878	181.2523
339.106	182.06230000000002
339.334	182.38230000000001
339.562	177.2623
339.79	179.28230000000002
340.018	179.1623
340.246	179.22230000000002
340.474	182.2523
340.702	179.13230000000001
340.93	178.7923
341.158	181.30230000000003
341.386	182.4123
341.614	184.22230000000002
341.842	179.6823
342.07	177.6723
342.298	177.19230000000002
342.526	173.5823
342.754	171.3523
342.981	174.2523
343.209	178.0123
343.437	188.57229999999998
343.665	186.03230000000002
343.893	190.48230000000004
344.12	193.1023
344.348	187.5423
344.576	184.78230000000002
344.804	183.6123
345.031	187.0823
345.259	189.88230000000001
345.487	181.5023
345.714	179.4223
345.942	177.1023
346.17	175.5423
346.397	174.5223
346.625	174.4223
346.853	174.96230000000003
347.08	174.73230000000004
347.308	177.89230000000003
347.535	181.44230000000002
347.763	184.05230000000003
347.99	181.8423
348.218	186.4323
348.445	190.28230000000002
348.673	182.5423
348.9	179.03230000000002
349.128	174.4223
349.355	173.3423
349.583	172.9123
349.81	172.6123
350.037	173.6223
350.265	172.5923
350.492	176.05230000000003
350.72	175.6623
350.947	182.69230000000002
351.174	190.71230000000003
351.402	190.3523
351.629	184.07229999999998
351.856	182.78230000000002
352.083	184.9523
352.311	188.6123
352.538	190.9523
352.765	190.44230000000002
352.992	193.2923
353.22	190.7923
353.447	181.4523
353.674	179.4323
353.901	174.2123
354.128	173.1923
354.355	172.2423
354.583	175.64229999999998
354.81	174.2023
355.037	172.06230000000002
355.264	171.51229999999998
355.491	170.3623
355.718	167.56230000000002
355.945	171.5223
356.172	169.76229999999998
356.399	171.5823
356.626	170.6223
356.853	170.1923
357.08	168.0923
357.307	168.35229999999999
357.534	167.4523
357.761	170.56230000000002
357.988	172.3423
358.215	171.1823
358.441	168.81230000000002
358.668	169.9923
358.895	168.7723
359.122	168.8323
359.349	171.7523
359.576	176.8323
359.802	188.7523
360.029	205.4123
360.256	202.57229999999998
360.483	186.31230000000002
360.709	172.53230000000002
360.936	177.4523
361.163	176.6023
361.39	177.2423
361.616	177.7723
361.843	172.07229999999998
362.07	177.6023
362.296	178.1623
362.523	173.9923
362.749	174.4323
362.976	172.4523
363.203	171.6823
363.429	169.06230000000002
363.656	172.2423
363.882	169.35229999999999
364.109	170.7123
364.335	170.38230000000001
364.562	169.85229999999999
364.788	170.0823
365.015	171.7023
365.241	178.1723
365.468	186.6623
365.694	185.06230000000002
365.92	176.8323
366.147	172.4123
366.373	169.57229999999998
366.599	170.1823
366.826	168.5323
367.052	167.5923
367.278	170.6923
367.505	169.81230000000002
367.731	173.0923
367.957	170.40230000000003
368.184	172.2423
368.41	180.9223
368.636	193.82229999999998
368.862	199.1823
369.089	186.81230000000002
369.315	175.2023
369.541	172.9523
369.767	173.7623
369.993	172.4523
370.219	172.0123
370.445	169.0823
370.672	171.7023
370.898	171.65230000000003
371.124	172.62230000000002
371.35	171.5123
371.576	171.57229999999998
371.802	170.03230000000002
372.028	171.0023
372.254	172.53230000000002
372.48	173.6023
372.706	174.21230000000003
372.932	173.40230000000003
373.158	174.53230000000002
373.384	175.07229999999998
373.61	176.5423
373.835	175.0223
374.061	173.2523
374.287	176.96230000000003
374.513	177.53230000000002
374.739	179.30230000000003
374.965	181.78230000000002
375.191	179.2723
375.416	179.9523
375.642	178.30230000000003
375.868	177.9923
376.094	176.15230000000003
376.319	174.6023
376.545	172.87230000000002
376.771	173.65230000000003
376.997	175.6723
377.222	173.71230000000003
377.448	175.2023
377.674	172.62230000000002
377.899	173.5223
378.125	173.21230000000003
378.35	173.90230000000003
378.576	171.80230000000003
378.802	172.37230000000002
379.027	172.64230000000003
379.253	173.9523
379.478	172.7423
379.704	172.4923
379.929	177.2523
380.155	175.38230000000001
380.38	177.8523
380.606	175.62230000000002
380.831	176.1723
381.057	180.0923
381.282	177.2923
381.507	176.69230000000002
381.733	178.2523
381.958	179.57229999999998
382.184	180.90230000000003
382.409	181.3423
382.634	185.19230000000002
382.86	182.98230000000004
383.085	186.9323
383.31	187.0423
383.535	189.88230000000001
383.761	187.6623
383.986	188.94230000000002
384.211	191.40230000000003
384.436	194.7023
384.662	193.7523
384.887	194.5023
385.112	198.1623
385.337	197.4923
385.562	198.47230000000002
385.787	199.5023
386.013	206.2723
386.238	209.05230000000003
386.463	203.57229999999998
386.688	206.98230000000004
386.913	197.28230000000002
387.138	199.30230000000003
387.363	196.7523
387.588	196.2623
387.813	195.07229999999998
388.038	198.1123
388.263	202.12230000000002
388.488	202.2723
388.713	195.2923
388.938	193.9223
389.163	194.3423
389.387	196.15230000000003
389.612	190.8623
389.837	189.9323
390.062	188.7623
390.287	189.9223
390.512	188.7723
390.736	191.3623
390.961	192.23230000000004
391.186	195.2923
391.411	201.03230000000002
391.636	198.14230000000003
391.86	199.1723
392.085	200.4323
392.31	196.44230000000002
392.534	194.62230000000002
392.759	193.28230000000002
392.984	190.9323
393.208	191.28230000000002
393.433	191.4223
393.658	192.06230000000002
393.882	189.0023
394.107	191.7023
394.331	190.3323
394.556	192.7923
394.78	196.05230000000003
395.005	197.9123
395.229	193.44230000000002
395.454	198.97230000000002
395.678	200.2523
395.903	201.8623
396.127	203.2723
396.352	199.1823
396.576	193.2723
396.801	192.37230000000002
397.025	194.1123
397.249	197.71230000000003
397.474	201.5023
397.698	201.31230000000002
397.922	204.5923
398.147	205.90230000000003
398.371	205.81230000000002
398.595	208.81230000000002
398.82	215.1623
399.044	227.80230000000003
399.268	241.9323
399.492	262.9323
399.717	277.7823
399.941	273.2423
400.165	264.8723
400.389	249.78230000000002
400.613	230.9923
400.837	222.31230000000002
401.062	220.72230000000002
401.286	218.3523
401.51	217.44230000000002
401.734	218.7023
401.958	228.9523
402.182	256.58230000000003
402.406	288.6823
402.63	253.4223
402.854	230.82229999999998
403.078	227.6723
403.302	231.71230000000003
403.526	232.62230000000002
403.75	232.07229999999998
403.974	233.5123
404.198	233.55230000000003
404.422	238.31230000000002
404.645	239.40230000000003
404.869	246.0823
405.093	261.51230000000004
405.317	282.2223
405.541	275.8423
405.765	252.82229999999998
405.988	263.7723
406.212	316.5223
406.436	373.1323
406.66	300.9023
406.883	255.94230000000002
407.107	259.83230000000003
407.331	271.9023
407.555	287.3023
407.778	275.6023
408.002	253.88230000000001
408.226	246.2523
408.449	242.9923
408.673	239.0223
408.896	245.78230000000002
409.12	252.7523
409.344	239.4223
409.567	229.56230000000002
409.791	231.30230000000003
410.014	229.56230000000002
410.238	227.9923
410.461	230.06230000000002
410.685	232.12230000000002
410.908	238.53230000000002
411.132	248.53230000000002
411.355	245.89230000000003
411.578	231.5923
411.802	223.9223
412.025	226.5023
412.249	238.0823
412.472	253.65230000000003
412.695	269.3823
412.919	246.3323
413.142	230.4123
413.365	226.2923
413.589	222.94230000000002
413.812	217.2423
414.035	218.1123
414.258	217.44230000000002
414.482	217.98230000000004
414.705	217.2723
414.928	216.44230000000002
415.151	217.64230000000003
415.374	219.7523
415.597	215.4523
415.821	212.30230000000003
416.044	212.5823
416.267	213.9923
416.49	209.9323
416.713	210.1823
416.936	212.96230000000003
417.159	213.96230000000003
417.382	213.8323
417.605	218.48230000000004
417.828	223.1823
418.051	224.69230000000002
418.274	218.63230000000001
418.497	212.6823
418.72	216.56230000000002
418.943	217.2923
419.166	223.5423
419.389	234.6723
419.611	230.30230000000003
419.834	230.03230000000002
420.057	231.19230000000002
420.28	231.3623
420.503	226.21230000000003
420.726	225.63230000000001
420.948	225.1723
421.171	238.90230000000003
421.394	233.22230000000002
421.617	221.56230000000002
421.839	219.07229999999998
422.062	221.7023
422.285	227.57229999999998
422.507	242.3423
422.73	260.58230000000003
422.953	239.2423
423.175	225.9523
423.398	227.8323
423.621	226.2623
423.843	232.0923
424.066	229.0223
424.288	228.5023
424.511	235.7423
424.733	250.6823
424.956	270.9723
425.178	252.3523
425.401	257.89230000000003
425.623	254.9323
425.846	224.96230000000003
426.068	224.37230000000002
426.291	218.9323
426.513	219.3623
426.735	221.05230000000003
426.958	235.22230000000002
427.18	265.1323
427.402	325.4523
427.625	367.2623
427.847	317.7823
428.069	294.9223
428.292	232.22230000000002
428.514	211.32229999999998
428.736	206.4223
428.958	205.2423
429.181	200.80230000000003
429.403	201.38230000000001
429.625	206.1123
429.847	218.5423
430.069	236.6823
430.292	221.7923
430.514	201.3523
430.736	200.5423
430.958	198.2023
431.18	193.1023
431.402	197.22230000000002
431.624	197.8423
431.846	197.65230000000003
432.068	199.9223
432.29	200.69230000000002
432.512	200.5423
432.734	202.63230000000001
432.956	202.5023
433.178	214.73230000000004
433.4	214.48230000000004
433.622	204.4323
433.844	202.15230000000003
434.066	202.4323
434.287	204.97230000000002
434.509	208.72230000000002
434.731	213.28230000000002
434.953	214.72230000000002
435.175	217.4223
435.397	221.22230000000002
435.618	222.80230000000003
435.84	243.1723
436.062	282.8723
436.284	273.3023
436.505	232.89230000000003
436.727	226.2023
436.949	210.64230000000003
437.17	204.5423
437.392	201.81230000000002
437.614	210.0023
437.835	233.2723
438.057	266.0523
438.278	273.3023
438.5	264.2023
438.721	298.4623
438.943	254.2623
439.165	214.8423
439.386	211.6723
439.608	215.1023
439.829	226.7723
440.05	260.0623
440.272	292.14230000000003
440.493	228.4323
440.715	211.3523
440.936	208.1623
441.158	209.07229999999998
441.379	210.3423
441.6	221.97230000000002
441.822	228.87230000000002
442.043	239.32229999999998
442.264	266.8623
442.486	256.1123
442.707	230.5123
442.928	236.56230000000002
443.149	272.6723
443.371	274.2423
443.592	265.7123
443.813	288.2123
444.034	281.6023
444.255	240.19230000000002
444.476	232.47230000000002
444.698	233.7723
444.919	238.7923
445.14	275.7923
445.361	268.4123
445.582	267.69230000000005
445.803	306.0923
446.024	319.1823
446.245	309.58230000000003
446.466	263.9323
446.687	219.0223
446.908	211.8523
447.129	203.90230000000003
447.35	200.8523
447.571	202.8623
447.792	201.89230000000003
448.013	208.69230000000002
448.234	220.98230000000004
448.455	231.63230000000001
448.675	271.0523
448.896	286.1623
449.117	233.6823
449.338	244.4923
449.559	297.76230000000004
449.779	309.33230000000003
450.0	223.8423
450.221	201.1023
450.442	197.0923
450.662	202.3323
450.883	214.3323
451.104	221.47230000000002
451.324	202.23230000000004
451.545	193.13230000000001
451.766	189.78230000000002
451.986	186.3523
452.207	188.8323
452.428	191.1123
452.648	195.8323
452.869	208.13230000000001
453.089	214.7923
453.31	217.46230000000003
453.53	194.4123
453.751	191.37230000000002
453.971	200.7723
454.192	211.40230000000003
454.412	190.2023
454.633	182.94230000000002
454.853	182.88230000000001
455.073	183.40230000000003
455.294	194.7423
455.514	218.21230000000003
455.734	196.7923
455.955	180.98230000000004
456.175	178.2023
456.395	175.8323
456.616	177.0023
456.836	177.7923
457.056	175.9323
457.276	174.6123
457.497	177.47230000000002
457.717	177.8323
457.937	181.87230000000002
458.157	182.63230000000001
458.377	188.1823
458.598	211.62230000000002
458.818	270.76230000000004
459.038	300.7823
459.258	253.12230000000002
459.478	210.31230000000002
459.698	200.72230000000002
459.918	201.5023
460.138	204.6023
460.358	209.06230000000002
460.578	213.4523
460.798	214.55230000000003
461.018	215.1723
461.238	209.32229999999998
461.458	207.28230000000002
461.678	203.6123
461.898	210.44230000000002
462.118	210.9223
462.338	218.47230000000002
462.558	221.0423
462.777	225.88230000000001
462.997	238.63230000000001
463.217	248.47230000000002
463.437	243.48230000000004
463.657	229.2923
463.876	227.7023
464.096	230.72230000000002
464.316	232.7423
464.536	234.30230000000003
464.755	230.71230000000003
464.975	243.1023
465.195	305.6723
465.414	305.1623
465.634	222.97230000000002
465.854	205.14230000000003
466.073	199.73230000000004
466.293	195.3623
466.512	191.62230000000002
466.732	190.44230000000002
466.951	192.06230000000002
467.171	194.1623
467.391	199.9923
467.61	212.2523
467.829	215.9923
468.049	252.53230000000002
468.268	284.7223
468.488	206.9923
468.707	190.63230000000001
468.927	184.3523
469.146	184.8523
469.365	188.22230000000002
469.585	190.5923
469.804	202.23230000000004
470.023	206.32229999999998
470.243	201.3423
470.462	209.48230000000004
470.681	222.2623
470.901	201.3323
471.12	195.4523
471.339	195.53230000000002
471.558	197.7423
471.777	199.48230000000004
471.997	222.4323
472.216	337.7023
472.435	525.5722999999999
472.654	280.7723
472.873	211.46230000000003
473.092	196.89230000000003
473.311	191.3423
473.53	190.7723
473.749	194.6823
473.968	212.5423
474.187	241.7523
474.406	225.1023
474.625	196.4223
474.844	189.3523
475.063	188.4223
475.282	188.1723
475.501	188.44230000000002
475.72	190.2423
475.939	188.97230000000002
476.158	190.13230000000001
476.377	188.46230000000003
476.596	192.2423
476.814	200.82229999999998
477.033	201.81230000000002
477.252	199.78230000000002
477.471	198.6123
477.69	203.1823
477.908	204.0423
478.127	206.88230000000001
478.346	208.2923
478.564	212.80230000000003
478.783	217.7623
479.002	218.39230000000003
479.22	220.9223
479.439	229.87230000000002
479.658	234.5023
479.876	229.72230000000002
480.095	230.0923
480.313	242.38230000000001
480.532	244.2623
480.751	263.19230000000005
480.969	374.9923
481.188	830.9523
481.406	628.6323
481.624	295.83230000000003
481.843	240.14230000000003
482.061	227.32229999999998
482.28	221.5923
482.498	215.98230000000004
482.717	212.7023
482.935	211.6123
483.153	209.80230000000003
483.372	209.05230000000003
483.59	209.5223
483.808	208.15230000000003
484.027	210.64230000000003
484.245	213.03230000000002
484.463	214.2023
484.681	216.96230000000003
484.9	215.7723
485.118	220.0123
485.336	217.7923
485.554	220.9923
485.772	224.9323
485.99	227.8623
486.209	228.73230000000004
486.427	230.2623
486.645	236.8323
486.863	242.12230000000002
487.081	230.47230000000002
487.299	225.1023
487.517	221.90230000000003
487.735	219.38230000000001
487.953	219.39230000000003
488.171	221.97230000000002
488.389	223.4223
488.607	226.28230000000002
488.825	223.80230000000003
489.043	220.3523
489.261	223.0923
489.479	219.80230000000003
489.696	222.5923
489.914	223.7023
490.132	227.39230000000003
490.35	231.07229999999998
490.568	231.1023
490.786	233.5823
491.003	238.31230000000002
491.221	245.81230000000002
491.439	248.13230000000001
491.657	252.69230000000002
491.874	254.40230000000003
492.092	253.15230000000003
492.31	255.37230000000002
492.527	258.1623
492.745	260.89230000000003
492.963	261.2923
493.18	258.5323
493.398	260.2323
493.615	262.4623
493.833	261.6523
494.05	255.2723
494.268	251.0423
494.485	251.65230000000003
494.703	249.73230000000004
494.92	249.5123
495.138	249.44230000000002
495.355	246.28230000000002
495.573	249.7023
495.79	245.89230000000003
496.008	249.4223
496.225	244.5223
496.442	245.22230000000002
496.66	246.8523
496.877	246.28230000000002
497.094	250.6623
497.312	252.82229999999998
497.529	254.78230000000002
497.746	256.4823
497.963	262.1723
498.181	270.89230000000003
498.398	276.9323
498.615	297.7923
498.832	304.7123
499.049	299.6323
499.267	310.4023
499.484	326.1623
499.701	342.1723
499.918	356.18230000000005
500.135	373.43230000000005
500.352	386.68230000000005
500.569	388.7223
500.786	390.0823
501.003	380.14230000000003
501.22	366.4623
501.437	350.5823
501.654	338.6923
501.871	336.86230000000006
502.088	308.83230000000003
502.305	291.83230000000003
502.522	280.9123
502.739	274.7923
502.956	267.4723
503.172	261.9123
503.389	262.94230000000005
503.606	267.2423
503.823	260.9223
504.04	251.5023
504.256	251.8623
504.473	252.37230000000002
504.69	254.78230000000002
504.907	252.9923
505.123	241.8423
505.34	236.72230000000002
505.557	235.96230000000003
505.773	233.2723
505.99	231.1123
506.207	230.23230000000004
506.423	229.19230000000002
506.64	226.8523
506.856	225.46230000000003
507.073	223.2023
507.289	225.87230000000002
507.506	228.4323
507.722	243.69230000000002
507.939	244.53230000000002
508.155	224.7623
508.372	218.5023
508.588	217.40230000000003
508.805	219.31230000000002
509.021	222.62230000000002
509.238	228.6823
509.454	228.4223
509.67	226.2723
509.887	229.7723
510.103	249.98230000000004
510.319	328.4523
510.536	861.1723000000001
510.752	2477.0923
510.968	799.8023000000001
511.184	277.5923
511.401	233.65230000000003
511.617	223.5923
511.833	224.62230000000002
512.049	225.2923
512.265	219.38230000000001
512.481	216.0123
512.698	213.06230000000002
512.914	212.23230000000004
513.13	211.87230000000002
513.346	208.4123
513.562	209.80230000000003
513.778	214.1023
513.994	216.7023
514.21	222.56230000000002
514.426	242.73230000000004
514.642	268.0023
514.858	260.9023
515.074	310.2123
515.29	618.7623
515.506	1713.8022999999998
515.721	730.5023
515.937	296.0523
516.153	244.97230000000002
516.369	230.65230000000003
516.585	227.1123
516.801	228.72230000000002
517.016	232.97230000000002
517.232	235.9523
517.448	238.78230000000002
517.664	240.2723
517.879	242.2623
518.095	239.94230000000002
518.311	238.4323
518.527	231.5023
518.742	228.73230000000004
518.958	221.03230000000002
519.173	221.8423
519.389	218.65230000000003
519.605	216.71230000000003
519.82	218.1023
520.036	227.63230000000001
520.251	245.62230000000002
520.467	240.31230000000002
520.682	229.64230000000003
520.898	232.8523
521.113	242.73230000000004
521.329	272.9623
521.544	354.29230000000007
521.76	752.0822999999999
521.975	2707.9723
522.19	1732.9923
522.406	466.29230000000007
522.621	250.7923
522.836	215.94230000000002
523.052	206.12230000000002
523.267	202.8523
523.482	199.32229999999998
523.698	204.44230000000002
523.913	224.56230000000002
524.128	205.81230000000002
524.343	194.97230000000002
524.559	191.23230000000004
524.774	188.80230000000003
524.989	193.0123
525.204	204.9323
525.419	197.4123
525.634	188.1823
525.849	186.0123
526.064	185.7623
526.28	185.98230000000004
526.495	183.96230000000003
526.71	184.56230000000002
526.925	181.81230000000002
527.14	183.23230000000004
527.355	181.90230000000003
527.57	182.05230000000003
527.785	182.23230000000004
527.999	181.48230000000004
528.214	185.55230000000003
528.429	186.53230000000002
528.644	189.05230000000003
528.859	184.1023
529.074	188.56230000000002
529.289	223.3523
529.503	294.9923
529.718	210.7923
529.933	188.13230000000001
530.148	184.05230000000003
530.363	184.78230000000002
530.577	182.19230000000002
530.792	181.1823
531.007	182.73230000000004
531.221	185.0023
531.436	180.80230000000003
531.651	182.7623
531.865	182.2523
532.08	181.6623
532.295	182.03230000000002
532.509	181.90230000000003
532.724	181.4123
532.938	184.44230000000002
533.153	185.31230000000002
533.367	183.7723
533.582	184.23230000000004
533.796	183.5423
534.011	181.0123
534.225	180.9323
534.44	179.88230000000001
534.654	181.1623
534.868	178.57229999999998
535.083	180.03230000000002
535.297	183.5823
535.511	189.80230000000003
535.726	191.3623
535.94	187.9523
536.154	182.56230000000002
536.369	176.4223
536.583	174.88230000000001
536.797	175.32229999999998
537.011	174.22230000000002
537.225	174.7623
537.44	176.4923
537.654	173.7923
537.868	175.03230000000002
538.082	175.2723
538.296	175.47230000000002
538.51	176.2623
538.724	172.7023
538.938	172.63230000000001
539.153	178.5123
539.367	191.0023
539.581	178.13230000000001
539.795	171.28230000000002
540.009	173.48230000000004
540.222	173.12230000000002
540.436	173.4923
540.65	174.1823
540.864	175.5023
541.078	177.7523
541.292	174.2523
541.506	172.57229999999998
541.72	170.1923
541.934	169.87230000000002
542.147	169.37230000000002
542.361	167.6623
542.575	168.32229999999998
542.789	167.14229999999998
543.002	169.64230000000003
543.216	174.8323
543.43	178.14230000000003
543.644	174.82229999999998
543.857	171.5023
544.071	172.3623
544.285	171.87230000000002
544.498	168.89229999999998
544.712	170.5023
544.925	170.31230000000002
545.139	168.56230000000002
545.352	168.6623
545.566	170.05230000000003
545.779	168.6023
545.993	169.62230000000002
546.206	168.60229999999999
546.42	169.4123
546.633	170.63230000000001
546.847	172.87230000000002
547.06	170.0523
547.274	168.40230000000003
547.487	169.97230000000002
547.7	169.2523
547.914	169.57229999999998
548.127	169.1023
548.34	168.62230000000002
548.554	167.96230000000003
548.767	171.32229999999998
548.98	170.14229999999998
549.193	170.2523
549.407	169.7923
549.62	170.6023
549.833	170.5223
550.046	167.4423
550.259	166.97230000000002
550.473	169.5823
550.686	167.51229999999998
550.899	167.07229999999998
551.112	167.6823
551.325	165.6223
551.538	167.8323
551.751	168.73229999999998
551.964	168.3623
552.177	170.48229999999998
552.39	169.94230000000002
552.603	173.4123
552.816	174.23230000000004
553.029	175.3523
553.242	178.0423
553.455	185.4323
553.667	193.22230000000002
553.88	190.07229999999998
554.093	179.0823
554.306	177.0223
554.519	174.0423
554.732	171.72230000000002
554.944	168.47230000000002
555.157	167.35229999999999
555.37	166.2523
555.583	166.2823
555.795	166.2423
556.008	161.8823
556.221	160.9323
556.433	161.5623
556.646	161.3523
556.859	158.8823
557.071	159.5523
557.284	160.1523
557.496	158.48229999999998
557.709	155.82229999999998
557.921	156.4723
558.134	154.5623
558.346	153.6023
558.559	155.9223
558.771	153.0023
558.984	151.48229999999998
559.196	153.48229999999998
559.409	152.7923
559.621	152.8423
559.833	152.8323
560.046	151.14229999999998
560.258	154.7523
560.47	156.1923
560.683	153.89229999999998
560.895	151.1723
561.107	152.0023
561.32	153.5123
561.532	153.1523
561.744	153.4723
561.956	153.4023
562.168	154.5923
562.381	155.5223
562.593	153.9323
562.805	156.6723
563.017	153.9923
563.229	153.3723
563.441	153.0923
563.653	153.7123
563.865	153.07229999999998
564.077	154.23229999999998
564.289	156.4923
564.501	157.39229999999998
564.713	159.0223
564.925	162.6823
565.137	174.56230000000002
565.349	165.1723
565.561	164.9923
565.773	167.23229999999998
565.985	167.7923
566.197	170.78230000000002
566.408	178.7723
566.62	182.9123
566.832	190.3523
567.044	191.47230000000002
567.255	191.0223
567.467	196.1623
567.679	200.5223
567.891	207.07229999999998
568.102	206.2023
568.314	199.12230000000002
568.526	188.37230000000002
568.737	183.03230000000002
568.949	175.1623
569.161	168.23229999999998
569.372	162.47230000000002
569.584	160.7723
569.795	161.7923
570.007	178.9423
570.218	302.0423
570.43	198.9423
570.641	158.2423
570.853	153.0623
571.064	153.9323
571.276	150.6123
571.487	149.7623
571.698	147.5423
571.91	147.0123
572.121	144.1923
572.333	142.9623
572.544	140.7723
572.755	141.2723
572.966	139.3723
573.178	140.7423
573.389	143.6223
573.6	138.8323
573.811	138.5923
574.023	138.2023
574.234	137.9423
574.445	138.89229999999998
574.656	138.23229999999998
574.867	139.4723
575.078	138.2023
575.289	137.3823
575.501	138.4123
575.712	135.1223
575.923	135.7423
576.134	136.1523
576.345	137.32229999999998
576.556	137.7823
576.767	137.4023
576.978	137.6323
577.188	137.0223
577.399	137.3723
577.61	139.8123
577.821	142.9223
578.032	156.82229999999998
578.243	300.5923
578.454	775.6423
578.665	255.98229999999998
578.875	145.3123
579.086	134.8623
579.297	132.8623
579.508	133.0823
579.718	131.9723
579.929	133.0123
580.14	130.0023
580.35	129.9023
580.561	128.7723
580.772	129.4923
580.982	128.4323
581.193	126.8423
581.403	128.8823
581.614	128.3023
581.825	127.7123
582.035	127.83229999999999
582.246	128.4423
582.456	126.37230000000001
582.667	127.7123
582.877	128.5023
583.087	127.33229999999999
583.298	127.9423
583.508	126.8623
583.719	127.2823
583.929	129.8123
584.139	127.5223
584.35	125.04230000000001
584.56	127.0623
584.77	126.7623
584.981	125.88229999999999
585.191	126.47229999999999
585.401	126.1123
585.611	126.75229999999999
585.821	127.2423
586.032	127.75229999999999
586.242	125.7823
586.452	123.9823
586.662	124.25229999999999
586.872	123.7123
587.082	125.29230000000001
587.292	124.63229999999999
587.502	125.22229999999999
587.713	124.0323
587.923	125.89229999999999
588.133	125.20230000000001
588.343	124.92229999999999
588.553	123.1523
588.762	126.72229999999999
588.972	128.1223
589.182	135.6223
589.392	129.6723
589.602	128.5223
589.812	130.5923
590.022	127.13229999999999
590.232	124.25229999999999
590.441	124.2723
590.651	125.7623
590.861	124.9023
591.071	126.87230000000001
591.281	126.9323
591.49	125.17229999999999
591.7	126.47229999999999
591.91	128.6023
592.119	127.4923
592.329	132.2223
592.539	137.2623
592.748	134.2823
592.958	133.6023
593.167	133.7923
593.377	134.5923
593.587	141.2523
593.796	135.7923
594.006	134.0023
594.215	134.7823
594.424	135.57229999999998
594.634	133.7923
594.843	132.7723
595.053	130.7123
595.262	129.1823
595.472	128.3823
595.681	127.20230000000001
595.89	124.22229999999999
596.1	123.4923
596.309	124.79230000000001
596.518	121.80229999999999
596.727	122.89229999999999
596.937	123.1123
597.146	121.2123
597.355	121.8123
597.564	119.88229999999999
597.774	119.5623
597.983	118.12230000000001
598.192	117.83229999999999
598.401	118.0123
598.61	119.1923
598.819	118.88229999999999
599.028	118.39229999999999
599.237	116.87230000000001
599.446	117.5623
599.655	117.9823
599.864	118.79230000000001
600.073	117.62230000000001
600.282	118.2823
600.491	118.95230000000001
600.7	117.83229999999999
600.909	118.45230000000001
601.118	120.1023
601.327	120.9323
601.536	119.8123
601.745	117.67229999999999
601.953	117.89229999999999
602.162	118.05229999999999
602.371	116.47229999999999
602.58	117.25229999999999
602.789	116.70230000000001
602.997	116.4323
603.206	116.08229999999999
603.415	115.6623
603.623	115.4923
603.832	114.7623
604.041	114.9123
604.249	113.6523
604.458	113.6923
604.666	112.79230000000001
604.875	114.3423
605.084	113.37230000000001
605.292	115.0223
605.501	113.88229999999999
605.709	114.4623
605.918	114.80229999999999
606.126	113.39229999999999
606.334	114.22229999999999
606.543	114.55229999999999
606.751	114.20230000000001
606.96	113.9823
607.168	113.1023
607.376	114.95230000000001
607.585	116.3223
607.793	113.0923
608.001	112.5123
608.21	112.08229999999999
608.418	110.9623
608.626	113.9823
608.834	113.2323
609.043	113.05229999999999
609.251	112.8423
609.459	113.4923
609.667	114.9923
609.875	112.5223
610.083	112.5623
610.291	112.4423
610.499	112.7423
610.707	112.6123
610.916	111.47229999999999
611.124	112.75229999999999
611.332	112.6523
611.54	110.8423
611.748	113.37230000000001
611.955	112.4623
612.163	112.2323
612.371	111.95230000000001
612.579	111.4023
612.787	110.7823
612.995	113.1523
613.203	112.6023
613.411	111.88229999999999
613.618	111.14229999999999
613.826	110.8123
614.034	111.4323
614.242	111.9823
614.449	110.83229999999999
614.657	111.8123
614.865	111.38229999999999
615.072	111.6823
615.28	111.95230000000001
615.488	113.6923
615.695	116.4823
615.903	118.7123
616.111	120.45230000000001
616.318	123.1523
616.526	118.47229999999999
616.733	118.04230000000001
616.941	114.0723
617.148	114.7123
617.356	112.6923
617.563	111.33229999999999
617.771	112.4923
617.978	110.13229999999999
618.185	110.8623
618.393	110.9423
618.6	111.0323
618.807	109.50229999999999
619.015	110.33229999999999
619.222	109.5223
619.429	109.3223
619.637	111.1823
619.844	110.67229999999999
620.051	109.4323
620.258	108.50229999999999
620.466	108.45230000000001
620.673	107.2823
620.88	106.0123
621.087	106.9923
621.294	107.5123
621.501	107.79230000000001
621.708	109.4323
621.915	109.2723
622.122	107.9923
622.329	105.95230000000001
622.536	108.7723
622.743	105.20230000000001
622.95	107.6523
623.157	105.8623
623.364	107.1023
623.571	106.2423
623.778	106.00229999999999
623.985	106.6123
624.192	105.5123
624.399	106.47229999999999
624.606	108.3623
624.812	105.0723
625.019	104.00229999999999
625.226	104.6123
625.433	107.20230000000001
625.639	103.97229999999999
625.846	105.8523
626.053	104.2123
626.259	104.9923
626.466	105.8623
626.673	102.0923
626.879	103.4023
627.086	106.20230000000001
627.293	105.6823
627.499	104.9823
627.706	104.3423
627.912	103.4923
628.119	104.2123
628.325	106.1523
628.532	104.12230000000001
628.738	104.08229999999999
628.945	102.4323
629.151	102.6523
629.357	101.4323
629.564	105.5323
629.77	102.92229999999999
629.976	102.0223
630.183	101.1323
630.389	102.0923
630.595	101.92229999999999
630.802	100.5323
631.008	100.8823
631.214	100.9823
631.42	102.6523
631.627	103.79230000000001
631.833	100.9423
632.039	100.2723
632.245	100.3623
632.451	101.4023
632.657	100.6823
632.863	100.80229999999999
633.069	99.83229999999999
633.275	101.80229999999999
633.481	100.04230000000001
633.688	101.3123
633.893	102.89229999999999
634.099	100.08229999999999
634.305	99.5223
634.511	99.9323
634.717	101.04230000000001
634.923	100.0323
635.129	100.0123
635.335	99.3823
635.541	100.2823
635.747	101.42229999999999
635.952	101.42229999999999
636.158	106.33229999999999
636.364	132.8723
636.57	126.63229999999999
636.775	105.79230000000001
636.981	102.17229999999999
637.187	101.8523
637.392	100.25229999999999
637.598	100.9123
637.804	99.92229999999999
638.009	99.0123
638.215	99.70230000000001
638.421	100.0123
638.626	98.9323
638.832	100.2323
639.037	99.2823
639.243	98.5623
639.448	98.1023
639.654	100.87230000000001
639.859	98.1123
640.065	98.1923
640.27	101.7823
640.475	98.3123
640.681	95.79230000000001
640.886	98.8623
641.091	99.04230000000001
641.297	100.30229999999999
641.502	98.1923
641.707	100.75229999999999
641.913	99.2723
642.118	96.20230000000001
642.323	96.64229999999999
642.528	97.9923
642.733	98.5623
642.939	98.1523
643.144	98.08229999999999
643.349	96.7623
643.554	97.20230000000001
643.759	97.05229999999999
643.964	97.5323
644.169	99.89229999999999
644.374	96.1923
644.579	98.6523
644.784	96.8623
644.989	96.1523
645.194	95.97229999999999
645.399	98.3823
645.604	96.72229999999999
645.809	101.1123
646.014	97.58229999999999
646.219	96.79230000000001
646.423	96.3423
646.628	97.14229999999999
646.833	98.62230000000001
647.038	98.8523
647.243	98.7823
647.447	98.6023
647.652	98.55229999999999
647.857	97.2423
648.062	100.0923
648.266	100.5223
648.471	104.1023
648.676	107.2623
648.88	104.5123
649.085	104.6323
649.289	104.3123
649.494	116.83229999999999
649.698	157.5523
649.903	117.7823
650.107	102.05229999999999
650.312	98.6023
650.516	96.0123
650.721	94.70230000000001
650.925	94.6023
651.13	95.1623
651.334	95.6323
651.539	93.83229999999999
651.743	92.87230000000001
651.947	92.6823
652.152	93.3423
652.356	92.5623
652.56	93.67229999999999
652.764	91.0623
652.969	91.3623
653.173	91.0123
653.377	90.1823
653.581	90.45230000000001
653.785	91.2723
653.99	92.0923
654.194	90.04230000000001
654.398	91.4823
654.602	90.54230000000001
654.806	95.9123
655.01	114.25229999999999
655.214	97.92229999999999
655.418	91.5323
655.622	92.29230000000001
655.826	91.3023
656.03	94.95230000000001
656.234	95.8423
656.438	101.92229999999999
656.642	99.33229999999999
656.846	95.9823
657.049	91.3623
657.253	91.7323
657.457	88.0523
657.661	88.17229999999999
657.865	88.5723
658.068	85.1823
658.272	86.1123
658.476	85.67229999999999
658.68	84.6323
658.883	85.1623
659.087	84.70230000000001
659.291	84.20230000000001
659.494	84.42229999999999
659.698	82.92229999999999
659.901	83.2623
660.105	82.79230000000001
660.309	82.9923
660.512	82.8623
660.716	84.5223
660.919	85.7723
661.123	84.7423
661.326	82.20230000000001
661.53	82.9823
661.733	82.7323
661.936	82.42229999999999
662.14	81.4623
662.343	83.1123
662.546	80.7423
662.75	82.83229999999999
662.953	83.4023
663.156	80.5223
663.36	80.7323
663.563	81.75229999999999
663.766	81.0123
663.969	81.9423
664.173	82.0223
664.376	83.0223
664.579	80.8023
664.782	80.6623
664.985	81.25229999999999
665.188	80.1123
665.391	82.87230000000001
665.594	80.6623
665.797	81.2423
666.0	82.4023
666.203	80.9023
666.406	80.31230000000001
666.609	82.0923
666.812	82.6523
667.015	81.4423
667.218	83.1123
667.421	80.37230000000001
667.624	81.4823
667.827	82.9823
668.03	79.5123
668.232	80.0923
668.435	80.4823
668.638	79.3623
668.841	83.4823
669.043	81.29230000000001
669.246	81.0523
669.449	80.1523
669.651	81.7723
669.854	81.6323
670.057	80.1623
670.259	80.5223
670.462	82.1123
670.665	81.25229999999999
670.867	82.12230000000001
671.07	81.3923
671.272	83.1323
671.475	83.3123
671.677	80.8023
671.88	81.9323
672.082	80.20230000000001
672.284	81.1123
672.487	82.3823
672.689	81.5223
672.892	80.8923
