223.165	-16.7406
223.4	-16.7406
223.635	-16.7406
223.869	-18.2006
224.104	-19.2306
224.338	-15.7606
224.573	-15.3906
224.808	-11.710600000000001
225.042	-7.7806
225.277	-5.3906
225.511	-2.5006
225.746	2.4694000000000003
225.98	7.3594
226.215	10.789399999999999
226.449	15.5794
226.683	19.7794
226.918	25.869400000000002
227.152	30.859399999999997
227.387	34.559400000000004
227.621	39.7094
227.856	44.00940000000001
228.09	45.7494
228.324	50.3194
228.559	56.9394
228.793	60.7694
229.027	73.0894
229.262	76.5094
229.496	87.0094
229.73	99.8394
229.964	99.7094
230.199	87.22940000000001
230.433	86.7594
230.667	89.2794
230.901	87.6294
231.136	87.0294
231.37	89.2894
231.604	90.4494
231.838	90.82939999999999
232.072	89.6294
232.306	90.47940000000001
232.541	90.8394
232.775	91.89940000000001
233.009	92.13940000000001
233.243	92.22940000000001
233.477	91.2594
233.711	94.22940000000001
233.945	91.76939999999999
234.179	92.46940000000001
234.413	91.9894
234.647	91.5394
234.881	92.2494
235.115	91.15939999999999
235.349	91.2094
235.583	93.31939999999999
235.817	93.7494
236.051	94.6794
236.285	92.5494
236.519	93.21940000000001
236.753	96.05940000000001
236.987	101.7094
237.221	116.7794
237.455	121.38940000000001
237.689	100.40939999999999
237.922	94.6794
238.156	93.9194
238.39	93.4194
238.624	91.47940000000001
238.858	92.0894
239.091	92.26939999999999
239.325	95.0994
239.559	96.6194
239.793	95.5994
240.027	97.96940000000001
240.26	99.7894
240.494	102.2494
240.728	102.07939999999999
240.961	100.7794
241.195	99.5894
241.429	96.7094
241.662	96.15939999999999
241.896	96.56939999999999
242.13	95.9594
242.363	96.68939999999999
242.597	97.71940000000001
242.83	98.0994
243.064	96.8494
243.298	97.96940000000001
243.531	97.8594
243.765	98.2794
243.998	100.7594
244.232	100.2094
244.465	104.18939999999999
244.699	103.7094
244.932	102.1094
245.166	101.23939999999999
245.399	102.7794
245.633	103.5894
245.866	101.6694
246.099	101.2594
246.333	102.1794
246.566	102.8494
246.8	104.81939999999999
247.033	103.9494
247.266	105.3594
247.5	108.0094
247.733	108.88940000000001
247.966	110.72940000000001
248.2	110.21940000000001
248.433	108.18939999999999
248.666	110.4194
248.899	116.80940000000001
249.133	121.3594
249.366	128.1694
249.599	127.0994
249.832	113.76939999999999
250.066	112.9294
250.299	112.3394
250.532	115.5694
250.765	117.6294
250.998	123.9994
251.231	123.4894
251.465	117.5094
251.698	116.2994
251.931	116.2494
252.164	115.8394
252.397	116.0694
252.63	117.5994
252.863	120.2994
253.096	123.7894
253.329	126.6694
253.562	125.1194
253.795	123.2494
254.028	121.96940000000001
254.261	122.7994
254.494	129.0794
254.727	139.7794
254.96	142.7894
255.193	132.7794
255.426	125.9294
255.659	123.1094
255.892	123.89940000000001
256.124	120.5694
256.357	121.0894
256.59	121.7794
256.823	119.9494
257.056	120.55940000000001
257.289	120.97940000000001
257.521	123.13940000000001
257.754	122.46940000000001
257.987	122.5994
258.22	123.7094
258.452	123.8694
258.685	123.51939999999999
258.918	124.63940000000001
259.151	125.5294
259.383	126.3694
259.616	127.71940000000001
259.849	128.8594
260.081	134.9294
260.314	137.45940000000002
260.547	137.5094
260.779	131.0194
261.012	130.7194
261.244	128.9394
261.477	132.0494
261.71	137.0194
261.942	150.6794
262.175	153.7194
262.407	134.3294
262.64	126.26939999999999
262.872	126.57939999999999
263.105	126.6094
263.337	127.7794
263.57	127.3394
263.802	128.6794
264.035	127.32939999999999
264.267	126.2094
264.499	128.2994
264.732	128.1794
264.964	127.6094
265.197	128.23940000000002
265.429	127.76939999999999
265.661	129.0594
265.894	128.2894
266.126	130.6094
266.358	130.6594
266.591	130.1994
266.823	134.7794
267.055	131.8094
267.287	133.0094
267.52	132.1194
267.752	135.4394
267.984	133.3094
268.216	133.9494
268.448	136.3594
268.681	138.1994
268.913	140.0794
269.145	147.5294
269.377	149.5194
269.609	146.4194
269.841	146.1494
270.073	148.2594
270.306	155.3694
270.538	161.3994
270.77	155.5194
271.002	151.8594
271.234	150.0594
271.466	157.7694
271.698	159.1894
271.93	159.0394
272.162	160.1194
272.394	160.1894
272.626	153.3494
272.858	147.6394
273.09	146.33939999999998
273.322	144.8994
273.553	145.0794
273.785	144.74939999999998
274.017	143.4494
274.249	146.6494
274.481	146.1994
274.713	146.24939999999998
274.945	149.1794
275.176	147.5294
275.408	147.1094
275.64	147.0994
275.872	146.4394
276.104	149.2694
276.335	150.8994
276.567	158.6494
276.799	169.4594
277.031	170.4094
277.262	165.5394
277.494	161.8694
277.726	156.2594
277.957	152.5794
278.189	152.2894
278.421	149.7894
278.652	150.8994
278.884	148.3894
279.115	150.0194
279.347	152.5194
279.579	149.4794
279.81	148.99939999999998
280.042	150.7194
280.273	150.6994
280.505	150.6594
280.736	150.5194
280.968	151.3594
281.199	152.2694
281.431	153.45940000000002
281.662	153.33939999999998
281.894	156.8794
282.125	162.3894
282.356	183.0094
282.588	204.61939999999998
282.819	179.1494
283.051	158.99939999999998
283.282	155.49939999999998
283.513	158.4294
283.745	160.1394
283.976	157.70940000000002
284.207	158.0594
284.439	158.7694
284.67	159.7294
284.901	157.7194
285.132	158.20940000000002
285.364	156.99939999999998
285.595	159.4194
285.826	159.2694
286.057	160.7594
286.288	160.2594
286.52	161.0594
286.751	158.6894
286.982	161.9294
287.213	161.24939999999998
287.444	162.6394
287.675	164.7194
287.906	166.32940000000002
288.138	169.9094
288.369	170.8894
288.6	169.83939999999998
288.831	165.1594
289.062	165.0094
289.293	165.1294
289.524	164.5994
289.755	164.5294
289.986	161.9094
290.217	164.2594
290.448	163.3894
290.679	163.8794
290.91	165.41940000000002
291.141	164.99939999999998
291.371	165.9794
291.602	165.8794
291.833	163.86939999999998
292.064	164.5694
292.295	165.7294
292.526	166.07940000000002
292.757	164.8794
292.987	165.24939999999998
293.218	165.0394
293.449	165.57940000000002
293.68	166.49939999999998
293.91	164.9094
294.141	168.2894
294.372	165.8094
294.603	167.7194
294.833	168.6094
295.064	167.3494
295.295	169.36939999999998
295.525	171.7594
295.756	179.4394
295.987	192.5294
296.217	213.7994
296.448	200.3894
296.679	174.0294
296.909	171.2594
297.14	168.5194
297.37	172.41940000000002
297.601	172.1794
297.831	170.48940000000002
298.062	174.6394
298.292	174.1994
298.523	174.58939999999998
298.753	173.99939999999998
298.984	172.7694
299.214	174.2894
299.445	177.1494
299.675	176.6094
299.905	179.99939999999998
300.136	177.08939999999998
300.366	175.0294
300.597	177.0694
300.827	182.66940000000002
301.057	188.07940000000002
301.288	192.1494
301.518	185.2694
301.748	181.11939999999998
301.979	192.8994
302.209	183.7194
302.439	182.2794
302.669	181.86939999999998
302.9	179.4294
303.13	182.99939999999998
303.36	185.2094
303.59	190.33939999999998
303.82	192.86939999999998
304.051	185.4494
304.281	181.4794
304.511	182.8794
304.741	179.1894
304.971	180.5294
305.201	180.9594
305.431	181.32940000000002
305.661	179.8894
305.891	180.0994
306.121	184.7294
306.352	190.6594
306.582	192.5994
306.812	180.48940000000002
307.042	179.24939999999998
307.272	181.0594
307.502	182.73940000000002
307.731	183.5394
307.961	180.48940000000002
308.191	180.3494
308.421	181.5694
308.651	182.7894
308.881	183.4694
309.111	183.7794
309.341	187.0994
309.571	191.8994
309.8	189.86939999999998
310.03	193.58939999999998
310.26	194.5994
310.49	191.5094
310.72	197.61939999999998
310.949	201.5494
311.179	199.9394
311.409	192.9094
311.639	193.6994
311.868	195.3194
312.098	196.0394
312.328	198.3094
312.557	207.0394
312.787	210.1094
313.017	204.0994
313.246	197.0394
313.476	194.2994
313.706	195.4594
313.935	199.36939999999998
314.165	205.2594
314.394	206.2994
314.624	203.9094
314.853	200.9394
315.083	199.24939999999998
315.312	195.49939999999998
315.542	195.7794
315.771	195.6594
316.001	193.6394
316.23	191.99939999999998
316.46	193.5494
316.689	193.9694
316.919	195.5694
317.148	198.0394
317.377	198.23940000000002
317.607	196.5594
317.836	195.33939999999998
318.065	192.5394
318.295	192.1794
318.524	193.3094
318.753	191.83939999999998
318.983	194.5394
319.212	200.2894
319.441	205.33939999999998
319.67	207.8994
319.9	195.6394
320.129	195.33939999999998
320.358	196.1994
320.587	198.74939999999998
320.816	203.5694
321.046	204.83939999999998
321.275	201.7094
321.504	201.3994
321.733	201.8794
321.962	204.4094
322.191	210.3594
322.42	215.3594
322.649	221.2894
322.878	223.36939999999998
323.108	231.0194
323.337	243.3994
323.566	255.7194
323.795	281.0394
324.024	347.9594
324.253	568.8794
324.482	1072.3193999999999
324.71	2007.3293999999999
324.939	2528.6294000000003
325.168	1107.1694
325.397	412.03940000000006
325.626	288.1494
325.855	260.2294
326.084	255.29940000000002
326.313	259.2894
326.542	286.2394
326.77	375.7694
326.999	633.0694
327.228	1175.9694
327.457	2019.1294
327.686	1657.1894
327.914	546.0394
328.143	337.1994
328.372	283.4294
328.6	261.29940000000005
328.829	256.7194
329.058	265.7694
329.287	263.7094
329.515	243.45940000000002
329.744	229.54940000000002
329.972	230.2794
330.201	230.31940000000003
330.43	241.9394
330.658	258.7794
330.887	280.4594
331.115	261.3594
331.344	236.90940000000003
331.572	236.6194
331.801	239.31940000000003
332.03	238.4394
332.258	232.9494
332.486	233.3494
332.715	232.74939999999998
332.943	239.04940000000002
333.172	244.3794
333.4	247.79940000000002
333.629	259.0994
333.857	265.3294
334.085	255.3594
334.314	245.6794
334.542	243.6194
334.771	242.72940000000003
334.999	242.9494
335.227	239.8494
335.455	237.47940000000003
335.684	237.45940000000002
335.912	236.8494
336.14	234.0094
336.369	234.33939999999998
336.597	234.81940000000003
336.825	233.3694
337.053	229.1794
337.281	227.3594
337.51	224.0294
337.738	225.5594
337.966	224.6094
338.194	226.70940000000002
338.422	223.65940000000003
338.65	218.8794
338.878	219.06940000000003
339.106	218.32940000000002
339.334	220.3794
339.562	214.22940000000003
339.79	215.06940000000003
340.018	212.8794
340.246	213.5394
340.474	216.4694
340.702	216.1094
340.93	216.1894
341.158	214.8694
341.386	215.1994
341.614	216.0994
341.842	213.9794
342.07	211.3194
342.298	212.7694
342.526	209.99939999999998
342.754	210.24939999999998
342.981	210.2994
343.209	212.81940000000003
343.437	226.7594
343.665	229.6994
343.893	237.1294
344.12	237.7794
344.348	230.7194
344.576	225.8694
344.804	223.45940000000002
345.031	222.3494
345.259	225.22940000000003
345.487	217.88940000000002
345.714	215.2594
345.942	212.58939999999998
346.17	210.5194
346.397	208.0994
346.625	209.36939999999998
346.853	209.23940000000002
347.08	207.1494
347.308	212.7994
347.535	215.7994
347.763	219.91940000000002
347.99	215.0294
348.218	219.4694
348.445	221.6894
348.673	215.6294
348.9	211.2894
349.128	209.7694
349.355	207.3794
349.583	208.9294
349.81	207.2794
350.037	208.0594
350.265	207.9294
350.492	206.0394
350.72	206.8894
350.947	214.7794
351.174	221.1994
351.402	223.3594
351.629	216.3894
351.856	216.3794
352.083	217.0994
352.311	221.0194
352.538	221.9094
352.765	223.3194
352.992	225.1494
353.22	222.6894
353.447	216.9594
353.674	212.7994
353.901	206.86939999999998
354.128	208.1594
354.355	206.91940000000002
354.583	208.57940000000002
354.81	209.8194
355.037	209.6894
355.264	205.36939999999998
355.491	204.82940000000002
355.718	201.3894
355.945	204.24939999999998
356.172	204.49939999999998
356.399	206.6994
356.626	205.6094
356.853	205.0694
357.08	201.8194
357.307	202.4694
357.534	202.0094
357.761	205.7894
357.988	207.1394
358.215	207.6794
358.441	206.49939999999998
358.668	205.9394
358.895	204.9594
359.122	203.5094
359.349	208.2594
359.576	208.6294
359.802	221.98940000000002
360.029	231.23940000000002
360.256	232.2194
360.483	218.33939999999998
360.709	207.41940000000002
360.936	212.5594
361.163	207.7594
361.39	210.9094
361.616	209.33939999999998
361.843	206.41940000000002
362.07	208.9794
362.296	210.2294
362.523	207.6794
362.749	208.4294
362.976	205.5294
363.203	206.2694
363.429	201.6994
363.656	204.66940000000002
363.882	203.41940000000002
364.109	203.6394
364.335	203.5094
364.562	203.7994
364.788	201.9494
365.015	206.0394
365.241	210.2594
365.468	214.8594
365.694	214.9794
365.92	208.6394
366.147	203.3494
366.373	200.2694
366.599	201.2194
366.826	201.0694
367.052	201.1894
367.278	204.7794
367.505	204.3794
367.731	206.2994
367.957	202.0694
368.184	204.8994
368.41	211.86939999999998
368.636	224.7194
368.862	231.1594
369.089	219.2094
369.315	207.7294
369.541	207.1294
369.767	205.7694
369.993	208.1794
370.219	205.48940000000002
370.445	205.82940000000002
370.672	207.16940000000002
370.898	206.07940000000002
371.124	208.41940000000002
371.35	208.91940000000002
371.576	207.58939999999998
371.802	206.58939999999998
372.028	206.07940000000002
372.254	210.8994
372.48	211.5194
372.706	212.90940000000003
372.932	213.38940000000002
373.158	212.99939999999998
373.384	213.1994
373.61	211.8794
373.835	212.9694
374.061	212.1194
374.287	215.3694
374.513	217.0994
374.739	221.48940000000002
374.965	222.97940000000003
375.191	223.95940000000002
375.416	220.57940000000002
375.642	217.6794
375.868	217.9494
376.094	216.16940000000002
376.319	212.48940000000002
376.545	211.33939999999998
376.771	212.9094
376.997	211.6094
377.222	212.0494
377.448	211.4694
377.674	213.6994
377.899	211.0294
378.125	210.8594
378.35	210.7094
378.576	211.3194
378.802	212.61939999999998
379.027	213.3094
379.253	214.3894
379.478	212.6794
379.704	213.11939999999998
379.929	215.6594
380.155	214.48940000000002
380.38	214.4394
380.606	217.3994
380.831	216.0694
381.057	221.3694
381.282	215.5494
381.507	216.0594
381.733	222.6794
381.958	219.9494
382.184	224.3694
382.409	225.91940000000002
382.634	228.8694
382.86	226.29940000000002
383.085	231.0594
383.31	234.7594
383.535	235.2594
383.761	235.2794
383.986	238.5594
384.211	239.47940000000003
384.436	240.6494
384.662	244.3994
384.887	249.90940000000003
385.112	249.5994
385.337	252.6894
385.562	251.2194
385.787	254.7194
386.013	260.0594
386.238	262.1494
386.463	255.2194
386.688	259.29940000000005
386.913	249.4394
387.138	251.99939999999998
387.363	247.74939999999998
387.588	244.32940000000002
387.813	247.9694
388.038	251.98940000000002
388.263	259.5794
388.488	257.3894
388.713	245.0194
388.938	243.1994
389.163	241.0294
389.387	241.7594
389.612	238.24939999999998
389.837	236.33939999999998
390.062	238.29940000000002
390.287	236.8994
390.512	236.82940000000002
390.736	238.6794
390.961	240.82940000000002
391.186	244.38940000000002
391.411	250.29940000000002
391.636	250.88940000000002
391.86	249.2794
392.085	253.22940000000003
392.31	250.40940000000003
392.534	246.57940000000002
392.759	243.54940000000002
392.984	239.81940000000003
393.208	240.5094
393.433	244.56940000000003
393.658	241.38940000000002
393.882	236.2594
394.107	239.2594
394.331	241.6494
394.556	241.97940000000003
394.78	246.49939999999998
395.005	244.7194
395.229	244.1294
395.454	251.2894
395.678	251.5394
395.903	253.2794
396.127	255.48940000000002
396.352	248.88940000000002
396.576	243.79940000000002
396.801	244.90940000000003
397.025	245.8094
397.249	249.49939999999998
397.474	253.33939999999998
397.698	251.5394
397.922	256.1494
398.147	258.5794
398.371	261.7394
398.595	265.18940000000003
398.82	274.2094
399.044	290.0294
399.268	313.11940000000004
399.492	348.2693999999999
399.717	367.1794
399.941	361.2294
400.165	340.8694
400.389	319.4094
400.613	293.7894
400.837	281.3994
401.062	277.7094
401.286	273.9794
401.51	276.2294
401.734	273.7694
401.958	285.9094
402.182	309.7294
402.406	338.8794
402.63	308.3794
402.854	291.04940000000005
403.078	291.7194
403.302	293.7594
403.526	297.3794
403.75	298.1694
403.974	299.5994
404.198	297.0294
404.422	302.5794
404.645	297.8494
404.869	297.18940000000003
405.093	303.6794
405.317	307.4594
405.541	306.6694
405.765	301.86940000000004
405.988	315.29940000000005
406.212	366.35940000000005
406.436	416.17940000000004
406.66	353.3294
406.883	319.0294
407.107	328.53940000000006
407.331	346.1794
407.555	362.98939999999993
407.778	352.71939999999995
408.002	329.06940000000003
408.226	315.7794
408.449	312.29940000000005
408.673	308.93940000000003
408.896	313.06940000000003
409.12	320.6094
409.344	305.5194
409.567	294.4494
409.791	294.1594
410.014	296.3494
410.238	292.5894
410.461	292.9294
410.685	294.4094
410.908	300.81940000000003
411.132	311.3894
411.355	307.5094
411.578	292.86940000000004
411.802	281.81940000000003
412.025	278.1794
412.249	283.3394
412.472	281.06940000000003
412.695	271.2394
412.919	272.2894
413.142	271.9494
413.365	269.5994
413.589	273.0094
413.812	268.5594
414.035	269.4894
414.258	269.9894
414.482	272.9594
414.705	272.5594
414.928	272.5294
415.151	275.4794
415.374	273.4894
415.597	268.7094
415.821	265.3994
416.044	265.7194
416.267	267.8594
416.49	267.2694
416.713	264.0094
416.936	267.2894
417.159	267.9994
417.382	270.3094
417.605	269.6994
417.828	276.5994
418.051	280.6994
418.274	275.5594
418.497	270.3494
418.72	273.79940000000005
418.943	272.5194
419.166	284.2194
419.389	295.5794
419.611	291.6794
419.834	286.5394
420.057	282.04940000000005
420.28	275.3794
420.503	269.29940000000005
420.726	269.8394
420.948	274.9594
421.171	291.2194
421.394	291.5294
421.617	275.2394
421.839	276.5894
422.062	278.4994
422.285	283.6594
422.507	307.9894
422.73	326.4594
422.953	301.2594
423.175	289.2594
423.398	288.8394
423.621	288.7894
423.843	296.8994
424.066	293.1994
424.288	292.9094
424.511	300.5094
424.733	317.0094
424.956	336.6394
425.178	318.9194
425.401	320.6394
425.623	319.2494
425.846	286.4494
426.068	279.5994
426.291	279.5994
426.513	276.7794
426.735	280.7594
426.958	296.1594
427.18	324.85940000000005
427.402	380.2494
427.625	400.53939999999994
427.847	330.7094
428.069	284.06940000000003
428.292	266.4194
428.514	260.56940000000003
428.736	255.2194
428.958	255.0294
429.181	249.6994
429.403	252.0194
429.625	257.6394
429.847	269.6694
430.069	290.5394
430.292	272.4194
430.514	252.6194
430.736	249.40940000000003
430.958	248.8694
431.18	245.2794
431.402	247.3494
431.624	246.1494
431.846	250.04940000000002
432.068	249.2194
432.29	251.95940000000002
432.512	251.2694
432.734	254.40940000000003
432.956	252.06940000000003
433.178	261.5894
433.4	258.9894
433.622	251.88940000000002
433.844	254.3794
434.066	252.8994
434.287	258.0294
434.509	264.9994
434.731	269.61940000000004
434.953	272.6694
435.175	276.2294
435.397	280.2794
435.618	280.06940000000003
435.84	297.9194
436.062	337.0594
436.284	328.4194
436.505	283.7194
436.727	275.1694
436.949	262.4894
437.17	255.4694
437.392	251.4494
437.614	260.2194
437.835	281.3494
438.057	317.18940000000003
438.278	329.8094
438.5	323.1394
438.721	360.4294
438.943	316.2794
439.165	268.9994
439.386	265.4194
439.608	269.5394
439.829	277.3594
440.05	300.3294
440.272	328.7294
440.493	278.86940000000004
440.715	264.04940000000005
440.936	262.6094
441.158	262.1294
441.379	266.61940000000004
441.6	278.1594
441.822	286.54940000000005
442.043	299.7494
442.264	324.9194
442.486	317.36940000000004
442.707	290.31940000000003
442.928	292.7894
443.149	314.8494
443.371	323.1694
443.592	324.7394
443.813	352.0494
444.034	349.57939999999996
444.255	306.79940000000005
444.476	297.9294
444.698	303.5894
444.919	305.2894
445.14	336.9394
445.361	326.3694
445.582	317.11940000000004
445.803	350.28940000000006
446.024	367.7694
446.245	361.3794
446.466	316.0894
446.687	272.7594
446.908	261.3794
447.129	255.15940000000003
447.35	248.1894
447.571	250.65940000000003
447.792	248.6794
448.013	257.9194
448.234	267.0994
448.455	284.6794
448.675	325.7394
448.896	341.67940000000004
449.117	289.8594
449.338	298.3794
449.559	354.00939999999997
449.779	362.45939999999996
450.0	279.1494
450.221	252.3094
450.442	246.0194
450.662	248.08939999999998
450.883	257.0594
451.104	263.5394
451.324	248.0394
451.545	238.90940000000003
451.766	235.8494
451.986	233.33939999999998
452.207	234.07940000000002
452.428	234.6494
452.648	236.2594
452.869	248.73940000000002
453.089	253.1794
453.31	260.6394
453.53	236.3794
453.751	233.3594
453.971	242.0194
454.192	249.3794
454.412	229.73940000000002
454.633	228.4694
454.853	226.1194
455.073	227.32940000000002
455.294	241.5394
455.514	259.5294
455.734	241.4694
455.955	222.72940000000003
456.175	218.16940000000002
456.395	217.3994
456.616	217.45940000000002
456.836	216.7894
457.056	214.81940000000003
457.276	213.97940000000003
457.497	218.29940000000002
457.717	219.3494
457.937	221.4694
458.157	224.0994
458.377	230.70940000000002
458.598	249.3994
458.818	302.7794
459.038	333.17940000000004
459.258	294.36940000000004
459.478	258.9494
459.698	251.5294
459.918	253.23940000000002
460.138	259.2594
460.358	265.6594
460.578	268.1094
460.798	269.3794
461.018	271.36940000000004
461.238	264.5194
461.458	263.8894
461.678	261.6094
461.898	267.0394
462.118	269.4294
462.338	279.0894
462.558	282.5894
462.777	292.5394
462.997	308.1994
463.217	319.6494
463.437	313.2094
463.657	296.6094
463.876	290.4994
464.096	296.93940000000003
464.316	297.3894
464.536	299.3094
464.755	291.9294
464.975	298.61940000000004
465.195	345.5994
465.414	342.21940000000006
465.634	271.1794
465.854	255.41940000000002
466.073	248.79940000000002
466.293	244.3494
466.512	237.7694
466.732	235.2894
466.951	237.66940000000002
467.171	238.3794
467.391	243.20940000000002
467.61	248.3094
467.829	243.5094
468.049	235.45940000000002
468.268	229.82940000000002
468.488	229.0394
468.707	226.24939999999998
468.927	228.2694
469.146	228.0994
469.365	229.57940000000002
469.585	232.2794
469.804	242.22940000000003
470.023	247.6494
470.243	244.33939999999998
470.462	252.5994
470.681	261.4494
470.901	245.9494
471.12	239.5194
471.339	236.99939999999998
471.558	236.13940000000002
471.777	233.65940000000003
471.997	230.9494
472.216	229.3494
472.435	228.07940000000002
472.654	225.1294
472.873	227.23940000000002
473.092	227.04940000000002
473.311	227.58939999999998
473.53	226.3694
473.749	232.31940000000003
473.968	252.0394
474.187	287.7194
474.406	269.8294
474.625	238.2794
474.844	231.2194
475.063	229.3094
475.282	228.57940000000002
475.501	230.5594
475.72	234.40940000000003
475.939	233.31940000000003
476.158	233.7894
476.377	236.48940000000002
476.596	236.6294
476.814	243.6094
477.033	244.2894
477.252	243.8594
477.471	245.74939999999998
477.69	248.47940000000003
477.908	251.3994
478.127	257.8794
478.346	256.3794
478.564	263.3494
478.783	268.9594
479.002	271.7694
479.22	270.5894
479.439	277.8594
479.658	281.3294
479.876	279.6594
480.095	282.43940000000003
480.313	294.1994
480.532	290.9794
480.751	287.4994
480.969	279.8894
481.188	276.9094
481.406	273.7094
481.624	266.9994
481.843	261.9694
482.061	257.4294
482.28	255.90940000000003
482.498	255.3494
482.717	253.83939999999998
482.935	256.0094
483.153	255.24939999999998
483.372	255.9394
483.59	255.3794
483.808	253.54940000000002
484.027	258.2894
484.245	260.1994
484.463	260.2494
484.681	266.43940000000003
484.9	263.0994
485.118	267.9594
485.336	268.7594
485.554	271.7794
485.772	274.5894
485.99	278.1094
486.209	278.0294
486.427	279.5194
486.645	282.5794
486.863	287.7394
487.081	277.8494
487.299	274.7894
487.517	272.8794
487.735	269.9894
487.953	271.11940000000004
488.171	270.7094
488.389	272.0794
488.607	276.4794
488.825	271.2694
489.043	269.61940000000004
489.261	271.54940000000005
489.479	269.9594
489.696	273.7494
489.914	273.7394
490.132	276.7194
490.35	278.4894
490.568	276.8494
490.786	280.9194
491.003	282.81940000000003
491.221	284.7894
491.439	290.4494
491.657	293.0894
491.874	292.18940000000003
492.092	291.7394
492.31	293.0094
492.527	294.0294
492.745	295.8494
492.963	297.1994
493.18	300.1594
493.398	302.1494
493.615	310.5594
493.833	308.4894
494.05	304.5294
494.268	304.6494
494.485	302.1294
494.703	302.4094
494.92	302.56940000000003
495.138	301.7294
495.355	303.3994
495.573	305.3094
495.79	305.1994
496.008	307.81940000000003
496.225	303.79940000000005
496.442	304.7294
496.66	309.4194
496.877	306.9194
497.094	312.0794
497.312	315.4794
497.529	321.4694
497.746	325.03940000000006
497.963	334.7294
498.181	344.45939999999996
498.398	353.48939999999993
498.615	377.34939999999995
498.832	386.4294
499.049	392.4994
499.267	412.66939999999994
499.484	436.1293999999999
499.701	461.73939999999993
499.918	483.85939999999994
500.135	509.53939999999994
500.352	528.8893999999999
500.569	532.5394
500.786	526.0794
501.003	514.4093999999999
501.22	494.6593999999999
501.437	470.1993999999999
501.654	446.13939999999997
501.871	434.82939999999996
502.088	401.8093999999999
502.305	383.48939999999993
502.522	369.91939999999994
502.739	357.7693999999999
502.956	344.8393999999999
503.172	336.88939999999997
503.389	333.2694
503.606	336.2294
503.823	327.6294
504.04	323.7594
504.256	324.1994
504.473	327.9494
504.69	328.28939999999994
504.907	325.96940000000006
505.123	310.8094
505.34	303.81940000000003
505.557	296.36940000000004
505.773	297.0594
505.99	293.5594
506.207	290.5394
506.423	289.1394
506.64	288.7194
506.856	284.29940000000005
507.073	283.0094
507.289	285.7694
507.506	283.3094
507.722	297.81940000000003
507.939	296.3094
508.155	280.2394
508.372	276.8794
508.588	275.4194
508.805	274.81940000000003
509.021	278.1794
509.238	284.3794
509.454	283.1294
509.67	283.7794
509.887	285.5294
510.103	303.56940000000003
510.319	382.6394
510.536	908.1994
510.752	2436.3594
510.968	817.8294000000001
511.184	323.6094
511.401	278.1994
511.617	266.4894
511.833	260.0794
512.049	258.2294
512.265	258.5394
512.481	257.5994
512.698	256.7094
512.914	257.8594
513.13	258.4594
513.346	258.1694
513.562	258.93940000000003
513.778	262.2594
513.994	263.9994
514.21	270.2894
514.426	289.8394
514.642	309.2894
514.858	308.6494
515.074	352.7694
515.29	636.4793999999999
515.506	1601.0894
515.721	717.7494
515.937	338.14940000000007
516.153	296.81940000000003
516.369	287.1594
516.585	285.29940000000005
516.801	286.4294
517.016	292.5194
517.232	300.1394
517.448	304.0294
517.664	310.7694
517.879	310.54940000000005
518.095	305.7394
518.311	305.6994
518.527	296.1694
518.742	289.3094
518.958	284.6294
519.173	280.8994
519.389	276.0394
519.605	271.8894
519.82	272.0294
520.036	280.1294
520.251	294.0994
520.467	290.5794
520.682	282.7494
520.898	282.6094
521.113	292.4994
521.329	318.1394
521.544	390.6194
521.76	754.3294000000001
521.975	2489.8894
522.19	1598.0694
522.406	481.8894
522.621	292.0294
522.836	259.9694
523.052	253.6794
523.267	246.3994
523.482	242.82940000000002
523.698	247.3794
523.913	263.2694
524.128	250.07940000000002
524.343	238.45940000000002
524.559	236.8094
524.774	231.0294
524.989	236.47940000000003
525.204	245.3094
525.419	239.7694
525.634	234.1294
525.849	228.7794
526.064	228.81940000000003
526.28	228.7894
526.495	227.5594
526.71	225.70940000000002
526.925	225.5994
527.14	225.31940000000003
527.355	223.70940000000002
527.57	225.2694
527.785	224.3694
527.999	223.70940000000002
528.214	226.23940000000002
528.429	228.9694
528.644	226.74939999999998
528.859	225.6194
529.074	230.0394
529.289	255.06940000000003
529.503	315.43940000000003
529.718	248.88940000000002
529.933	229.16940000000002
530.148	228.22940000000003
530.363	227.1094
530.577	223.98940000000002
530.792	223.48940000000002
531.007	223.58939999999998
531.221	226.5094
531.436	224.95940000000002
531.651	224.7694
531.865	222.82940000000002
532.08	222.9294
532.295	224.41940000000002
532.509	222.82940000000002
532.724	222.1294
532.938	227.2894
533.153	229.65940000000003
533.367	225.1994
533.582	225.57940000000002
533.796	222.90940000000003
534.011	222.1994
534.225	221.49939999999998
534.44	219.6294
534.654	220.7694
534.868	220.1494
535.083	221.6094
535.297	223.04940000000002
535.511	228.56940000000003
535.726	229.5094
535.94	226.54940000000002
536.154	220.54940000000002
536.369	217.5094
536.583	213.2594
536.797	216.2194
537.011	211.9394
537.225	211.5294
537.44	212.1794
537.654	214.1294
537.868	212.8594
538.082	212.8894
538.296	212.1094
538.51	211.9294
538.724	210.97940000000003
538.938	213.8094
539.153	214.7894
539.367	223.8494
539.581	215.0994
539.795	207.5594
540.009	209.7094
540.222	209.4494
540.436	211.9494
540.65	211.0494
540.864	213.72940000000003
541.078	217.6094
541.292	212.8194
541.506	209.5994
541.72	207.49939999999998
541.934	204.4594
542.147	207.0694
542.361	203.8594
542.575	203.32940000000002
542.789	205.48940000000002
543.002	204.4294
543.216	208.0994
543.43	213.8594
543.644	206.8594
543.857	208.3194
544.071	209.61939999999998
544.285	209.6094
544.498	207.6794
544.712	208.48940000000002
544.925	208.2694
545.139	206.99939999999998
545.352	207.6494
545.566	207.0094
545.779	206.3894
545.993	206.0494
546.206	207.6594
546.42	205.6594
546.633	207.2194
546.847	208.8094
547.06	205.3594
547.274	206.5194
547.487	204.5294
547.7	205.6494
547.914	205.4094
548.127	204.4694
548.34	206.8494
548.554	206.9094
548.767	207.1794
548.98	208.1294
549.193	205.7894
549.407	207.0494
549.62	210.2894
549.833	210.3494
550.046	206.1894
550.259	205.9094
550.473	203.36939999999998
550.686	204.16940000000002
550.899	202.3194
551.112	202.16940000000002
551.325	200.9294
551.538	202.1394
551.751	202.4694
551.964	203.57940000000002
552.177	205.32940000000002
552.39	206.4494
552.603	211.1094
552.816	212.07940000000002
553.029	213.4694
553.242	217.6494
553.455	224.58939999999998
553.667	231.04940000000002
553.88	226.9394
554.093	216.5194
554.306	215.2194
554.519	209.86939999999998
554.732	207.32940000000002
554.944	204.36939999999998
555.157	202.83939999999998
555.37	200.9794
555.583	200.3094
555.795	201.7694
556.008	196.36939999999998
556.221	194.4394
556.433	195.07940000000002
556.646	193.9694
556.859	193.4094
557.071	190.6394
557.284	189.1094
557.496	189.1094
557.709	186.4494
557.921	186.6994
558.134	184.5594
558.346	185.99939999999998
558.559	187.6494
558.771	184.61939999999998
558.984	183.2694
559.196	184.2194
559.409	181.1994
559.621	182.82940000000002
559.833	181.3194
560.046	181.2794
560.258	181.4294
560.47	182.6594
560.683	183.0494
560.895	181.0494
561.107	182.9594
561.32	182.08939999999998
561.532	182.08939999999998
561.744	183.66940000000002
561.956	184.08939999999998
562.168	184.1294
562.381	183.86939999999998
562.593	186.66940000000002
562.805	186.23940000000002
563.017	184.8994
563.229	186.9294
563.441	184.16940000000002
563.653	186.4494
563.865	184.3194
564.077	186.33939999999998
564.289	187.2994
564.501	188.0094
564.713	192.2894
564.925	196.7694
565.137	207.1494
565.349	198.4694
565.561	199.7594
565.773	204.48940000000002
565.985	209.16940000000002
566.197	213.7794
566.408	220.9694
566.62	233.38940000000002
566.832	240.3594
567.044	241.23940000000002
567.255	243.1494
567.467	250.29940000000002
567.679	259.18940000000003
567.891	265.9194
568.102	265.8494
568.314	256.2894
568.526	240.6494
568.737	229.1794
568.949	217.8094
569.161	206.3994
569.372	198.9494
569.584	197.7194
569.795	197.0094
570.007	215.5994
570.218	339.85940000000005
570.43	233.6094
570.641	190.0394
570.853	187.2594
571.064	185.0594
571.276	181.8794
571.487	179.7694
571.698	176.16940000000002
571.91	175.0694
572.121	172.1094
572.333	168.82940000000002
572.544	167.6994
572.755	169.3894
572.966	167.57940000000002
573.178	165.0994
573.389	167.6994
573.6	163.8894
573.811	164.82940000000002
574.023	162.41940000000002
574.234	163.3994
574.445	164.1994
574.656	161.3994
574.867	163.2194
575.078	163.5694
575.289	161.9294
575.501	161.2694
575.712	160.8194
575.923	159.5394
576.134	160.3594
576.345	158.0794
576.556	158.8294
576.767	160.2994
576.978	160.1294
577.188	161.4694
577.399	160.20940000000002
577.61	160.0994
577.821	165.5694
578.032	179.32940000000002
578.243	337.39939999999996
578.454	829.5794000000001
578.665	281.6694
578.875	168.0494
579.086	156.0494
579.297	151.9294
579.508	150.7594
579.718	152.74939999999998
579.929	152.9094
580.14	149.8794
580.35	150.0394
580.561	150.3094
580.772	148.6394
580.982	149.5194
581.193	148.3894
581.403	149.95940000000002
581.614	149.7894
581.825	147.8894
582.035	147.6794
582.246	148.2794
582.456	148.0394
582.667	146.6594
582.877	146.9194
583.087	146.3594
583.298	148.7994
583.508	147.4194
583.719	146.3294
583.929	149.3894
584.139	146.5994
584.35	145.5094
584.56	147.1594
584.77	145.4794
584.981	146.1494
585.191	144.58939999999998
585.401	145.5294
585.611	145.1094
585.821	147.2294
586.032	146.7694
586.242	144.4194
586.452	144.6294
586.662	142.1294
586.872	143.7994
587.082	142.0594
587.292	143.5494
587.502	142.9294
587.713	142.6694
587.923	143.70940000000002
588.133	145.6994
588.343	142.73940000000002
588.553	141.49939999999998
588.762	144.2694
588.972	145.2594
589.182	147.1594
589.392	145.0594
589.602	143.9794
589.812	143.9094
590.022	145.4394
590.232	143.95940000000002
590.441	143.6694
590.651	143.0094
590.861	144.8094
591.071	145.0094
591.281	146.70940000000002
591.49	146.2894
591.7	147.5794
591.91	149.4294
592.119	149.2294
592.329	154.9294
592.539	158.7794
592.748	157.48940000000002
592.958	158.4794
593.167	158.0994
593.377	159.9294
593.587	165.9094
593.796	161.9794
594.006	160.8694
594.215	161.7994
594.424	159.7894
594.634	157.8694
594.843	155.6494
595.053	152.4694
595.262	151.6394
595.472	147.99939999999998
595.681	145.9394
595.89	143.74939999999998
596.1	142.73940000000002
596.309	142.1194
596.518	140.98940000000002
596.727	141.08939999999998
596.937	139.8494
597.146	140.1194
597.355	137.6394
597.564	136.9394
597.774	135.4694
597.983	135.5794
598.192	132.8694
598.401	133.5594
598.61	133.0494
598.819	132.95940000000002
599.028	133.0694
599.237	132.7694
599.446	133.73940000000002
599.655	134.24939999999998
599.864	134.2594
600.073	132.45940000000002
600.282	135.3194
600.491	132.20940000000002
600.7	132.6694
600.909	133.8194
601.118	134.5394
601.327	135.5994
601.536	131.7994
601.745	131.6294
601.953	131.1894
602.162	133.7894
602.371	130.8694
602.58	129.0294
602.789	132.3194
602.997	130.98940000000002
603.206	131.0094
603.415	129.0294
603.623	127.4094
603.832	128.0194
604.041	126.22940000000001
604.249	125.9494
604.458	127.9194
604.666	126.2494
604.875	126.80940000000001
605.084	126.7594
605.292	125.7994
605.501	127.0294
605.709	126.2994
605.918	124.6294
606.126	127.4594
606.334	125.96940000000001
606.543	126.47940000000001
606.751	126.68939999999999
606.96	125.4194
607.168	127.0094
607.376	127.30940000000001
607.585	127.13940000000001
607.793	126.7994
608.001	126.1994
608.21	125.21940000000001
608.418	123.9894
608.626	124.5094
608.834	125.47940000000001
609.043	124.89940000000001
609.251	124.8594
609.459	124.13940000000001
609.667	125.21940000000001
609.875	124.9294
610.083	123.5994
610.291	125.3194
610.499	123.80940000000001
610.707	123.7394
610.916	125.0894
611.124	124.7594
611.332	124.0094
611.54	124.76939999999999
611.748	123.1094
611.955	122.8594
612.163	122.18939999999999
612.371	123.47940000000001
612.579	120.3594
612.787	123.51939999999999
612.995	124.64940000000001
613.203	126.7394
613.411	124.26939999999999
613.618	121.3394
613.826	122.72940000000001
614.034	122.76939999999999
614.242	123.97940000000001
614.449	123.6694
614.657	123.9594
614.865	123.7894
615.072	125.3594
615.28	123.3494
615.488	124.4294
615.695	129.5994
615.903	132.4394
616.111	134.3194
616.318	139.20940000000002
616.526	131.8594
616.733	130.4494
616.941	126.1594
617.148	128.0994
617.356	126.3494
617.563	127.05940000000001
617.771	126.7794
617.978	124.4594
618.185	124.9294
618.393	123.4494
618.6	123.68939999999999
618.807	122.8494
619.015	122.82939999999999
619.222	121.80940000000001
619.429	120.8494
619.637	123.7494
619.844	122.1694
620.051	120.88940000000001
620.258	120.5894
620.466	118.6594
620.673	117.13940000000001
620.88	119.1294
621.087	118.3194
621.294	118.0094
621.501	118.3594
621.708	118.6094
621.915	118.3694
622.122	119.1794
622.329	120.4894
622.536	119.2494
622.743	117.2094
622.95	118.21940000000001
623.157	116.3594
623.364	118.8794
623.571	117.4594
623.778	116.7994
623.985	117.9894
624.192	115.7494
624.399	114.8794
624.606	116.9594
624.812	116.47940000000001
625.019	114.5394
625.226	115.63940000000001
625.433	118.1794
625.639	115.47940000000001
625.846	114.9594
626.053	113.7594
626.259	115.9094
626.466	116.18939999999999
626.673	114.3794
626.879	114.5394
627.086	116.3794
627.293	115.38940000000001
627.499	114.71940000000001
627.706	115.5694
627.912	112.7994
628.119	113.1594
628.325	114.2494
628.532	113.9094
628.738	112.63940000000001
628.945	111.5394
629.151	112.5894
629.357	110.05940000000001
629.564	113.01939999999999
629.77	113.46940000000001
629.976	112.3694
630.183	112.51939999999999
630.389	110.5994
630.595	109.9994
630.802	111.0994
631.008	110.3594
631.214	110.76939999999999
631.42	110.3594
631.627	113.1994
631.833	110.76939999999999
632.039	108.4294
632.245	108.82939999999999
632.451	110.55940000000001
632.657	108.9294
632.863	108.7594
633.069	108.63940000000001
633.275	108.3494
633.481	108.06939999999999
633.688	108.7794
633.893	111.40939999999999
634.099	107.7594
634.305	107.1194
634.511	107.9994
634.717	108.56939999999999
634.923	108.31939999999999
635.129	106.4994
635.335	107.2794
635.541	107.14940000000001
635.747	105.8394
635.952	106.46940000000001
636.158	108.5294
636.364	108.3494
636.57	107.89940000000001
636.775	107.4294
636.981	107.38940000000001
637.187	106.65939999999999
637.392	106.2794
637.598	106.4194
637.804	107.7594
638.009	108.22940000000001
638.215	105.89940000000001
638.421	104.5494
638.626	104.43939999999999
638.832	106.13940000000001
639.037	106.71940000000001
639.243	105.97940000000001
639.448	105.01939999999999
639.654	106.5294
639.859	104.2894
640.065	104.05940000000001
640.27	107.90939999999999
640.475	105.38940000000001
640.681	102.5994
640.886	106.2794
641.091	105.3694
641.297	105.40939999999999
641.502	105.14940000000001
641.707	107.64940000000001
641.913	108.3594
642.118	104.8494
642.323	102.3494
642.528	105.5294
642.733	105.9294
642.939	106.48939999999999
643.144	104.97940000000001
643.349	102.89940000000001
643.554	105.76939999999999
643.759	105.0294
643.964	102.7794
644.169	104.6694
644.374	104.8494
644.579	105.9294
644.784	103.47940000000001
644.989	104.3494
645.194	105.6994
645.399	103.8694
645.604	106.56939999999999
645.809	107.1694
646.014	104.96940000000001
646.219	105.51939999999999
646.423	102.6694
646.628	104.3394
646.833	104.80940000000001
647.038	106.14940000000001
647.243	105.0994
647.447	104.5094
647.652	107.89940000000001
647.857	106.6094
648.062	108.2494
648.266	107.21940000000001
648.471	112.71940000000001
648.676	114.93939999999999
648.88	112.7494
649.085	111.3494
649.289	109.8494
649.494	122.2794
649.698	155.1794
649.903	121.6194
650.107	106.4494
650.312	104.90939999999999
650.516	102.1294
650.721	102.7494
650.925	101.89940000000001
651.13	99.7794
651.334	99.8694
651.539	98.3694
651.743	98.6694
651.947	99.0894
652.152	98.2994
652.356	97.14940000000001
652.56	97.06939999999999
652.764	96.1794
652.969	96.05940000000001
653.173	95.48939999999999
653.377	96.5894
653.581	95.6194
653.785	95.4194
653.99	96.88940000000001
654.194	95.68939999999999
654.398	93.8594
654.602	95.1194
654.806	100.82939999999999
655.01	114.56939999999999
655.214	102.39940000000001
655.418	97.1094
655.622	95.47940000000001
655.826	95.93939999999999
656.03	97.2594
656.234	99.07939999999999
656.438	104.43939999999999
656.642	103.97940000000001
656.846	97.9294
657.049	94.5694
657.253	92.3394
657.457	91.40939999999999
657.661	89.55940000000001
657.865	90.07939999999999
658.068	88.6194
658.272	87.6194
658.476	86.88940000000001
658.68	87.30940000000001
658.883	86.05940000000001
659.087	86.21940000000001
659.291	86.6994
659.494	85.6094
659.698	86.0394
659.901	87.3594
660.105	84.21940000000001
660.309	82.6694
660.512	85.4594
660.716	84.57939999999999
660.919	83.39940000000001
661.123	86.26939999999999
661.326	82.90939999999999
661.53	82.5094
661.733	83.15939999999999
661.936	82.82939999999999
662.14	81.2894
662.343	82.5694
662.546	80.2594
662.75	82.3594
662.953	83.43939999999999
663.156	81.7994
663.36	80.68939999999999
663.563	82.7594
663.766	81.3794
663.969	81.3694
664.173	82.4594
664.376	80.4294
664.579	80.3094
664.782	81.0794
664.985	81.2394
665.188	80.6794
665.391	81.8494
665.594	81.1094
665.797	81.4194
666.0	81.40939999999999
666.203	80.6794
666.406	80.4594
666.609	81.4894
666.812	82.55940000000001
667.015	81.4594
667.218	83.21940000000001
667.421	82.7494
667.624	81.9894
667.827	82.01939999999999
668.03	81.2094
668.232	80.0694
668.435	81.14940000000001
668.638	80.2194
668.841	82.7994
669.043	80.0494
669.246	81.0294
669.449	80.7594
669.651	80.49940000000001
669.854	80.3894
670.057	81.55940000000001
670.259	80.49940000000001
670.462	79.9594
670.665	81.14940000000001
670.867	81.5894
671.07	81.9194
671.272	81.7494
671.475	83.1794
671.677	79.9094
671.88	80.0594
672.082	79.2594
672.284	80.2294
672.487	81.1994
672.689	78.9894
672.892	79.68939999999999
