223.165	-17.142
223.4	-17.142
223.635	-17.142
223.869	-19.232
224.104	-19.712
224.338	-17.532
224.573	-15.242
224.808	-12.472
225.042	-8.042
225.277	-5.332000000000001
225.511	-1.342
225.746	4.078
225.98	6.518
226.215	11.377999999999998
226.449	16.158
226.683	20.878
226.918	25.848000000000003
227.152	31.188
227.387	35.758
227.621	38.378
227.856	44.518
228.09	46.827999999999996
228.324	50.128
228.559	56.838
228.793	61.138
229.027	78.66799999999999
229.262	85.298
229.496	93.008
229.73	109.538
229.964	113.138
230.199	94.498
230.433	90.02799999999999
230.667	93.388
230.901	91.558
231.136	91.148
231.37	93.378
231.604	96.50800000000001
231.838	95.288
232.072	96.08800000000001
232.306	96.97800000000001
232.541	96.378
232.775	97.408
233.009	97.648
233.243	97.168
233.477	97.398
233.711	97.468
233.945	97.388
234.179	98.328
234.413	99.378
234.647	97.47800000000001
234.881	98.02799999999999
235.115	99.258
235.349	98.678
235.583	99.308
235.817	99.47800000000001
236.051	100.52799999999999
236.285	100.988
236.519	100.898
236.753	103.26799999999999
236.987	114.158
237.221	134.09799999999998
237.455	139.178
237.689	109.658
237.922	104.72800000000001
238.156	103.16799999999999
238.39	100.388
238.624	100.458
238.858	101.498
239.091	100.248
239.325	102.628
239.559	105.158
239.793	105.628
240.027	107.988
240.26	111.408
240.494	114.068
240.728	112.26799999999999
240.961	111.368
241.195	107.85799999999999
241.429	107.408
241.662	106.378
241.896	105.818
242.13	106.698
242.363	106.408
242.597	109.198
242.83	110.708
243.064	110.288
243.298	110.318
243.531	108.898
243.765	111.998
243.998	110.548
244.232	114.26799999999999
244.465	118.538
244.699	115.22800000000001
244.932	112.76799999999999
245.166	114.26799999999999
245.399	113.838
245.633	114.738
245.866	115.378
246.099	115.798
246.333	115.818
246.566	115.128
246.8	117.128
247.033	118.788
247.266	119.968
247.5	121.10799999999999
247.733	126.27799999999999
247.966	125.818
248.2	126.708
248.433	125.058
248.666	128.188
248.899	134.728
249.133	139.878
249.366	151.738
249.599	148.688
249.832	136.568
250.066	141.168
250.299	153.428
250.532	174.738
250.765	172.518
250.998	162.29800000000003
251.231	152.65800000000002
251.465	143.288
251.698	139.258
251.931	140.238
252.164	138.978
252.397	137.15800000000002
252.63	139.728
252.863	141.65800000000002
253.096	146.58800000000002
253.329	148.898
253.562	145.478
253.795	145.708
254.028	143.888
254.261	146.33800000000002
254.494	154.40800000000002
254.727	168.97799999999998
254.96	172.11800000000002
255.193	162.488
255.426	160.628
255.659	171.348
255.892	208.158
256.124	242.33800000000002
256.357	216.558
256.59	182.36800000000002
256.823	165.86800000000002
257.056	159.578
257.289	155.238
257.521	152.49800000000002
257.754	150.798
257.987	148.018
258.22	150.308
258.452	150.08800000000002
258.685	148.808
258.918	147.328
259.151	148.078
259.383	152.258
259.616	151.438
259.849	152.65800000000002
260.081	160.798
260.314	166.20800000000003
260.547	160.808
260.779	157.99800000000002
261.012	159.358
261.244	158.15800000000002
261.477	157.068
261.71	160.228
261.942	177.518
262.175	181.698
262.407	159.298
262.64	151.318
262.872	150.668
263.105	148.988
263.337	152.538
263.57	151.228
263.802	152.078
264.035	151.798
264.267	150.168
264.499	150.358
264.732	152.518
264.964	152.33800000000002
265.197	151.538
265.429	151.988
265.661	152.798
265.894	154.918
266.126	156.398
266.358	156.288
266.591	156.178
266.823	158.938
267.055	157.40800000000002
267.287	157.488
267.52	157.758
267.752	159.188
267.984	158.468
268.216	158.438
268.448	162.338
268.681	164.848
268.913	168.678
269.145	177.698
269.377	178.078
269.609	172.448
269.841	174.488
270.073	177.588
270.306	187.038
270.538	191.608
270.77	184.678
271.002	182.608
271.234	183.518
271.466	190.04800000000003
271.698	191.22799999999998
271.93	192.488
272.162	192.878
272.394	190.968
272.626	183.488
272.858	176.178
273.09	177.578
273.322	176.13799999999998
273.553	173.558
273.785	175.70800000000003
274.017	174.968
274.249	176.928
274.481	176.56799999999998
274.713	176.95800000000003
274.945	180.738
275.176	179.68800000000002
275.408	184.408
275.64	187.18800000000002
275.872	188.81799999999998
276.104	188.498
276.335	187.02800000000002
276.567	200.56799999999998
276.799	216.538
277.031	230.698
277.262	236.18800000000002
277.494	218.68800000000002
277.726	198.668
277.957	192.52800000000002
278.189	188.68800000000002
278.421	188.36800000000002
278.652	186.968
278.884	185.248
279.115	186.498
279.347	187.88799999999998
279.579	192.13799999999998
279.81	199.56799999999998
280.042	217.448
280.273	238.038
280.505	215.61800000000002
280.736	195.428
280.968	191.788
281.199	191.22799999999998
281.431	190.588
281.662	190.95800000000003
281.894	193.448
282.125	200.928
282.356	224.988
282.588	248.72799999999998
282.819	220.81799999999998
283.051	196.95800000000003
283.282	191.738
283.513	194.61800000000002
283.745	196.148
283.976	193.998
284.207	194.648
284.439	192.848
284.67	194.828
284.901	194.11800000000002
285.132	193.93800000000002
285.364	195.56799999999998
285.595	195.538
285.826	195.838
286.057	200.498
286.288	195.018
286.52	197.81799999999998
286.751	195.63799999999998
286.982	198.68800000000002
287.213	198.77800000000002
287.444	200.348
287.675	203.468
287.906	208.79800000000003
288.138	210.178
288.369	210.128
288.6	208.808
288.831	204.328
289.062	203.29800000000003
289.293	203.198
289.524	202.348
289.755	201.418
289.986	200.22799999999998
290.217	201.948
290.448	201.47799999999998
290.679	200.008
290.91	204.038
291.141	201.128
291.371	202.898
291.602	202.248
291.833	200.538
292.064	202.538
292.295	203.158
292.526	203.578
292.757	203.058
292.987	201.358
293.218	200.378
293.449	202.598
293.68	202.078
293.91	202.858
294.141	203.97799999999998
294.372	201.70800000000003
294.603	204.72799999999998
294.833	204.848
295.064	204.998
295.295	205.338
295.525	206.748
295.756	217.378
295.987	232.238
296.217	260.268
296.448	244.36800000000002
296.679	212.908
296.909	208.86800000000002
297.14	208.338
297.37	213.408
297.601	212.20800000000003
297.831	211.598
298.062	213.88799999999998
298.292	214.598
298.523	215.36800000000002
298.753	213.908
298.984	213.598
299.214	215.27800000000002
299.445	215.038
299.675	217.93800000000002
299.905	221.658
300.136	216.20800000000003
300.366	215.628
300.597	219.808
300.827	224.678
301.057	228.95800000000003
301.288	237.678
301.518	228.348
301.748	227.518
301.979	241.468
302.209	229.168
302.439	228.52800000000002
302.669	224.348
302.9	222.348
303.13	224.628
303.36	232.928
303.59	242.02800000000002
303.82	247.68800000000002
304.051	231.948
304.281	224.77800000000002
304.511	224.828
304.741	222.61800000000002
304.971	222.098
305.201	221.898
305.431	224.47799999999998
305.661	222.968
305.891	222.808
306.121	228.358
306.352	236.648
306.582	236.518
306.812	226.27800000000002
307.042	231.95800000000003
307.272	243.718
307.502	252.70800000000003
307.731	251.878
307.961	236.47799999999998
308.191	225.078
308.421	225.168
308.651	225.238
308.881	226.52800000000002
309.111	230.148
309.341	232.398
309.571	237.27800000000002
309.8	238.45800000000003
310.03	241.448
310.26	243.218
310.49	239.108
310.72	248.648
310.949	255.86800000000002
311.179	252.928
311.409	242.86800000000002
311.639	242.06799999999998
311.868	245.018
312.098	243.968
312.328	248.248
312.557	259.398
312.787	267.018
313.017	258.188
313.246	249.738
313.476	241.808
313.706	247.768
313.935	251.52800000000002
314.165	261.288
314.394	260.728
314.624	256.38800000000003
314.853	251.168
315.083	246.838
315.312	245.448
315.542	242.108
315.771	241.93800000000002
316.001	240.338
316.23	239.508
316.46	239.95800000000003
316.689	242.828
316.919	247.158
317.148	248.238
317.377	249.468
317.607	246.898
317.836	244.268
318.065	242.078
318.295	239.31799999999998
318.524	240.518
318.753	241.04800000000003
318.983	244.468
319.212	248.38799999999998
319.441	258.258
319.67	257.518
319.9	243.808
320.129	243.608
320.358	246.058
320.587	246.408
320.816	253.408
321.046	257.468
321.275	253.078
321.504	251.20800000000003
321.733	255.768
321.962	258.74800000000005
322.191	263.588
322.42	270.598
322.649	278.468
322.878	283.838
323.108	294.17800000000005
323.337	310.118
323.566	321.92800000000005
323.795	354.948
324.024	422.108
324.253	656.3080000000001
324.482	1191.088
324.71	2130.9680000000003
324.939	2645.248
325.168	1266.608
325.397	499.07800000000003
325.626	360.988
325.855	328.278
326.084	324.868
326.313	330.00800000000004
326.542	354.82800000000003
326.77	450.628
326.999	711.2280000000001
327.228	1272.8980000000001
327.457	2134.208
327.686	1808.078
327.914	714.818
328.143	563.988
328.372	579.4979999999999
328.6	449.618
328.829	377.81800000000004
329.058	386.07800000000003
329.287	394.468
329.515	375.32800000000003
329.744	410.528
329.972	520.568
330.201	734.178
330.43	891.218
330.658	593.858
330.887	458.908
331.115	391.418
331.344	336.628
331.572	328.288
331.801	331.918
332.03	331.948
332.258	322.238
332.486	320.508
332.715	328.378
332.943	338.358
333.172	350.728
333.4	368.868
333.629	400.67800000000005
333.857	455.738
334.085	561.928
334.314	783.068
334.542	1098.658
334.771	1032.828
334.999	526.5079999999999
335.227	394.83799999999997
335.455	354.098
335.684	340.018
335.912	327.82800000000003
336.14	319.728
336.369	317.488
336.597	317.668
336.825	311.07800000000003
337.053	302.628
337.281	297.268
337.51	291.128
337.738	294.588
337.966	291.018
338.194	293.868
338.422	289.058
338.65	284.378
338.878	281.168
339.106	275.788
339.334	279.908
339.562	276.238
339.79	271.268
340.018	272.608
340.246	273.268
340.474	277.24800000000005
340.702	273.768
340.93	273.848
341.158	272.67800000000005
341.386	276.098
341.614	276.56800000000004
341.842	272.448
342.07	268.99800000000005
342.298	268.278
342.526	266.648
342.754	264.228
342.981	264.788
343.209	268.778
343.437	286.32800000000003
343.665	288.348
343.893	299.628
344.12	301.948
344.348	291.508
344.576	284.438
344.804	281.098
345.031	284.408
345.259	285.728
345.487	273.898
345.714	269.788
345.942	265.438
346.17	264.378
346.397	262.198
346.625	263.948
346.853	260.258
347.08	259.008
347.308	266.108
347.535	270.648
347.763	275.858
347.99	271.378
348.218	274.898
348.445	276.858
348.673	270.708
348.9	264.918
349.128	260.688
349.355	256.57800000000003
349.583	259.538
349.81	257.488
350.037	259.418
350.265	259.168
350.492	258.56800000000004
350.72	258.74800000000005
350.947	264.978
351.174	274.908
351.402	277.058
351.629	269.538
351.856	271.088
352.083	275.13800000000003
352.311	276.688
352.538	279.298
352.765	279.238
352.992	278.698
353.22	273.92800000000005
353.447	270.288
353.674	264.958
353.901	258.278
354.128	257.158
354.355	254.348
354.583	260.058
354.81	258.63800000000003
355.037	255.988
355.264	253.838
355.491	253.488
355.718	253.148
355.945	254.20800000000003
356.172	255.70800000000003
356.399	256.268
356.626	255.45800000000003
356.853	254.158
357.08	253.328
357.307	251.948
357.534	251.738
357.761	253.668
357.988	259.058
358.215	259.358
358.441	259.858
358.668	258.348
358.895	259.788
359.122	256.07800000000003
359.349	256.508
359.576	265.548
359.802	281.768
360.029	299.938
360.256	296.148
360.483	279.488
360.709	258.878
360.936	261.198
361.163	263.32800000000003
361.39	266.81800000000004
361.616	265.238
361.843	259.42800000000005
362.07	264.508
362.296	266.198
362.523	259.57800000000003
362.749	260.708
362.976	258.408
363.203	256.658
363.429	252.388
363.656	257.398
363.882	255.218
364.109	253.258
364.335	255.58800000000002
364.562	252.968
364.788	255.228
365.015	258.82800000000003
365.241	259.938
365.468	268.558
365.694	266.728
365.92	260.598
366.147	255.668
366.373	253.638
366.599	252.68800000000002
366.826	253.138
367.052	250.42800000000003
367.278	254.68800000000002
367.505	253.288
367.731	258.598
367.957	256.708
368.184	259.008
368.41	268.338
368.636	277.24800000000005
368.862	284.56800000000004
369.089	273.13800000000003
369.315	261.238
369.541	258.07800000000003
369.767	260.418
369.993	261.978
370.219	260.278
370.445	256.99800000000005
370.672	259.488
370.898	259.31800000000004
371.124	262.398
371.35	263.088
371.576	262.368
371.802	258.988
372.028	259.728
372.254	261.238
372.48	263.32800000000003
372.706	266.478
372.932	268.228
373.158	267.288
373.384	266.378
373.61	266.838
373.835	267.218
374.061	266.268
374.287	272.848
374.513	272.188
374.739	277.56800000000004
374.965	280.538
375.191	280.92800000000005
375.416	279.82800000000003
375.642	272.438
375.868	272.878
376.094	269.92800000000005
376.319	265.878
376.545	265.538
376.771	265.538
376.997	265.668
377.222	266.648
377.448	267.618
377.674	265.878
377.899	262.56800000000004
378.125	263.688
378.35	263.368
378.576	262.758
378.802	261.458
379.027	265.698
379.253	269.418
379.478	266.31800000000004
379.704	267.278
379.929	269.738
380.155	271.948
380.38	271.018
380.606	271.92800000000005
380.831	271.878
381.057	276.368
381.282	273.348
381.507	275.988
381.733	278.618
381.958	278.878
382.184	284.258
382.409	286.918
382.634	289.378
382.86	290.348
383.085	293.778
383.31	296.658
383.535	297.698
383.761	300.028
383.986	301.518
384.211	305.028
384.436	309.698
384.662	315.128
384.887	322.82800000000003
385.112	327.558
385.337	330.13800000000003
385.562	328.468
385.787	328.478
386.013	337.58799999999997
386.238	343.518
386.463	331.848
386.688	331.558
386.913	325.458
387.138	330.228
387.363	323.588
387.588	312.99800000000005
387.813	316.32800000000003
388.038	327.648
388.263	340.458
388.488	336.688
388.713	306.528
388.938	301.218
389.163	298.968
389.387	298.168
389.612	296.06800000000004
389.837	294.898
390.062	294.278
390.287	295.88800000000003
390.512	295.478
390.736	296.398
390.961	301.508
391.186	305.468
391.411	311.82800000000003
391.636	315.258
391.86	316.99800000000005
392.085	321.198
392.31	315.438
392.534	310.548
392.759	309.098
392.984	305.028
393.208	303.618
393.433	306.868
393.658	305.308
393.882	301.558
394.107	304.988
394.331	305.228
394.556	302.898
394.78	308.07800000000003
395.005	309.208
395.229	309.088
395.454	316.558
395.678	318.38800000000003
395.903	321.558
396.127	324.74800000000005
396.352	317.57800000000003
396.576	309.048
396.801	308.148
397.025	310.38800000000003
397.249	316.608
397.474	319.548
397.698	320.288
397.922	326.608
398.147	329.768
398.371	333.538
398.595	339.08799999999997
398.82	348.788
399.044	371.168
399.268	403.25800000000004
399.492	443.828
399.717	470.658
399.941	463.208
400.165	443.78799999999995
400.389	412.89799999999997
400.613	377.948
400.837	362.538
401.062	359.358
401.286	353.218
401.51	350.478
401.734	350.908
401.958	366.58799999999997
402.182	390.868
402.406	426.108
402.63	393.06800000000004
402.854	374.288
403.078	371.738
403.302	377.898
403.526	384.058
403.75	386.058
403.974	390.968
404.198	389.958
404.422	398.17800000000005
404.645	398.958
404.869	410.368
405.093	442.238
405.317	473.188
405.541	464.078
405.765	420.038
405.988	420.13800000000003
406.212	469.208
406.436	526.208
406.66	458.49800000000005
406.883	413.448
407.107	428.328
407.331	451.67799999999994
407.555	473.958
407.778	460.298
408.002	424.708
408.226	408.658
408.449	402.038
408.673	397.768
408.896	406.798
409.12	415.018
409.344	393.278
409.567	378.788
409.791	381.688
410.014	377.658
410.238	374.13800000000003
410.461	377.438
410.685	381.32800000000003
410.908	384.13800000000003
411.132	400.49800000000005
411.355	397.208
411.578	378.56800000000004
411.802	370.858
412.025	377.25800000000004
412.249	399.58799999999997
412.472	427.158
412.695	457.558
412.919	417.83799999999997
413.142	392.198
413.365	377.968
413.589	366.948
413.812	361.07800000000003
414.035	355.788
414.258	358.688
414.482	360.13800000000003
414.705	359.238
414.928	354.99800000000005
415.151	356.57800000000003
415.374	355.518
415.597	349.788
415.821	348.06800000000004
416.044	351.298
416.267	346.728
416.49	340.938
416.713	342.948
416.936	349.018
417.159	348.398
417.382	354.00800000000004
417.605	360.668
417.828	369.808
418.051	363.958
418.274	357.58799999999997
418.497	349.268
418.72	353.798
418.943	355.128
419.166	370.938
419.389	386.808
419.611	390.25800000000004
419.834	384.348
420.057	388.50800000000004
420.28	396.278
420.503	389.028
420.726	376.688
420.948	377.628
421.171	392.228
421.394	382.598
421.617	360.988
421.839	355.82800000000003
422.062	359.25800000000004
422.285	367.798
422.507	399.448
422.73	421.788
422.953	389.24800000000005
423.175	370.168
423.398	371.528
423.621	370.798
423.843	377.598
424.066	377.278
424.288	371.488
424.511	384.488
424.733	407.298
424.956	431.598
425.178	405.198
425.401	414.488
425.623	407.958
425.846	363.938
426.068	358.418
426.291	353.618
426.513	353.81800000000004
426.735	356.988
426.958	380.468
427.18	422.558
427.402	502.28799999999995
427.625	552.678
427.847	501.828
428.069	479.768
428.292	386.128
428.514	347.208
428.736	332.868
428.958	329.81800000000004
429.181	321.368
429.403	322.458
429.625	327.25800000000004
429.847	346.63800000000003
430.069	373.658
430.292	347.628
430.514	322.118
430.736	322.058
430.958	314.81800000000004
431.18	311.768
431.402	312.488
431.624	314.758
431.846	315.67800000000005
432.068	316.99800000000005
432.29	321.278
432.512	318.808
432.734	321.99800000000005
432.956	320.628
433.178	330.63800000000003
433.4	332.168
433.622	324.57800000000003
433.844	324.458
434.066	323.418
434.287	327.32800000000003
434.509	335.868
434.731	343.42800000000005
434.953	346.948
435.175	351.768
435.397	358.42800000000005
435.618	358.158
435.84	381.518
436.062	429.738
436.284	420.988
436.505	360.75800000000004
436.727	349.018
436.949	333.308
437.17	321.81800000000004
437.392	318.938
437.614	331.728
437.835	357.848
438.057	409.048
438.278	426.83799999999997
438.5	414.688
438.721	463.078
438.943	401.208
439.165	342.868
439.386	335.83799999999997
439.608	342.378
439.829	354.63800000000003
440.05	391.58799999999997
440.272	424.968
440.493	357.06800000000004
440.715	335.83799999999997
440.936	332.57800000000003
441.158	335.418
441.379	340.478
441.6	357.108
441.822	366.768
442.043	384.738
442.264	423.378
442.486	409.148
442.707	364.898
442.928	372.238
443.149	406.918
443.371	414.718
443.592	414.038
443.813	456.85799999999995
444.034	447.728
444.255	391.958
444.476	380.408
444.698	388.358
444.919	390.238
445.14	427.978
445.361	414.348
445.582	412.948
445.803	461.58799999999997
446.024	483.058
446.245	465.918
446.466	408.438
446.687	349.00800000000004
446.908	333.548
447.129	319.228
447.35	314.478
447.571	320.768
447.792	314.49800000000005
448.013	320.688
448.234	336.56800000000004
448.455	360.778
448.675	417.06800000000004
448.896	438.58799999999997
449.117	366.668
449.338	377.988
449.559	455.08799999999997
449.779	463.328
450.0	349.67800000000005
450.221	318.408
450.442	311.468
450.662	312.718
450.883	325.278
451.104	339.038
451.324	314.238
451.545	303.548
451.766	296.488
451.986	290.698
452.207	292.938
452.428	294.208
452.648	300.32800000000003
452.869	312.358
453.089	316.298
453.31	322.618
453.53	297.648
453.751	293.598
453.971	305.858
454.192	317.778
454.412	292.778
454.633	285.38800000000003
454.853	284.488
455.073	284.768
455.294	302.398
455.514	332.788
455.734	303.438
455.955	277.88800000000003
456.175	274.348
456.395	272.958
456.616	270.788
456.836	272.338
457.056	271.688
457.276	268.798
457.497	276.868
457.717	275.058
457.937	282.548
458.157	283.688
458.377	289.418
458.598	320.368
458.818	387.148
459.038	430.368
459.258	383.478
459.478	330.728
459.698	320.018
459.918	323.788
460.138	329.598
460.358	337.598
460.578	342.92800000000005
460.798	345.948
461.018	345.268
461.238	338.368
461.458	335.848
461.678	334.618
461.898	342.648
462.118	342.57800000000003
462.338	355.948
462.558	361.768
462.777	372.308
462.997	398.188
463.217	417.328
463.437	408.658
463.657	382.808
463.876	376.418
464.096	379.968
464.316	380.32800000000003
464.536	383.82800000000003
464.755	375.038
464.975	382.028
465.195	449.33799999999997
465.414	447.608
465.634	350.56800000000004
465.854	327.148
466.073	317.718
466.293	310.31800000000004
466.512	303.228
466.732	300.598
466.951	303.31800000000004
467.171	304.808
467.391	314.238
467.61	328.298
467.829	349.88800000000003
468.049	462.288
468.268	548.978
468.488	353.048
468.707	308.298
468.927	299.668
469.146	297.598
469.365	298.038
469.585	298.728
469.804	313.088
470.023	320.018
470.243	318.128
470.462	327.08799999999997
470.681	342.418
470.901	318.938
471.12	312.258
471.339	314.148
471.558	317.478
471.777	329.408
471.997	380.218
472.216	670.508
472.435	1151.318
472.654	543.298
472.873	363.918
473.092	329.118
473.311	315.31800000000004
473.53	312.708
473.749	311.808
473.968	335.598
474.187	382.188
474.406	353.808
474.625	312.968
474.844	301.588
475.063	297.07800000000003
475.282	297.438
475.501	299.038
475.72	302.128
475.939	299.968
476.158	301.528
476.377	302.358
476.596	304.008
476.814	312.63800000000003
477.033	316.308
477.252	317.508
477.471	318.74800000000005
477.69	323.988
477.908	328.24800000000005
478.127	335.298
478.346	336.198
478.564	341.49800000000005
478.783	351.38800000000003
479.002	355.38800000000003
479.22	357.88800000000003
479.439	371.58799999999997
479.658	377.92800000000005
479.876	378.06800000000004
480.095	382.58799999999997
480.313	405.418
480.532	416.57800000000003
480.751	461.13800000000003
480.969	735.628
481.188	1829.868
481.406	1309.318
481.624	560.908
481.843	433.278
482.061	398.238
482.28	376.63800000000003
482.498	365.278
482.717	354.298
482.935	353.668
483.153	346.63800000000003
483.372	344.418
483.59	344.478
483.808	342.728
484.027	344.648
484.245	345.32800000000003
484.463	347.778
484.681	353.358
484.9	352.25800000000004
485.118	356.298
485.336	355.698
485.554	360.598
485.772	365.488
485.99	369.07800000000003
486.209	374.028
486.427	373.308
486.645	379.628
486.863	386.728
487.081	373.56800000000004
487.299	367.06800000000004
487.517	363.688
487.735	359.608
487.953	360.118
488.171	359.82800000000003
488.389	362.668
488.607	366.058
488.825	360.148
489.043	362.968
489.261	366.38800000000003
489.479	366.57800000000003
489.696	370.38800000000003
489.914	375.708
490.132	378.688
490.35	385.438
490.568	390.13800000000003
490.786	398.07800000000003
491.003	402.56800000000004
491.221	420.768
491.439	435.828
491.657	440.46799999999996
491.874	440.3179999999999
492.092	443.978
492.31	446.728
492.527	454.17799999999994
492.745	465.598
492.963	465.53799999999995
493.18	459.28799999999995
493.398	458.3179999999999
493.615	457.958
493.833	451.5679999999999
494.05	443.848
494.268	435.53799999999995
494.485	432.64799999999997
494.703	426.828
494.92	425.21799999999996
495.138	424.46799999999996
495.355	425.42799999999994
495.573	422.668
495.79	419.58799999999997
496.008	422.488
496.225	416.24799999999993
496.442	415.14799999999997
496.66	418.348
496.877	415.6379999999999
497.094	419.1379999999999
497.312	426.018
497.529	430.978
497.746	437.39799999999997
497.963	445.228
498.181	462.118
498.398	472.958
498.615	499.208
498.832	513.6179999999999
499.049	523.1479999999999
499.267	547.6179999999999
499.484	573.128
499.701	605.228
499.918	635.588
500.135	665.018
500.352	689.8879999999999
500.569	697.928
500.786	700.208
501.003	678.5579999999999
501.22	651.948
501.437	622.3679999999999
501.654	591.978
501.871	578.0079999999999
502.088	533.578
502.305	506.558
502.522	486.158
502.739	472.158
502.956	452.558
503.172	441.708
503.389	435.83799999999997
503.606	441.098
503.823	427.988
504.04	420.758
504.256	422.24799999999993
504.473	426.85799999999995
504.69	426.828
504.907	419.978
505.123	401.558
505.34	392.808
505.557	383.908
505.773	379.268
505.99	377.56800000000004
506.207	374.898
506.423	371.808
506.64	367.868
506.856	362.168
507.073	363.488
507.289	363.278
507.506	364.848
507.722	383.58799999999997
507.939	381.368
508.155	359.668
508.372	350.13800000000003
508.588	349.098
508.805	350.128
509.021	353.778
509.238	362.708
509.454	360.168
509.67	356.378
509.887	357.468
510.103	374.528
510.319	450.488
510.536	958.878
510.752	2488.688
510.968	874.7280000000001
511.184	395.768
511.401	362.308
511.617	360.74800000000005
511.833	375.768
512.049	376.028
512.265	362.99800000000005
512.481	351.468
512.698	344.908
512.914	340.968
513.13	337.08799999999997
513.346	335.378
513.562	336.788
513.778	338.07800000000003
513.994	340.708
514.21	350.468
514.426	373.738
514.642	401.38800000000003
514.858	397.098
515.074	448.668
515.29	773.018
515.506	1847.548
515.721	845.9480000000001
515.937	431.278
516.153	381.628
516.369	368.738
516.585	364.658
516.801	370.25800000000004
517.016	377.458
517.232	383.468
517.448	393.24800000000005
517.664	399.38800000000003
517.879	398.618
518.095	397.148
518.311	392.038
518.527	382.658
518.742	370.558
518.958	361.278
519.173	354.648
519.389	349.128
519.605	344.458
519.82	346.06800000000004
520.036	355.25800000000004
520.251	376.878
520.467	373.878
520.682	358.768
520.898	364.118
521.113	374.57800000000003
521.329	409.31800000000004
521.544	502.548
521.76	922.598
521.975	2867.6479999999997
522.19	1824.278
522.406	587.588
522.621	371.38800000000003
522.836	335.58799999999997
523.052	322.228
523.267	312.518
523.482	309.32800000000003
523.698	312.38800000000003
523.913	331.74800000000005
524.128	314.24800000000005
524.343	301.968
524.559	297.838
524.774	294.338
524.989	298.67800000000005
525.204	309.31800000000004
525.419	303.778
525.634	290.948
525.849	287.488
526.064	286.88800000000003
526.28	289.128
526.495	284.358
526.71	283.558
526.925	283.028
527.14	282.878
527.355	279.358
527.57	281.908
527.785	281.49800000000005
527.999	281.108
528.214	285.348
528.429	285.598
528.644	283.81800000000004
528.859	283.978
529.074	288.618
529.289	323.018
529.503	403.418
529.718	318.088
529.933	292.268
530.148	284.018
530.363	282.858
530.577	280.858
530.792	280.288
531.007	281.158
531.221	282.278
531.436	281.32800000000003
531.651	281.448
531.865	280.768
532.08	281.358
532.295	281.32800000000003
532.509	281.538
532.724	279.858
532.938	282.478
533.153	283.528
533.367	279.158
533.582	282.018
533.796	277.598
534.011	278.158
534.225	277.878
534.44	272.188
534.654	273.13800000000003
534.868	275.188
535.083	275.238
535.297	279.38800000000003
535.511	283.358
535.726	286.31800000000004
535.94	281.538
536.154	274.738
536.369	270.618
536.583	267.738
536.797	267.908
537.011	266.938
537.225	264.24800000000005
537.44	262.548
537.654	265.148
537.868	264.13800000000003
538.082	265.258
538.296	265.17800000000005
538.51	262.408
538.724	262.288
538.938	263.728
539.153	266.158
539.367	279.028
539.581	270.168
539.795	263.278
540.009	260.098
540.222	260.548
540.436	261.838
540.65	259.81800000000004
540.864	262.168
541.078	268.758
541.292	262.338
541.506	260.17800000000005
541.72	258.758
541.934	252.448
542.147	254.738
542.361	254.738
542.575	252.108
542.789	253.258
543.002	255.758
543.216	260.658
543.43	266.958
543.644	259.218
543.857	259.32800000000003
544.071	258.548
544.285	259.448
544.498	255.558
544.712	255.58800000000002
544.925	257.968
545.139	256.438
545.352	255.818
545.566	256.118
545.779	254.288
545.993	256.31800000000004
546.206	257.668
546.42	256.118
546.633	257.168
546.847	257.38800000000003
547.06	255.768
547.274	254.67800000000003
547.487	254.508
547.7	254.54800000000003
547.914	254.668
548.127	255.388
548.34	256.958
548.554	254.098
548.767	255.878
548.98	259.31800000000004
549.193	257.858
549.407	257.008
549.62	258.778
549.833	259.378
550.046	256.308
550.259	254.478
550.473	252.228
550.686	253.67800000000003
550.899	252.018
551.112	253.108
551.325	248.818
551.538	252.628
551.751	253.328
551.964	254.42800000000003
552.177	258.598
552.39	256.298
552.603	259.49800000000005
552.816	264.31800000000004
553.029	268.82800000000003
553.242	270.718
553.455	280.028
553.667	287.88800000000003
553.88	283.24800000000005
554.093	271.798
554.306	271.048
554.519	267.758
554.732	258.028
554.944	252.588
555.157	250.228
555.37	247.70800000000003
555.583	247.018
555.795	247.898
556.008	240.06799999999998
556.221	238.418
556.433	237.38799999999998
556.646	237.268
556.859	233.788
557.071	232.95800000000003
557.284	231.27800000000002
557.496	229.38799999999998
557.709	226.488
557.921	229.898
558.134	227.848
558.346	226.168
558.559	224.098
558.771	224.078
558.984	225.338
559.196	226.148
559.409	221.61800000000002
559.621	223.508
559.833	222.238
560.046	223.108
560.258	227.248
560.47	233.678
560.683	226.518
560.895	220.198
561.107	222.988
561.32	222.248
561.532	222.378
561.744	221.70800000000003
561.956	222.008
562.168	224.008
562.381	223.558
562.593	224.408
562.805	225.31799999999998
563.017	223.248
563.229	225.31799999999998
563.441	225.008
563.653	224.158
563.865	226.11800000000002
564.077	224.168
564.289	226.348
564.501	230.678
564.713	235.56799999999998
564.925	242.088
565.137	250.508
565.349	243.838
565.561	245.06799999999998
565.773	251.878
565.985	257.518
566.197	266.42800000000005
566.408	276.57800000000003
566.62	287.988
566.832	299.468
567.044	301.88800000000003
567.255	302.788
567.467	309.618
567.679	319.448
567.891	333.028
568.102	332.848
568.314	317.208
568.526	297.42800000000005
568.737	282.128
568.949	268.018
569.161	254.518
569.372	243.95800000000003
569.584	239.178
569.795	238.95800000000003
570.007	253.398
570.218	370.83799999999997
570.43	266.898
570.641	224.79800000000003
570.853	221.988
571.064	222.328
571.276	222.79800000000003
571.487	216.43800000000002
571.698	213.27800000000002
571.91	208.77800000000002
572.121	207.13799999999998
572.333	205.678
572.544	199.608
572.755	200.178
572.966	198.63799999999998
573.178	198.328
573.389	199.398
573.6	195.558
573.811	194.61800000000002
574.023	194.088
574.234	193.668
574.445	193.258
574.656	192.988
574.867	193.628
575.078	192.808
575.289	193.408
575.501	192.20800000000003
575.712	188.77800000000002
575.923	187.13799999999998
576.134	188.038
576.345	186.70800000000003
576.556	190.72799999999998
576.767	189.348
576.978	188.768
577.188	189.598
577.399	187.88799999999998
577.61	187.36800000000002
577.821	191.998
578.032	205.988
578.243	349.048
578.454	797.128
578.665	296.068
578.875	194.448
579.086	181.788
579.297	179.968
579.508	178.13799999999998
579.718	179.518
579.929	178.038
580.14	175.968
580.35	174.918
580.561	176.758
580.772	175.79800000000003
580.982	175.338
581.193	171.668
581.403	173.448
581.614	172.768
581.825	172.72799999999998
582.035	172.628
582.246	172.918
582.456	171.95800000000003
582.667	173.418
582.877	172.268
583.087	170.22799999999998
583.298	172.518
583.508	172.748
583.719	172.078
583.929	172.468
584.139	170.20800000000003
584.35	168.47799999999998
584.56	171.608
584.77	170.18800000000002
584.981	169.658
585.191	172.218
585.401	170.238
585.611	169.168
585.821	170.47799999999998
586.032	168.77800000000002
586.242	167.43800000000002
586.452	168.948
586.662	166.948
586.872	165.328
587.082	166.508
587.292	165.988
587.502	166.18800000000002
587.713	165.378
587.923	167.128
588.133	167.128
588.343	167.238
588.553	167.128
588.762	171.828
588.972	182.788
589.182	256.028
589.392	202.56799999999998
589.602	188.658
589.812	222.538
590.022	183.54800000000003
590.232	168.468
590.441	167.77800000000002
590.651	167.898
590.861	166.698
591.071	169.148
591.281	170.198
591.49	170.468
591.7	171.158
591.91	176.61800000000002
592.119	175.038
592.329	180.63799999999998
592.539	185.308
592.748	183.998
592.958	184.238
593.167	186.468
593.377	187.86800000000002
593.587	194.52800000000002
593.796	189.45800000000003
594.006	189.158
594.215	190.408
594.424	187.81799999999998
594.634	185.178
594.843	180.518
595.053	178.178
595.262	175.948
595.472	172.988
595.681	170.47799999999998
595.89	167.268
596.1	165.808
596.309	164.11800000000002
596.518	162.948
596.727	163.328
596.937	161.628
597.146	160.138
597.355	160.74800000000002
597.564	157.84799999999998
597.774	157.608
597.983	156.33800000000002
598.192	154.178
598.401	154.068
598.61	153.278
598.819	154.918
599.028	153.49800000000002
599.237	153.298
599.446	152.888
599.655	154.33800000000002
599.864	153.788
600.073	152.218
600.282	154.768
600.491	152.59799999999998
600.7	153.08800000000002
600.909	152.83800000000002
601.118	154.518
601.327	152.83800000000002
601.536	151.428
601.745	152.798
601.953	153.028
602.162	151.438
602.371	150.65800000000002
602.58	148.038
602.789	151.258
602.997	147.438
603.206	149.858
603.415	149.798
603.623	147.33800000000002
603.832	147.478
604.041	147.628
604.249	145.198
604.458	145.568
604.666	144.818
604.875	146.138
605.084	144.358
605.292	146.378
605.501	145.628
605.709	145.008
605.918	145.648
606.126	145.738
606.334	144.09799999999998
606.543	146.178
606.751	145.59799999999998
606.96	144.898
607.168	146.118
607.376	145.038
607.585	145.738
607.793	145.24800000000002
608.001	145.138
608.21	143.818
608.418	144.108
608.626	142.898
608.834	143.368
609.043	142.958
609.251	143.378
609.459	142.15800000000002
609.667	144.288
609.875	142.018
610.083	141.428
610.291	144.268
610.499	143.468
610.707	142.048
610.916	144.33800000000002
611.124	144.138
611.332	141.608
611.54	142.528
611.748	143.678
611.955	141.458
612.163	142.188
612.371	141.378
612.579	139.558
612.787	143.038
612.995	142.728
613.203	142.90800000000002
613.411	140.298
613.618	139.868
613.826	138.168
614.034	138.858
614.242	138.638
614.449	138.808
614.657	139.418
614.865	141.138
615.072	140.208
615.28	141.198
615.488	140.99800000000002
615.695	143.938
615.903	148.33800000000002
616.111	150.018
616.318	150.768
616.526	146.368
616.733	147.298
616.941	143.108
617.148	143.118
617.356	141.08800000000002
617.563	138.828
617.771	140.078
617.978	138.028
618.185	139.958
618.393	138.188
618.6	137.83800000000002
618.807	137.888
619.015	135.298
619.222	135.828
619.429	135.618
619.637	138.49800000000002
619.844	134.888
620.051	136.198
620.258	134.358
620.466	132.33800000000002
620.673	131.59799999999998
620.88	131.278
621.087	131.578
621.294	133.818
621.501	132.668
621.708	135.728
621.915	135.228
622.122	133.068
622.329	132.428
622.536	133.83800000000002
622.743	130.918
622.95	129.228
623.157	129.778
623.364	130.08800000000002
623.571	129.558
623.778	129.24800000000002
623.985	129.618
624.192	128.818
624.399	128.718
624.606	130.138
624.812	128.418
625.019	128.528
625.226	125.678
625.433	129.33800000000002
625.639	129.258
625.846	128.028
626.053	127.51799999999999
626.259	128.308
626.466	127.97800000000001
626.673	125.988
626.879	125.658
627.086	129.118
627.293	126.52799999999999
627.499	123.568
627.706	126.178
627.912	125.128
628.119	123.308
628.325	126.348
628.532	124.558
628.738	124.428
628.945	125.26799999999999
629.151	124.298
629.357	121.47800000000001
629.564	123.658
629.77	122.25800000000001
629.976	121.098
630.183	121.50800000000001
630.389	121.598
630.595	120.488
630.802	121.488
631.008	120.848
631.214	120.988
631.42	122.788
631.627	124.398
631.833	120.068
632.039	118.288
632.245	120.448
632.451	120.35799999999999
632.657	119.488
632.863	118.838
633.069	118.988
633.275	119.658
633.481	118.678
633.688	119.888
633.893	119.43799999999999
634.099	118.318
634.305	118.748
634.511	119.76799999999999
634.717	119.01799999999999
634.923	118.038
635.129	118.068
635.335	119.198
635.541	120.158
635.747	122.868
635.952	122.818
636.158	133.328
636.364	205.988
636.57	187.848
636.775	136.49800000000002
636.981	126.068
637.187	123.00800000000001
637.392	120.698
637.598	120.208
637.804	119.888
638.009	118.66799999999999
638.215	118.01799999999999
638.421	116.558
638.626	116.658
638.832	115.10799999999999
639.037	115.97800000000001
639.243	113.848
639.448	113.35799999999999
639.654	116.488
639.859	112.60799999999999
640.065	113.52799999999999
640.27	117.738
640.475	114.318
640.681	113.93799999999999
640.886	114.538
641.091	111.16799999999999
641.297	116.41799999999999
641.502	112.628
641.707	116.378
641.913	114.678
642.118	112.648
642.323	112.738
642.528	113.43799999999999
642.733	113.468
642.939	113.128
643.144	112.238
643.349	111.998
643.554	113.798
643.759	112.93799999999999
643.964	108.498
644.169	112.628
644.374	111.198
644.579	111.738
644.784	112.868
644.989	110.538
645.194	110.718
645.399	113.128
645.604	110.508
645.809	113.908
646.014	112.738
646.219	112.388
646.423	110.47800000000001
646.628	111.138
646.833	113.148
647.038	113.178
647.243	113.748
647.447	114.248
647.652	113.93799999999999
647.857	112.988
648.062	114.678
648.266	116.658
648.471	119.60799999999999
648.676	120.908
648.88	119.16799999999999
649.085	119.298
649.289	117.318
649.494	130.738
649.698	161.178
649.903	129.168
650.107	115.548
650.312	113.158
650.516	108.008
650.721	109.41799999999999
650.925	107.958
651.13	105.198
651.334	104.428
651.539	105.208
651.743	103.648
651.947	104.588
652.152	102.878
652.356	104.048
652.56	104.068
652.764	101.288
652.969	101.908
653.173	101.41799999999999
653.377	100.908
653.581	97.968
653.785	99.908
653.99	100.558
654.194	100.18799999999999
654.398	100.628
654.602	100.698
654.806	106.538
655.01	120.388
655.214	105.748
655.418	99.648
655.622	100.168
655.826	101.168
656.03	102.968
656.234	106.348
656.438	113.68799999999999
656.642	112.928
656.846	104.668
657.049	99.058
657.253	97.348
657.457	95.288
657.661	93.218
657.865	92.648
658.068	90.47800000000001
658.272	91.078
658.476	90.198
658.68	88.468
658.883	88.448
659.087	87.618
659.291	88.578
659.494	88.098
659.698	86.488
659.901	86.738
660.105	86.878
660.309	84.77799999999999
660.512	84.948
660.716	86.628
660.919	85.878
661.123	87.248
661.326	86.238
661.53	84.02799999999999
661.733	84.098
661.936	83.148
662.14	83.958
662.343	82.798
662.546	82.878
662.75	84.178
662.953	84.26799999999999
663.156	83.348
663.36	80.948
663.563	82.628
663.766	80.648
663.969	82.68799999999999
664.173	82.468
664.376	81.47800000000001
664.579	80.498
664.782	82.288
664.985	82.77799999999999
665.188	81.678
665.391	80.608
665.594	81.748
665.797	81.018
666.0	80.738
666.203	80.198
666.406	80.078
666.609	81.798
666.812	83.378
667.015	82.048
667.218	82.618
667.421	81.018
667.624	81.058
667.827	82.908
668.03	81.048
668.232	80.878
668.435	81.028
668.638	80.798
668.841	82.538
669.043	80.448
669.246	81.108
669.449	81.378
669.651	80.72800000000001
669.854	80.948
670.057	82.148
670.259	80.718
670.462	80.798
670.665	80.738
670.867	82.158
671.07	83.038
671.272	83.118
671.475	82.908
671.677	80.158
671.88	82.378
672.082	81.368
672.284	81.958
672.487	81.77799999999999
672.689	80.148
672.892	81.368
