223.165	-16.9854
223.4	-16.9854
223.635	-16.9854
223.869	-18.395400000000002
224.104	-18.145400000000002
224.338	-15.9254
224.573	-14.2654
224.808	-13.2354
225.042	-8.0054
225.277	-5.415400000000001
225.511	-2.0954
225.746	2.8146
225.98	7.224600000000001
226.215	11.9646
226.449	17.0446
226.683	18.5946
226.918	24.9546
227.152	29.8746
227.387	34.6546
227.621	37.5246
227.856	45.1546
228.09	46.2746
228.324	51.0846
228.559	55.724599999999995
228.793	61.8246
229.027	77.3946
229.262	81.6346
229.496	88.2646
229.73	101.9246
229.964	102.64460000000001
230.199	89.5446
230.433	89.22460000000001
230.667	89.9146
230.901	90.1946
231.136	90.4546
231.37	91.39460000000001
231.604	92.31460000000001
231.838	92.56460000000001
232.072	94.24459999999999
232.306	95.35459999999999
232.541	95.85459999999999
232.775	94.56460000000001
233.009	94.30460000000001
233.243	94.35459999999999
233.477	95.6146
233.711	94.5046
233.945	95.0446
234.179	95.0346
234.413	96.6946
234.647	96.81460000000001
234.881	94.9846
235.115	95.06460000000001
235.349	94.7046
235.583	96.4946
235.817	97.0946
236.051	98.9846
236.285	96.9646
236.519	96.4346
236.753	99.4846
236.987	107.14460000000001
237.221	123.81459999999998
237.455	126.72460000000001
237.689	106.3646
237.922	101.5946
238.156	99.47460000000001
238.39	96.7046
238.624	95.35459999999999
238.858	97.7046
239.091	97.2846
239.325	98.97460000000001
239.559	99.35459999999999
239.793	99.7146
240.027	101.7846
240.26	104.8846
240.494	106.8346
240.728	107.2146
240.961	105.4046
241.195	105.1646
241.429	103.5946
241.662	101.3246
241.896	100.1146
242.13	99.99459999999999
242.363	102.1946
242.597	104.5046
242.83	105.47460000000001
243.064	105.1546
243.298	106.0446
243.531	105.99459999999999
243.765	104.6646
243.998	106.1146
244.232	107.49459999999999
244.465	111.02459999999999
244.699	108.9446
244.932	106.4346
245.166	106.77459999999999
245.399	107.60459999999999
245.633	108.7146
245.866	108.5146
246.099	109.2146
246.333	109.8646
246.566	110.7946
246.8	111.6346
247.033	111.6346
247.266	113.7146
247.5	114.4446
247.733	117.73459999999999
247.966	118.6846
248.2	118.3846
248.433	117.9146
248.666	121.7646
248.899	125.5146
249.133	130.4846
249.366	137.9946
249.599	132.1846
249.832	122.1346
250.066	122.73459999999999
250.299	123.6846
250.532	126.4146
250.765	132.75459999999998
250.998	137.2146
251.231	136.3846
251.465	129.8646
251.698	127.8646
251.931	126.9146
252.164	128.2646
252.397	128.0546
252.63	129.2146
252.863	132.1746
253.096	137.16459999999998
253.329	140.8346
253.562	135.09459999999999
253.795	134.8246
254.028	136.2146
254.261	137.4246
254.494	141.9846
254.727	154.87460000000002
254.96	156.6446
255.193	147.8046
255.426	140.1346
255.659	138.1346
255.892	140.5446
256.124	139.7246
256.357	138.56459999999998
256.59	137.4646
256.823	133.1046
257.056	132.6946
257.289	134.5446
257.521	134.0246
257.754	133.66459999999998
257.987	132.4046
258.22	133.8246
258.452	133.6046
258.685	135.3046
258.918	134.91459999999998
259.151	135.9846
259.383	139.1746
259.616	140.3046
259.849	143.7746
260.081	146.9246
260.314	153.1146
260.547	151.1546
260.779	145.7746
261.012	142.91459999999998
261.244	142.8246
261.477	144.81459999999998
261.71	146.0346
261.942	156.3546
262.175	158.4446
262.407	145.7246
262.64	140.5446
262.872	138.87460000000002
263.105	139.0846
263.337	141.3646
263.57	141.6546
263.802	142.8046
264.035	141.2046
264.267	140.34459999999999
264.499	141.41459999999998
264.732	142.5346
264.964	142.4546
265.197	141.7446
265.429	141.8946
265.661	143.2346
265.894	144.09459999999999
266.126	144.2146
266.358	146.1346
266.591	146.34459999999999
266.823	148.56459999999998
267.055	148.1546
267.287	148.12460000000002
267.52	147.50459999999998
267.752	148.34459999999999
267.984	149.4946
268.216	149.1546
268.448	154.6546
268.681	153.1346
268.913	157.66459999999998
269.145	163.99460000000002
269.377	165.8246
269.609	162.58460000000002
269.841	162.5546
270.073	164.90460000000002
270.306	174.41459999999998
270.538	181.7046
270.77	180.2146
271.002	176.0346
271.234	170.2046
271.466	174.7146
271.698	180.65460000000002
271.93	179.1446
272.162	179.1746
272.394	177.9246
272.626	171.5646
272.858	164.6246
273.09	163.75459999999998
273.322	163.83460000000002
273.553	160.5246
273.785	162.1846
274.017	161.1746
274.249	164.0546
274.481	165.5346
274.713	163.41459999999998
274.945	166.40460000000002
275.176	165.4546
275.408	163.7746
275.64	164.1046
275.872	165.59459999999999
276.104	167.9546
276.335	167.9246
276.567	176.2646
276.799	184.7946
277.031	188.16459999999998
277.262	190.33460000000002
277.494	184.2846
277.726	177.6146
277.957	173.4346
278.189	170.65460000000002
278.421	169.8746
278.652	169.25459999999998
278.884	168.6846
279.115	169.3046
279.347	169.1146
279.579	170.4446
279.81	169.66459999999998
280.042	170.65460000000002
280.273	172.1146
280.505	170.4746
280.736	172.34459999999999
280.968	171.3846
281.199	173.7846
281.431	172.6046
281.662	173.16459999999998
281.894	175.0246
282.125	180.0646
282.356	196.6046
282.588	212.84459999999999
282.819	194.9446
283.051	179.4846
283.282	175.7646
283.513	182.9846
283.745	184.6246
283.976	191.6846
284.207	196.7146
284.439	186.90460000000002
284.67	183.2246
284.901	181.58460000000002
285.132	180.50459999999998
285.364	178.1746
285.595	181.2946
285.826	181.1046
286.057	185.9246
286.288	188.4646
286.52	193.16459999999998
286.751	185.08460000000002
286.982	184.6046
287.213	184.4246
287.444	184.49460000000002
287.675	188.0346
287.906	192.3846
288.138	191.1446
288.369	191.6146
288.6	193.1046
288.831	189.4446
289.062	189.4746
289.293	187.4846
289.524	188.0146
289.755	186.9846
289.986	188.0246
290.217	186.7146
290.448	187.5346
290.679	188.1346
290.91	189.5546
291.141	186.3246
291.371	189.3246
291.602	189.59459999999999
291.833	186.66459999999998
292.064	187.4346
292.295	189.3046
292.526	189.6846
292.757	190.8246
292.987	188.74460000000002
293.218	186.6346
293.449	189.6746
293.68	190.50459999999998
293.91	188.9846
294.141	190.41459999999998
294.372	190.00459999999998
294.603	190.8746
294.833	189.7346
295.064	190.84459999999999
295.295	190.7846
295.525	192.5346
295.756	201.6446
295.987	210.41459999999998
296.217	229.4246
296.448	218.5346
296.679	197.74460000000002
296.909	196.1846
297.14	194.5746
297.37	197.7746
297.601	196.75459999999998
297.831	197.7846
298.062	198.6746
298.292	197.3946
298.523	202.59459999999999
298.753	202.24460000000002
298.984	198.5446
299.214	197.50459999999998
299.445	201.6746
299.675	202.4246
299.905	204.7246
300.136	202.8646
300.366	202.0246
300.597	205.8646
300.827	213.8246
301.057	223.9446
301.288	220.8846
301.518	212.5446
301.748	209.1946
301.979	219.15460000000002
302.209	212.1146
302.439	211.58460000000002
302.669	209.3146
302.9	210.2946
303.13	213.58460000000002
303.36	223.09459999999999
303.59	231.9346
303.82	224.9246
304.051	214.65460000000002
304.281	211.83460000000002
304.511	209.6346
304.741	205.5146
304.971	205.8946
305.201	207.9546
305.431	207.4246
305.661	208.4846
305.891	206.6746
306.121	210.7146
306.352	216.09459999999999
306.582	213.84459999999999
306.812	208.3146
307.042	207.5546
307.272	209.1046
307.502	211.08460000000002
307.731	210.2946
307.961	207.74460000000002
308.191	208.5246
308.421	208.25459999999998
308.651	210.8546
308.881	209.0146
309.111	212.0146
309.341	213.0246
309.571	217.3046
309.8	219.1046
310.03	220.6246
310.26	221.0746
310.49	220.9446
310.72	224.9346
310.949	230.6746
311.179	229.6346
311.409	220.08460000000002
311.639	220.91459999999998
311.868	223.3846
312.098	224.3046
312.328	227.5446
312.557	234.08460000000002
312.787	237.2946
313.017	233.5546
313.246	227.6846
313.476	223.9346
313.706	227.9746
313.935	231.4346
314.165	235.3546
314.394	235.2146
314.624	234.3246
314.853	229.83460000000002
315.083	228.1946
315.312	227.9446
315.542	224.99460000000002
315.771	223.4646
316.001	223.83460000000002
316.23	222.6746
316.46	222.1146
316.689	227.2846
316.919	229.1946
317.148	237.3946
317.377	247.09459999999999
317.607	254.2946
317.836	241.25459999999998
318.065	224.34459999999999
318.295	222.7346
318.524	223.9546
318.753	222.08460000000002
318.983	225.33460000000002
319.212	227.5446
319.441	233.59459999999999
319.67	232.9746
319.9	225.8646
320.129	225.0446
320.358	225.6346
320.587	229.4446
320.816	231.74460000000002
321.046	233.2246
321.275	232.2046
321.504	231.3246
321.733	233.5746
321.962	234.74460000000002
322.191	242.4346
322.42	245.2346
322.649	251.8746
322.878	255.65460000000002
323.108	261.26460000000003
323.337	271.5946
323.566	285.1746
323.795	310.4246
324.024	370.2246
324.253	568.1046
324.482	1019.0845999999999
324.71	1864.5146000000002
324.939	2333.9946
325.168	1048.7946
325.397	430.9246
325.626	321.03459999999995
325.855	297.6546
326.084	301.3346
326.313	317.8446
326.542	331.71459999999996
326.77	398.76460000000003
326.999	624.1346
327.228	1108.5246
327.457	1860.3945999999999
327.686	1550.1546
327.914	554.2646
328.143	366.5646
328.372	324.46459999999996
328.6	300.9346
328.829	292.3646
329.058	300.6046
329.287	298.4346
329.515	280.78459999999995
329.744	274.5846
329.972	277.7546
330.201	289.1246
330.43	306.8746
330.658	305.14459999999997
330.887	317.3646
331.115	297.4346
331.344	276.1646
331.572	273.8246
331.801	277.6346
332.03	279.8246
332.258	276.1246
332.486	275.0646
332.715	278.4946
332.943	286.21459999999996
333.172	294.8046
333.4	300.5446
333.629	306.5646
333.857	313.7046
334.085	313.0546
334.314	317.2746
334.542	329.45459999999997
334.771	325.1146
334.999	296.6046
335.227	290.9246
335.455	284.6746
335.684	283.2746
335.912	282.4746
336.14	280.01460000000003
336.369	278.2446
336.597	279.8546
336.825	276.4346
337.053	269.5246
337.281	267.2746
337.51	265.8546
337.738	265.8346
337.966	262.5946
338.194	264.7446
338.422	261.3646
338.65	256.9746
338.878	257.1046
339.106	253.3846
339.334	255.7746
339.562	252.90460000000002
339.79	250.19459999999998
340.018	251.6746
340.246	251.1746
340.474	253.3946
340.702	251.8746
340.93	251.85459999999998
341.158	250.0546
341.386	252.16459999999998
341.614	253.15460000000002
341.842	250.9646
342.07	249.1346
342.298	249.66459999999998
342.526	246.3846
342.754	244.3946
342.981	248.41459999999998
343.209	252.8046
343.437	268.9446
343.665	270.4746
343.893	282.51460000000003
344.12	283.53459999999995
344.348	274.6546
344.576	265.4346
344.804	261.7046
345.031	260.1546
345.259	260.76460000000003
345.487	254.9646
345.714	251.90460000000002
345.942	247.74460000000002
346.17	248.09459999999999
346.397	242.7646
346.625	243.1846
346.853	244.1846
347.08	242.1046
347.308	247.2846
347.535	250.7346
347.763	251.7746
347.99	251.5546
348.218	251.5446
348.445	256.3346
348.673	247.7246
348.9	244.74460000000002
349.128	243.8946
349.355	240.6346
349.583	241.84459999999999
349.81	240.8646
350.037	240.66459999999998
350.265	241.4446
350.492	243.2746
350.72	242.1246
350.947	246.4446
351.174	253.1446
351.402	255.5346
351.629	247.8046
351.856	247.34459999999999
352.083	251.00459999999998
352.311	254.4646
352.538	254.34459999999999
352.765	254.16459999999998
352.992	256.8146
353.22	252.5546
353.447	247.5346
353.674	246.0546
353.901	243.74460000000002
354.128	241.6246
354.355	240.7646
354.583	243.4346
354.81	241.6346
355.037	242.4746
355.264	240.8946
355.491	238.0346
355.718	237.7946
355.945	239.16459999999998
356.172	241.1846
356.399	240.8646
356.626	239.49460000000002
356.853	239.00459999999998
357.08	237.75459999999998
357.307	238.4446
357.534	237.41459999999998
357.761	237.5646
357.988	241.5446
358.215	239.7346
358.441	237.3646
358.668	237.3246
358.895	238.3746
359.122	239.5646
359.349	241.09459999999999
359.576	246.0446
359.802	254.28459999999998
360.029	263.6246
360.256	260.7746
360.483	252.2746
360.709	244.41459999999998
360.936	246.5546
361.163	244.1746
361.39	244.25459999999998
361.616	245.5546
361.843	242.3846
362.07	244.8946
362.296	245.6246
362.523	241.0246
362.749	241.0246
362.976	239.66459999999998
363.203	241.0546
363.429	236.7946
363.656	239.9446
363.882	237.9646
364.109	238.0546
364.335	238.4546
364.562	237.24460000000002
364.788	237.3746
365.015	238.5446
365.241	240.8146
365.468	247.7746
365.694	248.1046
365.92	242.24460000000002
366.147	237.8646
366.373	236.2646
366.599	236.9646
366.826	235.5646
367.052	235.41459999999998
367.278	237.2646
367.505	239.1946
367.731	242.8846
367.957	240.3746
368.184	241.1846
368.41	247.41459999999998
368.636	257.1546
368.862	261.9946
369.089	252.8946
369.315	244.3246
369.541	242.6046
369.767	243.0146
369.993	242.1746
370.219	243.6746
370.445	243.0146
370.672	244.8246
370.898	244.41459999999998
371.124	247.2046
371.35	248.49460000000002
371.576	246.75459999999998
371.802	246.3746
372.028	246.2746
372.254	249.8546
372.48	249.2146
372.706	252.5146
372.932	253.2346
373.158	251.6746
373.384	252.2346
373.61	251.5746
373.835	250.3746
374.061	250.2146
374.287	255.19459999999998
374.513	256.53459999999995
374.739	260.96459999999996
374.965	264.9046
375.191	265.8446
375.416	263.1846
375.642	257.6046
375.868	259.53459999999995
376.094	255.85459999999998
376.319	251.91459999999998
376.545	251.05460000000002
376.771	251.6846
376.997	251.0146
377.222	250.42459999999997
377.448	250.00459999999998
377.674	249.1746
377.899	248.7346
378.125	248.1246
378.35	250.1446
378.576	247.5646
378.802	248.03459999999998
379.027	250.7946
379.253	251.50459999999998
379.478	249.16459999999998
379.704	248.9546
379.929	257.83459999999997
380.155	261.2246
380.38	259.1846
380.606	254.58460000000002
380.831	252.9546
381.057	258.1846
381.282	255.6146
381.507	254.49460000000002
381.733	258.8846
381.958	257.9746
382.184	261.3446
382.409	265.46459999999996
382.634	268.5246
382.86	266.8646
383.085	271.64459999999997
383.31	273.0546
383.535	275.9046
383.761	276.4546
383.986	278.2546
384.211	279.96459999999996
384.436	283.1746
384.662	287.4546
384.887	291.5746
385.112	293.1946
385.337	296.0846
385.562	295.5546
385.787	296.4546
386.013	302.0846
386.238	306.3546
386.463	298.21459999999996
386.688	304.2046
386.913	293.9946
387.138	296.9246
387.363	291.8046
387.588	288.0546
387.813	294.8146
388.038	295.4846
388.263	301.7446
388.488	297.9246
388.713	289.4846
388.938	286.21459999999996
389.163	286.6346
389.387	286.9446
389.612	281.1346
389.837	281.5846
390.062	281.2246
390.287	282.0246
390.512	281.9546
390.736	283.9346
390.961	287.01460000000003
391.186	292.21459999999996
391.411	299.8346
391.636	300.0646
391.86	303.14459999999997
392.085	306.3246
392.31	297.46459999999996
392.534	296.1046
392.759	293.14459999999997
392.984	287.6346
393.208	286.7946
393.433	288.0646
393.658	284.8346
393.882	283.6046
394.107	289.5646
394.331	288.96459999999996
394.556	288.4846
394.78	293.26460000000003
395.005	294.7346
395.229	294.5046
395.454	300.1146
395.678	303.21459999999996
395.903	304.8146
396.127	307.8146
396.352	297.0646
396.576	291.3146
396.801	288.21459999999996
397.025	294.4246
397.249	300.5046
397.474	302.3546
397.698	305.21459999999996
397.922	308.5646
398.147	310.6146
398.371	315.46459999999996
398.595	320.2446
398.82	331.20459999999997
399.044	355.6646
399.268	385.1546
399.492	425.9046
399.717	449.7246
399.941	440.30460000000005
400.165	419.19460000000004
400.389	390.21459999999996
400.613	359.9046
400.837	341.9146
401.062	335.78459999999995
401.286	333.20459999999997
401.51	330.9046
401.734	332.0646
401.958	340.7246
402.182	359.53459999999995
402.406	383.05460000000005
402.63	362.6046
402.854	351.5046
403.078	353.2446
403.302	355.6046
403.526	363.9746
403.75	364.95459999999997
403.974	366.1546
404.198	366.20459999999997
404.422	367.9246
404.645	366.27459999999996
404.869	365.77459999999996
405.093	376.5946
405.317	386.94460000000004
405.541	387.2446
405.765	371.3246
405.988	374.8146
406.212	414.6846
406.436	448.6146
406.66	405.5846
406.883	382.1146
407.107	401.3646
407.331	423.4246
407.555	441.4846
407.778	428.05460000000005
408.002	398.0946
408.226	382.7946
408.449	376.14459999999997
408.673	374.94460000000004
408.896	383.14459999999997
409.12	386.39459999999997
409.344	369.8846
409.567	356.3546
409.791	357.2546
410.014	357.37460000000004
410.238	353.30460000000005
410.461	354.28459999999995
410.685	354.8246
410.908	361.62460000000004
411.132	373.2346
411.355	369.80460000000005
411.578	350.95459999999997
411.802	342.95459999999997
412.025	342.0946
412.249	350.03459999999995
412.472	355.52459999999996
412.695	359.9846
412.919	341.26460000000003
413.142	334.37460000000004
413.365	331.1746
413.589	332.8546
413.812	328.4246
414.035	327.3146
414.258	327.3546
414.482	328.5846
414.705	330.30460000000005
414.928	330.1546
415.151	330.5446
415.374	332.0946
415.597	327.1646
415.821	323.2046
416.044	322.9746
416.267	323.6846
416.49	320.2346
416.713	320.5746
416.936	324.3746
417.159	322.0846
417.382	324.5746
417.605	326.9846
417.828	332.4046
418.051	337.6046
418.274	333.44460000000004
418.497	326.0746
418.72	332.1046
418.943	328.80460000000005
419.166	347.3346
419.389	361.4246
419.611	354.8346
419.834	346.9246
420.057	343.69460000000004
420.28	337.1846
420.503	329.9946
420.726	330.9946
420.948	335.87460000000004
421.171	349.78459999999995
421.394	352.0946
421.617	333.3546
421.839	331.26460000000003
422.062	335.77459999999996
422.285	344.3246
422.507	371.20459999999997
422.73	389.6646
422.953	364.45459999999997
423.175	348.3246
423.398	351.20459999999997
423.621	351.89459999999997
423.843	358.0946
424.066	353.46459999999996
424.288	350.95459999999997
424.511	361.27459999999996
424.733	380.44460000000004
424.956	398.7346
425.178	379.8546
425.401	385.8646
425.623	377.5646
425.846	340.6846
426.068	336.0046
426.291	332.0746
426.513	330.80460000000005
426.735	333.89459999999997
426.958	353.7946
427.18	384.9046
427.402	447.8546
427.625	463.64459999999997
427.847	393.6646
428.069	358.76460000000003
428.292	327.1546
428.514	310.2046
428.736	307.7546
428.958	305.7046
429.181	301.7346
429.403	300.9846
429.625	308.3546
429.847	320.8046
430.069	343.52459999999996
430.292	324.6846
430.514	301.0546
430.736	299.39459999999997
430.958	299.3846
431.18	295.9946
431.402	294.89459999999997
431.624	296.53459999999995
431.846	298.9746
432.068	299.3346
432.29	305.1546
432.512	302.6746
432.734	305.03459999999995
432.956	301.6746
433.178	311.0446
433.4	309.3546
433.622	301.4846
433.844	303.6046
434.066	304.8246
434.287	306.1646
434.509	316.9746
434.731	324.9946
434.953	328.19460000000004
435.175	333.70459999999997
435.397	337.7346
435.618	336.30460000000005
435.84	353.1046
436.062	395.44460000000004
436.284	388.80460000000005
436.505	336.7446
436.727	326.76460000000003
436.949	309.7046
437.17	304.5846
437.392	300.1046
437.614	308.6946
437.835	327.8846
438.057	368.8546
438.278	388.3146
438.5	384.2946
438.721	424.01460000000003
438.943	373.01460000000003
439.165	323.21459999999996
439.386	318.5846
439.608	320.5446
439.829	324.1746
440.05	347.8246
440.272	376.46459999999996
440.493	329.9146
440.715	311.9446
440.936	309.89459999999997
441.158	316.03459999999995
441.379	318.4746
441.6	335.7246
441.822	343.14459999999997
442.043	358.8246
442.264	389.8546
442.486	377.95459999999997
442.707	343.5746
442.928	344.80460000000005
443.149	364.8646
443.371	372.8546
443.592	382.87460000000004
443.813	418.89459999999997
444.034	417.80460000000005
444.255	367.1546
444.476	363.6346
444.698	370.5446
444.919	371.9846
445.14	404.69460000000004
445.361	380.9946
445.582	376.96459999999996
445.803	404.4146
446.024	426.19460000000004
446.245	415.5746
446.466	372.0946
446.687	329.69460000000004
446.908	314.5446
447.129	302.4546
447.35	297.5646
447.571	297.71459999999996
447.792	293.4746
448.013	299.64459999999997
448.234	314.1646
448.455	331.26460000000003
448.675	382.2346
448.896	398.8246
449.117	340.44460000000004
449.338	349.46459999999996
449.559	412.9746
449.779	424.3446
450.0	330.71459999999996
450.221	298.3546
450.442	290.2546
450.662	290.96459999999996
450.883	299.7946
451.104	303.3146
451.324	291.7446
451.545	283.6346
451.766	280.1346
451.986	275.6346
452.207	276.6346
452.428	277.0246
452.648	283.3146
452.869	288.5246
453.089	289.89459999999997
453.31	296.1746
453.53	279.8446
453.751	277.0646
453.971	282.0546
454.192	289.2046
454.412	272.3146
454.633	266.1046
454.853	267.1046
455.073	268.0246
455.294	283.7246
455.514	305.0946
455.734	284.3246
455.955	264.2746
456.175	261.5046
456.395	259.2346
456.616	257.1746
456.836	257.0746
457.056	257.4446
457.276	253.33460000000002
457.497	259.3646
457.717	257.2446
457.937	261.1546
458.157	268.1046
458.377	270.9246
458.598	290.9546
458.818	334.77459999999996
459.038	368.51460000000003
459.258	344.7546
459.478	308.6146
459.698	303.1746
459.918	305.8246
460.138	312.9246
460.358	320.0446
460.578	321.8246
460.798	328.7946
461.018	328.0046
461.238	319.3446
461.458	319.4046
461.678	314.9246
461.898	322.5046
462.118	327.1646
462.338	338.4346
462.558	343.78459999999995
462.777	354.9246
462.997	379.0746
463.217	393.19460000000004
463.437	387.1546
463.657	364.2346
463.876	356.02459999999996
464.096	359.1646
464.316	359.3246
464.536	361.0046
464.755	351.8646
464.975	353.7946
465.195	386.55460000000005
465.414	383.2346
465.634	323.03459999999995
465.854	306.6846
466.073	297.4946
466.293	288.7546
466.512	281.1346
466.732	281.5446
466.951	282.9346
467.171	285.2346
467.391	288.5546
467.61	292.6246
467.829	289.3246
468.049	286.5446
468.268	286.8846
468.488	273.2546
468.707	269.9546
468.927	272.9446
469.146	271.1546
469.365	274.9346
469.585	277.1346
469.804	285.53459999999995
470.023	290.8146
470.243	291.4746
470.462	297.26460000000003
470.681	305.51460000000003
470.901	292.9446
471.12	288.6646
471.339	287.71459999999996
471.558	284.6146
471.777	281.2946
471.997	279.9746
472.216	293.4546
472.435	316.9946
472.654	283.3746
472.873	274.3346
473.092	271.5246
473.311	270.2446
473.53	272.8146
473.749	278.53459999999995
473.968	297.6746
474.187	335.5646
474.406	317.3746
474.625	283.3646
474.844	275.39459999999997
475.063	273.14459999999997
475.282	274.4946
475.501	276.4446
475.72	279.5446
475.939	278.71459999999996
476.158	278.3346
476.377	279.1846
476.596	280.1946
476.814	287.2346
477.033	290.39459999999997
477.252	294.71459999999996
477.471	292.9746
477.69	298.53459999999995
477.908	303.8046
478.127	311.2446
478.346	310.9146
478.564	317.3146
478.783	323.51460000000003
479.002	327.0846
479.22	325.39459999999997
479.439	332.3646
479.658	338.5646
479.876	334.1346
480.095	340.4746
480.313	355.3146
480.532	354.7346
480.751	349.2346
480.969	360.8346
481.188	416.9846
481.406	382.20459999999997
481.624	333.2546
481.843	318.8046
482.061	314.2746
482.28	311.53459999999995
482.498	309.2346
482.717	306.1046
482.935	307.5246
483.153	308.51460000000003
483.372	307.28459999999995
483.59	309.3546
483.808	308.9846
484.027	309.96459999999996
484.245	310.1546
484.463	312.4446
484.681	322.7346
484.9	319.3846
485.118	322.8546
485.336	320.8546
485.554	323.6246
485.772	330.4946
485.99	330.7546
486.209	335.02459999999996
486.427	336.0046
486.645	338.7346
486.863	341.8646
487.081	334.96459999999996
487.299	329.62460000000004
487.517	329.1546
487.735	327.02459999999996
487.953	324.6646
488.171	329.1146
488.389	329.9946
488.607	329.1546
488.825	324.2946
489.043	324.70459999999997
489.261	327.52459999999996
489.479	328.80460000000005
489.696	329.87460000000004
489.914	330.1646
490.132	332.7546
490.35	336.21459999999996
490.568	334.4946
490.786	340.1146
491.003	344.6846
491.221	348.3646
491.439	353.2346
491.657	356.7546
491.874	357.9046
492.092	358.51460000000003
492.31	359.6346
492.527	361.5446
492.745	361.9846
492.963	364.95459999999997
493.18	367.0646
493.398	369.8446
493.615	376.1746
493.833	375.2246
494.05	372.0446
494.268	369.4946
494.485	368.7946
494.703	369.6746
494.92	367.3246
495.138	365.8146
495.355	371.4246
495.573	371.2346
495.79	368.64459999999997
496.008	372.0946
496.225	371.45459999999997
496.442	371.0446
496.66	374.7346
496.877	376.4346
497.094	382.01460000000003
497.312	382.5846
497.529	390.69460000000004
497.746	397.27459999999996
497.963	407.9746
498.181	421.12460000000004
498.398	432.4946
498.615	457.8646
498.832	475.6346
499.049	485.78459999999995
499.267	510.4946
499.484	543.9646
499.701	575.2045999999999
499.918	607.7746
500.135	644.5645999999999
500.352	669.4646
500.569	674.9946
500.786	670.1646
501.003	650.6145999999999
501.22	622.3946
501.437	587.8246
501.654	553.9545999999999
501.871	532.7346
502.088	497.03459999999995
502.305	473.12460000000004
502.522	454.64459999999997
502.739	442.1846
502.956	423.6646
503.172	413.9246
503.389	404.7346
503.606	403.2346
503.823	396.77459999999996
504.04	393.1746
504.256	394.3146
504.473	400.1146
504.69	398.7446
504.907	394.1646
505.123	377.28459999999995
505.34	369.70459999999997
505.557	357.3446
505.773	358.3446
505.99	352.4746
506.207	349.3646
506.423	347.8446
506.64	345.0646
506.856	341.8646
507.073	338.1646
507.289	341.2246
507.506	339.6546
507.722	347.9846
507.939	348.5046
508.155	333.0446
508.372	328.6546
508.588	325.20459999999997
508.805	325.8646
509.021	330.4946
509.238	336.8346
509.454	335.3246
509.67	333.27459999999996
509.887	334.0646
510.103	346.70459999999997
510.319	404.6546
510.536	803.8746
510.752	1947.1946
510.968	744.6846
511.184	357.4346
511.401	325.7446
511.617	314.5546
511.833	311.5446
512.049	309.6646
512.265	309.76460000000003
512.481	308.5446
512.698	306.7346
512.914	306.7046
513.13	307.8546
513.346	305.4446
513.562	308.3846
513.778	311.1046
513.994	311.8046
514.21	318.8746
514.426	333.20459999999997
514.642	352.6146
514.858	351.12460000000004
515.074	387.55460000000005
515.29	600.0446
515.506	1295.8645999999999
515.721	660.6346
515.937	378.14459999999997
516.153	343.9246
516.369	339.55460000000005
516.585	339.2446
516.801	343.5046
517.016	355.3146
517.232	362.9146
517.448	370.20459999999997
517.664	374.8346
517.879	375.6746
518.095	371.28459999999995
518.311	367.6746
518.527	357.95459999999997
518.742	348.4946
518.958	340.4246
519.173	334.45459999999997
519.389	326.5946
519.605	323.0046
519.82	322.4446
520.036	324.9846
520.251	339.1646
520.467	336.7446
520.682	330.9046
520.898	330.6046
521.113	336.4846
521.329	358.55460000000005
521.544	416.5746
521.76	693.1646
521.975	1950.9046
522.19	1305.0446000000002
522.406	476.51460000000003
522.621	329.6846
522.836	306.0746
523.052	298.0846
523.267	292.8646
523.482	289.2746
523.698	289.14459999999997
523.913	299.1246
524.128	289.1046
524.343	280.6546
524.559	279.9146
524.774	276.03459999999995
524.989	278.5646
525.204	283.6546
525.419	280.4746
525.634	274.4946
525.849	272.4446
526.064	272.2946
526.28	271.1746
526.495	267.1646
526.71	266.6946
526.925	265.9246
527.14	265.4446
527.355	267.9546
527.57	266.8146
527.785	264.8546
527.999	265.4946
528.214	269.6746
528.429	269.8246
528.644	268.53459999999995
528.859	268.14459999999997
529.074	268.8846
529.289	291.7946
529.503	340.3646
529.718	289.6146
529.933	273.53459999999995
530.148	269.28459999999995
530.363	268.9446
530.577	266.7046
530.792	264.51460000000003
531.007	265.7546
531.221	269.3146
531.436	265.2546
531.651	266.2946
531.865	265.6546
532.08	263.5746
532.295	265.9046
532.509	264.0846
532.724	264.9446
532.938	267.4546
533.153	270.1946
533.367	267.3346
533.582	267.6246
533.796	264.7546
534.011	263.5446
534.225	263.26460000000003
534.44	262.1046
534.654	264.1246
534.868	261.2046
535.083	260.5246
535.297	260.8246
535.511	268.6546
535.726	266.0546
535.94	263.6346
536.154	258.8246
536.369	254.1446
536.583	250.0746
536.797	255.44459999999998
537.011	252.40460000000002
537.225	248.3046
537.44	251.7646
537.654	251.85459999999998
537.868	250.51459999999997
538.082	250.9846
538.296	252.15460000000002
538.51	249.75459999999998
538.724	248.7246
538.938	248.3846
539.153	250.3146
539.367	260.0446
539.581	251.6746
539.795	244.9446
540.009	246.9646
540.222	248.3646
540.436	248.9246
540.65	248.2146
540.864	248.08460000000002
541.078	253.00459999999998
541.292	249.6146
541.506	248.2946
541.72	242.8746
541.934	240.7046
542.147	243.09459999999999
542.361	240.3746
542.575	238.41459999999998
542.789	241.0546
543.002	242.1346
543.216	243.84459999999999
543.43	247.4746
543.644	245.5246
543.857	245.66459999999998
544.071	244.6146
544.285	246.58460000000002
544.498	242.7346
544.712	243.2746
544.925	244.4346
545.139	244.60459999999998
545.352	242.7646
545.566	244.59459999999999
545.779	243.1346
545.993	243.4246
546.206	243.5446
546.42	241.6046
546.633	245.09459999999999
546.847	243.6746
547.06	241.8146
547.274	241.2146
547.487	240.08460000000002
547.7	240.7846
547.914	242.6446
548.127	243.3646
548.34	241.9646
548.554	241.3146
548.767	242.1746
548.98	244.15460000000002
549.193	243.7046
549.407	244.5646
549.62	247.24460000000002
549.833	248.4246
550.046	244.0746
550.259	242.2146
550.473	239.5146
550.686	240.84459999999999
550.899	239.2246
551.112	237.16459999999998
551.325	236.7146
551.538	238.2346
551.751	238.3246
551.964	241.7146
552.177	242.7846
552.39	244.6146
552.603	249.25459999999998
552.816	250.8646
553.029	254.65460000000002
553.242	258.3646
553.455	262.4046
553.667	267.3746
553.88	266.1546
554.093	255.1346
554.306	251.5646
554.519	248.0446
554.732	244.7046
554.944	241.5446
555.157	236.6046
555.37	235.15460000000002
555.583	232.8946
555.795	233.1146
556.008	228.2346
556.221	227.6746
556.433	226.6246
556.646	226.7946
556.859	225.09459999999999
557.071	223.90460000000002
557.284	221.5246
557.496	220.8646
557.709	219.49460000000002
557.921	216.7046
558.134	218.8546
558.346	216.8646
558.559	216.9646
558.771	215.6446
558.984	214.9346
559.196	213.7146
559.409	214.0746
559.621	215.0646
559.833	213.58460000000002
560.046	211.7946
560.258	213.66459999999998
560.47	211.3946
560.683	210.65460000000002
560.895	209.59459999999999
561.107	212.09459999999999
561.32	213.4546
561.532	213.3246
561.744	213.8946
561.956	214.16459999999998
562.168	215.25459999999998
562.381	214.1346
562.593	215.8546
562.805	216.4346
563.017	216.0546
563.229	215.7046
563.441	214.4346
563.653	213.9746
563.865	214.0346
564.077	216.3046
564.289	216.6946
564.501	219.08460000000002
564.713	221.8146
564.925	226.3046
565.137	235.9346
565.349	233.0746
565.561	235.8846
565.773	240.4546
565.985	247.49460000000002
566.197	252.9846
566.408	265.0746
566.62	278.9546
566.832	289.9246
567.044	291.1146
567.255	292.78459999999995
567.467	300.4146
567.679	312.5746
567.891	323.53459999999995
568.102	325.3146
568.314	312.76460000000003
568.526	289.4046
568.737	275.1146
568.949	256.4946
569.161	241.9846
569.372	232.9746
569.584	228.5646
569.795	227.3146
570.007	239.5746
570.218	329.21459999999996
570.43	251.4646
570.641	217.8246
570.853	213.2946
571.064	213.7646
571.276	212.1246
571.487	208.6246
571.698	205.6946
571.91	200.74460000000002
572.121	197.6446
572.333	195.2246
572.544	193.9546
572.755	194.9646
572.966	193.1246
573.178	190.5146
573.389	190.8946
573.6	188.99460000000002
573.811	188.24460000000002
574.023	187.40460000000002
574.234	185.7046
574.445	186.0546
574.656	186.0746
574.867	185.2646
575.078	186.3546
575.289	185.3146
575.501	184.9346
575.712	183.3646
575.923	183.2946
576.134	181.1446
576.345	181.41459999999998
576.556	180.8646
576.767	180.34459999999999
576.978	179.8646
577.188	181.0346
577.399	179.1346
577.61	177.8946
577.821	182.7746
578.032	194.0546
578.243	307.8746
578.454	667.9846
578.665	269.5446
578.875	183.9546
579.086	176.5446
579.297	172.7246
579.508	171.8046
579.718	171.9346
579.929	172.1146
580.14	169.0446
580.35	168.9346
580.561	171.0746
580.772	169.0146
580.982	169.66459999999998
581.193	168.0246
581.403	167.2246
581.614	165.6446
581.825	167.7646
582.035	166.1946
582.246	166.8746
582.456	165.99460000000002
582.667	165.7246
582.877	165.8046
583.087	164.2046
583.298	165.3146
583.508	165.8746
583.719	166.08460000000002
583.929	166.15460000000002
584.139	166.1746
584.35	163.2246
584.56	165.69459999999998
584.77	162.94459999999998
584.981	162.1046
585.191	163.4546
585.401	163.6146
585.611	160.9546
585.821	163.8046
586.032	163.33460000000002
586.242	161.6546
586.452	162.5146
586.662	161.9446
586.872	159.7446
587.082	160.9846
587.292	158.8546
587.502	159.5146
587.713	159.9046
587.923	162.1846
588.133	159.8546
588.343	159.7446
588.553	160.0446
588.762	161.9846
588.972	163.85459999999998
589.182	182.2346
589.392	168.1746
589.602	163.78459999999998
589.812	169.8946
590.022	167.0646
590.232	162.35459999999998
590.441	161.2946
590.651	160.6746
590.861	162.3246
591.071	161.2046
591.281	163.3946
591.49	163.1346
591.7	165.33460000000002
591.91	166.85459999999998
592.119	165.99460000000002
592.329	173.16459999999998
592.539	177.2846
592.748	175.7646
592.958	177.9446
593.167	178.33460000000002
593.377	179.40460000000002
593.587	187.2746
593.796	183.3246
594.006	182.75459999999998
594.215	183.6746
594.424	182.1446
594.634	177.84459999999999
594.843	174.7046
595.053	171.4846
595.262	168.4446
595.472	166.1946
595.681	166.1146
595.89	161.7346
596.1	159.7646
596.309	158.66459999999998
596.518	156.9246
596.727	157.1546
596.937	155.5846
597.146	154.1146
597.355	154.0546
597.564	150.4846
597.774	151.0446
597.983	150.1946
598.192	149.6846
598.401	147.5546
598.61	147.2846
598.819	148.5846
599.028	148.09459999999999
599.237	147.2046
599.446	146.7046
599.655	147.1346
599.864	146.4046
600.073	145.4946
600.282	147.7046
600.491	146.4046
600.7	145.2046
600.909	145.4446
601.118	147.3346
601.327	147.7946
601.536	146.1946
601.745	146.1546
601.953	144.4546
602.162	145.8646
602.371	145.8946
602.58	144.7346
602.789	142.9846
602.997	142.7646
603.206	142.6946
603.415	142.2646
603.623	139.9346
603.832	140.8046
604.041	140.6546
604.249	140.2446
604.458	139.66459999999998
604.666	138.8646
604.875	138.8846
605.084	138.7646
605.292	139.3246
605.501	139.9646
605.709	136.9946
605.918	137.5446
606.126	139.2146
606.334	138.0746
606.543	139.1046
606.751	140.50459999999998
606.96	139.2346
607.168	138.8346
607.376	138.0146
607.585	139.0746
607.793	137.0146
608.001	138.2646
608.21	135.50459999999998
608.418	135.91459999999998
608.626	135.6446
608.834	137.7246
609.043	136.2746
609.251	136.3046
609.459	135.3646
609.667	138.8546
609.875	135.6846
610.083	136.81459999999998
610.291	136.0846
610.499	135.7746
610.707	135.5746
610.916	136.4246
611.124	136.6546
611.332	135.1446
611.54	135.1546
611.748	135.9546
611.955	136.50459999999998
612.163	135.3646
612.371	134.62460000000002
612.579	134.7446
612.787	133.81459999999998
612.995	135.00459999999998
613.203	136.81459999999998
613.411	135.4246
613.618	133.9646
613.826	133.06459999999998
614.034	133.7146
614.242	134.2146
614.449	133.0846
614.657	132.3846
614.865	132.91459999999998
615.072	135.3846
615.28	134.1446
615.488	136.1746
615.695	138.0846
615.903	142.9946
616.111	145.5346
616.318	147.7846
616.526	142.12460000000002
616.733	143.3046
616.941	138.8946
617.148	139.3246
617.356	136.4846
617.563	136.09459999999999
617.771	136.1546
617.978	135.7346
618.185	135.2246
618.393	133.2246
618.6	133.9846
618.807	133.1446
619.015	133.7146
619.222	133.5346
619.429	132.8646
619.637	134.8546
619.844	131.5446
620.051	131.1346
620.258	129.8546
620.466	128.9946
620.673	126.7946
620.88	129.1546
621.087	127.47460000000001
621.294	129.2646
621.501	127.2846
621.708	130.8246
621.915	130.8646
622.122	128.0546
622.329	128.6446
622.536	128.7146
622.743	128.3946
622.95	128.4946
623.157	125.9346
623.364	127.22460000000001
623.571	127.27459999999999
623.778	125.55460000000001
623.985	126.35459999999999
624.192	124.5146
624.399	124.80460000000001
624.606	127.0946
624.812	125.27459999999999
625.019	124.6346
625.226	124.0146
625.433	127.1946
625.639	124.9546
625.846	123.2846
626.053	123.3346
626.259	123.7946
626.466	125.0046
626.673	121.6946
626.879	122.97460000000001
627.086	123.74459999999999
627.293	124.40459999999999
627.499	122.9646
627.706	122.1846
627.912	122.5146
628.119	121.60459999999999
628.325	123.89459999999998
628.532	123.02459999999999
628.738	120.8346
628.945	121.0346
629.151	121.1946
629.357	121.5146
629.564	119.8246
629.77	119.6546
629.976	118.6246
630.183	118.56460000000001
630.389	117.2846
630.595	116.56460000000001
630.802	118.2646
631.008	118.3746
631.214	118.9646
631.42	119.1946
631.627	119.6946
631.833	117.9446
632.039	115.4346
632.245	115.5846
632.451	117.30460000000001
632.657	117.0946
632.863	115.9846
633.069	116.3646
633.275	117.6146
633.481	113.81460000000001
633.688	115.0746
633.893	118.0046
634.099	116.8746
634.305	114.3246
634.511	114.47460000000001
634.717	114.3446
634.923	114.6846
635.129	115.8446
635.335	113.4546
635.541	113.7046
635.747	114.97460000000001
635.952	114.31460000000001
636.158	113.85459999999999
636.364	117.22460000000001
636.57	115.9546
636.775	114.0946
636.981	112.64460000000001
637.187	112.7646
637.392	113.7046
637.598	111.6846
637.804	113.47460000000001
638.009	112.7946
638.215	113.4546
638.421	111.0046
638.626	112.4846
638.832	113.2046
639.037	112.31460000000001
639.243	112.0346
639.448	113.31460000000001
639.654	114.5046
639.859	109.7146
640.065	111.4046
640.27	115.6646
640.475	112.1346
640.681	110.5146
640.886	111.22460000000001
641.091	110.8846
641.297	112.74459999999999
641.502	108.8846
641.707	113.1246
641.913	111.0046
642.118	108.2846
642.323	110.1546
642.528	110.6746
642.733	110.9046
642.939	110.8446
643.144	110.5846
643.349	110.3746
643.554	110.0446
643.759	107.7346
643.964	108.0846
644.169	111.0146
644.374	109.74459999999999
644.579	110.39460000000001
644.784	110.39460000000001
644.989	108.81460000000001
645.194	108.05460000000001
645.399	111.6346
645.604	109.4646
645.809	113.89460000000001
646.014	111.2546
646.219	109.6246
646.423	109.4646
646.628	109.6346
646.833	110.3646
647.038	111.8446
647.243	111.0046
647.447	111.02459999999999
647.652	111.05460000000001
647.857	110.4646
648.062	112.6646
648.266	115.0346
648.471	119.39460000000001
648.676	120.5446
648.88	118.7146
649.085	115.5146
649.289	116.2046
649.494	125.31460000000001
649.698	155.8546
649.903	124.7546
650.107	112.47460000000001
650.312	111.1346
650.516	106.8846
650.721	107.2946
650.925	105.1146
651.13	104.9346
651.334	102.9146
651.539	103.1246
651.743	103.7846
651.947	104.3446
652.152	103.2946
652.356	101.1246
652.56	102.6146
652.764	101.1346
652.969	99.7646
653.173	99.9246
653.377	99.72460000000001
653.581	97.9446
653.785	99.3846
653.99	98.9646
654.194	100.0746
654.398	97.8446
654.602	98.3446
654.806	102.72460000000001
655.01	114.80460000000001
655.214	104.4546
655.418	99.31460000000001
655.622	97.4246
655.826	99.05460000000001
656.03	99.9846
656.234	103.9546
656.438	105.7346
656.642	105.3446
656.846	102.1946
657.049	98.3446
657.253	95.2346
657.457	93.9546
657.661	91.6246
657.865	90.6346
658.068	90.0146
658.272	89.52459999999999
658.476	89.22460000000001
658.68	88.02459999999999
658.883	87.7046
659.087	87.52459999999999
659.291	86.0946
659.494	86.47460000000001
659.698	84.8846
659.901	85.1346
660.105	85.7146
660.309	86.5346
660.512	84.60459999999999
660.716	84.6646
660.919	85.2146
661.123	85.97460000000001
661.326	84.27459999999999
661.53	82.7946
661.733	83.4846
661.936	84.49459999999999
662.14	83.9446
662.343	82.3846
662.546	82.10459999999999
662.75	82.7046
662.953	82.4446
663.156	83.24459999999999
663.36	81.1846
663.563	81.89460000000001
663.766	80.3746
663.969	83.0746
664.173	82.47460000000001
664.376	81.52459999999999
664.579	80.5446
664.782	81.4846
664.985	82.4446
665.188	81.1846
665.391	82.8646
665.594	80.2346
665.797	81.6246
666.0	81.2346
666.203	80.4046
666.406	80.41460000000001
666.609	81.31460000000001
666.812	82.39460000000001
667.015	81.85459999999999
667.218	83.3446
667.421	83.1146
667.624	80.9746
667.827	80.0646
668.03	80.1146
668.232	80.3846
668.435	81.0046
668.638	81.64460000000001
668.841	83.02459999999999
669.043	78.6846
669.246	80.6946
669.449	81.1146
669.651	81.6846
669.854	82.0046
670.057	80.91460000000001
670.259	79.9446
670.462	80.7646
670.665	80.8346
670.867	82.5046
671.07	81.0746
671.272	82.6346
671.475	82.85459999999999
671.677	79.7646
671.88	79.7046
672.082	79.4346
672.284	81.0846
672.487	80.9346
672.689	79.4446
672.892	80.8946
