223.165	-17.4933
223.4	-17.4933
223.635	-17.4933
223.869	-18.3833
224.104	-18.0033
224.338	-15.913300000000001
224.573	-14.5933
224.808	-12.8233
225.042	-8.4033
225.277	-5.7333
225.511	-0.7333000000000002
225.746	4.1767
225.98	7.5967
226.215	11.6967
226.449	15.7667
226.683	19.5867
226.918	24.206699999999998
227.152	29.046699999999998
227.387	34.3667
227.621	38.7467
227.856	44.1667
228.09	47.5967
228.324	50.9367
228.559	57.856700000000004
228.793	64.8767
229.027	85.87670000000001
229.262	93.7667
229.496	104.0767
229.73	122.04670000000002
229.964	125.04670000000002
230.199	102.3967
230.433	98.9467
230.667	101.8467
230.901	100.86670000000001
231.136	97.8567
231.37	100.0067
231.604	102.5967
231.838	102.2567
232.072	102.8567
232.306	104.4067
232.541	102.6067
232.775	104.4867
233.009	103.86670000000001
233.243	105.29670000000002
233.477	104.2467
233.711	103.36670000000001
233.945	107.3467
234.179	106.4867
234.413	106.2167
234.647	104.91669999999999
234.881	105.8467
235.115	106.38669999999999
235.349	104.9267
235.583	108.13669999999999
235.817	109.7667
236.051	110.38669999999999
236.285	110.2267
236.519	109.6767
236.753	114.8167
236.987	128.6067
237.221	160.3867
237.455	168.06670000000003
237.689	127.12670000000001
237.922	117.1567
238.156	113.6467
238.39	110.1867
238.624	110.0767
238.858	110.9467
239.091	111.2267
239.325	112.7467
239.559	115.86670000000001
239.793	116.8367
240.027	119.9867
240.26	126.61670000000001
240.494	130.4767
240.728	128.8667
240.961	126.30669999999999
241.195	120.4367
241.429	119.1567
241.662	116.7467
241.896	117.5167
242.13	117.3467
242.363	117.66669999999999
242.597	118.5767
242.83	121.7367
243.064	120.7367
243.298	121.9767
243.531	121.8267
243.765	121.2767
243.998	123.95670000000001
244.232	125.55669999999999
244.465	130.0867
244.699	129.04670000000002
244.932	127.8567
245.166	126.0767
245.399	126.91669999999999
245.633	127.78670000000001
245.866	127.53670000000001
246.099	127.7667
246.333	130.6567
246.566	130.4067
246.8	130.9367
247.033	134.0767
247.266	135.9467
247.5	137.8667
247.733	144.0967
247.966	143.4667
248.2	143.9167
248.433	143.5567
248.666	148.1667
248.899	157.3767
249.133	165.1867
249.366	171.83669999999998
249.599	166.6867
249.832	149.8367
250.066	150.4267
250.299	148.4767
250.532	156.5767
250.765	165.4467
250.998	176.5367
251.231	173.2567
251.465	164.98669999999998
251.698	159.7167
251.931	158.7467
252.164	158.0567
252.397	158.1167
252.63	162.38670000000002
252.863	167.3267
253.096	173.7867
253.329	179.72670000000002
253.562	174.3567
253.795	170.3267
254.028	170.29670000000002
254.261	172.8767
254.494	184.38670000000002
254.727	203.6267
254.96	209.6067
255.193	192.3767
255.426	177.9167
255.659	173.3667
255.892	173.13670000000002
256.124	169.33669999999998
256.357	169.4067
256.59	169.14669999999998
256.823	165.2767
257.056	165.98669999999998
257.289	167.3667
257.521	167.9167
257.754	168.6267
257.987	167.47670000000002
258.22	169.5267
258.452	168.3467
258.685	169.1067
258.918	170.9467
259.151	172.0967
259.383	178.31670000000003
259.616	177.2467
259.849	181.8267
260.081	192.92669999999998
260.314	202.2667
260.547	197.5267
260.779	187.2467
261.012	182.47670000000002
261.244	180.92669999999998
261.477	183.3067
261.71	186.81670000000003
261.942	203.4067
262.175	209.1167
262.407	185.79670000000002
262.64	177.1167
262.872	176.67669999999998
263.105	175.7567
263.337	178.1667
263.57	177.31670000000003
263.802	176.0767
264.035	177.04670000000002
264.267	176.92669999999998
264.499	176.54670000000002
264.732	178.7767
264.964	179.0767
265.197	180.14669999999998
265.429	179.97670000000002
265.661	179.56670000000003
265.894	182.04670000000002
266.126	183.9667
266.358	183.6067
266.591	184.29670000000002
266.823	188.8667
267.055	188.83669999999998
267.287	191.4467
267.52	188.0567
267.752	188.89669999999998
267.984	190.0167
268.216	192.06670000000003
268.448	195.9367
268.681	199.14669999999998
268.913	207.47670000000002
269.145	218.1067
269.377	222.0067
269.609	214.63670000000002
269.841	215.0567
270.073	221.1567
270.306	237.97670000000002
270.538	248.0867
270.77	240.6567
271.002	228.7767
271.234	228.73669999999998
271.466	238.29670000000002
271.698	244.4467
271.93	244.04670000000002
272.162	245.5867
272.394	241.8767
272.626	229.48669999999998
272.858	222.38670000000002
273.09	217.56670000000003
273.322	215.5867
273.553	211.0767
273.785	211.9167
274.017	213.5267
274.249	214.9267
274.481	214.7567
274.713	217.1867
274.945	218.31670000000003
275.176	216.3467
275.408	217.9667
275.64	214.47670000000002
275.872	215.0067
276.104	219.8767
276.335	224.0367
276.567	234.0767
276.799	249.9467
277.031	257.8167
277.262	256.8667
277.494	249.7667
277.726	235.9067
277.957	228.1567
278.189	224.9267
278.421	222.2567
278.652	223.14669999999998
278.884	222.6067
279.115	221.63670000000002
279.347	223.1767
279.579	221.7767
279.81	222.3567
280.042	222.7867
280.273	223.9167
280.505	225.31670000000003
280.736	223.2767
280.968	224.73669999999998
281.199	225.0367
281.431	226.6767
281.662	229.3667
281.894	233.0867
282.125	241.3467
282.356	266.24670000000003
282.588	292.3267
282.819	263.44669999999996
283.051	234.9367
283.282	232.3767
283.513	237.4067
283.745	240.5167
283.976	238.9567
284.207	240.0267
284.439	241.47670000000002
284.67	239.7767
284.901	239.3067
285.132	238.1067
285.364	238.97670000000002
285.595	239.0867
285.826	237.9167
286.057	242.6967
286.288	240.56670000000003
286.52	241.9167
286.751	241.9967
286.982	244.14669999999998
287.213	242.7467
287.444	249.4267
287.675	251.1767
287.906	257.2067
288.138	260.7267
288.369	261.3367
288.6	259.43670000000003
288.831	252.73669999999998
289.062	252.6867
289.293	252.6067
289.524	251.1567
289.755	250.1567
289.986	249.9667
290.217	252.2567
290.448	250.47670000000002
290.679	252.7567
290.91	251.38670000000002
291.141	250.3467
291.371	251.89669999999998
291.602	252.4967
291.833	250.7167
292.064	251.2767
292.295	252.7867
292.526	254.0767
292.757	254.22670000000002
292.987	251.7767
293.218	250.6067
293.449	254.2867
293.68	254.13670000000002
293.91	252.1667
294.141	254.9467
294.372	252.72670000000002
294.603	256.7067
294.833	258.99670000000003
295.064	256.0567
295.295	258.6167
295.525	259.5667
295.756	273.37669999999997
295.987	286.7767
296.217	316.6367
296.448	300.6667
296.679	265.3167
296.909	262.5467
297.14	262.0867
297.37	266.3367
297.601	266.8367
297.831	267.5567
298.062	270.18670000000003
298.292	269.2267
298.523	272.8067
298.753	271.7267
298.984	269.5867
299.214	268.5067
299.445	272.44669999999996
299.675	273.7267
299.905	278.5867
300.136	274.8167
300.366	274.8367
300.597	276.7867
300.827	284.7767
301.057	292.8067
301.288	297.5267
301.518	287.8467
301.748	285.74670000000003
301.979	298.4767
302.209	290.5667
302.439	288.67670000000004
302.669	285.0567
302.9	283.3667
303.13	283.19669999999996
303.36	289.7767
303.59	294.9667
303.82	300.62669999999997
304.051	289.2167
304.281	286.2767
304.511	284.4867
304.741	285.0567
304.971	280.0767
305.201	283.19669999999996
305.431	281.01669999999996
305.661	283.6067
305.891	281.92670000000004
306.121	286.0667
306.352	295.3567
306.582	293.6067
306.812	282.1067
307.042	282.0467
307.272	283.99670000000003
307.502	286.3367
307.731	285.6167
307.961	282.3667
308.191	283.3967
308.421	283.9067
308.651	285.62669999999997
308.881	284.7567
309.111	289.62669999999997
309.341	290.4167
309.571	298.4767
309.8	301.8867
310.03	305.8567
310.26	306.3867
310.49	303.68670000000003
310.72	313.9067
310.949	321.7367
311.179	317.0867
311.409	306.8267
311.639	308.0267
311.868	309.8367
312.098	310.8167
312.328	316.8367
312.557	329.8967
312.787	337.1467
313.017	326.62669999999997
313.246	319.3967
313.476	311.4767
313.706	315.8167
313.935	321.1367
314.165	330.7567
314.394	332.8667
314.624	326.6367
314.853	320.7967
315.083	315.0067
315.312	312.6167
315.542	311.8667
315.771	309.99670000000003
316.001	308.7767
316.23	308.4567
316.46	307.24670000000003
316.689	310.0767
316.919	314.7067
317.148	317.26669999999996
317.377	316.19669999999996
317.607	313.9867
317.836	309.6167
318.065	307.8967
318.295	307.5367
318.524	308.7767
318.753	305.37669999999997
318.983	310.3267
319.212	316.6167
319.441	324.5867
319.67	324.4767
319.9	312.5567
320.129	310.76669999999996
320.358	313.0967
320.587	317.8867
320.816	322.8567
321.046	325.26669999999996
321.275	324.3967
321.504	321.6067
321.733	323.8867
321.962	328.7167
322.191	336.51669999999996
322.42	344.1667
322.649	353.2067
322.878	357.9567
323.108	369.5267
323.337	387.8367
323.566	404.9667
323.795	440.42670000000004
324.024	527.1867000000001
324.253	806.8867
324.482	1421.7667
324.71	2460.9267
324.939	2938.3267
325.168	1512.1567
325.397	618.8367
325.626	455.3367
325.855	411.54670000000004
326.084	402.8867
326.313	411.4867
326.542	439.1667
326.77	549.8667
326.999	856.1367
327.228	1498.6966999999997
327.457	2432.5567
327.686	2045.2966999999999
327.914	775.6967
328.143	525.0267
328.372	462.54670000000004
328.6	430.24670000000003
328.829	422.3467
329.058	436.3867
329.287	436.1367
329.515	403.26669999999996
329.744	387.7067
329.972	384.9767
330.201	394.8867
330.43	416.85670000000005
330.658	438.0767
330.887	471.6467
331.115	433.5267
331.344	395.3167
331.572	388.4567
331.801	398.8067
332.03	397.36670000000004
332.258	390.2367
332.486	388.7567
332.715	393.87669999999997
332.943	402.76669999999996
333.172	413.7167
333.4	422.3467
333.629	434.79670000000004
333.857	446.10670000000005
334.085	436.7167
334.314	430.2767
334.542	431.7367
334.771	427.8867
334.999	414.62669999999997
335.227	405.51669999999996
335.455	401.61670000000004
335.684	397.26669999999996
335.912	394.5267
336.14	392.9667
336.369	389.61670000000004
336.597	395.2167
336.825	391.35670000000005
337.053	383.1667
337.281	376.0867
337.51	372.9167
337.738	375.3267
337.966	373.0967
338.194	374.5067
338.422	369.3067
338.65	363.3967
338.878	363.5767
339.106	359.0767
339.334	359.9067
339.562	356.49670000000003
339.79	351.11670000000004
340.018	353.69669999999996
340.246	352.9767
340.474	354.3267
340.702	355.2267
340.93	354.0067
341.158	355.5867
341.386	355.7167
341.614	356.8267
341.842	355.5067
342.07	350.0867
342.298	349.7867
342.526	347.44669999999996
342.754	344.44669999999996
342.981	346.2767
343.209	353.68670000000003
343.437	376.0367
343.665	386.9867
343.893	399.42670000000004
344.12	406.0667
344.348	387.44669999999996
344.576	375.4167
344.804	373.04670000000004
345.031	371.36670000000004
345.259	368.9867
345.487	360.6667
345.714	352.3167
345.942	347.0867
346.17	342.0867
346.397	343.9667
346.625	342.76669999999996
346.853	342.5667
347.08	340.24670000000003
347.308	348.4067
347.535	350.8867
347.763	354.8867
347.99	353.36670000000004
348.218	355.74670000000003
348.445	359.3367
348.673	349.76669999999996
348.9	342.86670000000004
349.128	340.6567
349.355	335.6667
349.583	334.6667
349.81	336.8467
350.037	335.2367
350.265	335.0067
350.492	335.17670000000004
350.72	337.2967
350.947	344.49670000000003
351.174	354.9767
351.402	358.62669999999997
351.629	349.67670000000004
351.856	348.10670000000005
352.083	352.8867
352.311	359.35670000000005
352.538	358.6567
352.765	356.44669999999996
352.992	355.85670000000005
353.22	352.62669999999997
353.447	346.12669999999997
353.674	339.10670000000005
353.901	334.9767
354.128	332.8067
354.355	330.74670000000003
354.583	335.51669999999996
354.81	334.9367
355.037	333.9067
355.264	329.5267
355.491	329.87669999999997
355.718	327.4867
355.945	331.19669999999996
356.172	333.7267
356.399	333.4867
356.626	330.8367
356.853	329.3367
357.08	328.8267
357.307	328.2167
357.534	327.9167
357.761	329.19669999999996
357.988	332.8867
358.215	333.5567
358.441	333.6367
358.668	331.75669999999997
358.895	332.7867
359.122	333.5067
359.349	338.0767
359.576	348.3467
359.802	363.7067
360.029	380.7867
360.256	379.11670000000004
360.483	360.5567
360.709	339.0967
360.936	341.85670000000005
361.163	342.7567
361.39	347.62669999999997
361.616	347.36670000000004
361.843	340.7767
362.07	343.0067
362.296	344.9667
362.523	340.01669999999996
362.749	339.1667
362.976	335.44669999999996
363.203	335.5067
363.429	329.76669999999996
363.656	332.4567
363.882	329.8367
364.109	329.5467
364.335	331.3467
364.562	333.0467
364.788	331.4067
365.015	335.7567
365.241	340.19669999999996
365.468	347.87669999999997
365.694	346.35670000000005
365.92	339.19669999999996
366.147	330.11670000000004
366.373	329.74670000000003
366.599	329.7267
366.826	329.0567
367.052	327.9567
367.278	334.24670000000003
367.505	331.3167
367.731	333.3367
367.957	332.3267
368.184	335.5767
368.41	347.0967
368.636	359.94669999999996
368.862	367.4767
369.089	352.9667
369.315	340.8967
369.541	337.0767
369.767	341.99670000000003
369.993	342.0267
370.219	339.5567
370.445	337.4667
370.672	341.7067
370.898	340.1667
371.124	341.6567
371.35	346.0967
371.576	343.5967
371.802	345.1667
372.028	345.2267
372.254	344.26669999999996
372.48	349.93670000000003
372.706	352.5367
372.932	356.99670000000003
373.158	353.0667
373.384	351.86670000000004
373.61	350.0367
373.835	350.2767
374.061	351.9767
374.287	357.8367
374.513	359.5067
374.739	365.6667
374.965	372.1667
375.191	372.44669999999996
375.416	368.35670000000005
375.642	360.79670000000004
375.868	360.4867
376.094	354.9767
376.319	350.8067
376.545	350.9067
376.771	351.4067
376.997	350.69669999999996
377.222	350.24670000000003
377.448	350.94669999999996
377.674	350.3467
377.899	346.3967
378.125	345.0867
378.35	347.35670000000005
378.576	346.0967
378.802	346.0067
379.027	347.7867
379.253	349.8867
379.478	348.2067
379.704	348.8267
379.929	351.4067
380.155	352.12669999999997
380.38	351.7067
380.606	354.12669999999997
380.831	352.29670000000004
381.057	359.3167
381.282	354.7567
381.507	356.86670000000004
381.733	359.61670000000004
381.958	362.35670000000005
382.184	365.4167
382.409	370.17670000000004
382.634	374.49670000000003
382.86	371.19669999999996
383.085	376.99670000000003
383.31	383.2867
383.535	388.2167
383.761	386.9167
383.986	390.74670000000003
384.211	397.19669999999996
384.436	401.5367
384.662	404.36670000000004
384.887	416.6367
385.112	413.99670000000003
385.337	420.0667
385.562	421.01669999999996
385.787	421.04670000000004
386.013	430.8467
386.238	432.7267
386.463	425.11670000000004
386.688	428.24670000000003
386.913	414.36670000000004
387.138	418.2867
387.363	414.94669999999996
387.588	408.8167
387.813	411.3367
388.038	415.9567
388.263	423.62669999999997
388.488	423.43670000000003
388.713	408.9667
388.938	405.0967
389.163	405.24670000000003
389.387	404.99670000000003
389.612	395.5567
389.837	397.2167
390.062	395.9167
390.287	399.7767
390.512	398.2267
390.736	404.4667
390.961	412.87669999999997
391.186	414.0767
391.411	426.0367
391.636	430.5567
391.86	435.7167
392.085	438.8867
392.31	431.51669999999996
392.534	421.93670000000003
392.759	418.4867
392.984	413.8167
393.208	414.4167
393.433	417.19669999999996
393.658	412.92670000000004
393.882	410.11670000000004
394.107	412.1567
394.331	415.87669999999997
394.556	414.3167
394.78	421.3867
395.005	422.3367
395.229	422.76669999999996
395.454	432.3867
395.678	439.5567
395.903	437.5867
396.127	442.79670000000004
396.352	429.6667
396.576	418.8967
396.801	419.49670000000003
397.025	425.86670000000004
397.249	431.3467
397.474	441.04670000000004
397.698	439.8167
397.922	449.68670000000003
398.147	452.4167
398.371	459.0067
398.595	467.18670000000003
398.82	485.24670000000003
399.044	519.5267
399.268	566.1367
399.492	636.6166999999999
399.717	677.3367
399.941	658.8367
400.165	623.8467
400.389	578.8267000000001
400.613	528.7067
400.837	500.5367
401.062	492.6367
401.286	487.5667
401.51	484.79670000000004
401.734	481.8867
401.958	499.8967
402.182	529.4567
402.406	562.7167000000001
402.63	529.9867
402.854	516.5867
403.078	518.2967000000001
403.302	525.7167000000001
403.526	532.3567
403.75	534.2967000000001
403.974	539.7567
404.198	540.6767
404.422	544.5267
404.645	537.7067
404.869	532.9766999999999
405.093	549.4567
405.317	557.6967
405.541	558.9167
405.765	537.3067
405.988	550.5267
406.212	609.8767
406.436	668.7467
406.66	606.2567
406.883	568.2967000000001
407.107	599.9467
407.331	633.0367
407.555	665.6867000000001
407.778	641.5967
408.002	594.6467
408.226	570.1767
408.449	559.5567
408.673	554.2266999999999
408.896	565.1867000000001
409.12	573.9867
409.344	544.2467
409.567	524.9667000000001
409.791	526.5067
410.014	519.7467
410.238	518.1967
410.461	516.7067
410.685	518.9867
410.908	527.5067
411.132	545.9867
411.355	542.6967
411.578	515.5867
411.802	498.10670000000005
412.025	495.0267
412.249	503.4067
412.472	508.1567
412.695	505.01669999999996
412.919	488.29670000000004
413.142	480.5067
413.365	477.6467
413.589	479.8267
413.812	471.7067
414.035	473.7267
414.258	472.93670000000003
414.482	475.4867
414.705	480.69669999999996
414.928	477.1667
415.151	483.86670000000004
415.374	482.9767
415.597	475.92670000000004
415.821	468.8167
416.044	466.79670000000004
416.267	469.19669999999996
416.49	467.5867
416.713	464.42670000000004
416.936	470.24670000000003
417.159	467.7267
417.382	472.8867
417.605	476.17670000000004
417.828	486.9667
418.051	494.3467
418.274	485.24670000000003
418.497	478.3967
418.72	485.0367
418.943	483.9167
419.166	507.51669999999996
419.389	530.0667
419.611	519.7867
419.834	507.5967
420.057	499.68670000000003
420.28	489.12669999999997
420.503	474.54670000000004
420.726	479.1567
420.948	492.2167
421.171	518.7667
421.394	517.8067
421.617	488.3067
421.839	484.76669999999996
422.062	492.9067
422.285	503.3467
422.507	550.3667
422.73	582.1767
422.953	538.1167
423.175	513.5467000000001
423.398	513.9367000000001
423.621	517.3367
423.843	532.6967
424.066	524.8467
424.288	520.2266999999999
424.511	537.5067
424.733	570.8367
424.956	602.3267000000001
425.178	565.9967
425.401	575.7167000000001
425.623	567.3767
425.846	502.3467
426.068	495.61670000000004
426.291	487.12669999999997
426.513	485.8867
426.735	494.85670000000005
426.958	522.9766999999999
427.18	578.1167
427.402	671.4267
427.625	701.5567
427.847	581.8567
428.069	511.9567
428.292	479.6567
428.514	456.2767
428.736	447.5867
428.958	448.74670000000003
429.181	439.3267
429.403	438.0767
429.625	447.94669999999996
429.847	472.8867
430.069	509.8167
430.292	478.9567
430.514	440.7767
430.736	438.0267
430.958	435.0967
431.18	427.2767
431.402	428.5967
431.624	429.3867
431.846	433.2067
432.068	435.5967
432.29	440.1467
432.512	434.2067
432.734	441.5667
432.956	438.4067
433.178	449.3067
433.4	447.0367
433.622	438.9867
433.844	440.5067
434.066	441.19669999999996
434.287	445.6567
434.509	459.9667
434.731	473.61670000000004
434.953	480.0767
435.175	487.4667
435.397	498.0367
435.618	496.5367
435.84	522.6167
436.062	585.7667
436.284	577.7367
436.505	495.01669999999996
436.727	474.7267
436.949	455.8467
437.17	445.3467
437.392	438.9167
437.614	451.3867
437.835	487.51669999999996
438.057	555.8167
438.278	588.0167
438.5	578.7667
438.721	637.7367
438.943	561.2367
439.165	476.5767
439.386	467.5867
439.608	470.6667
439.829	482.4567
440.05	517.1967
440.272	556.0667
440.493	486.7367
440.715	460.5367
440.936	457.9067
441.158	461.18670000000003
441.379	471.3867
441.6	493.6367
441.822	508.0967
442.043	535.0067
442.264	587.1367
442.486	569.1867000000001
442.707	512.6167
442.928	509.24670000000003
443.149	540.7067
443.371	551.0567
443.592	570.8267000000001
443.813	631.1967
444.034	625.4267
444.255	547.8167
444.476	538.0467000000001
444.698	548.6167
444.919	554.7967000000001
445.14	577.2167000000001
445.361	557.8967
445.582	558.4867
445.803	606.4367000000001
446.024	647.1667
446.245	626.5167
446.466	557.3367
446.687	480.8867
446.908	460.1367
447.129	440.4067
447.35	430.92670000000004
447.571	433.68670000000003
447.792	426.3867
448.013	439.5767
448.234	458.5567
448.455	494.3067
448.675	572.4067
448.896	604.5967
449.117	507.2267
449.338	521.0767000000001
449.559	618.9367
449.779	633.6967
450.0	488.04670000000004
450.221	439.0567
450.442	424.0667
450.662	422.7367
450.883	435.37669999999997
451.104	448.42670000000004
451.324	425.9167
451.545	411.3167
451.766	400.2867
451.986	393.7867
452.207	396.04670000000004
452.428	395.6467
452.648	401.17670000000004
452.869	413.1467
453.089	419.1367
453.31	429.4667
453.53	401.7767
453.751	393.0867
453.971	404.7167
454.192	415.5667
454.412	390.7567
454.633	384.61670000000004
454.853	383.10670000000005
455.073	386.5967
455.294	412.0767
455.514	449.7567
455.734	413.8067
455.955	377.6467
456.175	369.94669999999996
456.395	367.43670000000003
456.616	364.1567
456.836	368.3267
457.056	365.4067
457.276	361.44669999999996
457.497	369.8467
457.717	368.87669999999997
457.937	377.2367
458.157	380.8367
458.377	391.0067
458.598	422.5767
458.818	500.87669999999997
459.038	551.4766999999999
459.258	511.8467
459.478	449.9867
459.698	437.19669999999996
459.918	442.11670000000004
460.138	455.18670000000003
460.358	468.5267
460.578	467.8167
460.798	476.2167
461.018	478.0767
461.238	467.3967
461.458	464.43670000000003
461.678	462.2767
461.898	470.4567
462.118	475.7367
462.338	494.92670000000004
462.558	503.8867
462.777	523.0867
462.997	559.7767
463.217	582.4867
463.437	569.2067
463.657	533.9766999999999
463.876	520.0667
464.096	527.8467
464.316	528.5567
464.536	533.7567
464.755	518.3967
464.975	521.5167
465.195	579.4567
465.414	571.2266999999999
465.634	471.2267
465.854	445.17670000000004
466.073	429.9567
466.293	421.7267
466.512	408.3267
466.732	403.2067
466.951	402.3467
467.171	405.8067
467.391	413.5767
467.61	424.69669999999996
467.829	415.67670000000004
468.049	407.0067
468.268	396.7267
468.488	388.0567
468.707	385.67670000000004
468.927	386.4167
469.146	386.29670000000004
469.365	392.68670000000003
469.585	394.9667
469.804	411.2167
470.023	423.3867
470.243	417.87669999999997
470.462	429.7367
470.681	445.69669999999996
470.901	421.2267
471.12	410.11670000000004
471.339	407.2867
471.558	404.60670000000005
471.777	399.6667
471.997	395.5867
472.216	399.01669999999996
472.435	410.0767
472.654	390.54670000000004
472.873	386.9067
473.092	385.2167
473.311	386.1667
473.53	387.10670000000005
473.749	397.2367
473.968	434.19669999999996
474.187	499.5667
474.406	468.2567
474.625	408.5667
474.844	390.4167
475.063	388.24670000000003
475.282	389.7267
475.501	394.9767
475.72	398.2267
475.939	395.3467
476.158	399.0967
476.377	398.5367
476.596	401.49670000000003
476.814	414.68670000000003
477.033	414.35670000000005
477.252	418.6367
477.471	422.49670000000003
477.69	431.9667
477.908	438.6567
478.127	447.2567
478.346	448.7067
478.564	458.4567
478.783	469.5867
479.002	474.5867
479.22	474.1467
479.439	483.2367
479.658	494.35670000000005
479.876	492.42670000000004
480.095	501.4567
480.313	528.7467
480.532	518.2767
480.751	511.6367
480.969	507.7167
481.188	526.7467
481.406	503.4667
481.624	470.1567
481.843	456.51669999999996
482.061	450.99670000000003
482.28	449.2367
482.498	446.0767
482.717	441.87669999999997
482.935	443.3267
483.153	440.44669999999996
483.372	444.04670000000004
483.59	441.4867
483.808	445.9767
484.027	446.9767
484.245	449.1667
484.463	451.5967
484.681	458.8167
484.9	457.8067
485.118	464.0367
485.336	468.9667
485.554	474.35670000000005
485.772	475.24670000000003
485.99	478.26669999999996
486.209	482.29670000000004
486.427	484.0767
486.645	490.8867
486.863	499.35670000000005
487.081	486.9067
487.299	480.2067
487.517	479.35670000000005
487.735	473.37669999999997
487.953	471.5967
488.171	472.0767
488.389	475.2167
488.607	474.2367
488.825	470.6567
489.043	472.4867
489.261	477.9767
489.479	478.1367
489.696	480.67670000000004
489.914	482.5067
490.132	488.10670000000005
490.35	491.0267
490.568	491.3167
490.786	497.7767
491.003	503.0567
491.221	511.1567
491.439	517.3167
491.657	522.3767
491.874	523.2266999999999
492.092	523.3567
492.31	525.5367
492.527	527.8567
492.745	529.5667
492.963	535.4167
493.18	537.0767000000001
493.398	542.7567
493.615	552.7467
493.833	549.0667
494.05	549.3367
494.268	550.0967
494.485	545.0367
494.703	543.9167
494.92	545.8467
495.138	542.9367000000001
495.355	548.0267
495.573	548.5867
495.79	546.7867
496.008	551.3167
496.225	547.4267
496.442	547.1767
496.66	555.2266999999999
496.877	555.1567
497.094	562.5967
497.312	570.2967
497.529	581.1767
497.746	596.6166999999999
497.963	607.4766999999999
498.181	633.9667000000001
498.398	647.9967
498.615	686.0966999999999
498.832	712.8867
499.049	734.4467
499.267	770.5867
499.484	815.0767000000001
499.701	865.9867
499.918	908.0966999999999
500.135	955.5867
500.352	993.0267
500.569	997.8367
500.786	987.1467
501.003	963.0966999999999
501.22	926.0667
501.437	883.7067
501.654	838.2367
501.871	808.3567
502.088	750.8267000000001
502.305	710.7867
502.522	681.6967
502.739	660.2067
502.956	633.4167
503.172	612.3167
503.389	601.1667
503.606	603.3867
503.823	590.6567
504.04	586.0467
504.256	587.1367
504.473	598.9766999999999
504.69	602.3767
504.907	587.9467
505.123	559.1867000000001
505.34	546.2667
505.557	532.0167
505.773	529.6967
505.99	524.4766999999999
506.207	519.8867
506.423	515.3067
506.64	509.01669999999996
506.856	502.5067
507.073	500.11670000000004
507.289	499.37669999999997
507.506	501.3167
507.722	519.7967000000001
507.939	517.4967
508.155	495.4167
508.372	483.2067
508.588	480.5867
508.805	479.8467
509.021	482.4567
509.238	496.9567
509.454	496.49670000000003
509.67	493.5967
509.887	492.79670000000004
510.103	510.61670000000004
510.319	598.1167
510.536	1204.2267
510.752	2949.2967
510.968	1088.6767
511.184	525.0867
511.401	472.74670000000003
511.617	458.1367
511.833	451.0667
512.049	448.3167
512.265	446.2267
512.481	445.5067
512.698	444.5967
512.914	446.4567
513.13	447.6467
513.346	445.2767
513.562	447.4867
513.778	451.7167
513.994	458.35670000000005
514.21	466.6467
514.426	492.26669999999996
514.642	520.8667
514.858	523.6067
515.074	586.5267
515.29	940.6166999999999
515.506	2043.1066999999998
515.721	1003.3267000000001
515.937	566.3867
516.153	512.8767
516.369	502.9567
516.585	502.5967
516.801	506.18670000000003
517.016	519.4467
517.232	533.4067
517.448	546.8067
517.664	554.2567
517.879	553.0167
518.095	549.7567
518.311	543.5367
518.527	525.0067
518.742	512.8267000000001
518.958	499.8067
519.173	486.87669999999997
519.389	480.2867
519.605	473.19669999999996
519.82	470.4067
520.036	479.87669999999997
520.251	500.8467
520.467	501.12669999999997
520.682	491.2067
520.898	491.54670000000004
521.113	502.6567
521.329	541.1867000000001
521.544	643.7767
521.76	1094.3967
521.975	3074.5767
522.19	2015.5067000000001
522.406	716.6467
522.621	489.8867
522.836	446.7567
523.052	430.4667
523.267	421.87669999999997
523.482	412.6567
523.698	415.4767
523.913	431.18670000000003
524.128	416.17670000000004
524.343	400.7167
524.559	397.8067
524.774	393.74670000000003
524.989	398.9067
525.204	407.61670000000004
525.419	400.7767
525.634	389.3267
525.849	386.1467
526.064	383.62669999999997
526.28	383.10670000000005
526.495	378.3267
526.71	379.7867
526.925	378.10670000000005
527.14	376.5867
527.355	375.94669999999996
527.57	376.8067
527.785	377.94669999999996
527.999	374.8867
528.214	378.9067
528.429	381.7767
528.644	380.5967
528.859	379.12669999999997
529.074	381.51669999999996
529.289	420.19669999999996
529.503	498.2167
529.718	417.2067
529.933	391.3067
530.148	382.8167
530.363	380.2567
530.577	376.4567
530.792	374.0067
531.007	375.01669999999996
531.221	377.9667
531.436	375.0967
531.651	375.6467
531.865	373.5067
532.08	372.9767
532.295	375.3167
532.509	372.36670000000004
532.724	371.7367
532.938	376.54670000000004
533.153	379.5367
533.367	371.76669999999996
533.582	373.36670000000004
533.796	371.5067
534.011	370.8967
534.225	369.8967
534.44	364.4867
534.654	366.2067
534.868	364.5067
535.083	366.2767
535.297	368.87669999999997
535.511	375.2367
535.726	376.26669999999996
535.94	373.12669999999997
536.154	364.74670000000003
536.369	359.6667
536.583	352.29670000000004
536.797	353.8967
537.011	352.54670000000004
537.225	349.60670000000005
537.44	352.49670000000003
537.654	351.92670000000004
537.868	350.5367
538.082	349.99670000000003
538.296	352.26669999999996
538.51	350.04670000000004
538.724	349.44669999999996
538.938	347.5967
539.153	349.7567
539.367	367.2867
539.581	353.49670000000003
539.795	342.5367
540.009	345.54670000000004
540.222	343.9167
540.436	346.68670000000003
540.65	346.7067
540.864	349.49670000000003
541.078	356.29670000000004
541.292	350.7167
541.506	344.7267
541.72	338.0567
541.934	335.2267
542.147	336.29670000000004
542.361	334.0767
542.575	334.1367
542.789	336.17670000000004
543.002	338.19669999999996
543.216	344.2067
543.43	347.8267
543.644	342.0267
543.857	341.10670000000005
544.071	342.9167
544.285	342.26669999999996
544.498	341.0767
544.712	337.8467
544.925	340.7367
545.139	338.2267
545.352	337.2867
545.566	339.43670000000003
545.779	339.0867
545.993	338.2267
546.206	339.8467
546.42	336.5467
546.633	338.9867
546.847	338.37669999999997
547.06	336.2367
547.274	333.94669999999996
547.487	334.9667
547.7	337.19669999999996
547.914	336.8367
548.127	339.9567
548.34	338.2067
548.554	336.0967
548.767	338.8967
548.98	340.3367
549.193	339.67670000000004
549.407	340.94669999999996
549.62	344.1367
549.833	343.7167
550.046	339.2067
550.259	337.8067
550.473	334.10670000000005
550.686	334.68670000000003
550.899	331.94669999999996
551.112	331.60670000000005
551.325	329.9067
551.538	330.8367
551.751	330.9167
551.964	332.9867
552.177	335.2067
552.39	339.76669999999996
552.603	345.29670000000004
552.816	351.2167
553.029	355.5867
553.242	359.4667
553.455	369.69669999999996
553.667	380.0267
553.88	372.24670000000003
554.093	357.5267
554.306	350.5567
554.519	346.7767
554.732	336.8267
554.944	334.12669999999997
555.157	326.67670000000004
555.37	322.9567
555.583	321.7967
555.795	320.7367
556.008	312.2067
556.221	309.7367
556.433	308.4767
556.646	306.8867
556.859	306.9567
557.071	301.3467
557.284	300.0267
557.496	300.2867
557.709	297.7267
557.921	297.2867
558.134	296.44669999999996
558.346	294.3967
558.559	294.51669999999996
558.771	290.1567
558.984	288.5467
559.196	288.93670000000003
559.409	288.5467
559.621	286.19669999999996
559.833	285.5467
560.046	284.3167
560.258	287.7867
560.47	285.6667
560.683	285.6167
560.895	286.9167
561.107	284.6467
561.32	285.4167
561.532	287.8967
561.744	287.87669999999997
561.956	288.0767
562.168	290.0967
562.381	286.4667
562.593	291.7567
562.805	293.51669999999996
563.017	291.18670000000003
563.229	291.0067
563.441	291.0067
563.653	293.6467
563.865	292.6567
564.077	295.6367
564.289	297.0367
564.501	301.3967
564.713	307.8067
564.925	315.24670000000003
565.137	327.5067
565.349	320.0767
565.561	322.9567
565.773	333.4167
565.985	343.68670000000003
566.197	355.61670000000004
566.408	374.8067
566.62	399.2167
566.832	414.0967
567.044	415.3167
567.255	416.42670000000004
567.467	429.11670000000004
567.679	447.9567
567.891	468.5867
568.102	468.67670000000004
568.314	445.3067
568.526	408.5767
568.737	386.9767
568.949	361.5267
569.161	342.5567
569.372	326.5567
569.584	316.3967
569.795	313.5367
570.007	332.6567
570.218	470.17670000000004
570.43	347.8867
570.641	299.2567
570.853	292.8267
571.064	292.7267
571.276	288.6167
571.487	283.6467
571.698	275.51669999999996
571.91	270.4667
572.121	265.8167
572.333	262.4567
572.544	258.3167
572.755	258.3467
572.966	254.3667
573.178	255.04670000000002
573.389	252.5767
573.6	250.9967
573.811	249.1667
574.023	247.6867
574.234	247.0967
574.445	247.39669999999998
574.656	247.1567
574.867	247.9667
575.078	247.2467
575.289	245.3367
575.501	243.7567
575.712	240.9267
575.923	242.5967
576.134	237.8567
576.345	239.6867
576.556	239.1667
576.767	236.3667
576.978	238.38670000000002
577.188	238.98669999999998
577.399	234.6067
577.61	236.4367
577.821	241.31670000000003
578.032	259.9667
578.243	438.35670000000005
578.454	988.3067
578.665	371.92670000000004
578.875	243.79670000000002
579.086	231.63670000000002
579.297	226.6267
579.508	225.4167
579.718	223.6667
579.929	222.8567
580.14	219.3767
580.35	220.0367
580.561	220.4567
580.772	218.7467
580.982	218.6767
581.193	216.7667
581.403	219.22670000000002
581.614	218.4567
581.825	216.97670000000002
582.035	216.47670000000002
582.246	214.9967
582.456	213.88670000000002
582.667	216.6167
582.877	214.7767
583.087	212.5167
583.298	215.5367
583.508	213.63670000000002
583.719	213.0967
583.929	213.8767
584.139	212.38670000000002
584.35	209.39669999999998
584.56	214.98669999999998
584.77	212.3767
584.981	212.0767
585.191	211.64669999999998
585.401	213.2167
585.611	210.1267
585.821	211.3567
586.032	210.8767
586.242	209.8767
586.452	207.1967
586.662	206.9667
586.872	206.9067
587.082	206.79670000000002
587.292	205.0567
587.502	206.4567
587.713	205.6767
587.923	209.2467
588.133	206.56670000000003
588.343	205.2467
588.553	205.7767
588.762	208.0867
588.972	208.13670000000002
589.182	212.5567
589.392	207.6967
589.602	209.13670000000002
589.812	208.1167
590.022	209.6067
590.232	207.23669999999998
590.441	208.0367
590.651	208.4367
590.861	209.7567
591.071	209.5867
591.281	212.98669999999998
591.49	212.79670000000002
591.7	215.38670000000002
591.91	219.7067
592.119	218.7867
592.329	226.1667
592.539	235.06670000000003
592.748	234.97670000000002
592.958	235.9267
593.167	238.2467
593.377	240.5567
593.587	247.0267
593.796	243.0867
594.006	243.22670000000002
594.215	243.1167
594.424	242.2867
594.634	237.4567
594.843	231.4667
595.053	226.2667
595.262	222.56670000000003
595.472	219.2867
595.681	214.1167
595.89	208.9667
596.1	207.3267
596.309	205.3667
596.518	203.31670000000003
596.727	200.48669999999998
596.937	199.08669999999998
597.146	197.5767
597.355	196.0167
597.564	192.23669999999998
597.774	193.88670000000002
597.983	189.5767
598.192	189.9567
598.401	189.4367
598.61	187.2767
598.819	185.64669999999998
599.028	184.5967
599.237	185.17669999999998
599.446	187.3567
599.655	186.6867
599.864	185.9367
600.073	182.73669999999998
600.282	186.81670000000003
600.491	185.9467
600.7	184.2667
600.909	183.5767
601.118	185.8267
601.327	185.89669999999998
601.536	182.54670000000002
601.745	183.4467
601.953	182.0767
602.162	182.22670000000002
602.371	181.73669999999998
602.58	177.83669999999998
602.789	179.1967
602.997	178.67669999999998
603.206	179.81670000000003
603.415	177.5367
603.623	175.1167
603.832	175.5067
604.041	175.98669999999998
604.249	173.5967
604.458	173.9567
604.666	172.33669999999998
604.875	174.9567
605.084	172.6967
605.292	172.7067
605.501	173.1167
605.709	171.54670000000002
605.918	171.13670000000002
606.126	172.4067
606.334	172.3667
606.543	172.4467
606.751	173.0567
606.96	170.2567
607.168	170.08669999999998
607.376	171.2867
607.585	172.1167
607.793	171.4667
608.001	170.0767
608.21	168.89669999999998
608.418	169.1067
608.626	169.1267
608.834	169.42669999999998
609.043	169.3267
609.251	169.39669999999998
609.459	167.5567
609.667	170.3467
609.875	166.7667
610.083	167.3267
610.291	168.7167
610.499	168.0967
610.707	169.9367
610.916	167.3567
611.124	168.06670000000003
611.332	167.8467
611.54	167.6067
611.748	165.56670000000003
611.955	164.6967
612.163	164.6067
612.371	163.97670000000002
612.579	162.7167
612.787	165.04670000000002
612.995	164.2767
613.203	166.1667
613.411	164.5967
613.618	164.81670000000003
613.826	163.6867
614.034	162.0767
614.242	165.6267
614.449	163.22670000000002
614.657	163.54670000000002
614.865	165.0967
615.072	166.2667
615.28	164.48669999999998
615.488	164.17669999999998
615.695	170.7867
615.903	176.3067
616.111	179.8567
616.318	179.29670000000002
616.526	176.2667
616.733	174.98669999999998
616.941	169.6267
617.148	170.1967
617.356	168.7667
617.563	167.1067
617.771	165.9667
617.978	164.9667
618.185	166.2467
618.393	163.48669999999998
618.6	166.1867
618.807	163.9167
619.015	162.9467
619.222	162.2567
619.429	162.5567
619.637	163.98669999999998
619.844	161.4567
620.051	160.8367
620.258	161.23669999999998
620.466	156.7967
620.673	154.2167
620.88	154.8767
621.087	156.3667
621.294	156.4667
621.501	155.7867
621.708	158.5267
621.915	157.9267
622.122	158.1567
622.329	158.6667
622.536	156.6067
622.743	153.8467
622.95	154.7767
623.157	152.7467
623.364	153.3067
623.571	153.7767
623.778	152.3167
623.985	152.4067
624.192	152.9967
624.399	151.5567
624.606	154.2567
624.812	152.9367
625.019	151.1167
625.226	150.4067
625.433	152.6667
625.639	149.48669999999998
625.846	147.9067
626.053	148.3767
626.259	148.7567
626.466	149.9067
626.673	149.1067
626.879	147.8367
627.086	150.1667
627.293	149.7867
627.499	148.4467
627.706	147.6667
627.912	146.4567
628.119	146.2167
628.325	148.0967
628.532	145.51670000000001
628.738	146.2567
628.945	143.6267
629.151	143.4567
629.357	142.7567
629.564	142.89669999999998
629.77	143.0867
629.976	142.2467
630.183	141.5967
630.389	139.6667
630.595	139.6067
630.802	141.6867
631.008	140.5767
631.214	139.5267
631.42	141.1567
631.627	142.9567
631.833	138.5067
632.039	137.2167
632.245	138.2867
632.451	138.9467
632.657	138.2567
632.863	136.1567
633.069	137.3367
633.275	137.23669999999998
633.481	135.0367
633.688	136.7167
633.893	137.9667
634.099	135.1167
634.305	135.1867
634.511	134.14669999999998
634.717	133.8067
634.923	133.5767
635.129	131.9767
635.335	133.7567
635.541	131.6667
635.747	134.26670000000001
635.952	130.4967
636.158	133.8667
636.364	135.7867
636.57	133.76670000000001
636.775	133.0267
636.981	132.6067
637.187	131.3767
637.392	131.23669999999998
637.598	132.2267
637.804	133.04670000000002
638.009	134.3167
638.215	131.3567
638.421	130.1267
638.626	130.4067
638.832	131.8267
639.037	129.2167
639.243	129.1867
639.448	129.4267
639.654	131.7067
639.859	128.6867
640.065	127.3167
640.27	132.6967
640.475	127.6067
640.681	127.4267
640.886	129.5667
641.091	128.5267
641.297	130.0067
641.502	127.3967
641.707	129.3567
641.913	129.0567
642.118	125.41669999999999
642.323	128.3867
642.528	128.8767
642.733	127.3967
642.939	127.3467
643.144	126.5767
643.349	126.4767
643.554	127.1467
643.759	126.5267
643.964	123.8467
644.169	125.9967
644.374	125.91669999999999
644.579	126.36670000000001
644.784	125.7367
644.989	125.6467
645.194	125.66669999999999
645.399	126.8567
645.604	125.04670000000002
645.809	129.6567
646.014	126.5167
646.219	126.16669999999999
646.423	126.4967
646.628	126.4767
646.833	127.0267
647.038	127.11670000000001
647.243	131.2067
647.447	129.01670000000001
647.652	129.1867
647.857	128.4067
648.062	133.1767
648.266	133.1167
648.471	137.8367
648.676	138.3767
648.88	136.7067
649.085	135.3267
649.289	135.4167
649.494	148.5667
649.698	184.2067
649.903	146.29670000000002
650.107	131.3067
650.312	125.71669999999999
650.516	121.7467
650.721	121.2467
650.925	119.5967
651.13	116.4967
651.334	117.2567
651.539	117.36670000000001
651.743	114.6867
651.947	116.2567
652.152	116.4267
652.356	113.5167
652.56	115.7567
652.764	112.2467
652.969	110.86670000000001
653.173	109.8467
653.377	109.9067
653.581	109.8267
653.785	109.86670000000001
653.99	110.63669999999999
654.194	109.7767
654.398	107.41669999999999
654.602	108.8567
654.806	112.95670000000001
655.01	130.0067
655.214	114.1867
655.418	107.5767
655.622	108.5967
655.826	107.6467
656.03	109.5267
656.234	113.96669999999999
656.438	119.1867
656.642	116.4967
656.846	110.4267
657.049	104.63669999999999
657.253	103.21669999999999
657.457	100.96669999999999
657.661	98.63669999999999
657.865	97.96669999999999
658.068	95.53670000000001
658.272	95.04670000000002
658.476	93.3967
658.68	93.3167
658.883	92.87670000000001
659.087	89.4067
659.291	91.36670000000001
659.494	90.4267
659.698	87.20670000000001
659.901	89.78670000000001
660.105	89.7467
660.309	88.38669999999999
660.512	87.29670000000002
660.716	88.1867
660.919	87.63669999999999
661.123	88.4467
661.326	85.6967
661.53	85.2367
661.733	84.3967
661.936	84.78670000000001
662.14	84.71669999999999
662.343	84.66669999999999
662.546	84.28670000000001
662.75	82.54670000000002
662.953	84.2567
663.156	83.29670000000002
663.36	83.05669999999999
663.563	83.6767
663.766	81.37670000000001
663.969	82.7467
664.173	82.88669999999999
664.376	82.5767
664.579	81.88669999999999
664.782	82.0067
664.985	82.0667
665.188	82.11670000000001
665.391	82.9767
665.594	80.8567
665.797	80.97670000000001
666.0	80.3467
666.203	81.7267
666.406	80.7767
666.609	81.41669999999999
666.812	82.62670000000001
667.015	82.1967
667.218	81.9067
667.421	82.46669999999999
667.624	80.3167
667.827	83.0767
668.03	80.1567
668.232	81.0167
668.435	80.22670000000001
668.638	81.0567
668.841	82.4967
669.043	79.3667
669.246	80.4967
669.449	82.4067
669.651	81.0167
669.854	81.36670000000001
670.057	81.2567
670.259	81.3567
670.462	81.36670000000001
670.665	81.20670000000001
670.867	81.71669999999999
671.07	82.3167
671.272	83.1567
671.475	83.3167
671.677	81.1067
671.88	80.8367
672.082	80.3767
672.284	82.04670000000002
672.487	82.0067
672.689	80.3567
672.892	80.3167
