223.165	-16.984199999999998
223.4	-16.984199999999998
223.635	-16.984199999999998
223.869	-18.104200000000002
224.104	-19.5742
224.338	-15.6042
224.573	-15.1342
224.808	-12.9642
225.042	-8.3642
225.277	-6.8042
225.511	-1.4642
225.746	3.7958000000000003
225.98	7.365799999999999
226.215	11.435799999999999
226.449	17.8658
226.683	19.645799999999998
226.918	24.0858
227.152	30.8058
227.387	34.7958
227.621	39.125800000000005
227.856	43.0858
228.09	46.11580000000001
228.324	48.2958
228.559	54.525800000000004
228.793	57.3758
229.027	62.455799999999996
229.262	66.36580000000001
229.496	73.5658
229.73	82.50580000000001
229.964	82.0358
230.199	74.2358
230.433	75.3158
230.667	77.5358
230.901	77.6058
231.136	77.2858
231.37	79.4658
231.604	79.5658
231.838	80.64580000000001
232.072	78.6958
232.306	80.7158
232.541	79.89580000000001
232.775	78.9958
233.009	81.1558
233.243	80.33579999999999
233.477	81.2058
233.711	80.08579999999999
233.945	81.8658
234.179	79.9558
234.413	82.2858
234.647	80.11580000000001
234.881	79.8158
235.115	79.6558
235.349	80.1758
235.583	78.5258
235.817	78.9358
236.051	77.0058
236.285	77.5058
236.519	78.91579999999999
236.753	77.0658
236.987	79.0058
237.221	83.10579999999999
237.455	86.43579999999999
237.689	77.36580000000001
237.922	75.6958
238.156	75.7058
238.39	76.3158
238.624	74.58579999999999
238.858	76.58579999999999
239.091	76.1858
239.325	76.5958
239.559	79.4758
239.793	77.33579999999999
240.027	79.11580000000001
240.26	76.58579999999999
240.494	77.64580000000001
240.728	75.1058
240.961	76.2758
241.195	79.0158
241.429	75.9058
241.662	76.8058
241.896	75.89580000000001
242.13	73.9558
242.363	76.5058
242.597	75.3258
242.83	76.4858
243.064	77.4958
243.298	76.2558
243.531	76.4758
243.765	79.8558
243.998	78.9358
244.232	79.3058
244.465	83.94579999999999
244.699	79.0958
244.932	78.6558
245.166	79.3158
245.399	77.7858
245.633	78.11580000000001
245.866	76.9858
246.099	76.5258
246.333	77.5958
246.566	77.4058
246.8	77.9758
247.033	77.64580000000001
247.266	78.1358
247.5	79.5158
247.733	78.1058
247.966	81.2158
248.2	79.8758
248.433	78.6258
248.666	79.61580000000001
248.899	81.2958
249.133	84.0458
249.366	95.6658
249.599	95.3758
249.832	81.8258
250.066	82.0358
250.299	78.6958
250.532	80.41579999999999
250.765	78.7158
250.998	79.1358
251.231	80.4058
251.465	80.5758
251.698	79.9558
251.931	78.6958
252.164	79.0558
252.397	78.9458
252.63	80.89580000000001
252.863	80.6558
253.096	79.9358
253.329	82.68579999999999
253.562	80.2158
253.795	82.8058
254.028	80.5258
254.261	79.9658
254.494	79.08579999999999
254.727	82.0358
254.96	81.9558
255.193	80.2058
255.426	78.6958
255.659	79.5458
255.892	81.4658
256.124	81.0758
256.357	81.0258
256.59	80.7658
256.823	80.16579999999999
257.056	82.0758
257.289	81.93579999999999
257.521	82.44579999999999
257.754	81.2058
257.987	81.0158
258.22	83.8758
258.452	80.9258
258.685	82.4858
258.918	81.7258
259.151	82.0358
259.383	84.10579999999999
259.616	81.14580000000001
259.849	83.02579999999999
260.081	82.4658
260.314	81.76579999999998
260.547	81.8758
260.779	81.3358
261.012	82.1258
261.244	83.4958
261.477	87.52579999999999
261.71	92.0358
261.942	107.0358
262.175	111.50580000000001
262.407	89.2158
262.64	83.0458
262.872	82.67580000000001
263.105	82.7858
263.337	85.17580000000001
263.57	81.4058
263.802	83.10579999999999
264.035	83.52579999999999
264.267	82.4858
264.499	81.5558
264.732	85.6158
264.964	83.60579999999999
265.197	83.7858
265.429	84.5758
265.661	82.4658
265.894	83.7358
266.126	84.93579999999999
266.358	83.09580000000001
266.591	82.1258
266.823	83.10579999999999
267.055	82.2258
267.287	83.9158
267.52	82.42580000000001
267.752	84.8758
267.984	85.0358
268.216	83.9658
268.448	86.14580000000001
268.681	83.2058
268.913	85.3158
269.145	83.4658
269.377	85.01579999999998
269.609	81.5558
269.841	83.8158
270.073	84.26579999999998
270.306	84.67580000000001
270.538	85.2158
270.77	85.2258
271.002	84.4158
271.234	84.1258
271.466	86.2258
271.698	85.17580000000001
271.93	84.85579999999999
272.162	85.1158
272.394	87.1258
272.626	84.84580000000001
272.858	85.92580000000001
273.09	83.8858
273.322	86.0858
273.553	84.0658
273.785	84.5858
274.017	84.7958
274.249	85.6258
274.481	83.5358
274.713	84.69579999999999
274.945	86.6158
275.176	84.77579999999999
275.408	87.6158
275.64	86.43579999999999
275.872	86.0658
276.104	87.3158
276.335	90.19579999999999
276.567	95.6158
276.799	104.4558
277.031	98.4158
277.262	91.0558
277.494	89.4658
277.726	85.76579999999998
277.957	85.68579999999999
278.189	85.44579999999999
278.421	86.2358
278.652	86.85579999999999
278.884	85.8158
279.115	86.75580000000001
279.347	85.5758
279.579	85.02579999999999
279.81	85.09580000000001
280.042	86.69579999999999
280.273	87.64580000000001
280.505	88.2258
280.736	87.1258
280.968	86.9658
281.199	87.1258
281.431	86.3158
281.662	87.17580000000001
281.894	89.3058
282.125	98.0458
282.356	114.1258
282.588	134.2158
282.819	112.2458
283.051	91.7158
283.282	86.8858
283.513	86.5758
283.745	87.9958
283.976	86.52579999999999
284.207	87.1358
284.439	88.3658
284.67	87.8658
284.901	86.6358
285.132	85.9558
285.364	86.4158
285.595	87.67580000000001
285.826	88.2458
286.057	87.59580000000001
286.288	85.68579999999999
286.52	87.35579999999999
286.751	85.8058
286.982	87.9658
287.213	85.6558
287.444	87.7958
287.675	88.3658
287.906	88.5758
288.138	88.3758
288.369	91.4658
288.6	91.0758
288.831	87.0458
289.062	87.8758
289.293	89.1558
289.524	87.7058
289.755	87.17580000000001
289.986	86.0558
290.217	85.9858
290.448	87.2358
290.679	86.4758
290.91	87.8858
291.141	86.34580000000001
291.371	87.3758
291.602	86.3158
291.833	86.2058
292.064	85.8858
292.295	88.19579999999999
292.526	89.4758
292.757	87.2458
292.987	87.9158
293.218	87.51579999999998
293.449	88.1358
293.68	88.1258
293.91	87.3258
294.141	90.44579999999999
294.372	89.44579999999999
294.603	88.3758
294.833	87.2858
295.064	87.02579999999999
295.295	90.92580000000001
295.525	91.1358
295.756	99.18579999999999
295.987	112.9858
296.217	133.4458
296.448	119.8158
296.679	94.77579999999999
296.909	90.76579999999998
297.14	88.25580000000001
297.37	90.26579999999998
297.601	86.9558
297.831	88.3758
298.062	90.0658
298.292	89.60579999999999
298.523	90.9658
298.753	87.5758
298.984	88.5658
299.214	88.7958
299.445	91.1358
299.675	92.43579999999999
299.905	94.0558
300.136	90.4858
300.366	87.9958
300.597	88.7258
300.827	92.3158
301.057	96.6558
301.288	101.9858
301.518	94.00580000000001
301.748	89.3858
301.979	98.3258
302.209	91.7858
302.439	90.2158
302.669	88.4958
302.9	89.1258
303.13	89.0858
303.36	92.89580000000001
303.59	99.17580000000001
303.82	103.19579999999999
304.051	92.8758
304.281	90.7858
304.511	89.1158
304.741	87.10579999999999
304.971	87.42580000000001
305.201	89.26579999999998
305.431	89.94579999999999
305.661	89.4658
305.891	91.09580000000001
306.121	95.18579999999999
306.352	100.93579999999999
306.582	101.2858
306.812	94.6658
307.042	90.89580000000001
307.272	91.7158
307.502	92.8158
307.731	94.25580000000001
307.961	90.9858
308.191	89.5358
308.421	91.0558
308.651	90.7458
308.881	90.7258
309.111	92.9158
309.341	95.4158
309.571	96.8158
309.8	94.8158
310.03	96.5558
310.26	95.2358
310.49	94.60579999999999
310.72	97.1258
310.949	101.9958
311.179	98.64580000000001
311.409	91.9058
311.639	94.84580000000001
311.868	95.0558
312.098	94.4858
312.328	95.7058
312.557	100.5558
312.787	102.51579999999998
313.017	99.8658
313.246	94.14580000000001
313.476	92.69579999999999
313.706	92.0658
313.935	95.14580000000001
314.165	98.1558
314.394	98.7158
314.624	96.8358
314.853	97.59580000000001
315.083	92.8858
315.312	93.4658
315.542	90.92580000000001
315.771	92.4158
316.001	90.3858
316.23	91.2258
316.46	90.3658
316.689	90.84580000000001
316.919	92.5658
317.148	93.64580000000001
317.377	94.6258
317.607	93.14580000000001
317.836	92.2458
318.065	92.6658
318.295	90.34580000000001
318.524	91.17580000000001
318.753	90.7058
318.983	93.42580000000001
319.212	98.1358
319.441	105.0658
319.67	104.43579999999999
319.9	94.6558
320.129	94.01579999999998
320.358	93.76579999999998
320.587	95.93579999999999
320.816	99.02579999999999
321.046	98.9958
321.275	97.9958
321.504	94.6158
321.733	97.35579999999999
321.962	98.8158
322.191	100.50580000000001
322.42	103.92580000000001
322.649	108.69579999999999
322.878	109.94579999999999
323.108	114.7158
323.337	122.0358
323.566	130.91580000000002
323.795	150.2758
324.024	207.4358
324.253	402.45579999999995
324.482	862.0858000000001
324.71	1790.9158
324.939	2367.9058
325.168	850.5658
325.397	249.6958
325.626	150.8358
325.855	131.0558
326.084	125.26579999999998
326.313	132.54579999999999
326.542	155.0558
326.77	234.3458
326.999	473.88579999999996
327.228	992.0058
327.457	1842.8657999999998
327.686	1449.4058
327.914	382.61580000000004
328.143	192.5658
328.372	150.1958
328.6	124.43579999999999
328.829	118.2158
329.058	127.89580000000001
329.287	127.7158
329.515	110.75580000000001
329.744	104.4558
329.972	103.8258
330.201	110.7458
330.43	123.0758
330.658	126.1258
330.887	140.57580000000002
331.115	122.1358
331.344	101.02579999999999
331.572	100.3858
331.801	104.2458
332.03	103.60579999999999
332.258	98.3358
332.486	91.9658
332.715	92.9858
332.943	94.26579999999998
333.172	95.8058
333.4	97.3258
333.629	105.10579999999999
333.857	110.27579999999999
334.085	108.0458
334.314	106.4058
334.542	118.2358
334.771	118.0558
334.999	101.7258
335.227	97.10579999999999
335.455	96.42580000000001
335.684	97.35579999999999
335.912	96.93579999999999
336.14	98.2958
336.369	97.7958
336.597	97.3758
336.825	97.2058
337.053	93.09580000000001
337.281	94.01579999999998
337.51	91.7858
337.738	92.7458
337.966	91.8658
338.194	95.34580000000001
338.422	93.14580000000001
338.65	93.01579999999998
338.878	94.2858
339.106	90.0458
339.334	93.5858
339.562	90.7458
339.79	90.64580000000001
340.018	92.93579999999999
340.246	92.14580000000001
340.474	94.27579999999999
340.702	92.67580000000001
340.93	91.7058
341.158	92.8758
341.386	95.1158
341.614	95.5358
341.842	94.14580000000001
342.07	91.2258
342.298	92.1658
342.526	91.68579999999999
342.754	89.4858
342.981	89.93579999999999
343.209	89.8358
343.437	100.3158
343.665	91.52579999999999
343.893	92.5458
344.12	94.43579999999999
344.348	91.2358
344.576	89.4858
344.804	91.9858
345.031	94.9058
345.259	97.4058
345.487	96.1658
345.714	93.2258
345.942	91.84580000000001
346.17	90.9858
346.397	93.2158
346.625	93.3658
346.853	92.4058
347.08	92.34580000000001
347.308	95.8858
347.535	96.52579999999999
347.763	98.4858
347.99	97.44579999999999
348.218	100.67580000000001
348.445	101.44579999999999
348.673	98.85579999999999
348.9	96.1658
349.128	94.3158
349.355	92.85579999999999
349.583	94.89580000000001
349.81	93.14580000000001
350.037	95.6658
350.265	95.89580000000001
350.492	93.2058
350.72	96.4958
350.947	100.2158
351.174	106.7358
351.402	108.3658
351.629	101.64580000000001
351.856	101.4958
352.083	101.26579999999998
352.311	104.59580000000001
352.538	106.26579999999998
352.765	107.02579999999999
352.992	110.7858
353.22	108.68579999999999
353.447	102.9658
353.674	100.3258
353.901	97.3158
354.128	97.2058
354.355	97.2958
354.583	96.7358
354.81	96.8758
355.037	96.7158
355.264	94.1558
355.491	94.0558
355.718	92.2358
355.945	94.6558
356.172	94.10579999999999
356.399	95.5858
356.626	93.84580000000001
356.853	93.34580000000001
357.08	93.51579999999998
357.307	92.9058
357.534	92.44579999999999
357.761	92.3658
357.988	93.5858
358.215	93.8858
358.441	91.6558
358.668	91.5358
358.895	89.44579999999999
359.122	90.10579999999999
359.349	89.2958
359.576	93.0858
359.802	99.1658
360.029	109.68579999999999
360.256	109.8858
360.483	98.3358
360.709	90.0358
360.936	94.01579999999998
361.163	95.4658
361.39	94.09580000000001
361.616	94.0558
361.843	91.1158
362.07	93.93579999999999
362.296	95.10579999999999
362.523	92.3158
362.749	91.6158
362.976	89.1358
363.203	91.7458
363.429	90.5858
363.656	90.44579999999999
363.882	90.18579999999999
364.109	91.8658
364.335	92.3758
364.562	90.5658
364.788	91.0658
365.015	93.7358
365.241	97.3158
365.468	105.85579999999999
365.694	103.67580000000001
365.92	95.1158
366.147	92.0758
366.373	89.14580000000001
366.599	89.9158
366.826	89.4958
367.052	89.9758
367.278	92.17580000000001
367.505	90.3258
367.731	92.5758
367.957	92.8358
368.184	90.8858
368.41	98.39580000000001
368.636	109.50580000000001
368.862	116.4158
369.089	104.5758
369.315	93.2958
369.541	91.4758
369.767	91.2258
369.993	90.68579999999999
370.219	90.7958
370.445	92.4658
370.672	88.60579999999999
370.898	87.93579999999999
371.124	87.5658
371.35	88.94579999999999
371.576	90.7258
371.802	88.3358
372.028	88.7058
372.254	88.3258
372.48	88.4758
372.706	86.8058
372.932	87.67580000000001
373.158	87.9758
373.384	91.25580000000001
373.61	91.2058
373.835	91.3158
374.061	89.89580000000001
374.287	92.00580000000001
374.513	91.0658
374.739	89.1358
374.965	89.2258
375.191	88.69579999999999
375.416	88.93579999999999
375.642	87.7458
375.868	93.1158
376.094	90.8158
376.319	88.8058
376.545	89.02579999999999
376.771	89.2058
376.997	89.64580000000001
377.222	89.85579999999999
377.448	92.0758
377.674	89.0358
377.899	90.09580000000001
378.125	90.0358
378.35	91.2858
378.576	89.93579999999999
378.802	89.3158
379.027	89.85579999999999
379.253	93.02579999999999
379.478	90.59580000000001
379.704	91.0858
379.929	91.85579999999999
380.155	93.02579999999999
380.38	93.02579999999999
380.606	93.01579999999998
380.831	92.60579999999999
381.057	96.5358
381.282	93.34580000000001
381.507	93.5858
381.733	93.3358
381.958	93.59580000000001
382.184	95.1558
382.409	96.89580000000001
382.634	100.3358
382.86	96.00580000000001
383.085	98.6658
383.31	97.2858
383.535	97.50580000000001
383.761	96.9858
383.986	96.8358
384.211	94.7258
384.436	96.0858
384.662	96.4958
384.887	97.10579999999999
385.112	97.14580000000001
385.337	98.94579999999999
385.562	99.1558
385.787	99.89580000000001
386.013	104.9958
386.238	107.7058
386.463	103.0558
386.688	105.0858
386.913	97.60579999999999
387.138	100.7158
387.363	100.0858
387.588	100.2058
387.813	97.27579999999999
388.038	101.1358
388.263	103.89580000000001
388.488	105.01579999999998
388.713	94.84580000000001
388.938	93.84580000000001
389.163	95.2458
389.387	97.0458
389.612	93.6158
389.837	91.18579999999999
390.062	93.17580000000001
390.287	92.3358
390.512	91.64580000000001
390.736	91.4758
390.961	91.0558
391.186	92.8858
391.411	95.68579999999999
391.636	91.0358
391.86	88.4658
392.085	86.94579999999999
392.31	86.8658
392.534	88.10579999999999
392.759	88.1558
392.984	87.7058
393.208	90.0358
393.433	92.51579999999998
393.658	91.39580000000001
393.882	87.50580000000001
394.107	86.9858
394.331	85.6158
394.556	86.52579999999999
394.78	88.7858
395.005	86.9758
395.229	85.9558
395.454	89.1158
395.678	84.75580000000001
395.903	88.9958
396.127	89.34580000000001
396.352	88.39580000000001
396.576	86.7258
396.801	89.9658
397.025	89.3358
397.249	88.0358
397.474	89.92580000000001
397.698	88.9058
397.922	88.02579999999999
398.147	88.75580000000001
398.371	87.01579999999998
398.595	86.8858
398.82	85.93579999999999
399.044	86.8158
399.268	88.2858
399.492	87.8158
399.717	89.76579999999998
399.941	88.0358
400.165	94.44579999999999
400.389	93.3258
400.613	86.64580000000001
400.837	87.9958
401.062	87.75580000000001
401.286	88.9158
401.51	90.3258
401.734	91.19579999999999
401.958	98.8658
402.182	124.2058
402.406	152.2758
402.63	113.64580000000001
402.854	93.9758
403.078	91.85579999999999
403.302	89.19579999999999
403.526	87.77579999999999
403.75	87.9058
403.974	87.00580000000001
404.198	87.2358
404.422	88.8658
404.645	87.9858
404.869	90.0658
405.093	93.2958
405.317	99.42580000000001
405.541	99.4558
405.765	98.7058
405.988	114.1358
406.212	167.4558
406.436	219.88580000000002
406.66	141.4658
406.883	100.7058
407.107	93.3758
407.331	96.5558
407.555	98.69579999999999
407.778	97.64580000000001
408.002	91.50580000000001
408.226	90.1358
408.449	87.92580000000001
408.673	88.3158
408.896	93.8758
409.12	98.17580000000001
409.344	91.76579999999998
409.567	88.9058
409.791	91.6158
410.014	94.42580000000001
410.238	92.4858
410.461	92.35579999999999
410.685	93.2258
410.908	96.02579999999999
411.132	103.4858
411.355	98.5558
411.578	93.3758
411.802	88.5858
412.025	89.17580000000001
412.249	90.34580000000001
412.472	92.18579999999999
412.695	93.43579999999999
412.919	91.64580000000001
413.142	88.0658
413.365	89.17580000000001
413.589	88.43579999999999
413.812	87.6358
414.035	92.76579999999998
414.258	89.01579999999998
414.482	90.69579999999999
414.705	90.2858
414.928	89.9858
415.151	90.27579999999999
415.374	92.0558
415.597	89.2958
415.821	89.25580000000001
416.044	88.76579999999998
416.267	87.4058
416.49	87.5658
416.713	88.7158
416.936	88.3158
417.159	88.2058
417.382	87.5658
417.605	88.1258
417.828	95.2058
418.051	92.0358
418.274	89.09580000000001
418.497	86.69579999999999
418.72	87.1358
418.943	89.3358
419.166	88.4758
419.389	89.43579999999999
419.611	88.2158
419.834	88.1558
420.057	89.51579999999998
420.28	86.19579999999999
420.503	86.1558
420.726	87.1258
420.948	89.2958
421.171	94.3658
421.394	92.89580000000001
421.617	89.6558
421.839	88.6158
422.062	89.7858
422.285	91.68579999999999
422.507	99.3358
422.73	104.1558
422.953	92.92580000000001
423.175	88.3658
423.398	88.7058
423.621	89.14580000000001
423.843	87.44579999999999
424.066	86.7458
424.288	88.7858
424.511	91.85579999999999
424.733	97.9158
424.956	106.44579999999999
425.178	98.7458
425.401	101.7958
425.623	98.5558
425.846	90.25580000000001
426.068	93.3658
426.291	92.01579999999998
426.513	90.8158
426.735	90.4158
426.958	94.1258
427.18	105.7458
427.402	138.6358
427.625	168.2258
427.847	129.9558
428.069	108.3058
428.292	90.7458
428.514	89.5858
428.736	86.3158
428.958	84.76579999999998
429.181	87.5458
429.403	86.4658
429.625	87.4658
429.847	92.43579999999999
430.069	99.27579999999999
430.292	93.8058
430.514	87.27579999999999
430.736	86.8158
430.958	87.02579999999999
431.18	84.26579999999998
431.402	84.8058
431.624	85.0758
431.846	85.93579999999999
432.068	87.1658
432.29	84.9558
432.512	88.94579999999999
432.734	87.1558
432.956	92.14580000000001
433.178	97.8758
433.4	99.10579999999999
433.622	92.14580000000001
433.844	91.39580000000001
434.066	91.09580000000001
434.287	91.2958
434.509	88.4058
434.731	90.42580000000001
434.953	89.0758
435.175	88.4058
435.397	90.2358
435.618	93.6658
435.84	103.2158
436.062	124.60579999999999
436.284	117.1158
436.505	103.52579999999999
436.727	103.34580000000001
436.949	93.1258
437.17	90.0458
437.392	87.76579999999998
437.614	92.3158
437.835	104.42580000000001
438.057	116.09580000000001
438.278	111.69579999999999
438.5	106.0358
438.721	123.2458
438.943	101.7858
439.165	89.26579999999998
439.386	88.4158
439.608	91.2258
439.829	99.19579999999999
440.05	122.2058
440.272	143.8458
440.493	101.2258
440.715	90.00580000000001
440.936	90.52579999999999
441.158	89.4658
441.379	88.7258
441.6	92.7858
441.822	92.8158
442.043	95.26579999999998
442.264	105.19579999999999
442.486	101.7958
442.707	95.3358
442.928	105.44579999999999
443.149	129.8958
443.371	130.1558
443.592	109.51579999999998
443.813	111.84580000000001
444.034	108.8758
444.255	93.3258
444.476	89.3658
444.698	89.9158
444.919	87.9558
445.14	130.91580000000002
445.361	124.92580000000001
445.582	116.7358
445.803	138.7258
446.024	140.0558
446.245	137.7158
446.466	112.59580000000001
446.687	92.6358
446.908	88.8858
447.129	89.77579999999999
447.35	90.0858
447.571	90.85579999999999
447.792	92.3758
448.013	97.94579999999999
448.234	105.67580000000001
448.455	100.7058
448.675	115.4058
448.896	120.4958
449.117	100.2958
449.338	102.0658
449.559	130.3558
449.779	135.5058
450.0	95.50580000000001
450.221	89.9558
450.442	89.93579999999999
450.662	93.0858
450.883	104.02579999999999
451.104	109.1558
451.324	94.50580000000001
451.545	88.0658
451.766	87.2858
451.986	88.0358
452.207	89.18579999999999
452.428	91.8758
452.648	98.64580000000001
452.869	108.92580000000001
453.089	110.2258
453.31	114.42580000000001
453.53	92.1658
453.751	92.67580000000001
453.971	101.93579999999999
454.192	108.67580000000001
454.412	91.5458
454.633	88.4158
454.853	87.3658
455.073	87.7458
455.294	90.5858
455.514	99.64580000000001
455.734	91.02579999999999
455.955	87.09580000000001
456.175	86.7958
456.395	85.7358
456.616	86.0558
456.836	85.26579999999998
457.056	86.5858
457.276	82.9958
457.497	86.6658
457.717	86.0358
457.937	87.8658
458.157	88.3358
458.377	91.6358
458.598	106.39580000000001
458.818	147.4658
459.038	157.8358
459.258	116.1158
459.478	91.0558
459.698	86.25580000000001
459.918	87.94579999999999
460.138	86.0758
460.358	85.42580000000001
460.578	88.5658
460.798	90.5558
461.018	89.4758
461.238	86.5558
461.458	85.9658
461.678	87.67580000000001
461.898	87.26579999999998
462.118	87.68579999999999
462.338	86.3158
462.558	86.01579999999998
462.777	85.4058
462.997	86.59580000000001
463.217	84.7858
463.437	85.69579999999999
463.657	84.3858
463.876	87.9058
464.096	88.5858
464.316	91.5358
464.536	93.7458
464.755	94.1658
464.975	104.1158
465.195	163.67579999999998
465.414	155.1458
465.634	96.7858
465.854	87.4758
466.073	88.50580000000001
466.293	89.09580000000001
466.512	86.9658
466.732	85.8258
466.951	88.9858
467.171	90.5858
467.391	95.51579999999998
467.61	101.92580000000001
467.829	97.2058
468.049	94.51579999999998
468.268	96.93579999999999
468.488	86.5358
468.707	85.8658
468.927	86.85579999999999
469.146	85.17580000000001
469.365	88.8858
469.585	89.7358
469.804	95.17580000000001
470.023	94.9758
470.243	92.6358
470.462	98.25580000000001
470.681	106.9058
470.901	89.4758
471.12	85.7858
471.339	87.75580000000001
471.558	88.4158
471.777	88.50580000000001
471.997	90.8158
472.216	102.89580000000001
472.435	121.4758
472.654	92.8258
472.873	89.0358
473.092	86.4558
473.311	87.7258
473.53	86.42580000000001
473.749	87.2458
473.968	95.17580000000001
474.187	103.7458
474.406	97.01579999999998
474.625	89.8658
474.844	90.0658
475.063	87.2158
475.282	86.77579999999999
475.501	87.5858
475.72	90.19579999999999
475.939	85.5558
476.158	86.01579999999998
476.377	89.35579999999999
476.596	88.2358
476.814	91.9158
477.033	92.8058
477.252	89.9758
477.471	87.19579999999999
477.69	89.17580000000001
477.908	88.85579999999999
478.127	89.1658
478.346	89.34580000000001
478.564	90.9758
478.783	95.60579999999999
479.002	92.09580000000001
479.22	91.4658
479.439	100.1658
479.658	100.7858
479.876	95.5858
480.095	90.60579999999999
480.313	92.43579999999999
480.532	90.5758
480.751	92.2458
480.969	103.09580000000001
481.188	156.1858
481.406	126.89580000000001
481.624	92.8258
481.843	88.85579999999999
482.061	88.9758
482.28	89.17580000000001
482.498	87.9058
482.717	88.43579999999999
482.935	88.27579999999999
483.153	88.84580000000001
483.372	88.7458
483.59	90.4558
483.808	90.3358
484.027	90.0658
484.245	90.50580000000001
484.463	89.89580000000001
484.681	96.0658
484.9	92.4958
485.118	95.0558
485.336	92.5458
485.554	96.7158
485.772	98.6158
485.99	102.1558
486.209	103.6558
486.427	103.8858
486.645	108.42580000000001
486.863	107.9558
487.081	99.8358
487.299	97.43579999999999
487.517	93.4658
487.735	93.3058
487.953	90.50580000000001
488.171	93.9658
488.389	95.0658
488.607	96.52579999999999
488.825	90.69579999999999
489.043	88.9158
489.261	92.14580000000001
489.479	90.3258
489.696	88.9758
489.914	88.02579999999999
490.132	89.9158
490.35	90.1658
490.568	88.89580000000001
490.786	88.84580000000001
491.003	89.5658
491.221	89.8658
491.439	92.9558
491.657	95.0558
491.874	93.14580000000001
492.092	90.8358
492.31	92.2858
492.527	89.4058
492.745	90.09580000000001
492.963	90.8858
493.18	92.27579999999999
493.398	93.2358
493.615	97.18579999999999
493.833	93.84580000000001
494.05	91.14580000000001
494.268	89.7258
494.485	91.8758
494.703	89.8358
494.92	89.8658
495.138	88.85579999999999
495.355	91.7958
495.573	90.6158
495.79	89.3158
496.008	91.43579999999999
496.225	90.7958
496.442	90.0358
496.66	93.0858
496.877	90.9058
497.094	91.8658
497.312	90.8258
497.529	90.4158
497.746	90.5458
497.963	91.4858
498.181	91.2358
498.398	94.76579999999998
498.615	107.2258
498.832	102.7958
499.049	91.89580000000001
499.267	91.5458
499.484	89.2358
499.701	91.6158
499.918	91.9858
500.135	90.44579999999999
500.352	90.51579999999998
500.569	90.2458
500.786	91.42580000000001
501.003	91.09580000000001
501.22	91.3658
501.437	90.8058
501.654	95.4858
501.871	105.9958
502.088	92.0358
502.305	92.18579999999999
502.522	90.7258
502.739	89.84580000000001
502.956	91.26579999999998
503.172	91.4158
503.389	93.7258
503.606	103.6158
503.823	96.3258
504.04	93.68579999999999
504.256	91.14580000000001
504.473	90.19579999999999
504.69	89.8358
504.907	93.9758
505.123	89.8758
505.34	91.39580000000001
505.557	91.00580000000001
505.773	90.50580000000001
505.99	90.5458
506.207	88.6358
506.423	90.51579999999998
506.64	89.8758
506.856	90.4058
507.073	92.26579999999998
507.289	93.4958
507.506	96.0858
507.722	109.7158
507.939	109.17580000000001
508.155	95.52579999999999
508.372	91.9958
508.588	94.7358
508.805	95.34580000000001
509.021	95.09580000000001
509.238	98.1658
509.454	98.4658
509.67	100.93579999999999
509.887	108.5658
510.103	130.0958
510.319	209.8658
510.536	743.6257999999999
510.752	2300.0458
510.968	626.3858
511.184	151.8558
511.401	110.89580000000001
511.617	98.27579999999999
511.833	94.94579999999999
512.049	92.7258
512.265	91.00580000000001
512.481	93.2358
512.698	93.02579999999999
512.914	92.84580000000001
513.13	95.00580000000001
513.346	93.64580000000001
513.562	94.5558
513.778	96.60579999999999
513.994	97.7858
514.21	102.0458
514.426	117.0658
514.642	132.3758
514.858	126.09580000000001
515.074	166.9358
515.29	455.18580000000003
515.506	1483.3758
515.721	532.6958000000001
515.937	152.9758
516.153	109.2258
516.369	99.0458
516.585	96.1258
516.801	93.1558
517.016	94.4858
517.232	94.6558
517.448	92.4658
517.664	92.9558
517.879	93.4958
518.095	94.5458
518.311	94.09580000000001
518.527	93.10579999999999
518.742	92.6658
518.958	93.6158
519.173	94.77579999999999
519.389	94.67580000000001
519.605	95.85579999999999
519.82	96.93579999999999
520.036	102.9558
520.251	119.8658
520.467	111.4958
520.682	105.1158
520.898	106.77579999999999
521.113	115.5658
521.329	137.7258
521.544	206.6258
521.76	573.7658
521.975	2471.5058
522.19	1443.9258000000002
522.406	309.6558
522.621	125.19579999999999
522.836	102.59580000000001
523.052	97.67580000000001
523.267	96.1158
523.482	95.8358
523.698	101.4058
523.913	119.25580000000001
524.128	103.42580000000001
524.343	94.1558
524.559	94.35579999999999
524.774	90.9058
524.989	97.9158
525.204	104.09580000000001
525.419	99.6158
525.634	91.1158
525.849	91.4558
526.064	90.6158
526.28	92.6558
526.495	90.2358
526.71	89.7058
526.925	91.0758
527.14	89.8758
527.355	87.8858
527.57	91.6358
527.785	90.39580000000001
527.999	90.60579999999999
528.214	93.35579999999999
528.429	93.8158
528.644	92.3358
528.859	92.3358
529.074	94.9658
529.289	122.7358
529.503	177.16580000000002
529.718	104.8658
529.933	91.8058
530.148	89.7858
530.363	93.7058
530.577	90.6258
530.792	91.7058
531.007	91.4558
531.221	92.3358
531.436	89.43579999999999
531.651	91.3358
531.865	90.1158
532.08	90.2358
532.295	92.7858
532.509	92.9958
532.724	92.4558
532.938	93.77579999999999
533.153	96.6358
533.367	94.18579999999999
533.582	94.0358
533.796	91.5758
534.011	92.10579999999999
534.225	92.84580000000001
534.44	91.1558
534.654	91.8358
534.868	90.59580000000001
535.083	92.92580000000001
535.297	94.8658
535.511	101.09580000000001
535.726	101.5758
535.94	98.0658
536.154	94.8058
536.369	92.01579999999998
536.583	88.77579999999999
536.797	91.0758
537.011	89.9958
537.225	90.75580000000001
537.44	91.76579999999998
537.654	91.68579999999999
537.868	89.89580000000001
538.082	89.8758
538.296	89.7458
538.51	90.3158
538.724	89.3858
538.938	91.3758
539.153	95.02579999999999
539.367	103.64580000000001
539.581	95.8658
539.795	89.1658
540.009	89.3258
540.222	91.6558
540.436	89.2858
540.65	89.8658
540.864	92.3058
541.078	95.1158
541.292	92.7158
541.506	89.0758
541.72	90.9558
541.934	89.6558
542.147	89.92580000000001
542.361	88.2958
542.575	87.9158
542.789	90.43579999999999
543.002	89.27579999999999
543.216	92.9758
543.43	97.2358
543.644	92.60579999999999
543.857	90.8158
544.071	90.68579999999999
544.285	92.34580000000001
544.498	90.9158
544.712	90.84580000000001
544.925	90.3358
545.139	89.7458
545.352	88.85579999999999
545.566	90.34580000000001
545.779	88.4958
545.993	89.6558
546.206	89.93579999999999
546.42	89.1258
546.633	91.8358
546.847	92.34580000000001
547.06	90.4158
547.274	90.8358
547.487	88.4758
547.7	88.2858
547.914	88.1558
548.127	89.02579999999999
548.34	88.7458
548.554	89.00580000000001
548.767	87.75580000000001
548.98	89.7158
549.193	89.50580000000001
549.407	90.02579999999999
549.62	89.8058
549.833	87.8358
550.046	88.8758
550.259	88.9658
550.473	90.3258
550.686	89.8158
550.899	89.8158
551.112	90.9958
551.325	89.10579999999999
551.538	88.3058
551.751	88.5558
551.964	89.3158
552.177	89.7058
552.39	88.5758
552.603	89.7358
552.816	89.6658
553.029	90.2858
553.242	92.6358
553.455	98.01579999999998
553.667	105.5358
553.88	101.7858
554.093	91.4858
554.306	91.8358
554.519	90.1358
554.732	92.0458
554.944	91.7158
555.157	90.76579999999998
555.37	90.7358
555.583	92.0458
555.795	94.3358
556.008	89.09580000000001
556.221	89.85579999999999
556.433	91.93579999999999
556.646	92.92580000000001
556.859	91.3758
557.071	92.0358
557.284	90.92580000000001
557.496	90.8758
557.709	90.7858
557.921	92.3758
558.134	90.9158
558.346	89.9558
558.559	88.9758
558.771	89.2358
558.984	88.6658
559.196	90.42580000000001
559.409	88.44579999999999
559.621	88.9158
559.833	89.00580000000001
560.046	88.2358
560.258	89.64580000000001
560.47	88.9058
560.683	90.1158
560.895	88.6358
561.107	90.35579999999999
561.32	88.6358
561.532	89.8058
561.744	90.52579999999999
561.956	92.6658
562.168	91.2058
562.381	92.18579999999999
562.593	91.77579999999999
562.805	92.09580000000001
563.017	91.93579999999999
563.229	90.3758
563.441	88.9858
563.653	90.17580000000001
563.865	89.35579999999999
564.077	87.93579999999999
564.289	90.19579999999999
564.501	88.7858
564.713	90.7958
564.925	93.85579999999999
565.137	101.00580000000001
565.349	93.1258
565.561	89.76579999999998
565.773	90.3258
565.985	88.4958
566.197	86.34580000000001
566.408	88.01579999999998
566.62	87.9558
566.832	87.8658
567.044	87.7158
567.255	87.6558
567.467	88.2458
567.679	87.01579999999998
567.891	87.34580000000001
568.102	87.60579999999999
568.314	88.02579999999999
568.526	86.7858
568.737	90.19579999999999
568.949	87.6258
569.161	88.5358
569.372	86.0558
569.584	89.17580000000001
569.795	92.8658
570.007	116.5858
570.218	238.24579999999997
570.43	130.8458
570.641	90.50580000000001
570.853	87.1158
571.064	87.8058
571.276	87.4858
571.487	86.2058
571.698	88.34580000000001
571.91	88.50580000000001
572.121	87.4958
572.333	87.9558
572.544	86.3858
572.755	87.69579999999999
572.966	87.7158
573.178	87.1158
573.389	90.0758
573.6	86.9958
573.811	87.8858
574.023	86.94579999999999
574.234	88.0758
574.445	88.64580000000001
574.656	89.2158
574.867	88.3858
575.078	89.68579999999999
575.289	89.25580000000001
575.501	90.4158
575.712	89.6158
575.923	88.9058
576.134	88.8258
576.345	89.52579999999999
576.556	91.5658
576.767	90.9858
576.978	90.85579999999999
577.188	91.2858
577.399	91.9158
577.61	91.50580000000001
577.821	98.43579999999999
578.032	115.17580000000001
578.243	274.0258
578.454	748.2958
578.665	211.7358
578.875	102.2958
579.086	92.27579999999999
579.297	87.5358
579.508	88.7458
579.718	89.5758
579.929	89.3058
580.14	88.43579999999999
580.35	87.44579999999999
580.561	87.93579999999999
580.772	88.1658
580.982	86.0358
581.193	87.60579999999999
581.403	87.1158
581.614	87.42580000000001
581.825	88.77579999999999
582.035	87.52579999999999
582.246	88.85579999999999
582.456	87.3358
582.667	86.8358
582.877	87.8858
583.087	86.5458
583.298	90.4058
583.508	88.19579999999999
583.719	87.25580000000001
583.929	90.9758
584.139	87.2358
584.35	88.0558
584.56	89.1158
584.77	87.5458
584.981	88.3058
585.191	88.39580000000001
585.401	87.5358
585.611	87.2158
585.821	88.9958
586.032	87.9658
586.242	87.0858
586.452	88.7158
586.662	86.9658
586.872	86.0658
587.082	86.5558
587.292	87.0758
587.502	88.34580000000001
587.713	86.2058
587.923	86.52579999999999
588.133	88.0358
588.343	85.4558
588.553	85.8358
588.762	89.01579999999998
588.972	88.5458
589.182	92.4658
589.392	87.75580000000001
589.602	88.6358
589.812	91.8858
590.022	89.9958
590.232	85.2458
590.441	86.1358
590.651	86.9758
590.861	84.8758
591.071	85.9958
591.281	87.2858
591.49	85.2058
591.7	85.6258
591.91	87.2258
592.119	86.8158
592.329	89.4058
592.539	92.5358
592.748	88.3858
592.958	87.59580000000001
593.167	86.0658
593.377	87.0558
593.587	92.7858
593.796	87.8758
594.006	87.0658
594.215	85.8758
594.424	86.2958
594.634	85.94579999999999
594.843	87.4758
595.053	85.4858
595.262	86.3358
595.472	86.18579999999999
595.681	87.2858
595.89	87.2958
596.1	87.4958
596.309	88.51579999999998
596.518	86.93579999999999
596.727	87.8258
596.937	87.35579999999999
597.146	86.5358
597.355	87.8158
597.564	86.94579999999999
597.774	88.4558
597.983	86.09580000000001
598.192	85.42580000000001
598.401	85.1358
598.61	85.4658
598.819	85.25580000000001
599.028	85.7858
599.237	86.3258
599.446	87.9158
599.655	88.9158
599.864	88.0358
600.073	86.2258
600.282	88.7858
600.491	88.4658
600.7	88.94579999999999
600.909	88.4858
601.118	90.39580000000001
601.327	90.5458
601.536	89.1158
601.745	88.3658
601.953	88.7458
602.162	87.5658
602.371	88.34580000000001
602.58	87.0558
602.789	87.68579999999999
602.997	88.52579999999999
603.206	88.76579999999998
603.415	87.76579999999998
603.623	85.2358
603.832	86.4058
604.041	87.00580000000001
604.249	87.1558
604.458	86.3158
604.666	86.3258
604.875	85.4958
605.084	86.25580000000001
605.292	86.93579999999999
605.501	86.8758
605.709	87.10579999999999
605.918	87.27579999999999
606.126	87.1658
606.334	87.27579999999999
606.543	87.0558
606.751	87.9058
606.96	87.8058
607.168	88.9058
607.376	87.3858
607.585	88.5658
607.793	89.43579999999999
608.001	86.2458
608.21	85.39580000000001
608.418	86.76579999999998
608.626	85.27579999999999
608.834	86.18579999999999
609.043	87.1158
609.251	86.26579999999998
609.459	85.5458
609.667	88.2158
609.875	87.39580000000001
610.083	86.59580000000001
610.291	86.5858
610.499	86.43579999999999
610.707	86.7458
610.916	85.77579999999999
611.124	87.0858
611.332	85.89580000000001
611.54	85.7358
611.748	86.59580000000001
611.955	85.7958
612.163	86.8758
612.371	87.85579999999999
612.579	87.02579999999999
612.787	86.8858
612.995	86.64580000000001
613.203	88.7058
613.411	86.3258
613.618	85.60579999999999
613.826	86.8358
614.034	87.0458
614.242	86.7358
614.449	87.2358
614.657	85.8658
614.865	87.6158
615.072	87.3658
615.28	88.2158
615.488	87.2158
615.695	90.42580000000001
615.903	96.6558
616.111	100.4958
616.318	101.27579999999999
616.526	94.5458
616.733	94.1558
616.941	89.93579999999999
617.148	90.7858
617.356	88.50580000000001
617.563	86.8258
617.771	88.5558
617.978	87.3658
618.185	88.6258
618.393	87.0558
618.6	86.3358
618.807	86.5458
619.015	85.8258
619.222	85.7258
619.429	85.9758
619.637	87.4058
619.844	86.50580000000001
620.051	84.4658
620.258	85.8258
620.466	86.6158
620.673	86.9058
620.88	84.8258
621.087	87.5358
621.294	85.4158
621.501	84.67580000000001
621.708	85.7458
621.915	85.18579999999999
622.122	84.2258
622.329	86.4658
622.536	86.09580000000001
622.743	83.0758
622.95	85.1258
623.157	83.5358
623.364	84.4658
623.571	85.5758
623.778	85.7458
623.985	86.94579999999999
624.192	85.4058
624.399	84.93579999999999
624.606	85.9858
624.812	86.3358
625.019	84.2858
625.226	84.7158
625.433	86.7058
625.639	86.1158
625.846	84.8358
626.053	84.3258
626.259	84.69579999999999
626.466	86.44579999999999
626.673	86.00580000000001
626.879	85.3858
627.086	87.02579999999999
627.293	87.8658
627.499	85.6658
627.706	86.43579999999999
627.912	85.3058
628.119	84.52579999999999
628.325	86.44579999999999
628.532	84.2958
628.738	84.85579999999999
628.945	84.6158
629.151	85.50580000000001
629.357	83.9058
629.564	85.9158
629.77	84.77579999999999
629.976	83.8858
630.183	84.3058
630.389	85.26579999999998
630.595	85.4058
630.802	84.5758
631.008	84.0358
631.214	84.2258
631.42	84.4058
631.627	86.5558
631.833	84.94579999999999
632.039	84.14580000000001
632.245	85.4058
632.451	84.7958
632.657	85.85579999999999
632.863	82.93579999999999
633.069	85.02579999999999
633.275	85.01579999999998
633.481	83.69579999999999
633.688	86.27579999999999
633.893	87.00580000000001
634.099	84.76579999999998
634.305	84.9758
634.511	83.50580000000001
634.717	84.59580000000001
634.923	83.50580000000001
635.129	84.1658
635.335	82.3858
635.541	82.75580000000001
635.747	84.2058
635.952	83.01579999999998
636.158	83.9058
636.364	89.0758
636.57	87.8258
636.775	86.39580000000001
636.981	84.34580000000001
637.187	84.51579999999998
637.392	84.7058
637.598	83.85579999999999
637.804	84.4758
638.009	83.7058
638.215	85.1158
638.421	84.6258
638.626	84.2058
638.832	85.01579999999998
639.037	84.1258
639.243	84.17580000000001
639.448	84.84580000000001
639.654	85.5458
639.859	82.7958
640.065	84.2158
640.27	89.5758
640.475	84.9158
640.681	83.7358
640.886	84.14580000000001
641.091	83.9958
641.297	87.3658
641.502	84.5458
641.707	86.6158
641.913	86.69579999999999
642.118	84.34580000000001
642.323	84.3058
642.528	86.5858
642.733	87.01579999999998
642.939	84.7858
643.144	85.59580000000001
643.349	83.60579999999999
643.554	87.18579999999999
643.759	83.8858
643.964	84.8158
644.169	85.6258
644.374	84.9858
644.579	87.3758
644.784	85.2958
644.989	86.1658
645.194	85.3358
645.399	86.4558
645.604	84.67580000000001
645.809	88.8758
646.014	86.5358
646.219	85.9558
646.423	85.75580000000001
646.628	85.93579999999999
646.833	86.2158
647.038	86.3158
647.243	86.39580000000001
647.447	86.27579999999999
647.652	85.76579999999998
647.857	84.4858
648.062	86.7858
648.266	87.2058
648.471	90.7858
648.676	94.27579999999999
648.88	92.8258
649.085	89.1158
649.289	90.02579999999999
649.494	102.8158
649.698	135.1458
649.903	101.2058
650.107	88.9058
650.312	89.3258
650.516	84.6258
650.721	86.25580000000001
650.925	83.4658
651.13	83.2358
651.334	82.9858
651.539	84.3758
651.743	83.8858
651.947	83.9558
652.152	84.10579999999999
652.356	83.64580000000001
652.56	84.4758
652.764	83.1258
652.969	82.8358
653.173	83.10579999999999
653.377	82.3758
653.581	82.69579999999999
653.785	84.19579999999999
653.99	84.7058
654.194	83.2058
654.398	83.01579999999998
654.602	84.89580000000001
654.806	88.4758
655.01	103.6258
655.214	91.02579999999999
655.418	85.14580000000001
655.622	83.3658
655.826	85.5758
656.03	87.8858
656.234	91.14580000000001
656.438	95.2958
656.642	94.0658
656.846	88.7358
657.049	86.0658
657.253	86.09580000000001
657.457	83.60579999999999
657.661	81.9158
657.865	83.27579999999999
658.068	83.39580000000001
658.272	81.7958
658.476	81.60579999999999
658.68	81.8358
658.883	80.89580000000001
659.087	82.0358
659.291	83.77579999999999
659.494	82.42580000000001
659.698	81.5458
659.901	82.1558
660.105	80.5358
660.309	81.0558
660.512	81.0358
660.716	82.34580000000001
660.919	82.3258
661.123	83.0758
661.326	80.4358
661.53	81.9558
661.733	82.4058
661.936	82.76579999999998
662.14	80.9358
662.343	80.5558
662.546	81.7458
662.75	83.4558
662.953	84.1358
663.156	81.2258
663.36	82.3658
663.563	82.3058
663.766	79.1258
663.969	82.9558
664.173	80.11580000000001
664.376	81.92580000000001
664.579	80.3158
664.782	81.7158
664.985	79.7458
665.188	80.66579999999999
665.391	81.2258
665.594	80.6358
665.797	81.14580000000001
666.0	81.3258
666.203	80.61580000000001
666.406	79.33579999999999
666.609	80.16579999999999
666.812	82.0658
667.015	80.4758
667.218	82.9558
667.421	82.4858
667.624	79.64580000000001
667.827	82.60579999999999
668.03	80.41579999999999
668.232	79.5158
668.435	81.6558
668.638	80.58579999999999
668.841	82.69579999999999
669.043	81.1558
669.246	82.69579999999999
669.449	82.0858
669.651	81.94579999999999
669.854	79.9658
670.057	82.3358
670.259	79.6858
670.462	82.43579999999999
670.665	80.7458
670.867	82.00580000000001
671.07	82.1658
671.272	81.8258
671.475	82.9158
671.677	79.8858
671.88	81.2358
672.082	79.83579999999999
672.284	82.5858
672.487	82.51579999999998
672.689	79.7758
672.892	79.86580000000001
