223.165	-16.7685
223.4	-16.7685
223.635	-16.7685
223.869	-19.2285
224.104	-20.0685
224.338	-15.7285
224.573	-15.148499999999999
224.808	-13.5985
225.042	-7.8485
225.277	-5.4185
225.511	-1.5285
225.746	4.0615
225.98	7.3614999999999995
226.215	11.6615
226.449	16.2215
226.683	21.161499999999997
226.918	24.721500000000002
227.152	30.1515
227.387	34.5815
227.621	38.5015
227.856	44.2215
228.09	45.9115
228.324	49.951499999999996
228.559	54.9715
228.793	61.4715
229.027	65.7015
229.262	70.3415
229.496	76.8815
229.73	86.2715
229.964	86.0715
230.199	78.6615
230.433	79.4915
230.667	80.8415
230.901	82.63149999999999
231.136	81.1915
231.37	83.63149999999999
231.604	83.4915
231.838	85.21149999999999
232.072	84.03150000000001
232.306	84.3415
232.541	85.4115
232.775	84.6115
233.009	86.1415
233.243	84.5115
233.477	84.12150000000001
233.711	85.05149999999999
233.945	83.62150000000001
234.179	84.3215
234.413	85.3915
234.647	85.2615
234.881	83.6715
235.115	84.04150000000001
235.349	85.4015
235.583	84.12150000000001
235.817	82.8515
236.051	85.0115
236.285	82.0715
236.519	82.3415
236.753	84.80149999999999
236.987	88.1015
237.221	94.1115
237.455	94.9415
237.689	84.78150000000001
237.922	83.9915
238.156	81.1915
238.39	83.21149999999999
238.624	81.45150000000001
238.858	82.1715
239.091	83.29150000000001
239.325	83.8215
239.559	85.04150000000001
239.793	85.0715
240.027	84.46149999999999
240.26	84.0015
240.494	86.1615
240.728	85.1515
240.961	85.04150000000001
241.195	85.8215
241.429	84.1815
241.662	82.38149999999999
241.896	83.3515
242.13	84.9015
242.363	83.70150000000001
242.597	83.6715
242.83	85.2515
243.064	83.6415
243.298	83.6415
243.531	83.22149999999999
243.765	85.2315
243.998	85.30149999999999
244.232	88.88149999999999
244.465	91.22149999999999
244.699	87.9415
244.932	85.6015
245.166	86.72149999999999
245.399	87.9415
245.633	86.8315
245.866	86.9015
246.099	85.0915
246.333	87.8415
246.566	86.7315
246.8	88.47149999999999
247.033	88.38149999999999
247.266	88.0815
247.5	88.0015
247.733	89.5915
247.966	89.5615
248.2	90.2715
248.433	91.0615
248.666	88.9815
248.899	92.05149999999999
249.133	95.4015
249.366	105.6915
249.599	105.9315
249.832	93.6815
250.066	93.53150000000001
250.299	92.45150000000001
250.532	93.8515
250.765	95.3615
250.998	94.96149999999999
251.231	94.5715
251.465	94.4115
251.698	92.6915
251.931	93.72149999999999
252.164	94.6115
252.397	92.7615
252.63	93.2715
252.863	93.54150000000001
253.096	95.0615
253.329	97.5815
253.562	96.8515
253.795	95.28150000000001
254.028	96.7315
254.261	93.8415
254.494	95.5815
254.727	101.3215
254.96	100.6715
255.193	98.03150000000001
255.426	97.7315
255.659	96.4815
255.892	99.62150000000001
256.124	99.3415
256.357	100.1515
256.59	98.6115
256.823	96.12150000000001
257.056	98.2715
257.289	96.70150000000001
257.521	95.8215
257.754	95.1415
257.987	95.4015
258.22	97.6515
258.452	95.3915
258.685	96.5915
258.918	97.47149999999999
259.151	96.8415
259.383	99.4315
259.616	96.8415
259.849	98.2415
260.081	99.79150000000001
260.314	100.55149999999999
260.547	99.6415
260.779	100.0115
261.012	99.5815
261.244	98.5015
261.477	103.3515
261.71	105.46149999999999
261.942	120.6715
262.175	125.0015
262.407	104.12150000000001
262.64	99.3415
262.872	98.8215
263.105	100.2515
263.337	99.5615
263.57	97.29150000000001
263.802	99.0115
264.035	98.87150000000001
264.267	96.8315
264.499	98.3415
264.732	99.53150000000001
264.964	99.88149999999999
265.197	100.0915
265.429	99.0715
265.661	97.7615
265.894	100.6815
266.126	100.53150000000001
266.358	100.88149999999999
266.591	100.12150000000001
266.823	100.97149999999999
267.055	100.8615
267.287	102.1615
267.52	99.5215
267.752	101.04150000000001
267.984	102.20150000000001
268.216	101.3515
268.448	101.9015
268.681	102.22149999999999
268.913	104.0715
269.145	106.72149999999999
269.377	104.0915
269.609	102.3415
269.841	105.6515
270.073	105.2715
270.306	108.0115
270.538	107.28150000000001
270.77	107.12150000000001
271.002	106.12150000000001
271.234	106.4115
271.466	110.20150000000001
271.698	109.1115
271.93	108.3215
272.162	108.8515
272.394	109.9115
272.626	107.9215
272.858	105.8315
273.09	106.3915
273.322	106.0715
273.553	105.1615
273.785	107.2615
274.017	106.2715
274.249	104.70150000000001
274.481	105.70150000000001
274.713	106.8415
274.945	108.3215
275.176	107.47149999999999
275.408	107.4915
275.64	106.7615
275.872	106.0715
276.104	108.9915
276.335	113.1815
276.567	117.79150000000001
276.799	125.6915
277.031	124.8915
277.262	116.9215
277.494	114.0815
277.726	111.03150000000001
277.957	108.71149999999999
278.189	108.54150000000001
278.421	108.4815
278.652	108.71149999999999
278.884	108.3415
279.115	107.70150000000001
279.347	107.8215
279.579	110.13149999999999
279.81	109.62150000000001
280.042	113.3115
280.273	115.79150000000001
280.505	111.9215
280.736	109.62150000000001
280.968	108.7415
281.199	109.45150000000001
281.431	110.0915
281.662	108.80149999999999
281.894	113.9215
282.125	119.47149999999999
282.356	136.8415
282.588	156.0415
282.819	134.0215
283.051	114.12150000000001
283.282	111.5015
283.513	113.20150000000001
283.745	112.03150000000001
283.976	111.5115
284.207	112.5015
284.439	111.28150000000001
284.67	112.4415
284.901	111.6115
285.132	112.3115
285.364	112.38149999999999
285.595	110.53150000000001
285.826	112.1915
286.057	114.2615
286.288	111.9815
286.52	112.46149999999999
286.751	111.37150000000001
286.982	113.47149999999999
287.213	111.95150000000001
287.444	114.4915
287.675	115.7515
287.906	117.3115
288.138	115.79150000000001
288.369	118.8515
288.6	115.5615
288.831	114.4015
289.062	114.5815
289.293	115.80149999999999
289.524	113.9815
289.755	114.47149999999999
289.986	111.8315
290.217	113.7515
290.448	114.0115
290.679	114.79150000000001
290.91	117.04150000000001
291.141	115.0115
291.371	114.78150000000001
291.602	114.6115
291.833	114.21149999999999
292.064	114.5015
292.295	114.2615
292.526	115.0615
292.757	113.53150000000001
292.987	115.47149999999999
293.218	113.47149999999999
293.449	114.3115
293.68	116.3315
293.91	114.2315
294.141	116.7715
294.372	115.30149999999999
294.603	115.4215
294.833	114.4015
295.064	114.8515
295.295	116.28150000000001
295.525	118.5015
295.756	126.3215
295.987	138.7915
296.217	160.8215
296.448	147.7915
296.679	122.0615
296.909	119.1615
297.14	117.54150000000001
297.37	118.4215
297.601	117.2315
297.831	116.97149999999999
298.062	120.0015
298.292	116.4315
298.523	118.71149999999999
298.753	117.28150000000001
298.984	118.6015
299.214	118.95150000000001
299.445	121.55149999999999
299.675	123.3215
299.905	123.3315
300.136	122.04150000000001
300.366	121.2715
300.597	120.9015
300.827	123.72149999999999
301.057	129.1315
301.288	132.7815
301.518	124.72149999999999
301.748	122.7515
301.979	131.8815
302.209	123.70150000000001
302.439	119.8115
302.669	120.05149999999999
302.9	120.5715
303.13	122.5215
303.36	125.4115
303.59	130.2215
303.82	134.6115
304.051	126.8215
304.281	123.54150000000001
304.511	121.8115
304.741	120.05149999999999
304.971	120.1415
305.201	121.3615
305.431	120.3615
305.661	122.0215
305.891	121.38149999999999
306.121	126.5115
306.352	129.5615
306.582	133.6215
306.812	121.6815
307.042	125.4215
307.272	127.38149999999999
307.502	128.6215
307.731	127.0615
307.961	122.9415
308.191	121.2515
308.421	121.70150000000001
308.651	121.87150000000001
308.881	124.3515
309.111	125.0615
309.341	125.4415
309.571	129.6915
309.8	127.6915
310.03	130.7815
310.26	131.2415
310.49	129.0815
310.72	131.0715
310.949	134.5315
311.179	133.3915
311.409	126.6815
311.639	128.3815
311.868	129.0515
312.098	127.80149999999999
312.328	130.9315
312.557	134.6315
312.787	137.7515
313.017	134.7615
313.246	131.2815
313.476	127.1615
313.706	127.0615
313.935	129.0915
314.165	134.8615
314.394	135.0915
314.624	133.5815
314.853	131.7415
315.083	129.7415
315.312	126.55149999999999
315.542	125.95150000000001
315.771	127.53150000000001
316.001	126.45150000000001
316.23	127.3915
316.46	126.7415
316.689	126.2615
316.919	127.6515
317.148	129.3015
317.377	130.0015
317.607	130.3715
317.836	127.6715
318.065	126.6715
318.295	125.96149999999999
318.524	125.0815
318.753	125.8615
318.983	127.20150000000001
319.212	134.6115
319.441	138.6215
319.67	138.8615
319.9	129.0515
320.129	127.6115
320.358	129.2015
320.587	130.5515
320.816	134.6115
321.046	134.98149999999998
321.275	134.4615
321.504	131.8915
321.733	133.1515
321.962	135.2615
322.191	136.98149999999998
322.42	141.23149999999998
322.649	144.5215
322.878	147.5315
323.108	151.2515
323.337	158.98149999999998
323.566	168.23149999999998
323.795	187.9615
324.024	237.98149999999998
324.253	407.8615
324.482	802.8415
324.71	1563.3815000000002
324.939	1996.2015
325.168	798.2715
325.397	279.6815
325.626	189.81150000000002
325.855	168.6615
326.084	165.1115
326.313	169.8415
326.542	187.88150000000002
326.77	260.0415
326.999	460.3715
327.228	886.7715
327.457	1555.5915
327.686	1246.2415
327.914	394.1815
328.143	243.7815
328.372	207.7715
328.6	178.1415
328.829	164.3915
329.058	171.5315
329.287	171.4315
329.515	156.5015
329.744	153.7715
329.972	164.4615
330.201	193.1915
330.43	217.5215
330.658	189.99149999999997
330.887	188.38150000000002
331.115	167.5515
331.344	146.8915
331.572	147.3215
331.801	149.8015
332.03	148.3815
332.258	145.3115
332.486	142.35150000000002
332.715	143.5715
332.943	145.4115
333.172	149.5615
333.4	151.6315
333.629	159.6515
333.857	171.74149999999997
334.085	177.8015
334.314	200.23149999999998
334.542	241.8015
334.771	230.97150000000002
334.999	166.3415
335.227	151.8015
335.455	145.8215
335.684	147.9715
335.912	148.0615
336.14	146.48149999999998
336.369	147.4415
336.597	147.8315
336.825	145.5515
337.053	141.8115
337.281	139.8315
337.51	137.4415
337.738	140.5815
337.966	139.8015
338.194	141.0715
338.422	138.1515
338.65	138.2115
338.878	136.2815
339.106	135.86149999999998
339.334	137.7215
339.562	134.0515
339.79	134.4215
340.018	133.0515
340.246	133.2715
340.474	133.4315
340.702	134.6215
340.93	134.3915
341.158	135.11149999999998
341.386	138.60150000000002
341.614	140.8015
341.842	136.6615
342.07	133.4615
342.298	134.3115
342.526	131.7515
342.754	131.98149999999998
342.981	131.6215
343.209	134.3815
343.437	144.9415
343.665	139.1615
343.893	141.45149999999998
344.12	144.7115
344.348	139.70149999999998
344.576	138.70149999999998
344.804	138.45149999999998
345.031	139.5115
345.259	141.2115
345.487	137.35150000000002
345.714	137.0215
345.942	134.4215
346.17	135.6415
346.397	133.9915
346.625	132.61149999999998
346.853	132.54149999999998
347.08	131.2815
347.308	135.5815
347.535	137.23149999999998
347.763	137.3115
347.99	139.0015
348.218	142.8115
348.445	141.0615
348.673	135.8715
348.9	136.2215
349.128	134.9515
349.355	132.6815
349.583	133.9315
349.81	131.7115
350.037	132.0315
350.265	134.1115
350.492	133.3815
350.72	134.5915
350.947	139.4615
351.174	145.3115
351.402	146.5915
351.629	142.7815
351.856	140.7615
352.083	141.3315
352.311	145.2215
352.538	147.95149999999998
352.765	148.3815
352.992	149.6715
353.22	147.48149999999998
353.447	140.3615
353.674	138.98149999999998
353.901	135.7015
354.128	134.6515
354.355	133.9715
354.583	134.6215
354.81	133.9015
355.037	134.8215
355.264	132.7415
355.491	130.4415
355.718	131.35150000000002
355.945	133.3715
356.172	131.5515
356.399	133.8715
356.626	135.0315
356.853	131.8415
357.08	131.2715
357.307	130.1515
357.534	129.9015
357.761	131.0315
357.988	132.5415
358.215	132.4215
358.441	131.0815
358.668	130.0815
358.895	130.1315
359.122	130.0315
359.349	129.9115
359.576	131.6215
359.802	140.3815
360.029	149.4015
360.256	147.8815
360.483	136.5115
360.709	131.5515
360.936	134.7615
361.163	133.0315
361.39	134.9215
361.616	134.9015
361.843	132.60150000000002
362.07	136.5015
362.296	136.5515
362.523	130.3715
362.749	130.2715
362.976	130.0915
363.203	132.60150000000002
363.429	128.6915
363.656	130.6715
363.882	129.7215
364.109	129.9715
364.335	129.98149999999998
364.562	129.9315
364.788	129.3715
365.015	131.9515
365.241	134.4515
365.468	141.8315
365.694	140.5715
365.92	133.4715
366.147	130.1715
366.373	127.05149999999999
366.599	127.2315
366.826	128.5315
367.052	128.5715
367.278	129.0815
367.505	129.9115
367.731	131.3415
367.957	129.8315
368.184	132.1615
368.41	136.7715
368.636	145.9015
368.862	153.9415
369.089	143.6415
369.315	131.0115
369.541	130.3115
369.767	130.6515
369.993	131.9115
370.219	130.6715
370.445	129.23149999999998
370.672	128.6615
370.898	129.7715
371.124	130.2515
371.35	128.4315
371.576	130.1215
371.802	129.8715
372.028	129.9115
372.254	131.61149999999998
372.48	131.36149999999998
372.706	131.0115
372.932	132.5015
373.158	131.9215
373.384	134.4915
373.61	132.9315
373.835	131.8915
374.061	131.6415
374.287	133.0215
374.513	132.5915
374.739	134.2115
374.965	136.5715
375.191	134.4415
375.416	135.5315
375.642	134.7415
375.868	133.3315
376.094	131.8315
376.319	130.45149999999998
376.545	131.98149999999998
376.771	131.3815
376.997	132.29149999999998
377.222	133.0315
377.448	133.4115
377.674	131.3115
377.899	129.85150000000002
378.125	131.0915
378.35	132.5915
378.576	131.3815
378.802	132.0215
379.027	132.6915
379.253	135.95149999999998
379.478	133.0615
379.704	133.1315
379.929	133.0615
380.155	133.54149999999998
380.38	133.8015
380.606	133.9915
380.831	134.45149999999998
381.057	139.4215
381.282	136.2515
381.507	137.23149999999998
381.733	135.7815
381.958	136.3315
382.184	138.79149999999998
382.409	140.3115
382.634	141.9915
382.86	141.6415
383.085	144.0715
383.31	143.9415
383.535	143.8715
383.761	144.0215
383.986	144.8015
384.211	143.35150000000002
384.436	143.5915
384.662	145.8315
384.887	148.5315
385.112	150.1615
385.337	150.54149999999998
385.562	151.4015
385.787	150.73149999999998
386.013	155.7815
386.238	158.2115
386.463	154.1315
386.688	156.4415
386.913	149.5815
387.138	150.98149999999998
387.363	149.54149999999998
387.588	147.3815
387.813	147.8015
388.038	150.5015
388.263	156.1815
388.488	155.4415
388.713	146.5915
388.938	144.60150000000002
389.163	144.10150000000002
389.387	145.11149999999998
389.612	142.4315
389.837	143.54149999999998
390.062	141.0115
390.287	142.3015
390.512	139.86149999999998
390.736	141.4715
390.961	142.5815
391.186	144.8915
391.411	146.9315
391.636	149.10150000000002
391.86	144.3415
392.085	144.70149999999998
392.31	140.4215
392.534	140.0015
392.759	141.5615
392.984	138.6615
393.208	141.70149999999998
393.433	144.70149999999998
393.658	143.86149999999998
393.882	137.79149999999998
394.107	140.0915
394.331	140.10150000000002
394.556	140.8315
394.78	145.2615
395.005	142.86149999999998
395.229	141.23149999999998
395.454	143.1415
395.678	144.4215
395.903	144.95149999999998
396.127	147.3815
396.352	144.2215
396.576	140.5215
396.801	140.8215
397.025	143.98149999999998
397.249	142.6415
397.474	145.8015
397.698	144.79149999999998
397.922	146.7415
398.147	147.6915
398.371	147.29149999999998
398.595	150.0815
398.82	151.8815
399.044	156.8015
399.268	166.2515
399.492	176.2015
399.717	184.6815
399.941	180.7515
400.165	175.9115
400.389	167.40149999999997
400.613	159.2115
400.837	152.61149999999998
401.062	154.4015
401.286	152.7415
401.51	153.6415
401.734	153.9215
401.958	160.9115
402.182	182.6115
402.406	211.92149999999998
402.63	180.06150000000002
402.854	160.7215
403.078	157.8715
403.302	158.5315
403.526	161.3115
403.75	160.7615
403.974	162.3415
404.198	162.1215
404.422	161.11149999999998
404.645	161.1515
404.869	164.33149999999998
405.093	170.49149999999997
405.317	176.5015
405.541	177.0515
405.765	171.2515
405.988	182.74149999999997
406.212	228.0015
406.436	278.1615
406.66	208.7015
406.883	174.17149999999998
407.107	172.56150000000002
407.331	179.8515
407.555	187.1015
407.778	181.5915
408.002	172.6015
408.226	166.49149999999997
408.449	165.13150000000002
408.673	164.1415
408.896	167.58149999999998
409.12	170.0915
409.344	164.3215
409.567	159.70149999999998
409.791	160.48149999999998
410.014	161.7715
410.238	161.8715
410.461	157.5915
410.685	162.0115
410.908	166.15149999999997
411.132	172.7115
411.355	168.06150000000002
411.578	161.7215
411.802	154.1715
412.025	157.11149999999998
412.249	159.8815
412.472	164.7815
412.695	170.23149999999998
412.919	159.98149999999998
413.142	155.2715
413.365	153.5715
413.589	153.3015
413.812	151.8015
414.035	153.60150000000002
414.258	151.45149999999998
414.482	154.4115
414.705	152.4315
414.928	151.95149999999998
415.151	153.95149999999998
415.374	155.2215
415.597	151.3115
415.821	150.7115
416.044	149.61149999999998
416.267	150.5615
416.49	149.8315
416.713	149.0215
416.936	151.61149999999998
417.159	149.7715
417.382	151.9315
417.605	152.8315
417.828	155.7115
418.051	154.3715
418.274	153.2715
418.497	150.3015
418.72	152.70149999999998
418.943	151.1715
419.166	155.8415
419.389	158.1715
419.611	158.6615
419.834	156.0715
420.057	158.3815
420.28	156.2215
420.503	152.35150000000002
420.726	152.9015
420.948	157.0015
421.171	160.8915
421.394	160.3715
421.617	155.3415
421.839	153.8215
422.062	152.4215
422.285	158.2215
422.507	168.38150000000002
422.73	175.0915
422.953	163.2815
423.175	156.8915
423.398	155.36149999999998
423.621	156.7415
423.843	158.5215
424.066	156.7615
424.288	157.3215
424.511	161.0615
424.733	168.26149999999998
424.956	178.9315
425.178	170.1015
425.401	171.98149999999998
425.623	169.5215
425.846	156.2515
426.068	155.9915
426.291	153.7815
426.513	154.2415
426.735	152.8715
426.958	160.6215
427.18	175.06150000000002
427.402	209.08149999999998
427.625	235.78150000000002
427.847	199.31150000000002
428.069	178.6615
428.292	155.4115
428.514	147.4715
428.736	144.7215
428.958	142.8215
429.181	142.6815
429.403	142.8815
429.625	145.0515
429.847	152.3715
430.069	159.60150000000002
430.292	152.3415
430.514	143.0615
430.736	141.6315
430.958	142.0015
431.18	139.2815
431.402	139.5215
431.624	140.5615
431.846	141.7215
432.068	143.6915
432.29	144.8415
432.512	145.2515
432.734	142.5015
432.956	146.1515
433.178	153.4115
433.4	150.4915
433.622	145.5315
433.844	145.7415
434.066	146.0015
434.287	147.0615
434.509	148.8215
434.731	150.5815
434.953	150.3915
435.175	152.6615
435.397	154.4715
435.618	155.5715
435.84	165.8515
436.062	184.5515
436.284	179.9315
436.505	158.2615
436.727	157.1615
436.949	148.9915
437.17	144.8315
437.392	142.5015
437.614	148.4915
437.835	162.6915
438.057	179.2915
438.278	177.5415
438.5	173.31150000000002
438.721	190.4415
438.943	169.31150000000002
439.165	149.7615
439.386	146.6615
439.608	150.1415
439.829	157.6515
440.05	176.13150000000002
440.272	194.0415
440.493	156.0115
440.715	147.4315
440.936	145.7815
441.158	147.20149999999998
441.379	149.7515
441.6	155.45149999999998
441.822	157.5515
442.043	162.3415
442.264	174.6115
442.486	169.6115
442.707	157.5015
442.928	164.7015
443.149	186.90149999999997
443.371	186.1915
443.592	178.01149999999998
443.813	186.2515
444.034	181.1615
444.255	163.1115
444.476	157.04149999999998
444.698	160.5715
444.919	162.0015
445.14	197.1015
445.361	186.5415
445.582	179.9115
445.803	199.97150000000002
446.024	203.63150000000002
446.245	197.49149999999997
446.466	171.72150000000002
446.687	151.7415
446.908	147.1615
447.129	144.1815
447.35	143.9215
447.571	144.7215
447.792	144.9415
448.013	149.0715
448.234	156.6415
448.455	158.2515
448.675	176.8915
448.896	182.9415
449.117	161.4715
449.338	163.98149999999998
449.559	193.5315
449.779	196.3215
450.0	153.54149999999998
450.221	142.1215
450.442	142.0515
450.662	144.7215
450.883	153.6915
451.104	159.4215
451.324	147.29149999999998
451.545	138.8215
451.766	137.0515
451.986	136.10150000000002
452.207	138.5315
452.428	138.0815
452.648	146.1415
452.869	153.1315
453.089	156.6715
453.31	159.9615
453.53	142.2415
453.751	140.0115
453.971	147.6815
454.192	152.98149999999998
454.412	137.4915
454.633	134.7815
454.853	132.8415
455.073	133.6515
455.294	139.3015
455.514	151.1415
455.734	141.4415
455.955	131.86149999999998
456.175	131.79149999999998
456.395	131.5515
456.616	130.7215
456.836	130.3915
457.056	130.5015
457.276	129.1415
457.497	129.4215
457.717	130.2415
457.937	134.2515
458.157	133.9115
458.377	135.9715
458.598	152.20149999999998
458.818	191.0015
459.038	206.2815
459.258	173.1115
459.478	146.6315
459.698	143.29149999999998
459.918	145.0915
460.138	144.1815
460.358	147.61149999999998
460.578	149.6715
460.798	151.7715
461.018	150.2515
461.238	147.95149999999998
461.458	148.8115
461.678	145.8715
461.898	150.1215
462.118	148.8715
462.338	151.9215
462.558	153.1215
462.777	155.60150000000002
462.997	162.3215
463.217	165.1015
463.437	164.73149999999998
463.657	159.4715
463.876	158.1215
464.096	160.61149999999998
464.316	161.2715
464.536	162.5915
464.755	161.8915
464.975	168.81150000000002
465.195	218.7115
465.414	210.15149999999997
465.634	154.3715
465.854	144.45149999999998
466.073	142.8015
466.293	141.36149999999998
466.512	139.3915
466.732	137.5615
466.951	138.20149999999998
467.171	143.4915
467.391	143.6915
467.61	152.73149999999998
467.829	150.1315
468.049	161.0315
468.268	168.4415
468.488	140.29149999999998
468.707	135.1715
468.927	134.9315
469.146	134.8315
469.365	136.5315
469.585	138.1215
469.804	144.4215
470.023	145.5915
470.243	143.70149999999998
470.462	150.8815
470.681	159.1715
470.901	143.10150000000002
471.12	138.8415
471.339	140.0615
471.558	138.5115
471.777	139.1715
471.997	148.0915
472.216	193.0215
472.435	258.8315
472.654	162.4615
472.873	142.4915
473.092	136.0915
473.311	137.2215
473.53	136.3815
473.749	138.9715
473.968	147.2515
474.187	161.2715
474.406	150.5315
474.625	138.7515
474.844	136.35150000000002
475.063	135.8315
475.282	138.3415
475.501	135.7115
475.72	138.5215
475.939	138.1915
476.158	136.45149999999998
476.377	138.0215
476.596	138.20149999999998
476.814	142.86149999999998
477.033	142.9715
477.252	141.8315
477.471	140.4615
477.69	143.1415
477.908	145.3415
478.127	148.2615
478.346	148.04149999999998
478.564	149.98149999999998
478.783	155.0515
479.002	153.29149999999998
479.22	152.4315
479.439	158.6315
479.658	161.7115
479.876	156.2815
480.095	155.2815
480.313	162.10150000000002
480.532	163.6915
480.751	168.23149999999998
480.969	211.9315
481.188	389.6815
481.406	288.1415
481.624	170.01149999999998
481.843	153.5515
482.061	149.7715
482.28	149.5715
482.498	146.4115
482.717	146.8915
482.935	147.8915
483.153	146.3915
483.372	145.86149999999998
483.59	147.1715
483.808	147.6815
484.027	148.7415
484.245	150.6215
484.463	150.3315
484.681	155.2515
484.9	151.2115
485.118	154.7515
485.336	155.0015
485.554	157.0815
485.772	159.2515
485.99	163.4415
486.209	166.3615
486.427	164.63150000000002
486.645	168.4515
486.863	170.97150000000002
487.081	161.4715
487.299	158.1915
487.517	156.6715
487.735	155.1415
487.953	153.5215
488.171	154.3215
488.389	154.70149999999998
488.607	159.5015
488.825	152.61149999999998
489.043	151.20149999999998
489.261	151.6815
489.479	152.5615
489.696	153.6815
489.914	153.9315
490.132	153.23149999999998
490.35	155.10150000000002
490.568	155.9415
490.786	156.2415
491.003	155.5615
491.221	157.9315
491.439	161.3015
491.657	161.2515
491.874	162.8515
492.092	161.9215
492.31	161.5315
492.527	162.1315
492.745	163.51149999999998
492.963	164.40149999999997
493.18	162.47150000000002
493.398	166.5715
493.615	171.4415
493.833	168.92149999999998
494.05	163.5715
494.268	164.3015
494.485	164.58149999999998
494.703	163.06150000000002
494.92	164.1415
495.138	160.6515
495.355	164.24149999999997
495.573	164.31150000000002
495.79	163.58149999999998
496.008	166.0515
496.225	163.1615
496.442	164.8515
496.66	166.15149999999997
496.877	164.42149999999998
497.094	167.2815
497.312	168.9415
497.529	169.24149999999997
497.746	171.7915
497.963	172.4515
498.181	178.6115
498.398	183.40149999999997
498.615	196.1815
498.832	198.3515
499.049	192.47150000000002
499.267	200.8015
499.484	208.08149999999998
499.701	215.0415
499.918	226.22150000000002
500.135	229.7915
500.352	239.3215
500.569	239.88150000000002
500.786	239.5715
501.003	234.7015
501.22	227.3715
501.437	219.24149999999997
501.654	212.0915
501.871	214.88150000000002
502.088	196.3415
502.305	190.1115
502.522	184.67149999999998
502.739	181.7915
502.956	176.6115
503.172	173.7115
503.389	174.7915
503.606	180.9615
503.823	172.6815
504.04	169.76149999999998
504.256	170.56150000000002
504.473	168.67149999999998
504.69	171.1115
504.907	170.58149999999998
505.123	164.2815
505.34	162.11149999999998
505.557	160.3315
505.773	158.4715
505.99	157.60150000000002
506.207	156.0515
506.423	157.9915
506.64	154.9415
506.856	153.9715
507.073	154.6715
507.289	156.0015
507.506	159.8315
507.722	170.76149999999998
507.939	170.1115
508.155	156.9115
508.372	153.0315
508.588	152.9115
508.805	154.45149999999998
509.021	156.60150000000002
509.238	159.8315
509.454	159.0315
509.67	159.4715
509.887	165.40149999999997
510.103	184.1415
510.319	264.2815
510.536	781.0315
510.752	2317.2615
510.968	679.0415
511.184	209.4515
511.401	164.2115
511.617	155.79149999999998
511.833	150.86149999999998
512.049	151.0015
512.265	150.4115
512.481	149.1915
512.698	149.4415
512.914	147.5015
513.13	149.48149999999998
513.346	147.5215
513.562	150.4015
513.778	150.9415
513.994	152.4615
514.21	155.60150000000002
514.426	171.9315
514.642	185.42149999999998
514.858	181.47150000000002
515.074	219.5715
515.29	478.4315
515.506	1381.1015000000002
515.721	548.6315
515.937	207.7015
516.153	170.0415
516.369	159.9115
516.585	157.1715
516.801	159.1315
517.016	160.9915
517.232	163.06150000000002
517.448	165.48149999999998
517.664	166.1015
517.879	165.9615
518.095	164.49149999999997
518.311	164.83149999999998
518.527	160.6915
518.742	158.7115
518.958	156.04149999999998
519.173	155.9015
519.389	153.8415
519.605	154.1315
519.82	153.73149999999998
520.036	159.45149999999998
520.251	172.83149999999998
520.467	166.8615
520.682	162.6215
520.898	163.0315
521.113	170.1115
521.329	192.3015
521.544	254.0515
521.76	579.8015
521.975	2238.1915
522.19	1355.9715
522.406	341.0115
522.621	173.3215
522.836	153.3015
523.052	148.5815
523.267	146.5915
523.482	143.2115
523.698	149.7215
523.913	165.5515
524.128	150.5615
524.343	141.7615
524.559	143.9415
524.774	138.6615
524.989	142.9015
525.204	149.2515
525.419	145.35150000000002
525.634	138.8315
525.849	137.8715
526.064	136.6515
526.28	140.11149999999998
526.495	134.70149999999998
526.71	135.85150000000002
526.925	134.8915
527.14	134.1615
527.355	136.5915
527.57	136.3115
527.785	136.0115
527.999	137.1715
528.214	140.0215
528.429	139.9615
528.644	137.4015
528.859	137.3915
529.074	140.4015
529.289	164.99149999999997
529.503	214.1615
529.718	152.35150000000002
529.933	137.6915
530.148	135.8815
530.363	137.1215
530.577	135.8715
530.792	134.7615
531.007	133.5615
531.221	136.4015
531.436	135.6415
531.651	137.3015
531.865	136.1915
532.08	138.8415
532.295	137.7415
532.509	136.9215
532.724	136.9115
532.938	136.04149999999998
533.153	140.2715
533.367	136.7615
533.582	138.1515
533.796	135.7815
534.011	135.54149999999998
534.225	135.7715
534.44	133.9415
534.654	137.9115
534.868	133.2415
535.083	135.0115
535.297	137.5915
535.511	142.5715
535.726	142.9915
535.94	140.6815
536.154	136.6515
536.369	135.5815
536.583	131.1415
536.797	132.7515
537.011	132.3415
537.225	130.9315
537.44	133.1715
537.654	132.1215
537.868	131.4315
538.082	133.1915
538.296	130.4415
538.51	130.2615
538.724	132.5915
538.938	132.3415
539.153	135.35150000000002
539.367	142.79149999999998
539.581	133.2815
539.795	131.2815
540.009	130.1515
540.222	129.85150000000002
540.436	131.2415
540.65	128.9315
540.864	132.0815
541.078	134.8115
541.292	132.2115
541.506	130.35150000000002
541.72	129.6315
541.934	127.79150000000001
542.147	128.6715
542.361	127.3915
542.575	128.7215
542.789	128.9315
543.002	126.9115
543.216	132.4015
543.43	134.5015
543.644	132.5615
543.857	129.3315
544.071	128.35150000000002
544.285	131.4615
544.498	128.9015
544.712	129.5915
544.925	128.7915
545.139	128.1515
545.352	128.98149999999998
545.566	128.7515
545.779	128.6415
545.993	130.3715
546.206	128.9015
546.42	129.5815
546.633	130.0915
546.847	133.2715
547.06	128.8115
547.274	129.3215
547.487	129.5015
547.7	127.70150000000001
547.914	129.8715
548.127	129.48149999999998
548.34	129.6315
548.554	127.3315
548.767	129.8415
548.98	129.0615
549.193	129.7715
549.407	128.36149999999998
549.62	129.4115
549.833	129.6415
550.046	128.7515
550.259	127.4215
550.473	127.80149999999999
550.686	129.10150000000002
550.899	128.8415
551.112	126.9815
551.325	126.8615
551.538	128.23149999999998
551.751	128.2915
551.964	128.6215
552.177	130.1315
552.39	129.6415
552.603	129.0815
552.816	132.2815
553.029	131.4315
553.242	132.98149999999998
553.455	139.2715
553.667	144.2215
553.88	142.0015
554.093	134.0715
554.306	134.0915
554.519	132.4115
554.732	128.6315
554.944	130.0115
555.157	127.62150000000001
555.37	129.9115
555.583	130.0015
555.795	129.8115
556.008	126.6515
556.221	125.03150000000001
556.433	125.29150000000001
556.646	127.12150000000001
556.859	127.72149999999999
557.071	125.6515
557.284	123.9315
557.496	123.3315
557.709	121.5715
557.921	124.7715
558.134	122.8215
558.346	122.6715
558.559	121.1815
558.771	120.4915
558.984	121.1715
559.196	121.97149999999999
559.409	120.8515
559.621	121.9015
559.833	119.62150000000001
560.046	120.1715
560.258	119.03150000000001
560.47	122.6515
560.683	121.45150000000001
560.895	119.8115
561.107	120.96149999999999
561.32	122.5615
561.532	120.12150000000001
561.744	122.4415
561.956	121.1515
562.168	121.05149999999999
562.381	122.6515
562.593	121.9415
562.805	122.47149999999999
563.017	123.8615
563.229	120.71149999999999
563.441	120.2515
563.653	120.8115
563.865	121.1415
564.077	120.95150000000001
564.289	122.1915
564.501	122.4015
564.713	124.6515
564.925	128.0915
565.137	137.3215
565.349	128.1315
565.561	126.3115
565.773	127.6815
565.985	128.4315
566.197	129.8715
566.408	132.9615
566.62	138.04149999999998
566.832	141.3415
567.044	138.2515
567.255	139.79149999999998
567.467	142.5015
567.679	146.0915
567.891	147.8315
568.102	148.5615
568.314	145.8315
568.526	138.20149999999998
568.737	136.5615
568.949	131.95149999999998
569.161	129.5515
569.372	124.3215
569.584	125.6015
569.795	129.0415
570.007	148.6215
570.218	260.99150000000003
570.43	160.7815
570.641	124.05149999999999
570.853	120.53150000000001
571.064	121.96149999999999
571.276	120.0815
571.487	120.13149999999999
571.698	118.0815
571.91	116.6115
572.121	115.30149999999999
572.333	115.78150000000001
572.544	114.6815
572.755	114.8215
572.966	114.6515
573.178	114.2615
573.389	116.22149999999999
573.6	113.2415
573.811	111.53150000000001
574.023	114.1415
574.234	112.6715
574.445	113.53150000000001
574.656	113.20150000000001
574.867	112.95150000000001
575.078	114.5115
575.289	112.71149999999999
575.501	115.0215
575.712	111.3315
575.923	111.55149999999999
576.134	113.0815
576.345	113.9815
576.556	114.21149999999999
576.767	115.0815
576.978	113.1515
577.188	114.8315
577.399	115.71149999999999
577.61	113.1815
577.821	120.6715
578.032	134.1315
578.243	276.1615
578.454	711.9414999999999
578.665	221.6415
578.875	121.97149999999999
579.086	112.4415
579.297	110.3115
579.508	110.5815
579.718	111.78150000000001
579.929	109.3615
580.14	108.1715
580.35	109.04150000000001
580.561	109.4215
580.772	108.0115
580.982	108.3415
581.193	108.0115
581.403	108.95150000000001
581.614	107.1115
581.825	108.9815
582.035	107.6415
582.246	108.30149999999999
582.456	107.9915
582.667	106.8615
582.877	108.30149999999999
583.087	107.7615
583.298	108.97149999999999
583.508	107.1015
583.719	107.46149999999999
583.929	109.8515
584.139	108.6515
584.35	105.20150000000001
584.56	107.7415
584.77	106.53150000000001
584.981	106.1815
585.191	107.7515
585.401	109.0715
585.611	106.4115
585.821	107.22149999999999
586.032	107.1515
586.242	105.71149999999999
586.452	107.0015
586.662	105.4415
586.872	106.2415
587.082	105.22149999999999
587.292	105.3515
587.502	106.6715
587.713	106.5015
587.923	107.3315
588.133	106.6015
588.343	105.5015
588.553	108.22149999999999
588.762	113.1815
588.972	124.9815
589.182	223.1115
589.392	150.5615
589.602	125.6015
589.812	173.9415
590.022	124.38149999999999
590.232	108.3415
590.441	106.47149999999999
590.651	105.21149999999999
590.861	105.2415
591.071	105.78150000000001
591.281	106.6915
591.49	105.1115
591.7	105.29150000000001
591.91	109.1015
592.119	107.80149999999999
592.329	109.79150000000001
592.539	114.5715
592.748	111.8915
592.958	110.8315
593.167	110.5215
593.377	111.5715
593.587	116.0215
593.796	110.9415
594.006	111.6715
594.215	111.96149999999999
594.424	110.2715
594.634	109.0015
594.843	110.6015
595.053	108.9915
595.262	108.0615
595.472	108.2615
595.681	106.4015
595.89	105.8315
596.1	106.5915
596.309	108.0615
596.518	105.0715
596.727	105.6515
596.937	104.2715
597.146	104.8115
597.355	105.0215
597.564	103.0815
597.774	105.7515
597.983	102.4315
598.192	101.03150000000001
598.401	102.4115
598.61	101.2415
598.819	101.8315
599.028	102.96149999999999
599.237	100.1415
599.446	101.5215
599.655	103.0615
599.864	103.4315
600.073	104.30149999999999
600.282	104.2715
600.491	103.2615
600.7	104.1715
600.909	102.63149999999999
601.118	103.3315
601.327	104.6015
601.536	104.1615
601.745	101.7415
601.953	102.5015
602.162	103.3315
602.371	103.5815
602.58	101.04150000000001
602.789	103.1415
602.997	101.04150000000001
603.206	100.71149999999999
603.415	100.4015
603.623	98.9915
603.832	100.62150000000001
604.041	101.4215
604.249	100.3415
604.458	100.46149999999999
604.666	99.8115
604.875	98.5615
605.084	100.20150000000001
605.292	98.7715
605.501	98.87150000000001
605.709	100.3615
605.918	101.04150000000001
606.126	100.37150000000001
606.334	100.4115
606.543	99.45150000000001
606.751	100.78150000000001
606.96	99.37150000000001
607.168	98.7415
607.376	100.9415
607.585	102.1115
607.793	99.6515
608.001	99.5115
608.21	99.6815
608.418	99.3115
608.626	98.22149999999999
608.834	98.4015
609.043	100.3115
609.251	99.8415
609.459	99.0715
609.667	100.22149999999999
609.875	98.22149999999999
610.083	98.04150000000001
610.291	97.8915
610.499	99.6615
610.707	100.0015
610.916	98.1915
611.124	99.88149999999999
611.332	98.4115
611.54	97.30149999999999
611.748	98.72149999999999
611.955	99.5815
612.163	99.3915
612.371	100.6715
612.579	97.38149999999999
612.787	98.2615
612.995	100.1115
613.203	101.1615
613.411	100.3615
613.618	98.87150000000001
613.826	99.1615
614.034	98.70150000000001
614.242	97.1015
614.449	98.4015
614.657	99.47149999999999
614.865	100.8215
615.072	99.5715
615.28	97.4215
615.488	101.3115
615.695	102.47149999999999
615.903	106.46149999999999
616.111	107.5215
616.318	111.0615
616.526	103.6415
616.733	106.2615
616.941	101.71149999999999
617.148	102.5215
617.356	101.4315
617.563	100.05149999999999
617.771	99.5815
617.978	99.1015
618.185	98.04150000000001
618.393	97.97149999999999
618.6	98.0215
618.807	97.7315
619.015	98.0915
619.222	96.55149999999999
619.429	97.1715
619.637	100.5715
619.844	99.3515
620.051	98.4915
620.258	97.04150000000001
620.466	96.97149999999999
620.673	96.3615
620.88	95.6515
621.087	94.5215
621.294	97.6415
621.501	96.72149999999999
621.708	97.55149999999999
621.915	97.1615
622.122	94.80149999999999
622.329	97.8215
622.536	97.4915
622.743	95.8315
622.95	96.0215
623.157	96.1415
623.364	96.80149999999999
623.571	95.6015
623.778	95.7415
623.985	98.12150000000001
624.192	94.45150000000001
624.399	94.9315
624.606	98.3915
624.812	94.78150000000001
625.019	93.5815
625.226	95.7515
625.433	97.6615
625.639	95.88149999999999
625.846	95.04150000000001
626.053	94.20150000000001
626.259	95.20150000000001
626.466	96.6515
626.673	95.1015
626.879	94.3515
627.086	96.3515
627.293	95.6915
627.499	96.5815
627.706	95.55149999999999
627.912	93.8615
628.119	94.12150000000001
628.325	95.4115
628.532	93.6615
628.738	93.0215
628.945	94.0015
629.151	94.3115
629.357	93.28150000000001
629.564	95.30149999999999
629.77	95.9415
629.976	93.04150000000001
630.183	93.1715
630.389	93.1015
630.595	92.53150000000001
630.802	92.8915
631.008	92.3315
631.214	92.29150000000001
631.42	94.0615
631.627	96.5915
631.833	94.1815
632.039	91.9815
632.245	93.1115
632.451	94.6815
632.657	91.80149999999999
632.863	92.1715
633.069	92.3215
633.275	92.54150000000001
633.481	91.47149999999999
633.688	92.3915
633.893	94.3115
634.099	93.71149999999999
634.305	92.21149999999999
634.511	92.71149999999999
634.717	92.71149999999999
634.923	92.9215
635.129	91.0915
635.335	91.30149999999999
635.541	92.21149999999999
635.747	93.1615
635.952	92.5115
636.158	94.2615
636.364	103.8415
636.57	101.22149999999999
636.775	94.0915
636.981	92.4015
637.187	93.28150000000001
637.392	90.3115
637.598	91.6515
637.804	91.8515
638.009	91.4015
638.215	92.2415
638.421	92.38149999999999
638.626	91.12150000000001
638.832	92.46149999999999
639.037	90.38149999999999
639.243	91.1615
639.448	92.0615
639.654	93.8315
639.859	91.78150000000001
640.065	90.5615
640.27	95.4115
640.475	92.29150000000001
640.681	91.7515
640.886	91.1115
641.091	91.29150000000001
641.297	94.0015
641.502	91.04150000000001
641.707	92.97149999999999
641.913	91.96149999999999
642.118	90.05149999999999
642.323	89.3215
642.528	93.1715
642.733	92.2515
642.939	91.97149999999999
643.144	91.5615
643.349	90.80149999999999
643.554	92.8315
643.759	91.1115
643.964	89.5715
644.169	93.4115
644.374	90.9915
644.579	92.30149999999999
644.784	90.3115
644.989	91.37150000000001
645.194	90.2515
645.399	91.4815
645.604	90.4115
645.809	93.9415
646.014	94.6915
646.219	91.7715
646.423	90.8615
646.628	90.4015
646.833	92.62150000000001
647.038	91.9115
647.243	93.05149999999999
647.447	91.3915
647.652	90.63149999999999
647.857	92.1715
648.062	93.46149999999999
648.266	94.3615
648.471	95.6815
648.676	98.6015
648.88	97.9815
649.085	96.8915
649.289	95.97149999999999
649.494	105.0015
649.698	130.5615
649.903	105.04150000000001
650.107	94.4815
650.312	92.8915
650.516	88.70150000000001
650.721	90.13149999999999
650.925	90.30149999999999
651.13	90.0015
651.334	89.3315
651.539	88.5715
651.743	87.8415
651.947	89.7615
652.152	90.2415
652.356	87.79150000000001
652.56	88.4915
652.764	86.6915
652.969	86.47149999999999
653.173	86.5615
653.377	86.62150000000001
653.581	86.21149999999999
653.785	86.8915
653.99	88.1915
654.194	88.3315
654.398	88.22149999999999
654.602	88.1115
654.806	91.7415
655.01	102.9215
655.214	93.4015
655.418	88.7515
655.622	87.6015
655.826	89.5915
656.03	91.2715
656.234	94.30149999999999
656.438	98.45150000000001
656.642	97.5915
656.846	93.3115
657.049	89.97149999999999
657.253	88.80149999999999
657.457	87.30149999999999
657.661	86.30149999999999
657.865	86.3215
658.068	83.5215
658.272	84.8615
658.476	84.47149999999999
658.68	84.4115
658.883	83.63149999999999
659.087	81.7415
659.291	83.71149999999999
659.494	84.45150000000001
659.698	82.6715
659.901	84.88149999999999
660.105	81.6015
660.309	83.3415
660.512	81.1615
660.716	83.5615
660.919	84.5715
661.123	85.5715
661.326	82.9215
661.53	81.3615
661.733	85.05149999999999
661.936	84.8115
662.14	82.0915
662.343	81.3415
662.546	80.9015
662.75	84.2715
662.953	84.55149999999999
663.156	81.6515
663.36	83.04150000000001
663.563	82.1015
663.766	81.5115
663.969	82.8315
664.173	81.30149999999999
664.376	81.0415
664.579	79.7515
664.782	81.47149999999999
664.985	81.9315
665.188	81.7415
665.391	81.6115
665.594	81.5715
665.797	81.30149999999999
666.0	81.3415
666.203	80.44149999999999
666.406	80.39150000000001
666.609	79.8015
666.812	80.9215
667.015	81.9115
667.218	82.3315
667.421	82.05149999999999
667.624	81.5215
667.827	83.9115
668.03	81.2315
668.232	80.1515
668.435	81.3515
668.638	81.62150000000001
668.841	83.3515
669.043	81.6915
669.246	81.7715
669.449	81.4415
669.651	80.7715
669.854	82.3915
670.057	81.8115
670.259	81.4315
670.462	81.29150000000001
670.665	80.7515
670.867	83.47149999999999
671.07	82.1715
671.272	82.0215
671.475	85.0715
671.677	81.3915
671.88	79.7615
672.082	82.04150000000001
672.284	81.53150000000001
672.487	81.3915
672.689	80.36149999999999
672.892	80.9115
