223.165	-17.4145
223.4	-17.4145
223.635	-17.4145
223.869	-19.0945
224.104	-18.8145
224.338	-16.8445
224.573	-15.454500000000001
224.808	-13.674499999999998
225.042	-8.2745
225.277	-5.6745
225.511	-2.4545000000000003
225.746	4.3155
225.98	7.6655
226.215	11.6455
226.449	17.1855
226.683	20.665499999999998
226.918	26.1255
227.152	30.1055
227.387	36.3855
227.621	39.3955
227.856	44.8155
228.09	46.38549999999999
228.324	51.1555
228.559	54.8255
228.793	65.1255
229.027	92.5755
229.262	101.5555
229.496	113.3255
229.73	135.2455
229.964	136.4055
230.199	110.4855
230.433	109.1855
230.667	108.3055
230.901	107.8255
231.136	106.0755
231.37	108.29549999999999
231.604	109.4955
231.838	110.8255
232.072	109.9055
232.306	111.3555
232.541	111.9455
232.775	111.4355
233.009	112.04549999999999
233.243	112.5755
233.477	113.71549999999999
233.711	113.0855
233.945	114.9455
234.179	114.1755
234.413	113.8655
234.647	114.91550000000001
234.881	114.1155
235.115	115.4455
235.349	117.8355
235.583	117.96549999999999
235.817	119.5755
236.051	121.4955
236.285	120.2655
236.519	120.6355
236.753	127.9855
236.987	144.4555
237.221	179.0755
237.455	190.8555
237.689	141.4255
237.922	131.0155
238.156	126.95549999999999
238.39	124.3255
238.624	122.0355
238.858	123.0655
239.091	123.2255
239.325	124.6355
239.559	127.6155
239.793	129.4655
240.027	133.02550000000002
240.26	140.9155
240.494	147.78549999999998
240.728	144.5455
240.961	142.6055
241.195	137.6455
241.429	134.6455
241.662	130.6555
241.896	132.18550000000002
242.13	132.3355
242.363	132.7055
242.597	132.43550000000002
242.83	136.7455
243.064	138.0455
243.298	138.2155
243.531	139.3155
243.765	139.0555
243.998	140.6755
244.232	142.5555
244.465	146.8855
244.699	145.5455
244.932	145.9655
245.166	144.53549999999998
245.399	145.93550000000002
245.633	145.3155
245.866	145.5655
246.099	146.18550000000002
246.333	148.0155
246.566	150.03549999999998
246.8	150.1655
247.033	152.68550000000002
247.266	155.5355
247.5	159.4855
247.733	162.5855
247.966	163.4055
248.2	163.9255
248.433	163.9355
248.666	168.71550000000002
248.899	179.37550000000002
249.133	190.0855
249.366	195.2255
249.599	188.8455
249.832	172.23550000000003
250.066	172.7055
250.299	173.89550000000003
250.532	180.4155
250.765	191.5355
250.998	204.0355
251.231	202.0755
251.465	193.7855
251.698	187.5655
251.931	185.4355
252.164	185.9555
252.397	186.62550000000002
252.63	190.14550000000003
252.863	193.98550000000003
253.096	204.80550000000002
253.329	212.2455
253.562	203.5855
253.795	200.25549999999998
254.028	199.8255
254.261	201.89550000000003
254.494	214.96550000000002
254.727	241.1055
254.96	246.5755
255.193	228.6855
255.426	211.7955
255.659	203.9055
255.892	203.5455
256.124	199.5855
256.357	196.7655
256.59	198.0655
256.823	195.1755
257.056	197.5655
257.289	197.0655
257.521	197.89550000000003
257.754	197.0655
257.987	197.87550000000002
258.22	200.8655
258.452	197.2055
258.685	198.5455
258.918	201.21550000000002
259.151	204.7055
259.383	210.1755
259.616	208.5355
259.849	213.0155
260.081	225.2955
260.314	239.6655
260.547	235.6855
260.779	221.7955
261.012	217.5155
261.244	214.0955
261.477	214.6355
261.71	217.5355
261.942	236.6655
262.175	239.8255
262.407	217.75549999999998
262.64	208.7655
262.872	208.1855
263.105	207.0255
263.337	208.71550000000002
263.57	207.73550000000003
263.802	211.2855
264.035	208.7655
264.267	208.7455
264.499	210.6555
264.732	214.2855
264.964	211.4755
265.197	213.4555
265.429	212.05550000000002
265.661	213.5755
265.894	217.14550000000003
266.126	217.3855
266.358	216.30550000000002
266.591	218.4055
266.823	226.25549999999998
267.055	225.8555
267.287	227.1555
267.52	223.7255
267.752	224.8255
267.984	226.2755
268.216	227.9155
268.448	232.2455
268.681	237.05550000000002
268.913	244.6755
269.145	259.0055
269.377	263.77549999999997
269.609	256.6855
269.841	255.7655
270.073	261.6955
270.306	283.5355
270.538	295.32550000000003
270.77	285.7055
271.002	272.9955
271.234	270.4555
271.466	282.6655
271.698	291.3555
271.93	290.9855
272.162	291.2055
272.394	288.4655
272.626	275.7555
272.858	266.3855
273.09	259.4155
273.322	258.4355
273.553	253.3255
273.785	253.2055
274.017	255.2855
274.249	256.5055
274.481	256.3155
274.713	256.1655
274.945	261.9955
275.176	260.0055
275.408	257.02549999999997
275.64	256.5555
275.872	258.0455
276.104	261.3455
276.335	266.5455
276.567	277.7055
276.799	292.4555
277.031	302.3555
277.262	303.5955
277.494	295.1755
277.726	281.9455
277.957	273.4655
278.189	270.5855
278.421	267.52549999999997
278.652	268.6555
278.884	268.1355
279.115	265.8355
279.347	266.9955
279.579	266.1755
279.81	267.4555
280.042	267.0955
280.273	270.4155
280.505	270.2955
280.736	268.4755
280.968	270.0055
281.199	273.3155
281.431	275.1055
281.662	275.6655
281.894	278.5955
282.125	287.6355
282.356	313.6455
282.588	341.6355
282.819	310.1255
283.051	285.4055
283.282	280.2355
283.513	286.2155
283.745	286.8355
283.976	287.5455
284.207	287.9255
284.439	286.9755
284.67	286.9355
284.901	286.6455
285.132	289.4955
285.364	286.32550000000003
285.595	290.5955
285.826	289.3055
286.057	292.7055
286.288	288.7055
286.52	292.7255
286.751	292.5655
286.982	293.6155
287.213	293.6355
287.444	300.9055
287.675	302.9055
287.906	306.9255
288.138	312.8355
288.369	314.6255
288.6	312.6655
288.831	306.9355
289.062	305.9055
289.293	305.4655
289.524	301.8955
289.755	299.9955
289.986	299.8355
290.217	300.7855
290.448	301.6555
290.679	302.5555
290.91	305.1355
291.141	302.4355
291.371	304.5055
291.602	304.6555
291.833	300.3155
292.064	304.0955
292.295	302.9555
292.526	305.3455
292.757	305.3055
292.987	302.9055
293.218	300.3055
293.449	307.9055
293.68	307.3355
293.91	305.1555
294.141	310.52549999999997
294.372	305.7455
294.603	307.7555
294.833	310.6655
295.064	311.2555
295.295	311.0455
295.525	313.1355
295.756	324.02549999999997
295.987	339.7055
296.217	368.75550000000004
296.448	351.0655
296.679	321.0355
296.909	317.4455
297.14	317.5055
297.37	322.8755
297.601	322.9155
297.831	322.5355
298.062	324.9455
298.292	325.82550000000003
298.523	330.9455
298.753	329.2955
298.984	324.86550000000005
299.214	327.18550000000005
299.445	327.00550000000004
299.675	329.9655
299.905	334.8455
300.136	331.4255
300.366	329.0355
300.597	332.8455
300.827	340.7855
301.057	351.6355
301.288	359.02549999999997
301.518	347.7655
301.748	344.1355
301.979	357.2355
302.209	349.5155
302.439	348.8955
302.669	345.02549999999997
302.9	343.6755
303.13	342.52549999999997
303.36	350.1455
303.59	354.68550000000005
303.82	358.5655
304.051	350.7855
304.281	347.4655
304.511	341.6055
304.741	341.2655
304.971	341.7155
305.201	340.5955
305.431	339.52549999999997
305.661	340.3855
305.891	338.5555
306.121	346.1355
306.352	354.8955
306.582	354.8355
306.812	339.75550000000004
307.042	340.5455
307.272	344.3755
307.502	341.00550000000004
307.731	344.5355
307.961	340.5955
308.191	339.4155
308.421	341.50550000000004
308.651	344.9255
308.881	345.8355
309.111	348.4755
309.341	351.5855
309.571	360.9055
309.8	360.6255
310.03	365.86550000000005
310.26	366.8755
310.49	367.5155
310.72	375.2155
310.949	384.4155
311.179	376.0355
311.409	369.1955
311.639	367.9655
311.868	372.3955
312.098	375.9455
312.328	380.3855
312.557	391.9755
312.787	399.3855
313.017	390.8755
313.246	381.75550000000004
313.476	374.1655
313.706	379.3855
313.935	387.32550000000003
314.165	397.52549999999997
314.394	400.0355
314.624	390.93550000000005
314.853	386.9455
315.083	378.8855
315.312	379.3355
315.542	375.77549999999997
315.771	372.8855
316.001	370.9555
316.23	371.4855
316.46	372.4255
316.689	376.8555
316.919	378.4555
317.148	381.77549999999997
317.377	381.50550000000004
317.607	378.3055
317.836	375.6555
318.065	371.75550000000004
318.295	372.7355
318.524	370.7155
318.753	371.1355
318.983	374.0855
319.212	377.2055
319.441	388.1555
319.67	388.75550000000004
319.9	373.8355
320.129	375.2255
320.358	377.0655
320.587	380.57550000000003
320.816	386.4655
321.046	390.7655
321.275	389.2655
321.504	384.9855
321.733	389.9955
321.962	394.0655
322.191	402.3555
322.42	410.3855
322.649	418.8155
322.878	426.57550000000003
323.108	436.2255
323.337	458.4155
323.566	474.8955
323.795	514.6954999999999
324.024	597.8455
324.253	870.2255
324.482	1494.3455000000001
324.71	2578.6255
324.939	3136.5455
325.168	1624.2755
325.397	710.6555
325.626	534.2855
325.855	489.4455
326.084	479.57550000000003
326.313	486.0655
326.542	511.8555
326.77	617.2555
326.999	913.6255
327.228	1558.1055
327.457	2554.7855
327.686	2189.5255
327.914	870.6655
328.143	606.7655
328.372	543.3054999999999
328.6	508.1955
328.829	498.6055
329.058	517.4454999999999
329.287	513.4555
329.515	477.29549999999995
329.744	458.8955
329.972	462.7155
330.201	472.9855
330.43	493.86550000000005
330.658	517.2355
330.887	550.8155
331.115	512.8955
331.344	470.6655
331.572	468.8955
331.801	477.5355
332.03	479.33549999999997
332.258	470.0355
332.486	470.1355
332.715	476.32550000000003
332.943	490.72549999999995
333.172	502.68550000000005
333.4	511.6055
333.629	527.6954999999999
333.857	536.1755
334.085	527.7655
334.314	518.9454999999999
334.542	523.9655
334.771	521.4555
334.999	499.93550000000005
335.227	492.6055
335.455	488.15549999999996
335.684	483.7055
335.912	482.75550000000004
336.14	475.7355
336.369	473.6755
336.597	479.58549999999997
336.825	472.4655
337.053	465.4955
337.281	459.3955
337.51	456.2055
337.738	457.9455
337.966	450.1455
338.194	453.0955
338.422	447.54549999999995
338.65	441.9555
338.878	439.65549999999996
339.106	436.58549999999997
339.334	438.54549999999995
339.562	432.50550000000004
339.79	427.6655
340.018	424.93550000000005
340.246	427.22549999999995
340.474	430.4555
340.702	428.0955
340.93	426.61550000000005
341.158	427.9555
341.386	429.6755
341.614	432.9655
341.842	426.1755
342.07	419.8855
342.298	420.5955
342.526	416.7355
342.754	419.58549999999997
342.981	420.27549999999997
343.209	429.4455
343.437	453.36550000000005
343.665	468.9255
343.893	487.4655
344.12	491.5555
344.348	469.83549999999997
344.576	457.1755
344.804	452.1755
345.031	447.25550000000004
345.259	445.8755
345.487	433.25550000000004
345.714	425.27549999999997
345.942	416.8955
346.17	415.93550000000005
346.397	414.00550000000004
346.625	412.62550000000005
346.853	410.9455
347.08	410.4855
347.308	418.36550000000005
347.535	421.9655
347.763	426.8955
347.99	420.0955
348.218	424.3055
348.445	428.7155
348.673	418.62550000000005
348.9	414.0655
349.128	410.0355
349.355	404.3955
349.583	407.9555
349.81	402.7355
350.037	403.9955
350.265	402.86550000000005
350.492	403.5555
350.72	406.86550000000005
350.947	413.5655
351.174	421.6055
351.402	425.1555
351.629	414.97549999999995
351.856	416.1955
352.083	421.76550000000003
352.311	422.3855
352.538	424.4055
352.765	423.43550000000005
352.992	426.43550000000005
353.22	417.02549999999997
353.447	411.08549999999997
353.674	406.0655
353.901	400.36550000000005
354.128	398.6355
354.355	399.4755
354.583	400.1655
354.81	401.4755
355.037	399.4055
355.264	396.00550000000004
355.491	393.9755
355.718	393.8555
355.945	397.6055
356.172	396.3555
356.399	397.9155
356.626	396.8355
356.853	396.3055
357.08	394.2055
357.307	395.4155
357.534	393.4755
357.761	397.8855
357.988	398.3055
358.215	396.4955
358.441	398.00550000000004
358.668	396.6255
358.895	400.50550000000004
359.122	399.1455
359.349	406.3755
359.576	415.2655
359.802	432.6455
360.029	452.3055
360.256	446.8155
360.483	426.83549999999997
360.709	406.9955
360.936	413.87550000000005
361.163	413.5655
361.39	413.5355
361.616	413.1255
361.843	408.7155
362.07	409.9955
362.296	412.11550000000005
362.523	406.9855
362.749	411.3155
362.976	401.7355
363.203	403.32550000000003
363.429	397.11550000000005
363.656	400.1355
363.882	399.9855
364.109	397.2355
364.335	397.9855
364.562	398.0455
364.788	396.8055
365.015	401.2855
365.241	405.4755
365.468	411.4755
365.694	414.6755
365.92	404.3455
366.147	398.08549999999997
366.373	396.9755
366.599	395.2655
366.826	393.8855
367.052	393.86550000000005
367.278	400.8855
367.505	401.7855
367.731	404.6455
367.957	402.25550000000004
368.184	405.77549999999997
368.41	416.58549999999997
368.636	427.2055
368.862	433.4455
369.089	419.82550000000003
369.315	408.50550000000004
369.541	406.79549999999995
369.767	409.8555
369.993	410.4455
370.219	409.8955
370.445	411.2155
370.672	411.6655
370.898	413.12550000000005
371.124	418.3855
371.35	420.4455
371.576	418.1455
371.802	417.0555
372.028	415.65549999999996
372.254	417.7655
372.48	420.11550000000005
372.706	427.8755
372.932	430.32550000000003
373.158	427.9155
373.384	427.02549999999997
373.61	421.9555
373.835	423.1655
374.061	424.02549999999997
374.287	429.36550000000005
374.513	437.2455
374.739	444.07550000000003
374.965	452.52549999999997
375.191	454.6355
375.416	447.8455
375.642	437.47549999999995
375.868	437.4655
376.094	430.90549999999996
376.319	425.27549999999997
376.545	427.25550000000004
376.771	420.7455
376.997	422.6355
377.222	422.36550000000005
377.448	420.18550000000005
377.674	421.5555
377.899	419.32550000000003
378.125	416.9555
378.35	417.87550000000005
378.576	417.18550000000005
378.802	415.5355
379.027	417.6755
379.253	419.57550000000003
379.478	418.40549999999996
379.704	418.6255
379.929	421.61550000000005
380.155	422.75550000000004
380.38	422.5155
380.606	426.52549999999997
380.831	421.9655
381.057	429.1655
381.282	424.0155
381.507	426.9855
381.733	431.5555
381.958	434.25550000000004
382.184	439.7455
382.409	442.6055
382.634	450.0655
382.86	447.2355
383.085	452.29549999999995
383.31	455.9455
383.535	464.9555
383.761	466.6955
383.986	471.2655
384.211	476.93550000000005
384.436	480.47549999999995
384.662	485.8855
384.887	494.11550000000005
385.112	494.4155
385.337	499.75550000000004
385.562	499.79549999999995
385.787	500.33549999999997
386.013	510.52549999999997
386.238	513.1155
386.463	506.1255
386.688	510.07550000000003
386.913	495.22549999999995
387.138	494.11550000000005
387.363	493.52549999999997
387.588	492.22549999999995
387.813	494.9255
388.038	494.57550000000003
388.263	500.3955
388.488	500.15549999999996
388.713	493.29549999999995
388.938	490.4555
389.163	487.00550000000004
389.387	490.90549999999996
389.612	482.18550000000005
389.837	485.1055
390.062	484.02549999999997
390.287	483.3855
390.512	483.75550000000004
390.736	486.0655
390.961	495.6655
391.186	502.6455
391.411	517.2455
391.636	523.7555
391.86	530.7955
392.085	536.6255
392.31	525.8855
392.534	519.6355
392.759	509.72549999999995
392.984	505.83549999999997
393.208	505.8955
393.433	505.9555
393.658	501.3755
393.882	500.43550000000005
394.107	502.65549999999996
394.331	506.77549999999997
394.556	503.2455
394.78	512.1855
395.005	514.1954999999999
395.229	513.0655
395.454	529.3054999999999
395.678	537.5055
395.903	538.8455
396.127	541.2355
396.352	525.0255
396.576	509.8955
396.801	507.08549999999997
397.025	516.9555
397.249	525.2055
397.474	535.1155
397.698	536.4955
397.922	544.1155
398.147	556.6455
398.371	559.3255
398.595	570.0955
398.82	593.9555
399.044	638.1155
399.268	698.5955
399.492	783.0855
399.717	835.9654999999999
399.941	813.9755
400.165	770.0655
400.389	713.3155
400.613	649.6054999999999
400.837	615.7955
401.062	602.0755
401.286	593.9255
401.51	592.7455
401.734	589.6954999999999
401.958	607.9555
402.182	633.7055
402.406	667.8355
402.63	638.7855
402.854	633.0155
403.078	633.9655
403.302	644.7955
403.526	653.7955
403.75	659.5455
403.974	660.0355
404.198	656.8455
404.422	665.8955
404.645	660.6555
404.869	653.7755000000001
405.093	671.2154999999999
405.317	679.3955
405.541	680.8055
405.765	657.5855
405.988	667.4654999999999
406.212	722.5555
406.436	778.9354999999999
406.66	724.1255
406.883	692.5355
407.107	732.9755
407.331	776.8755
407.555	819.9455
407.778	791.4354999999999
408.002	732.1054999999999
408.226	702.7154999999999
408.449	688.4055
408.673	681.1854999999999
408.896	695.3055
409.12	711.5555
409.344	670.5555
409.567	645.8955
409.791	645.7255
410.014	639.8155
410.238	631.7955
410.461	633.5955
410.685	638.2355
410.908	646.3555
411.132	670.2755000000001
411.355	666.4555
411.578	630.5455
411.802	613.4355
412.025	612.0355
412.249	619.0955
412.472	618.8255
412.695	612.1954999999999
412.919	595.2055
413.142	589.3354999999999
413.365	583.5055
413.589	585.5455
413.812	581.2555
414.035	577.0355
414.258	581.4655
414.482	583.4855
414.705	591.5655
414.928	586.4555
415.151	588.1255
415.374	590.9955
415.597	575.9555
415.821	571.0755
416.044	571.2055
416.267	572.7955
416.49	568.0355
416.713	567.3354999999999
416.936	573.4955
417.159	572.9454999999999
417.382	579.2955
417.605	576.1954999999999
417.828	591.7355
418.051	603.0655
418.274	592.8054999999999
418.497	582.3455
418.72	594.9355
418.943	589.0455
419.166	618.1755
419.389	650.8955
419.611	641.2355
419.834	622.3054999999999
420.057	612.2255
420.28	598.3655
420.503	583.0554999999999
420.726	585.8354999999999
420.948	601.7055
421.171	634.6855
421.394	632.2555
421.617	594.6954999999999
421.839	593.2755
422.062	599.1954999999999
422.285	615.6555
422.507	668.2355
422.73	711.1054999999999
422.953	657.5754999999999
423.175	629.2155
423.398	630.5755
423.621	628.0255
423.843	648.7755
424.066	646.0355
424.288	638.1055
424.511	658.0055
424.733	697.7055
424.956	735.1655000000001
425.178	693.1955
425.401	705.6755
425.623	695.4755
425.846	613.2255
426.068	601.6355
426.291	596.7555
426.513	593.4755
426.735	603.3755
426.958	638.8455
427.18	706.9055
427.402	817.0955
427.625	836.4155000000001
427.847	699.9954999999999
428.069	622.4255
428.292	584.8155
428.514	556.7355
428.736	546.9355
428.958	549.3755
429.181	532.1355
429.403	535.6055
429.625	547.8855
429.847	575.9655
430.069	624.1755
430.292	585.1954999999999
430.514	535.7755
430.736	535.1255
430.958	529.4255
431.18	523.5755
431.402	523.3855
431.624	521.2955
431.846	528.1954999999999
432.068	527.4855
432.29	537.2255
432.512	532.2655
432.734	536.9155
432.956	536.5655
433.178	546.7055
433.4	546.9955
433.622	534.9255
433.844	534.4955
434.066	537.5854999999999
434.287	544.7655
434.509	563.1355
434.731	577.9255
434.953	587.8354999999999
435.175	599.6155
435.397	608.5055
435.618	602.3255
435.84	641.7055
436.062	716.1854999999999
436.284	704.9954999999999
436.505	603.9055
436.727	577.9155
436.949	557.4355
437.17	543.1655
437.392	535.2955
437.614	552.4555
437.835	589.9755
438.057	670.8355
438.278	710.1555
438.5	707.0255000000001
438.721	783.5455
438.943	681.4055
439.165	580.8354999999999
439.386	564.9655
439.608	570.9355
439.829	584.7955
440.05	627.7055
440.272	667.2855
440.493	590.9155
440.715	562.5955
440.936	561.0854999999999
441.158	563.4555
441.379	575.3054999999999
441.6	599.9755
441.822	620.0255
442.043	655.8755
442.264	721.1955
442.486	693.4255
442.707	623.2255
442.928	619.0854999999999
443.149	653.9354999999999
443.371	667.3755
443.592	695.7154999999999
443.813	777.7255
444.034	767.0754999999999
444.255	672.8554999999999
444.476	657.4155000000001
444.698	670.6655000000001
444.919	678.3355
445.14	698.2454999999999
445.361	673.6255
445.582	678.6355
445.803	734.3155
446.024	784.1054999999999
446.245	754.1054999999999
446.466	673.7655
446.687	590.8455
446.908	562.3455
447.129	541.5554999999999
447.35	527.4155
447.571	527.2755
447.792	519.7855
448.013	531.0554999999999
448.234	552.3155
448.455	599.5955
448.675	704.2955
448.896	739.4654999999999
449.117	619.1755
449.338	634.7455
449.559	755.9155000000001
449.779	770.5955
450.0	589.4855
450.221	535.6155
450.442	516.3255
450.662	511.3555
450.883	524.9155
451.104	535.8255
451.324	510.02549999999997
451.545	498.54549999999995
451.766	490.6655
451.986	479.6755
452.207	479.1755
452.428	480.5955
452.648	487.93550000000005
452.869	497.2655
453.089	504.5955
453.31	515.3255
453.53	486.08549999999997
453.751	480.4955
453.971	485.75550000000004
454.192	498.5955
454.412	472.4255
454.633	467.7155
454.853	463.3055
455.073	464.9855
455.294	497.5655
455.514	546.1655
455.734	498.0155
455.955	458.3555
456.175	449.1755
456.395	445.15549999999996
456.616	444.86550000000005
456.836	445.6955
457.056	445.32550000000003
457.276	435.9555
457.497	448.47549999999995
457.717	446.4255
457.937	457.29549999999995
458.157	462.0555
458.377	472.4255
458.598	510.6655
458.818	587.8054999999999
459.038	653.4954999999999
459.258	616.6555
459.478	545.4454999999999
459.698	534.7555
459.918	539.8354999999999
460.138	555.5255
460.358	572.4255
460.578	575.6555
460.798	583.9555
461.018	582.5955
461.238	570.6655
461.458	567.6755
461.678	565.0554999999999
461.898	577.4555
462.118	577.9955
462.338	606.1455
462.558	618.2555
462.777	636.5955
462.997	686.5855
463.217	720.1854999999999
463.437	701.2955
463.657	656.9455
463.876	639.8354999999999
464.096	645.9655
464.316	647.0854999999999
464.536	651.5355
464.755	631.6055
464.975	629.7955
465.195	681.9755
465.414	671.0455
465.634	568.4454999999999
465.854	541.5255
466.073	524.3555
466.293	510.1355
466.512	497.68550000000005
466.732	488.6455
466.951	490.3455
467.171	490.33549999999997
467.391	498.7355
467.61	509.2055
467.829	498.75550000000004
468.049	492.57550000000003
468.268	481.2355
468.488	470.3555
468.707	466.47549999999995
468.927	469.9855
469.146	469.0655
469.365	477.83549999999997
469.585	480.3555
469.804	502.2655
470.023	511.0355
470.243	505.3455
470.462	518.9355
470.681	533.2855
470.901	514.0355
471.12	499.58549999999997
471.339	495.1255
471.558	493.3455
471.777	486.27549999999997
471.997	481.29549999999995
472.216	485.8755
472.435	496.5355
472.654	474.02549999999997
472.873	469.93550000000005
473.092	467.82550000000003
473.311	468.50550000000004
473.53	471.8955
473.749	481.3555
473.968	524.5155
474.187	604.8155
474.406	565.8054999999999
474.625	496.1655
474.844	477.8555
475.063	474.07550000000003
475.282	473.8955
475.501	479.5955
475.72	484.3055
475.939	481.4555
476.158	486.6755
476.377	488.3155
476.596	486.7055
476.814	500.52549999999997
477.033	505.5555
477.252	509.9455
477.471	515.0155
477.69	524.1055
477.908	531.9454999999999
478.127	542.5554999999999
478.346	547.3755
478.564	559.3655
478.783	568.4454999999999
479.002	579.1255
479.22	578.6655
479.439	586.1954999999999
479.658	597.9955
479.876	595.6155
480.095	609.3955
480.313	643.2555
480.532	632.7655
480.751	623.1355
480.969	618.7455
481.188	642.3655
481.406	610.6055
481.624	571.4655
481.843	560.1555
482.061	550.3955
482.28	546.5955
482.498	543.0455
482.717	540.8755
482.935	541.4055
483.153	538.9454999999999
483.372	542.0155
483.59	538.4355
483.808	538.1155
484.027	544.6355
484.245	551.4955
484.463	549.0455
484.681	563.9255
484.9	562.4855
485.118	566.7755
485.336	568.0055
485.554	576.9155
485.772	578.0755
485.99	580.2855
486.209	584.8155
486.427	590.4955
486.645	596.4355
486.863	604.5854999999999
487.081	594.4355
487.299	580.7555
487.517	581.5755
487.735	579.5554999999999
487.953	577.9755
488.171	576.3955
488.389	576.6555
488.607	579.0554999999999
488.825	573.2755
489.043	576.9655
489.261	581.9855
489.479	579.1055
489.696	582.6555
489.914	587.3555
490.132	592.1954999999999
490.35	596.9255
490.568	597.1855
490.786	606.2355
491.003	610.5854999999999
491.221	618.5655
491.439	627.3755
491.657	633.6855
491.874	634.9955
492.092	636.0155
492.31	637.5955
492.527	638.1455
492.745	643.1555
492.963	647.6355
493.18	651.0055
493.398	657.1155
493.615	670.2955
493.833	667.8155
494.05	662.0655
494.268	662.7755000000001
494.485	663.8655
494.703	660.9755
494.92	664.6455
495.138	660.7355
495.355	665.1555
495.573	666.1255
495.79	661.7055
496.008	670.7355
496.225	664.3055
496.442	666.0754999999999
496.66	676.3155
496.877	678.7555
497.094	685.6555
497.312	697.9555
497.529	713.5355
497.746	726.5855
497.963	742.5055
498.181	777.5355
498.398	797.3755
498.615	841.0655
498.832	873.6455
499.049	908.0255000000001
499.267	955.1054999999999
499.484	1015.3455
499.701	1081.2955
499.918	1142.3655
500.135	1214.3255
500.352	1262.6455
500.569	1271.7555
500.786	1260.3955
501.003	1222.1455
501.22	1170.6955
501.437	1106.7355
501.654	1038.5455
501.871	992.8055
502.088	926.8155
502.305	882.9155000000001
502.522	840.5555
502.739	813.0055
502.956	776.8455
503.172	753.9855
503.389	736.1854999999999
503.606	733.1755
503.823	721.3355
504.04	713.7154999999999
504.256	717.0255000000001
504.473	730.0655
504.69	734.4654999999999
504.907	716.4855
505.123	679.6255
505.34	662.8055
505.557	646.3755
505.773	640.2455
505.99	633.0554999999999
506.207	630.4955
506.423	623.6055
506.64	615.0255
506.856	608.1954999999999
507.073	605.4655
507.289	601.9454999999999
507.506	603.8655
507.722	620.6155
507.939	621.1655
508.155	590.1855
508.372	582.5055
508.588	580.4955
508.805	581.0355
509.021	584.9055
509.238	596.6055
509.454	598.8455
509.67	592.5055
509.887	585.4655
510.103	601.3255
510.319	678.6355
510.536	1206.6155
510.752	2762.4355
510.968	1102.0555
511.184	609.0255
511.401	566.7555
511.617	550.7955
511.833	545.1255
512.049	538.4855
512.265	536.9955
512.481	540.7655
512.698	537.5355
512.914	541.8555
513.13	541.2455
513.346	539.7055
513.562	545.1055
513.778	544.7255
513.994	551.2355
514.21	561.8755
514.426	587.1655
514.642	618.2655
514.858	623.9555
515.074	681.7555
515.29	1007.2855
515.506	2012.5455
515.721	1049.6855
515.937	660.0955
516.153	616.4855
516.369	607.8755
516.585	607.6954999999999
516.801	617.2455
517.016	633.1455
517.232	653.3355
517.448	666.5055
517.664	679.3554999999999
517.879	680.5055
518.095	671.6054999999999
518.311	663.1655000000001
518.527	643.9855
518.742	623.1954999999999
518.958	605.6555
519.173	591.1655
519.389	584.2855
519.605	578.7055
519.82	568.1954999999999
520.036	581.1355
520.251	600.3054999999999
520.467	597.3755
520.682	586.3655
520.898	584.1355
521.113	599.2155
521.329	633.8354999999999
521.544	731.7855
521.76	1151.3655
521.975	2980.5955
522.19	1955.0855000000001
522.406	784.3755
522.621	575.1155
522.836	538.8054999999999
523.052	521.0355
523.267	506.36550000000005
523.482	501.1955
523.698	503.11550000000005
523.913	515.6954999999999
524.128	498.2055
524.343	486.2155
524.559	481.4855
524.774	477.18550000000005
524.989	476.90549999999996
525.204	487.1955
525.419	481.8855
525.634	470.15549999999996
525.849	467.9955
526.064	465.82550000000003
526.28	465.8155
526.495	458.04549999999995
526.71	458.83549999999997
526.925	455.29549999999995
527.14	456.3455
527.355	457.1255
527.57	455.18550000000005
527.785	457.50550000000004
527.999	456.2155
528.214	460.0955
528.429	461.5955
528.644	458.4555
528.859	457.36550000000005
529.074	462.3755
529.289	495.1255
529.503	572.0554999999999
529.718	498.4555
529.933	470.5955
530.148	463.2355
530.363	459.57550000000003
530.577	454.5155
530.792	455.9155
531.007	454.0155
531.221	456.50550000000004
531.436	453.2155
531.651	453.7655
531.865	452.3855
532.08	451.6955
532.295	452.29549999999995
532.509	450.3055
532.724	449.3455
532.938	452.0355
533.153	453.97549999999995
533.367	450.40549999999996
533.582	451.9455
533.796	446.9555
534.011	447.1755
534.225	446.1255
534.44	441.04549999999995
534.654	442.0355
534.868	439.93550000000005
535.083	441.22549999999995
535.297	441.4155
535.511	450.3055
535.726	451.2855
535.94	444.5955
536.154	441.07550000000003
536.369	431.9655
536.583	424.33549999999997
536.797	429.2655
537.011	424.83549999999997
537.225	421.2055
537.44	421.18550000000005
537.654	424.1255
537.868	422.07550000000003
538.082	422.1355
538.296	422.04549999999995
538.51	420.3755
538.724	422.1955
538.938	417.47549999999995
539.153	419.6655
539.367	432.68550000000005
539.581	422.15549999999996
539.795	414.0955
540.009	413.3555
540.222	413.8455
540.436	415.44550000000004
540.65	415.43550000000005
540.864	421.5355
541.078	424.33549999999997
541.292	420.25550000000004
541.506	416.54549999999995
541.72	407.36550000000005
541.934	404.11550000000005
542.147	403.50550000000004
542.361	402.40549999999996
542.575	398.50550000000004
542.789	402.0355
543.002	403.5655
543.216	411.6955
543.43	416.94550000000004
543.644	411.83549999999997
543.857	409.3755
544.071	410.7455
544.285	413.87550000000005
544.498	408.7855
544.712	407.72549999999995
544.925	407.3955
545.139	407.6455
545.352	407.5355
545.566	407.4855
545.779	406.8055
545.993	407.8755
546.206	408.3455
546.42	406.7355
546.633	407.1955
546.847	407.9655
547.06	405.5355
547.274	404.54549999999995
547.487	400.86550000000005
547.7	402.3955
547.914	405.2455
548.127	407.15549999999996
548.34	411.02549999999997
548.554	406.7655
548.767	407.0355
548.98	407.7055
549.193	408.8355
549.407	411.26550000000003
549.62	414.0155
549.833	413.2155
550.046	408.3455
550.259	406.36550000000005
550.473	400.15549999999996
550.686	399.07550000000003
550.899	398.79549999999995
551.112	397.7055
551.325	394.7055
551.538	396.3155
551.751	396.6655
551.964	400.8955
552.177	407.8955
552.39	408.5555
552.603	415.1655
552.816	423.47549999999995
553.029	428.4955
553.242	433.54549999999995
553.455	442.3755
553.667	450.90549999999996
553.88	447.02549999999997
554.093	429.8455
554.306	422.8755
554.519	414.50550000000004
554.732	407.3755
554.944	399.3755
555.157	394.1955
555.37	388.6355
555.583	384.3155
555.795	379.4755
556.008	374.75550000000004
556.221	370.4755
556.433	369.00550000000004
556.646	365.8155
556.859	361.8555
557.071	358.9755
557.284	357.77549999999997
557.496	356.3355
557.709	354.1755
557.921	353.1455
558.134	351.86550000000005
558.346	351.1255
558.559	349.9955
558.771	346.5855
558.984	347.6455
559.196	342.9855
559.409	343.4855
559.621	344.5155
559.833	342.0555
560.046	340.7355
560.258	342.1055
560.47	342.2355
560.683	338.18550000000005
560.895	339.5855
561.107	339.6555
561.32	338.07550000000003
561.532	339.3955
561.744	341.0655
561.956	341.2255
562.168	345.6355
562.381	343.1255
562.593	345.0655
562.805	348.3355
563.017	349.0655
563.229	349.3755
563.441	345.7855
563.653	349.00550000000004
563.865	348.86550000000005
564.077	352.7355
564.289	353.9655
564.501	357.75550000000004
564.713	364.32550000000003
564.925	372.5155
565.137	390.2055
565.349	382.6455
565.561	392.3155
565.773	399.52549999999997
565.985	413.6455
566.197	431.7655
566.408	455.11550000000005
566.62	480.4955
566.832	502.9555
567.044	505.97549999999995
567.255	508.61550000000005
567.467	522.9454999999999
567.679	544.3755
567.891	569.9454999999999
568.102	571.2255
568.314	543.7155
568.526	497.97549999999995
568.737	464.52549999999997
568.949	437.90549999999996
569.161	411.5555
569.372	390.1355
569.584	379.25550000000004
569.795	373.52549999999997
570.007	387.27549999999997
570.218	506.4155
570.43	396.7255
570.641	353.0355
570.853	348.0955
571.064	350.9155
571.276	347.9555
571.487	338.9455
571.698	327.3555
571.91	319.8355
572.121	315.8855
572.333	312.8055
572.544	307.82550000000003
572.755	303.4555
572.966	303.07550000000003
573.178	301.1455
573.389	300.5355
573.6	297.7455
573.811	294.0455
574.023	293.5655
574.234	290.3055
574.445	292.7355
574.656	292.1655
574.867	292.01550000000003
575.078	291.2955
575.289	288.6855
575.501	288.7955
575.712	281.1555
575.923	281.7055
576.134	281.6855
576.345	281.2455
576.556	279.8155
576.767	279.6155
576.978	281.01550000000003
577.188	280.6455
577.399	277.8055
577.61	276.3855
577.821	282.3855
578.032	295.0355
578.243	453.0455
578.454	926.1355000000001
578.665	390.2455
578.875	279.27549999999997
579.086	265.5955
579.297	262.4255
579.508	263.77549999999997
579.718	262.7955
579.929	261.4855
580.14	257.0955
580.35	257.3655
580.561	257.0955
580.772	256.3055
580.982	254.46550000000002
581.193	252.50549999999998
581.403	254.0655
581.614	251.8255
581.825	253.4255
582.035	252.75549999999998
582.246	253.6955
582.456	250.87550000000002
582.667	251.39550000000003
582.877	250.0655
583.087	251.9955
583.298	250.3655
583.508	249.1755
583.719	248.4255
583.929	250.71550000000002
584.139	248.2255
584.35	245.8155
584.56	248.5855
584.77	245.7955
584.981	246.0255
585.191	247.1355
585.401	248.00549999999998
585.611	244.62550000000002
585.821	247.1555
586.032	244.7255
586.242	244.0955
586.452	242.9455
586.662	240.9155
586.872	241.6655
587.082	241.48550000000003
587.292	241.0355
587.502	241.5655
587.713	238.73550000000003
587.923	242.1555
588.133	241.50549999999998
588.343	239.5755
588.553	238.21550000000002
588.762	240.8655
588.972	241.9255
589.182	246.2655
589.392	243.0955
589.602	242.2655
589.812	243.3655
590.022	245.0755
590.232	241.0955
590.441	243.5455
590.651	245.3455
590.861	243.1055
591.071	245.0355
591.281	246.21550000000002
591.49	249.62550000000002
591.7	253.0855
591.91	255.98550000000003
592.119	256.9455
592.329	263.9955
592.539	273.3155
592.748	274.52549999999997
592.958	277.9955
593.167	282.0455
593.377	284.4955
593.587	292.4655
593.796	286.3355
594.006	290.8455
594.215	290.0455
594.424	288.57550000000003
594.634	282.4855
594.843	271.6855
595.053	267.2455
595.262	260.8355
595.472	256.7555
595.681	250.55550000000002
595.89	244.9155
596.1	240.80550000000002
596.309	239.48550000000003
596.518	235.23550000000003
596.727	235.0355
596.937	229.7055
597.146	227.5955
597.355	227.4055
597.564	223.4955
597.774	221.96550000000002
597.983	220.4055
598.192	218.2455
598.401	218.3855
598.61	216.9955
598.819	215.48550000000003
599.028	214.6755
599.237	214.5855
599.446	216.0455
599.655	214.37550000000002
599.864	213.8455
600.073	210.8255
600.282	214.2955
600.491	213.39550000000003
600.7	211.39550000000003
600.909	212.4555
601.118	212.7855
601.327	211.6155
601.536	209.5255
601.745	210.21550000000002
601.953	208.2655
602.162	207.5455
602.371	206.7755
602.58	203.6855
602.789	206.3455
602.997	203.5455
603.206	203.9355
603.415	203.46550000000002
603.623	202.0955
603.832	201.3155
604.041	201.1755
604.249	199.2855
604.458	199.30550000000002
604.666	199.1055
604.875	197.8255
605.084	197.0155
605.292	199.6355
605.501	198.8555
605.709	199.3355
605.918	198.2855
606.126	197.8355
606.334	196.6055
606.543	195.0655
606.751	197.1655
606.96	196.7255
607.168	195.62550000000002
607.376	194.8355
607.585	195.4755
607.793	196.0155
608.001	195.3255
608.21	192.30550000000002
608.418	191.3555
608.626	193.4155
608.834	192.7655
609.043	192.4055
609.251	192.80550000000002
609.459	191.5155
609.667	192.2855
609.875	191.4255
610.083	190.2855
610.291	190.37550000000002
610.499	192.73550000000003
610.707	192.3355
610.916	190.3455
611.124	190.9555
611.332	191.3655
611.54	191.0955
611.748	189.7755
611.955	189.0855
612.163	188.23550000000003
612.371	189.30550000000002
612.579	188.6355
612.787	186.8855
612.995	189.14550000000003
613.203	189.1555
613.411	188.48550000000003
613.618	184.55550000000002
613.826	186.2455
614.034	186.3155
614.242	186.4455
614.449	187.6655
614.657	186.9055
614.865	185.5955
615.072	189.48550000000003
615.28	189.2255
615.488	190.6855
615.695	193.6855
615.903	200.2855
616.111	200.9555
616.318	202.4255
616.526	198.3855
616.733	200.0855
616.941	194.6755
617.148	194.1555
617.356	191.3855
617.563	191.00549999999998
617.771	191.1955
617.978	188.8655
618.185	189.5355
618.393	187.25549999999998
618.6	187.0155
618.807	185.6755
619.015	187.2255
619.222	183.3655
619.429	183.8655
619.637	185.73550000000003
619.844	183.6755
620.051	179.9255
620.258	182.00549999999998
620.466	178.25549999999998
620.673	176.4755
620.88	175.4055
621.087	175.7855
621.294	178.3555
621.501	177.62550000000002
621.708	178.39550000000003
621.915	177.73550000000003
622.122	177.4555
622.329	178.4355
622.536	178.7455
622.743	174.6655
622.95	173.6855
623.157	174.4255
623.364	174.3555
623.571	173.5355
623.778	172.2455
623.985	172.6955
624.192	171.6555
624.399	170.12550000000002
624.606	173.3155
624.812	168.7755
625.019	170.39550000000003
625.226	168.1055
625.433	170.9755
625.639	166.6955
625.846	168.73550000000003
626.053	166.48550000000003
626.259	165.23550000000003
626.466	166.39550000000003
626.673	166.30550000000002
626.879	165.8255
627.086	168.8555
627.293	165.5955
627.499	166.3255
627.706	164.00549999999998
627.912	163.41549999999998
628.119	161.0655
628.325	164.89550000000003
628.532	161.9755
628.738	162.3355
628.945	161.6555
629.151	162.3455
629.357	160.3255
629.564	160.87550000000002
629.77	158.8855
629.976	158.4755
630.183	158.8355
630.389	157.4855
630.595	157.0455
630.802	157.3755
631.008	153.1155
631.214	155.6655
631.42	157.2055
631.627	158.2055
631.833	153.28549999999998
632.039	153.7555
632.245	152.2255
632.451	153.3255
632.657	152.9055
632.863	151.5555
633.069	153.3855
633.275	153.2555
633.481	151.2355
633.688	150.34550000000002
633.893	153.03549999999998
634.099	152.4955
634.305	150.93550000000002
634.511	150.1455
634.717	149.4555
634.923	146.6455
635.129	145.9055
635.335	148.27550000000002
635.541	147.09550000000002
635.747	149.0155
635.952	146.5755
636.158	147.5855
636.364	149.53549999999998
636.57	146.4155
636.775	148.8055
636.981	147.7255
637.187	147.1355
637.392	145.7155
637.598	145.8555
637.804	146.2555
638.009	146.3555
638.215	145.03549999999998
638.421	144.2955
638.626	143.8155
638.832	143.2255
639.037	142.7555
639.243	141.53549999999998
639.448	142.8855
639.654	144.0055
639.859	141.7555
640.065	141.6355
640.27	144.8055
640.475	140.6255
640.681	141.4055
640.886	142.4755
641.091	143.59550000000002
641.297	141.9455
641.502	139.6355
641.707	140.7955
641.913	141.6355
642.118	139.6055
642.323	138.6355
642.528	140.4855
642.733	140.5855
642.939	139.8055
643.144	138.9255
643.349	138.5055
643.554	140.1255
643.759	137.7955
643.964	135.8255
644.169	138.9755
644.374	137.52550000000002
644.579	139.03549999999998
644.784	139.3855
644.989	138.9455
645.194	137.43550000000002
645.399	137.2455
645.604	137.7355
645.809	141.2055
646.014	140.4155
646.219	137.68550000000002
646.423	137.6555
646.628	137.0455
646.833	140.5655
647.038	138.9555
647.243	141.68550000000002
647.447	139.9655
647.652	143.0855
647.857	142.1555
648.062	143.8055
648.266	145.8055
648.471	150.2955
648.676	153.3355
648.88	151.4155
649.085	148.7055
649.289	149.3555
649.494	160.9055
649.698	194.3355
649.903	159.0155
650.107	141.6455
650.312	139.6755
650.516	133.28549999999998
650.721	132.0755
650.925	129.9055
651.13	129.1755
651.334	126.62549999999999
651.539	126.2555
651.743	125.3355
651.947	123.3155
652.152	124.95549999999999
652.356	123.44550000000001
652.56	123.7355
652.764	118.8855
652.969	119.37549999999999
653.173	118.3155
653.377	120.27550000000001
653.581	117.9255
653.785	116.69550000000001
653.99	115.41550000000001
654.194	116.21549999999999
654.398	115.6455
654.602	115.3855
654.806	119.8355
655.01	136.5155
655.214	121.8555
655.418	115.54549999999999
655.622	114.9455
655.826	118.0655
656.03	115.79549999999999
656.234	120.2555
656.438	126.4455
656.642	124.4055
656.846	117.5755
657.049	113.3255
657.253	109.8455
657.457	106.7255
657.661	104.3055
657.865	102.4955
658.068	101.1855
658.272	98.27550000000001
658.476	99.0055
658.68	95.5155
658.883	93.4755
659.087	93.4055
659.291	93.4955
659.494	92.5755
659.698	90.87549999999999
659.901	92.1055
660.105	90.8955
660.309	89.3655
660.512	88.96549999999999
660.716	90.4255
660.919	89.52550000000001
661.123	90.4755
661.326	86.29549999999999
661.53	86.21549999999999
661.733	88.1355
661.936	86.2655
662.14	85.29549999999999
662.343	86.12549999999999
662.546	84.5555
662.75	83.9055
662.953	85.02550000000001
663.156	84.02550000000001
663.36	82.3155
663.563	83.8855
663.766	81.8155
663.969	85.3655
664.173	82.9955
664.376	82.8355
664.579	82.0155
664.782	82.95549999999999
664.985	82.0955
665.188	82.7655
665.391	82.3155
665.594	81.9055
665.797	82.41550000000001
666.0	80.66550000000001
666.203	80.7455
666.406	80.9255
666.609	82.3955
666.812	83.20549999999999
667.015	82.16550000000001
667.218	82.0855
667.421	81.9955
667.624	81.3655
667.827	83.1355
668.03	81.0455
668.232	80.1955
668.435	80.4855
668.638	82.3555
668.841	83.3055
669.043	82.1355
669.246	80.7055
669.449	82.1855
669.651	82.9255
669.854	80.9355
670.057	80.9555
670.259	81.4455
670.462	81.8155
670.665	81.8455
670.867	82.3355
671.07	82.5355
671.272	81.66550000000001
671.475	84.9755
671.677	80.9755
671.88	81.9055
672.082	81.7355
672.284	82.96549999999999
672.487	82.95549999999999
672.689	80.9855
672.892	80.7955
