223.165	-16.8338
223.4	-16.8338
223.635	-16.8338
223.869	-18.433799999999998
224.104	-18.983800000000002
224.338	-15.7138
224.573	-16.2638
224.808	-12.4238
225.042	-7.3138000000000005
225.277	-5.9638
225.511	-0.29379999999999995
225.746	4.146199999999999
225.98	7.2662
226.215	11.3262
226.449	15.706199999999999
226.683	19.1762
226.918	24.4662
227.152	30.1462
227.387	34.2562
227.621	39.2162
227.856	44.486200000000004
228.09	46.096199999999996
228.324	49.5662
228.559	58.4762
228.793	69.3262
229.027	109.6462
229.262	123.1662
229.496	137.24620000000002
229.73	168.21620000000001
229.964	169.1562
230.199	131.9162
230.433	125.9762
230.667	128.3162
230.901	126.94619999999999
231.136	123.2862
231.37	125.10619999999999
231.604	126.17620000000001
231.838	126.10619999999999
232.072	126.0462
232.306	129.9862
232.541	129.83620000000002
232.775	129.2362
233.009	129.7362
233.243	130.4262
233.477	132.43619999999999
233.711	132.3562
233.945	134.3462
234.179	133.9662
234.413	131.6462
234.647	132.7162
234.881	135.3862
235.115	135.9462
235.349	136.3562
235.583	139.3462
235.817	143.5562
236.051	147.58620000000002
236.285	143.7662
236.519	145.1162
236.753	155.8062
236.987	185.82619999999997
237.221	244.23620000000003
237.455	256.70619999999997
237.689	179.75619999999998
237.922	158.7562
238.156	155.8662
238.39	152.7962
238.624	148.1662
238.858	148.5562
239.091	148.0162
239.325	151.74620000000002
239.559	155.1762
239.793	156.0162
240.027	165.8862
240.26	180.68619999999999
240.494	188.1762
240.728	185.7662
240.961	181.6562
241.195	173.0162
241.429	168.9762
241.662	162.8662
241.896	165.80620000000002
242.13	165.6062
242.363	164.7362
242.597	168.07619999999997
242.83	171.4562
243.064	170.4562
243.298	171.46620000000001
243.531	171.8862
243.765	174.74620000000002
243.998	176.82619999999997
244.232	179.5162
244.465	184.3662
244.699	183.7662
244.932	181.64620000000002
245.166	179.75619999999998
245.399	185.6562
245.633	182.39620000000002
245.866	182.2762
246.099	183.14620000000002
246.333	189.21620000000001
246.566	189.0462
246.8	189.5462
247.033	195.6562
247.266	200.2762
247.5	206.6062
247.733	214.8162
247.966	214.2262
248.2	213.8762
248.433	216.1262
248.666	221.4262
248.899	238.8862
249.133	254.99620000000002
249.366	260.19620000000003
249.599	248.1962
249.832	227.46620000000001
250.066	230.48620000000003
250.299	240.6062
250.532	260.20619999999997
250.765	279.2662
250.998	293.8562
251.231	280.4662
251.465	260.3362
251.698	250.8162
251.931	244.84619999999998
252.164	244.66620000000003
252.397	249.82620000000003
252.63	254.82620000000003
252.863	264.57620000000003
253.096	281.3962
253.329	290.12620000000004
253.562	276.6762
253.795	268.0462
254.028	268.5262
254.261	273.69620000000003
254.494	299.4662
254.727	343.67620000000005
254.96	352.38620000000003
255.193	319.7462
255.426	297.1362
255.659	290.0662
255.892	306.4962
256.124	321.3462
256.357	311.1362
256.59	289.6062
256.823	275.94620000000003
257.056	271.5962
257.289	270.57620000000003
257.521	271.7762
257.754	269.2962
257.987	266.6762
258.22	267.1062
258.452	267.9062
258.685	268.6162
258.918	270.70619999999997
259.151	276.5962
259.383	286.07620000000003
259.616	287.3562
259.849	296.0962
260.081	316.2462
260.314	337.31620000000004
260.547	328.0762
260.779	305.50620000000004
261.012	296.37620000000004
261.244	289.4162
261.477	291.5262
261.71	294.1562
261.942	313.45619999999997
262.175	319.5162
262.407	295.12620000000004
262.64	282.4762
262.872	281.94620000000003
263.105	284.00620000000004
263.337	282.8162
263.57	284.1762
263.802	286.6562
264.035	282.20619999999997
264.267	284.50620000000004
264.499	285.5462
264.732	287.50620000000004
264.964	286.1662
265.197	289.8562
265.429	290.7662
265.661	291.4962
265.894	294.0562
266.126	297.8362
266.358	299.4662
266.591	300.6462
266.823	310.1462
267.055	311.5862
267.287	312.4662
267.52	305.1562
267.752	309.5162
267.984	312.07620000000003
268.216	316.8662
268.448	319.7962
268.681	327.96619999999996
268.913	346.2062
269.145	367.6562
269.377	375.19620000000003
269.609	365.31620000000004
269.841	360.21619999999996
270.073	375.5562
270.306	409.42620000000005
270.538	427.7562
270.77	409.3062
271.002	390.0062
271.234	387.7362
271.466	405.49620000000004
271.698	423.19620000000003
271.93	420.3462
272.162	421.13620000000003
272.394	411.0562
272.626	390.88620000000003
272.858	374.5562
273.09	365.1862
273.322	361.7262
273.553	355.89619999999996
273.785	358.99620000000004
274.017	359.69620000000003
274.249	363.12620000000004
274.481	362.1562
274.713	365.5062
274.945	368.94620000000003
275.176	365.4362
275.408	367.8562
275.64	365.5462
275.872	365.7262
276.104	372.0162
276.335	376.64619999999996
276.567	394.21619999999996
276.799	418.46619999999996
277.031	446.5062
277.262	449.56620000000004
277.494	434.14619999999996
277.726	407.12620000000004
277.957	393.7762
278.189	387.3262
278.421	382.96619999999996
278.652	378.5762
278.884	380.0062
279.115	379.21619999999996
279.347	380.13620000000003
279.579	383.53619999999995
279.81	383.6662
280.042	384.56620000000004
280.273	391.13620000000003
280.505	390.6162
280.736	387.4362
280.968	385.89619999999996
281.199	388.5462
281.431	392.6062
281.662	394.8562
281.894	397.6562
282.125	409.5162
282.356	444.49620000000004
282.588	478.4762
282.819	439.8362
283.051	407.78619999999995
283.282	399.6062
283.513	407.19620000000003
283.745	411.7762
283.976	415.8362
284.207	416.3062
284.439	414.03619999999995
284.67	413.5962
284.901	415.5162
285.132	414.19620000000003
285.364	412.31620000000004
285.595	414.06620000000004
285.826	415.6562
286.057	422.4362
286.288	418.5962
286.52	422.5962
286.751	420.81620000000004
286.982	423.6662
287.213	421.7962
287.444	430.46619999999996
287.675	439.1862
287.906	450.3462
288.138	455.7962
288.369	453.3262
288.6	454.1162
288.831	446.5562
289.062	442.99620000000004
289.293	441.38620000000003
289.524	439.8362
289.755	438.5762
289.986	437.7062
290.217	438.6662
290.448	440.3562
290.679	439.96619999999996
290.91	439.67620000000005
291.141	436.8362
291.371	440.56620000000004
291.602	441.0762
291.833	437.31620000000004
292.064	441.5062
292.295	439.8062
292.526	443.19620000000003
292.757	442.0862
292.987	440.8262
293.218	439.2062
293.449	446.92620000000005
293.68	443.8562
293.91	442.2562
294.141	445.6562
294.372	440.67620000000005
294.603	445.6562
294.833	447.7762
295.064	449.8662
295.295	451.71619999999996
295.525	453.38620000000003
295.756	468.03619999999995
295.987	487.9062
296.217	528.4662
296.448	507.9062
296.679	464.9062
296.909	457.89619999999996
297.14	461.0162
297.37	469.24620000000004
297.601	471.0962
297.831	468.3062
298.062	473.2762
298.292	473.8662
298.523	478.8562
298.753	481.8562
298.984	476.31620000000004
299.214	477.2562
299.445	478.4162
299.675	482.69620000000003
299.905	490.0562
300.136	486.3562
300.366	485.7662
300.597	489.1062
300.827	505.38620000000003
301.057	517.4862
301.288	524.4062
301.518	511.7262
301.748	509.5162
301.979	525.9262
302.209	517.0262
302.439	515.6762
302.669	510.2262
302.9	507.1562
303.13	504.81620000000004
303.36	513.5162
303.59	523.3662
303.82	532.2962
304.051	516.0062
304.281	511.9862
304.511	500.0862
304.741	502.99620000000004
304.971	505.0762
305.201	500.5462
305.431	501.99620000000004
305.661	503.8662
305.891	504.3462
306.121	509.0962
306.352	519.5062
306.582	518.7962
306.812	502.42620000000005
307.042	507.3262
307.272	508.44620000000003
307.502	509.42620000000005
307.731	510.74620000000004
307.961	505.6062
308.191	506.1862
308.421	505.1662
308.651	508.5062
308.881	507.17620000000005
309.111	517.1562
309.341	521.7562
309.571	534.6162
309.8	538.3962
310.03	546.7062000000001
310.26	547.8962
310.49	548.0762
310.72	565.5562
310.949	577.3162
311.179	572.7862
311.409	553.6362
311.639	553.8862
311.868	555.2562
312.098	560.0362
312.328	571.1462
312.557	591.7362
312.787	600.4862
313.017	587.1862
313.246	575.4662
313.476	564.6262
313.706	570.1862
313.935	585.1962
314.165	594.5262
314.394	597.7362
314.624	590.6262
314.853	579.2062000000001
315.083	571.7662
315.312	569.3862
315.542	564.8762
315.771	557.0662
316.001	557.0862
316.23	555.7162
316.46	557.7362
316.689	561.3462000000001
316.919	565.7662
317.148	576.2762
317.377	574.1162
317.607	566.4762
317.836	560.8862
318.065	558.0562
318.295	559.6562
318.524	556.6362
318.753	556.9462
318.983	558.8362
319.212	562.4962
319.441	577.6562
319.67	582.1762
319.9	564.0662
320.129	563.6062
320.358	566.1362
320.587	570.1362
320.816	580.8962
321.046	585.6562
321.275	582.4662
321.504	583.2562
321.733	586.5962000000001
321.962	597.3262
322.191	608.6262
322.42	627.4262
322.649	637.4162
322.878	646.6262
323.108	663.3862
323.337	695.7562
323.566	726.0761999999999
323.795	784.3062
324.024	903.4861999999999
324.253	1293.5662
324.482	2142.1462
324.71	3432.5762
324.939	3926.6462
325.168	2362.2462
325.397	1070.1761999999999
325.626	816.8761999999999
325.855	750.6861999999999
326.084	736.1162
326.313	742.6962
326.542	780.3462
326.77	930.3761999999999
326.999	1325.0462
327.228	2168.1162
327.457	3343.1162
327.686	2928.2762000000002
327.914	1284.7061999999999
328.143	956.0461999999999
328.372	880.9962
328.6	814.6762
328.829	793.1762
329.058	818.5562
329.287	813.6062000000001
329.515	763.1261999999999
329.744	748.3162
329.972	775.2562
330.201	833.1561999999999
330.43	892.2162
330.658	873.1062000000001
330.887	887.1261999999999
331.115	814.1861999999999
331.344	747.1762
331.572	736.2162
331.801	751.4562
332.03	748.1462
332.258	737.4061999999999
332.486	736.3962
332.715	751.8761999999999
332.943	774.0262
333.172	796.0562
333.4	819.4262
333.629	841.5161999999999
333.857	873.7262
334.085	892.2162
334.314	931.0962
334.542	994.0362
334.771	966.6962
334.999	836.8362
335.227	795.9361999999999
335.455	773.6561999999999
335.684	755.8162
335.912	748.8261999999999
336.14	738.5761999999999
336.369	736.6762
336.597	743.4861999999999
336.825	730.8862
337.053	719.3162
337.281	706.9061999999999
337.51	701.0262
337.738	700.5362
337.966	696.9662
338.194	695.3662
338.422	687.4962
338.65	674.4562
338.878	673.6561999999999
339.106	671.1561999999999
339.334	671.5562
339.562	659.1861999999999
339.79	653.1261999999999
340.018	656.6561999999999
340.246	653.6261999999999
340.474	660.7961999999999
340.702	657.5962
340.93	653.8261999999999
341.158	654.6962
341.386	659.2862
341.614	661.0862
341.842	655.2262
342.07	642.4562
342.298	645.5762
342.526	638.6261999999999
342.754	635.9362
342.981	641.6962
343.209	657.0262
343.437	693.4462
343.665	723.2462
343.893	754.5461999999999
344.12	756.4562
344.348	726.0962
344.576	703.2462
344.804	694.7361999999999
345.031	685.1962
345.259	684.4861999999999
345.487	663.0862
345.714	650.1561999999999
345.942	638.2761999999999
346.17	629.6562
346.397	629.1762
346.625	630.9762
346.853	626.5862
347.08	624.3562
347.308	636.3662
347.535	646.2361999999999
347.763	650.0262
347.99	642.0162
348.218	650.2361999999999
348.445	653.7361999999999
348.673	640.3861999999999
348.9	627.6762
349.128	620.3962
349.355	610.6262
349.583	615.0762
349.81	613.5762
350.037	610.1862
350.265	610.2462
350.492	610.4462
350.72	612.8362
350.947	624.3962
351.174	639.6062
351.402	643.3562
351.629	630.9262
351.856	632.2862
352.083	641.4762
352.311	642.1862
352.538	645.4162
352.765	641.7562
352.992	638.5762
353.22	632.3662
353.447	622.8462000000001
353.674	615.6762
353.901	605.1962
354.128	603.1462
354.355	601.2062000000001
354.583	606.3462000000001
354.81	604.7962
355.037	600.9962
355.264	598.2462
355.491	597.8962
355.718	596.8562
355.945	600.1962
356.172	601.0762
356.399	601.6562
356.626	602.1762
356.853	599.5462
357.08	594.9162
357.307	598.3362
357.534	595.0062
357.761	600.3462000000001
357.988	606.7962
358.215	605.0062
358.441	606.5462
358.668	606.3162
358.895	611.3162
359.122	610.0562
359.349	621.2262
359.576	638.7262
359.802	665.9662
360.029	693.3362
360.256	691.0761999999999
360.483	657.5062
360.709	630.4062
360.936	630.0261999999999
361.163	630.7662
361.39	632.2862
361.616	633.9362
361.843	624.4662
362.07	628.7461999999999
362.296	632.5562
362.523	624.8162
362.749	623.7361999999999
362.976	619.0862
363.203	617.4262
363.429	607.4062
363.656	610.2262
363.882	608.6562
364.109	605.8762
364.335	606.0962000000001
364.562	605.6562
364.788	604.3861999999999
365.015	610.2762
365.241	614.0462
365.468	622.3861999999999
365.694	627.2262
365.92	618.3861999999999
366.147	608.0462
366.373	604.0562
366.599	607.5262
366.826	601.4162
367.052	599.2562
367.278	611.0862
367.505	609.8262
367.731	612.9562
367.957	610.0962000000001
368.184	618.6462
368.41	629.5562
368.636	649.4162
368.862	655.8562000000001
369.089	634.4062
369.315	621.6062
369.541	617.9562
369.767	622.5762
369.993	623.2461999999999
370.219	623.7761999999999
370.445	625.2262
370.672	629.0162
370.898	629.4062
371.124	634.0462
371.35	640.1662
371.576	636.6962
371.802	635.3962
372.028	636.1962
372.254	638.2461999999999
372.48	646.0762
372.706	659.9861999999999
372.932	662.8862
373.158	656.6561999999999
373.384	649.4762
373.61	647.0162
373.835	647.4062
374.061	651.8962
374.287	658.3062
374.513	667.3962
374.739	683.0761999999999
374.965	695.6261999999999
375.191	699.8761999999999
375.416	688.9361999999999
375.642	670.3761999999999
375.868	669.2661999999999
376.094	656.8162
376.319	652.7162
376.545	650.5262
376.771	648.4062
376.997	645.4762
377.222	642.1062
377.448	642.7662
377.674	640.6662
377.899	638.2862
378.125	638.3262
378.35	638.0062
378.576	636.6662
378.802	635.3462
379.027	642.4762
379.253	645.0562
379.478	636.2361999999999
379.704	639.5562
379.929	645.4762
380.155	643.8262
380.38	645.3062
380.606	653.3062
380.831	645.8761999999999
381.057	656.1261999999999
381.282	651.6462
381.507	653.3662
381.733	662.6261999999999
381.958	663.4662
382.184	674.8462
382.409	678.9061999999999
382.634	686.0362
382.86	683.8761999999999
383.085	693.8462
383.31	702.7961999999999
383.535	713.0662
383.761	716.6261999999999
383.986	726.6662
384.211	734.8962
384.436	750.2262
384.662	758.2762
384.887	773.0962
385.112	774.1062000000001
385.337	779.7862
385.562	779.3761999999999
385.787	785.4262
386.013	794.7361999999999
386.238	802.9962
386.463	791.1362
386.688	791.6662
386.913	774.0761999999999
387.138	775.1662
387.363	769.7961999999999
387.588	758.5362
387.813	768.2262
388.038	770.8162
388.263	783.0562
388.488	780.5862
388.713	763.1261999999999
388.938	754.2862
389.163	751.9162
389.387	754.6062000000001
389.612	742.4762
389.837	742.5262
390.062	742.9462
390.287	747.5761999999999
390.512	746.7462
390.736	754.1261999999999
390.961	766.0161999999999
391.186	775.1062000000001
391.411	799.4061999999999
391.636	813.4962
391.86	830.1762
392.085	835.2361999999999
392.31	819.6462
392.534	805.5062
392.759	795.9861999999999
392.984	783.8761999999999
393.208	783.4462
393.433	790.1362
393.658	781.9861999999999
393.882	778.0161999999999
394.107	780.8462
394.331	785.7661999999999
394.556	787.2462
394.78	798.1662
395.005	799.3662
395.229	800.0161999999999
395.454	824.3962
395.678	837.0562
395.903	836.4262
396.127	842.5962
396.352	817.4162
396.576	793.2762
396.801	795.1762
397.025	807.1762
397.249	819.1261999999999
397.474	837.5662
397.698	839.5761999999999
397.922	852.3162
398.147	867.5862
398.371	882.0161999999999
398.595	897.4762
398.82	936.3662
399.044	1011.0862
399.268	1110.2362
399.492	1257.2362
399.717	1338.0462
399.941	1299.7761999999998
400.165	1224.7362
400.389	1131.1562
400.613	1026.6162
400.837	969.4061999999999
401.062	949.4061999999999
401.286	934.4662
401.51	929.9662
401.734	925.8962
401.958	954.6261999999999
402.182	986.0962
402.406	1024.3862000000001
402.63	1000.9962
402.854	999.8362
403.078	1004.5761999999999
403.302	1020.5161999999999
403.526	1036.4962
403.75	1040.5862
403.974	1054.1262
404.198	1050.0962
404.422	1066.1861999999999
404.645	1057.4962
404.869	1058.0962
405.093	1099.0662
405.317	1130.3462
405.541	1126.4462
405.765	1060.9062
405.988	1053.0262
406.212	1113.8862000000001
406.436	1176.2061999999999
406.66	1134.9462
406.883	1098.7061999999999
407.107	1169.4962
407.331	1237.6862
407.555	1307.4562
407.778	1258.3662
408.002	1159.7162
408.226	1108.9962
408.449	1094.7862
408.673	1076.0462
408.896	1101.9561999999999
409.12	1119.7061999999999
409.344	1058.9261999999999
409.567	1012.9762
409.791	1015.0662
410.014	1005.8761999999999
410.238	993.1261999999999
410.461	997.8761999999999
410.685	1009.0562
410.908	1018.0262
411.132	1052.5062
411.355	1048.0762
411.578	997.4861999999999
411.802	967.0862
412.025	973.0761999999999
412.249	1001.1162
412.472	1024.2262
412.695	1050.1062
412.919	989.0761999999999
413.142	955.3362
413.365	943.0161999999999
413.589	941.4162
413.812	920.4562
414.035	910.0461999999999
414.258	917.7961999999999
414.482	921.8662
414.705	928.4061999999999
414.928	918.9462
415.151	922.6261999999999
415.374	918.7062
415.597	909.4361999999999
415.821	897.8362
416.044	899.3562000000001
416.267	896.9662
416.49	892.0362
416.713	890.5362
416.936	907.6962
417.159	901.4061999999999
417.382	911.3162
417.605	912.4361999999999
417.828	938.3362
418.051	950.5761999999999
418.274	935.7762
418.497	919.1162
418.72	935.4162
418.943	930.6062000000001
419.166	979.0862
419.389	1030.2061999999999
419.611	1016.0362
419.834	993.4861999999999
420.057	984.6861999999999
420.28	965.3962
420.503	948.0062
420.726	946.4462
420.948	959.0161999999999
421.171	1005.6861999999999
421.394	1002.3462
421.617	939.7462
421.839	934.6662
422.062	947.8162
422.285	968.8662
422.507	1057.2962
422.73	1125.1962
422.953	1041.4162000000001
423.175	993.4562
423.398	997.1162
423.621	993.8162
423.843	1027.8862000000001
424.066	1016.4861999999999
424.288	1007.2462
424.511	1037.8662
424.733	1100.3762
424.956	1161.0062
425.178	1093.0762
425.401	1115.1362000000001
425.623	1092.7862
425.846	970.6762
426.068	947.3862
426.291	936.1762
426.513	935.7462
426.735	949.1261999999999
426.958	1014.7361999999999
427.18	1115.0762
427.402	1282.7061999999999
427.625	1322.2161999999998
427.847	1131.6761999999999
428.069	1031.0962
428.292	933.3261999999999
428.514	876.6462
428.736	853.9162
428.958	856.6062000000001
429.181	832.8862
429.403	834.6362
429.625	857.0761999999999
429.847	903.2862
430.069	976.1162
430.292	909.8261999999999
430.514	838.0562
430.736	835.4762
430.958	826.0562
431.18	816.7361999999999
431.402	816.2062
431.624	816.2361999999999
431.846	826.3261999999999
432.068	824.8761999999999
432.29	837.8362
432.512	825.4762
432.734	838.7162
432.956	828.0662
433.178	846.7462
433.4	845.2661999999999
433.622	829.6962
433.844	834.6462
434.066	836.2062
434.287	845.3362
434.509	875.3162
434.731	905.5562
434.953	924.4562
435.175	939.7361999999999
435.397	952.7762
435.618	947.4162
435.84	1001.2062
436.062	1116.4661999999998
436.284	1102.1861999999999
436.505	939.7262
436.727	898.2862
436.949	861.3062
437.17	841.7361999999999
437.392	834.9462
437.614	858.4962
437.835	918.7661999999999
438.057	1052.4261999999999
438.278	1126.2562
438.5	1114.3562
438.721	1223.9261999999999
438.943	1073.8962
439.165	909.0761999999999
439.386	888.4662
439.608	895.3862
439.829	915.6462
440.05	972.7162
440.272	1035.4862
440.493	925.4061999999999
440.715	881.3261999999999
440.936	874.3761999999999
441.158	878.5662
441.379	894.3562000000001
441.6	942.5862
441.822	972.2462
442.043	1030.3062
442.264	1136.8062
442.486	1094.1162
442.707	977.4762
442.928	966.9262
443.149	1008.9361999999999
443.371	1039.6462
443.592	1094.3862000000001
443.813	1219.6262
444.034	1209.2762
444.255	1057.0462
444.476	1037.3462
444.698	1061.8562
444.919	1074.0762
445.14	1085.2762
445.361	1053.1262
445.582	1062.8762
445.803	1149.2262
446.024	1231.8062
446.245	1180.7962
446.466	1056.1462
446.687	915.4861999999999
446.908	874.6962
447.129	836.9861999999999
447.35	817.6962
447.571	817.0161999999999
447.792	801.4861999999999
448.013	821.7262
448.234	852.4562
448.455	937.3261999999999
448.675	1094.7362
448.896	1155.8062
449.117	960.8462
449.338	991.2762
449.559	1172.8162
449.779	1195.2162
450.0	921.4061999999999
450.221	828.7361999999999
450.442	800.5962
450.662	793.3862
450.883	811.9662
451.104	829.1062000000001
451.324	799.9962
451.545	774.7862
451.766	756.4162
451.986	741.4061999999999
452.207	738.4562
452.428	739.4162
452.648	748.6662
452.869	759.9061999999999
453.089	768.9462
453.31	783.6362
453.53	744.1762
453.751	735.1861999999999
453.971	747.9262
454.192	766.1162
454.412	727.1162
454.633	719.6762
454.853	715.8362
455.073	720.5862
455.294	776.0562
455.514	847.9162
455.734	776.8562000000001
455.955	705.1561999999999
456.175	691.4361999999999
456.395	684.6561999999999
456.616	682.1762
456.836	683.3062
457.056	682.5962
457.276	672.5962
457.497	696.3562000000001
457.717	694.5662
457.937	701.9861999999999
458.157	712.4361999999999
458.377	727.1861999999999
458.598	781.3662
458.818	901.8062
459.038	1005.9361999999999
459.258	962.1662
459.478	854.7562
459.698	835.9562
459.918	845.4662
460.138	868.5161999999999
460.358	898.1962
460.578	901.4361999999999
460.798	911.6062000000001
461.018	912.9962
461.238	889.9762
461.458	892.0962
461.678	886.2162
461.898	910.7961999999999
462.118	915.8962
462.338	959.8362
462.558	975.3462
462.777	1011.5262
462.997	1089.7962
463.217	1144.9862
463.437	1112.3862000000001
463.657	1040.6362000000001
463.876	1010.5362
464.096	1020.2762
464.316	1024.7262
464.536	1029.2862
464.755	998.0262
464.975	990.4762
465.195	1053.7662
465.414	1051.7362
465.634	902.6162
465.854	849.6261999999999
466.073	819.7661999999999
466.293	796.3962
466.512	774.6062000000001
466.732	761.3662
466.951	763.1362
467.171	768.8761999999999
467.391	776.5761999999999
467.61	789.2862
467.829	787.1762
468.049	788.0362
468.268	786.0761999999999
468.488	747.7762
468.707	734.0862
468.927	734.6362
469.146	731.3862
469.365	741.3162
469.585	745.9061999999999
469.804	778.3062
470.023	796.6261999999999
470.243	793.7262
470.462	811.9762
470.681	829.9361999999999
470.901	803.9962
471.12	782.2162
471.339	776.2361999999999
471.558	771.8062
471.777	763.0761999999999
471.997	761.7262
472.216	811.2262
472.435	898.9262
472.654	791.9962
472.873	748.1462
473.092	740.8062
473.311	739.0062
473.53	739.0461999999999
473.749	757.5062
473.968	830.4762
474.187	959.4361999999999
474.406	897.0161999999999
474.625	777.8062
474.844	741.8562000000001
475.063	737.9662
475.282	739.5362
475.501	743.6362
475.72	751.7562
475.939	753.2162
476.158	756.8462
476.377	761.5362
476.596	760.2862
476.814	782.2762
477.033	785.5761999999999
477.252	795.1462
477.471	807.7961999999999
477.69	823.3162
477.908	835.6962
478.127	855.8062
478.346	862.2262
478.564	877.6762
478.783	892.9061999999999
479.002	910.5262
479.22	907.8662
479.439	929.7162
479.658	944.9562
479.876	951.0962
480.095	974.1861999999999
480.313	1027.0262
480.532	1015.6362
480.751	1006.5761999999999
480.969	1047.1462
481.188	1243.7061999999999
481.406	1160.2262
481.624	980.9162
481.843	921.1062000000001
482.061	894.6162
482.28	877.4361999999999
482.498	868.7462
482.717	858.3062
482.935	860.2961999999999
483.153	854.8162
483.372	853.2361999999999
483.59	852.7862
483.808	857.0062
484.027	857.4762
484.245	866.6561999999999
484.463	869.8062
484.681	882.8862
484.9	884.1261999999999
485.118	896.6561999999999
485.336	899.1261999999999
485.554	906.1762
485.772	915.1762
485.99	916.9262
486.209	926.5562
486.427	928.3761999999999
486.645	937.1561999999999
486.863	955.6261999999999
487.081	934.6662
487.299	925.4262
487.517	924.3761999999999
487.735	916.5761999999999
487.953	910.1362
488.171	917.7661999999999
488.389	914.3761999999999
488.607	918.4762
488.825	916.6261999999999
489.043	920.0761999999999
489.261	926.7062
489.479	929.2162
489.696	937.3261999999999
489.914	941.2162
490.132	953.5262
490.35	965.1261999999999
490.568	966.3362
490.786	981.9662
491.003	993.3462
491.221	1015.8862
491.439	1028.7362
491.657	1036.9862
491.874	1044.8062
492.092	1054.5162
492.31	1054.3462
492.527	1063.8062
492.745	1069.2962
492.963	1078.9961999999998
493.18	1081.0062
493.398	1088.0062
493.615	1101.2862
493.833	1093.7562
494.05	1095.1761999999999
494.268	1093.5362
494.485	1083.8762
494.703	1082.1362000000001
494.92	1088.2862
495.138	1079.5162
495.355	1080.0662
495.573	1083.1761999999999
495.79	1081.9862
496.008	1086.8662
496.225	1081.7862
496.442	1080.6761999999999
496.66	1090.6262
496.877	1091.2262
497.094	1102.9661999999998
497.312	1128.5262
497.529	1148.8462
497.746	1170.1662000000001
497.963	1197.4962
498.181	1251.0062
498.398	1285.2162
498.615	1348.3562
498.832	1407.4762
499.049	1461.3762
499.267	1540.9562
499.484	1647.4262
499.701	1749.1262
499.918	1841.0862
500.135	1949.6362000000001
500.352	2025.6162000000002
500.569	2040.1861999999999
500.786	2022.8162
501.003	1968.2362
501.22	1885.1962
501.437	1786.7962
501.654	1681.5462
501.871	1609.0762
502.088	1500.5362
502.305	1418.1362000000001
502.522	1354.7662
502.739	1305.0462
502.956	1243.2662
503.172	1205.7762
503.389	1177.7562
503.606	1171.0162
503.823	1152.9561999999999
504.04	1144.0262
504.256	1148.7662
504.473	1169.3762
504.69	1173.9362
504.907	1143.5062
505.123	1091.4062
505.34	1056.3562
505.557	1035.0362
505.773	1022.3261999999999
505.99	1017.1561999999999
506.207	1002.7862
506.423	995.0562
506.64	980.9162
506.856	967.3062
507.073	961.4662
507.289	958.2762
507.506	956.4462
507.722	980.1861999999999
507.939	975.7162
508.155	940.3761999999999
508.372	924.3562000000001
508.588	915.8062
508.805	909.9462
509.021	926.1362
509.238	946.1962
509.454	943.8662
509.67	933.2162
509.887	920.7062
510.103	935.3862
510.319	1020.0461999999999
510.536	1651.9462
510.752	3542.6862
510.968	1567.6861999999999
511.184	937.5962
511.401	888.5362
511.617	876.3362
511.833	876.9562
512.049	874.1062000000001
512.265	872.8562000000001
512.481	866.0962
512.698	854.2661999999999
512.914	854.4861999999999
513.13	853.7762
513.346	849.0662
513.562	855.0262
513.778	858.0962
513.994	868.3062
514.21	883.7162
514.426	920.6762
514.642	966.2262
514.858	979.9262
515.074	1066.1062
515.29	1466.0362
515.506	2637.5062
515.721	1513.5862
515.937	1032.4962
516.153	972.6362
516.369	959.8862
516.585	968.0262
516.801	976.0562
517.016	998.4962
517.232	1031.7462
517.448	1058.0362
517.664	1077.6861999999999
517.879	1072.8862000000001
518.095	1065.1861999999999
518.311	1050.7161999999998
518.527	1015.8662
518.742	984.7162
518.958	955.1062000000001
519.173	934.5461999999999
519.389	916.9361999999999
519.605	901.4762
519.82	891.5862
520.036	910.6261999999999
520.251	929.1362
520.467	937.8662
520.682	925.0962
520.898	925.4662
521.113	943.9061999999999
521.329	1001.4262
521.544	1136.5062
521.76	1669.7262
521.975	3717.7762000000002
522.19	2608.0762
522.406	1176.9162000000001
522.621	906.2661999999999
522.836	842.5962
523.052	814.7562
523.267	791.6662
523.482	777.7661999999999
523.698	777.5962
523.913	790.5362
524.128	772.0761999999999
524.343	752.4962
524.559	744.4462
524.774	735.7262
524.989	742.4462
525.204	754.8261999999999
525.419	744.5662
525.634	729.1162
525.849	721.9162
526.064	716.6261999999999
526.28	712.2562
526.495	708.5262
526.71	707.2162
526.925	704.6462
527.14	701.7961999999999
527.355	701.9962
527.57	701.1762
527.785	701.5862
527.999	700.9962
528.214	704.2162
528.429	708.8261999999999
528.644	706.8761999999999
528.859	706.0461999999999
529.074	708.9262
529.289	755.8062
529.503	863.2661999999999
529.718	770.9061999999999
529.933	729.6861999999999
530.148	717.3562000000001
530.363	709.7462
530.577	703.0562
530.792	696.5262
531.007	696.8261999999999
531.221	701.3062
531.436	696.5461999999999
531.651	694.2462
531.865	695.2062
532.08	694.4562
532.295	693.2562
532.509	687.9962
532.724	689.0262
532.938	698.7062
533.153	696.3962
533.367	689.3462
533.582	689.6462
533.796	684.2361999999999
534.011	687.6162
534.225	680.7961999999999
534.44	675.9262
534.654	673.3562000000001
534.868	674.0862
535.083	670.4861999999999
535.297	674.7961999999999
535.511	680.3962
535.726	689.3362
535.94	681.6762
536.154	670.9762
536.369	662.9662
536.583	656.6762
536.797	652.8462
537.011	647.3662
537.225	644.5162
537.44	647.2062
537.654	646.4062
537.868	641.5662
538.082	640.9562
538.296	647.7962
538.51	644.8262
538.724	644.9662
538.938	639.6361999999999
539.153	642.8761999999999
539.367	660.3162
539.581	647.2461999999999
539.795	630.6762
540.009	633.0162
540.222	636.9861999999999
540.436	636.6562
540.65	639.5261999999999
540.864	639.0062
541.078	645.8662
541.292	640.4462
541.506	629.4662
541.72	618.0362
541.934	613.2962
542.147	617.2562
542.361	612.9362
542.575	608.8562
542.789	612.3562
543.002	615.0962
543.216	626.2062
543.43	634.4562
543.644	623.8162
543.857	622.4262
544.071	625.1062
544.285	628.8562
544.498	624.7461999999999
544.712	622.9062
544.925	623.0962
545.139	623.9861999999999
545.352	622.6062
545.566	622.1962
545.779	621.3362
545.993	622.8762
546.206	623.3662
546.42	618.8062
546.633	620.0762
546.847	617.8861999999999
547.06	614.7862
547.274	616.2762
547.487	610.1862
547.7	615.2262
547.914	617.2262
548.127	620.1662
548.34	619.0462
548.554	614.3662
548.767	622.3362
548.98	623.2461999999999
549.193	621.2361999999999
549.407	624.6462
549.62	634.3062
549.833	633.0261999999999
550.046	626.8162
550.259	615.4362
550.473	608.1562
550.686	608.9162
550.899	604.1662
551.112	604.3262
551.325	597.8662
551.538	608.6662
551.751	602.9562000000001
551.964	609.5062
552.177	617.1862
552.39	625.0261999999999
552.603	639.5261999999999
552.816	649.2961999999999
553.029	657.8761999999999
553.242	665.6462
553.455	680.7862
553.667	688.4861999999999
553.88	683.1962
554.093	655.7762
554.306	643.8562
554.519	632.3262
554.732	619.3662
554.944	607.2362
555.157	597.5562
555.37	591.0662
555.583	583.8362
555.795	576.2962
556.008	566.0962000000001
556.221	558.3462000000001
556.433	552.9662
556.646	550.6362
556.859	543.7762
557.071	540.6662
557.284	538.9162
557.496	532.5662
557.709	530.3062
557.921	527.1362
558.134	524.6762
558.346	523.3362
558.559	523.8462000000001
558.771	520.2962
558.984	516.9562000000001
559.196	515.6762
559.409	513.1662
559.621	514.6062
559.833	513.2962
560.046	510.0062
560.258	510.63620000000003
560.47	512.6262
560.683	508.49620000000004
560.895	505.81620000000004
561.107	509.8262
561.32	508.1162
561.532	511.1162
561.744	511.37620000000004
561.956	513.1762
562.168	513.4762
562.381	514.5662
562.593	517.6562
562.805	517.6462
563.017	518.9362
563.229	519.4762
563.441	520.9162
563.653	522.7462
563.865	522.4862
564.077	526.5262
564.289	529.7262
564.501	540.4262
564.713	548.9162
564.925	558.6562
565.137	585.2562
565.349	580.3662
565.561	590.9062
565.773	607.5662
565.985	629.9162
566.197	658.4061999999999
566.408	700.2961999999999
566.62	747.0562
566.832	783.2262
567.044	784.4162
567.255	787.7162
567.467	811.2162
567.679	852.0862
567.891	894.9462
568.102	892.0461999999999
568.314	844.4762
568.526	771.3962
568.737	719.9861999999999
568.949	670.5362
569.161	625.5762
569.372	593.9462
569.584	573.0762
569.795	558.8762
570.007	572.4462
570.218	708.1762
570.43	579.6862
570.641	527.4762
570.853	520.4762
571.064	523.9562000000001
571.276	517.7062000000001
571.487	501.2762
571.698	486.62620000000004
571.91	474.38620000000003
572.121	465.99620000000004
572.333	459.4162
572.544	452.42620000000005
572.755	446.7262
572.966	442.63620000000003
573.178	440.0462
573.389	435.6862
573.6	432.1662
573.811	427.69620000000003
574.023	428.1862
574.234	425.9562
574.445	426.2262
574.656	424.3262
574.867	424.63620000000003
575.078	422.6662
575.289	423.21619999999996
575.501	415.8062
575.712	411.0162
575.923	411.0062
576.134	409.44620000000003
576.345	405.96619999999996
576.556	407.99620000000004
576.767	406.14619999999996
576.978	403.8062
577.188	402.81620000000004
577.399	401.4562
577.61	398.63620000000003
577.821	399.5062
578.032	418.96619999999996
578.243	593.3062
578.454	1171.6062
578.665	536.6262
578.875	399.9862
579.086	384.6862
579.297	381.92620000000005
579.508	379.12620000000004
579.718	376.7062
579.929	374.81620000000004
580.14	369.6862
580.35	368.87620000000004
580.561	370.71619999999996
580.772	366.7962
580.982	364.13620000000003
581.193	365.3262
581.403	364.9862
581.614	362.5562
581.825	361.9762
582.035	360.12620000000004
582.246	360.6062
582.456	359.1862
582.667	359.14619999999996
582.877	358.4562
583.087	354.38620000000003
583.298	355.4762
583.508	356.3462
583.719	356.8262
583.929	356.3562
584.139	352.0862
584.35	350.64619999999996
584.56	354.5962
584.77	352.2962
584.981	351.4762
585.191	350.4062
585.401	350.3062
585.611	345.8662
585.821	350.63620000000003
586.032	349.28619999999995
586.242	345.2362
586.452	345.3462
586.662	341.9262
586.872	344.0862
587.082	343.4862
587.292	339.62620000000004
587.502	340.0862
587.713	339.4562
587.923	341.5162
588.133	339.9062
588.343	341.5262
588.553	341.39619999999996
588.762	343.6562
588.972	353.2462
589.182	415.92620000000005
589.392	368.1762
589.602	357.2262
589.812	388.0762
590.022	356.0062
590.232	345.1062
590.441	345.8462
590.651	346.71619999999996
590.861	347.5162
591.071	349.96619999999996
591.281	353.5962
591.49	356.03619999999995
591.7	360.5562
591.91	365.2962
592.119	367.2262
592.329	380.2562
592.539	392.21619999999996
592.748	396.3662
592.958	402.44620000000003
593.167	409.0862
593.377	413.8662
593.587	424.14619999999996
593.796	418.37620000000004
594.006	419.88620000000003
594.215	421.89619999999996
594.424	416.9062
594.634	409.03619999999995
594.843	392.6562
595.053	380.7362
595.262	372.62620000000004
595.472	364.13620000000003
595.681	356.7362
595.89	351.3062
596.1	342.2562
596.309	334.19620000000003
596.518	331.87620000000004
596.727	327.2762
596.937	325.7262
597.146	321.5862
597.355	318.1662
597.564	313.7162
597.774	310.6862
597.983	308.8962
598.192	305.5362
598.401	305.1162
598.61	300.3862
598.819	303.1462
599.028	298.8862
599.237	298.45619999999997
599.446	297.2262
599.655	297.7462
599.864	295.7462
600.073	292.9162
600.282	294.87620000000004
600.491	293.2862
600.7	291.70619999999997
600.909	291.7362
601.118	294.4162
601.327	291.45619999999997
601.536	290.32620000000003
601.745	290.5862
601.953	288.70619999999997
602.162	287.37620000000004
602.371	283.8562
602.58	280.9762
602.789	283.4862
602.997	281.8562
603.206	281.9962
603.415	279.7162
603.623	276.1662
603.832	274.8462
604.041	276.37620000000004
604.249	274.4862
604.458	272.8162
604.666	271.7962
604.875	270.69620000000003
605.084	273.5962
605.292	271.5362
605.501	271.57620000000003
605.709	270.6662
605.918	267.1162
606.126	268.9762
606.334	269.6462
606.543	269.70619999999997
606.751	268.5162
606.96	266.1862
607.168	266.75620000000004
607.376	266.19620000000003
607.585	270.8662
607.793	268.2362
608.001	267.0862
608.21	265.3962
608.418	265.4362
608.626	263.1462
608.834	266.3362
609.043	265.1762
609.251	262.0962
609.459	260.87620000000004
609.667	264.57620000000003
609.875	262.3062
610.083	263.2362
610.291	262.0462
610.499	260.4262
610.707	260.7862
610.916	261.3862
611.124	262.6762
611.332	261.6562
611.54	262.0862
611.748	259.1462
611.955	257.95619999999997
612.163	256.0462
612.371	256.69620000000003
612.579	256.07620000000003
612.787	256.0262
612.995	254.9262
613.203	256.4962
613.411	254.30620000000002
613.618	255.84619999999998
613.826	253.6362
614.034	252.33620000000002
614.242	254.23620000000003
614.449	252.6262
614.657	254.55620000000002
614.865	252.6562
615.072	254.5262
615.28	254.8762
615.488	255.9762
615.695	259.7262
615.903	265.0362
616.111	270.0562
616.318	271.45619999999997
616.526	266.20619999999997
616.733	264.0962
616.941	259.32620000000003
617.148	261.7662
617.356	260.6562
617.563	258.62620000000004
617.771	258.9162
617.978	254.64620000000002
618.185	254.33620000000002
618.393	253.2062
618.6	253.8862
618.807	253.24620000000002
619.015	251.2262
619.222	248.5462
619.429	249.1062
619.637	250.05620000000002
619.844	246.80620000000002
620.051	244.68619999999999
620.258	243.16620000000003
620.466	238.1162
620.673	236.4262
620.88	233.91620000000003
621.087	236.5362
621.294	239.14620000000002
621.501	239.16620000000003
621.708	239.9762
621.915	239.7762
622.122	237.48620000000003
622.329	237.68619999999999
622.536	238.6162
622.743	236.7062
622.95	234.71620000000001
623.157	230.96620000000001
623.364	231.55620000000002
623.571	231.07620000000003
623.778	231.1562
623.985	229.8762
624.192	227.1362
624.399	228.91620000000003
624.606	228.80620000000002
624.812	225.8762
625.019	226.2962
625.226	224.9562
625.433	226.82620000000003
625.639	222.9762
625.846	223.6762
626.053	221.4062
626.259	222.7762
626.466	221.64620000000002
626.673	220.6262
626.879	218.7262
627.086	221.5162
627.293	219.34619999999998
627.499	218.71620000000001
627.706	216.9762
627.912	216.5662
628.119	212.93619999999999
628.325	217.0262
628.532	214.1562
628.738	214.7262
628.945	211.33620000000002
629.151	211.2662
629.357	209.30620000000002
629.564	208.7762
629.77	207.7762
629.976	208.07619999999997
630.183	207.0662
630.389	204.73620000000003
630.595	206.0462
630.802	204.82619999999997
631.008	203.7662
631.214	204.59619999999998
631.42	203.5662
631.627	204.2262
631.833	199.7662
632.039	199.05620000000002
632.245	199.07619999999997
632.451	200.2862
632.657	198.4562
632.863	196.41619999999998
633.069	194.50619999999998
633.275	194.3562
633.481	193.8162
633.688	193.9462
633.893	197.1562
634.099	194.6162
634.305	193.4862
634.511	190.7762
634.717	192.3662
634.923	190.08620000000002
635.129	192.4262
635.335	190.55620000000002
635.541	190.75619999999998
635.747	192.4562
635.952	190.1362
636.158	192.93619999999999
636.364	201.7262
636.57	200.7662
636.775	192.66619999999998
636.981	190.4062
637.187	189.9762
637.392	188.9562
637.598	190.7662
637.804	188.6262
638.009	187.7762
638.215	185.21620000000001
638.421	182.6362
638.626	184.0662
638.832	183.1962
639.037	183.84619999999998
639.243	181.6362
639.448	181.4062
639.654	181.7862
639.859	178.82619999999997
640.065	178.6962
640.27	182.74620000000002
640.475	179.75619999999998
640.681	178.4762
640.886	178.68619999999999
641.091	177.6162
641.297	179.7662
641.502	175.46620000000001
641.707	178.3162
641.913	176.99620000000002
642.118	174.7762
642.323	174.80620000000002
642.528	177.58620000000002
642.733	174.0462
642.939	175.07619999999997
643.144	172.6162
643.349	172.82619999999997
643.554	172.0362
643.759	171.18619999999999
643.964	169.7662
644.169	171.89620000000002
644.374	171.7662
644.579	173.80620000000002
644.784	171.30620000000002
644.989	172.3762
645.194	171.82619999999997
645.399	170.4062
645.604	171.25619999999998
645.809	174.32619999999997
646.014	173.58620000000002
646.219	171.66619999999998
646.423	172.7262
646.628	173.75619999999998
646.833	174.2762
647.038	173.74620000000002
647.243	176.0162
647.447	176.2762
647.652	176.4862
647.857	178.7662
648.062	181.1962
648.266	184.3562
648.471	189.6562
648.676	192.1262
648.88	188.59619999999998
649.085	184.7362
649.289	183.8762
649.494	201.41619999999998
649.698	246.6162
649.903	198.83620000000002
650.107	178.59619999999998
650.312	171.2962
650.516	164.71620000000001
650.721	162.1062
650.925	160.49620000000002
651.13	158.3862
651.334	156.3162
651.539	153.6462
651.743	152.4362
651.947	150.4862
652.152	151.4462
652.356	147.6462
652.56	147.5062
652.764	144.6862
652.969	144.0162
653.173	141.7162
653.377	140.1062
653.581	139.1062
653.785	139.7862
653.99	141.4562
654.194	140.08620000000002
654.398	137.0562
654.602	136.6562
654.806	144.9862
655.01	162.1362
655.214	145.2262
655.418	137.68619999999999
655.622	137.4762
655.826	137.33620000000002
656.03	139.9862
656.234	144.5162
656.438	151.3162
656.642	150.99620000000002
656.846	140.43619999999999
657.049	133.08620000000002
657.253	127.9862
657.457	122.1662
657.661	116.3862
657.865	115.3262
658.068	111.44619999999999
658.272	108.8162
658.476	107.9162
658.68	105.84620000000001
658.883	104.3862
659.087	103.18619999999999
659.291	101.2962
659.494	99.2962
659.698	96.8862
659.901	97.44619999999999
660.105	96.19619999999999
660.309	95.93619999999999
660.512	94.4162
660.716	93.77619999999999
660.919	93.5062
661.123	94.2362
661.326	89.6662
661.53	90.26620000000001
661.733	88.61619999999999
661.936	88.5562
662.14	85.9962
662.343	85.4662
662.546	85.0362
662.75	85.7562
662.953	86.9962
663.156	82.60619999999999
663.36	84.2562
663.563	82.76620000000001
663.766	82.2962
663.969	83.17620000000001
664.173	82.35619999999999
664.376	81.8262
664.579	81.85619999999999
664.782	82.09620000000001
664.985	82.34620000000001
665.188	82.4662
665.391	81.86619999999999
665.594	81.08619999999999
665.797	81.51620000000001
666.0	81.7562
666.203	81.42620000000001
666.406	80.4862
666.609	79.4962
666.812	83.7162
667.015	80.7462
667.218	80.9062
667.421	80.9362
667.624	81.17620000000001
667.827	82.2262
668.03	80.5162
668.232	80.8262
668.435	80.7262
668.638	80.9462
668.841	82.7862
669.043	80.6062
669.246	82.7962
669.449	80.4662
669.651	79.7962
669.854	80.3662
670.057	81.8262
670.259	80.2262
670.462	81.1062
670.665	80.7662
670.867	82.1262
671.07	81.4162
671.272	83.3762
671.475	83.69619999999999
671.677	82.3962
671.88	79.9262
672.082	80.9262
672.284	81.67620000000001
672.487	81.17620000000001
672.689	80.3962
672.892	80.7962
