223.165	-17.578300000000002
223.4	-17.578300000000002
223.635	-17.578300000000002
223.869	-19.2783
224.104	-19.5083
224.338	-15.3283
224.573	-15.038300000000001
224.808	-11.6783
225.042	-8.0883
225.277	-5.3683000000000005
225.511	-2.8983
225.746	3.9017000000000004
225.98	7.2917
226.215	12.2817
226.449	16.0317
226.683	20.0517
226.918	24.5117
227.152	30.6917
227.387	35.6317
227.621	39.1517
227.856	44.3917
228.09	46.6417
228.324	50.981700000000004
228.559	57.32170000000001
228.793	61.3417
229.027	73.8117
229.262	77.7617
229.496	84.0317
229.73	97.5717
229.964	99.42170000000002
230.199	87.0517
230.433	87.09169999999999
230.667	89.1217
230.901	87.84169999999999
231.136	89.3217
231.37	90.3117
231.604	90.04169999999999
231.838	91.5517
232.072	91.34169999999999
232.306	90.5617
232.541	91.1317
232.775	91.3517
233.009	91.9817
233.243	92.4517
233.477	94.24170000000001
233.711	91.2217
233.945	91.58170000000001
234.179	93.33170000000001
234.413	91.8517
234.647	91.8517
234.881	91.54169999999999
235.115	92.5317
235.349	92.5717
235.583	93.1917
235.817	93.9517
236.051	94.41170000000001
236.285	92.18169999999999
236.519	93.2117
236.753	96.2217
236.987	101.9017
237.221	115.75170000000001
237.455	120.43169999999999
237.689	99.6517
237.922	94.67170000000002
238.156	93.8817
238.39	91.9717
238.624	91.50170000000001
238.858	93.3217
239.091	92.4617
239.325	93.6217
239.559	95.8817
239.793	96.4017
240.027	97.1417
240.26	100.2017
240.494	104.0617
240.728	101.66170000000001
240.961	99.3217
241.195	100.6217
241.429	97.3517
241.662	96.1017
241.896	95.7017
242.13	96.7817
242.363	97.51169999999999
242.597	97.24170000000001
242.83	100.16170000000001
243.064	99.08170000000001
243.298	98.6317
243.531	98.83170000000001
243.765	100.3917
243.998	99.7717
244.232	103.8917
244.465	106.5717
244.699	103.42170000000002
244.932	100.1317
245.166	101.54169999999999
245.399	102.6017
245.633	102.09169999999999
245.866	102.4717
246.099	101.6217
246.333	104.08170000000001
246.566	103.68169999999999
246.8	106.0317
247.033	104.49170000000001
247.266	106.7117
247.5	107.09169999999999
247.733	109.43169999999999
247.966	109.2117
248.2	109.8217
248.433	110.4717
248.666	110.9017
248.899	115.59169999999999
249.133	121.50170000000001
249.366	128.1017
249.599	126.6217
249.832	113.75170000000001
250.066	114.6317
250.299	114.6317
250.532	115.92170000000002
250.765	118.76169999999999
250.998	125.91170000000001
251.231	122.9017
251.465	120.1317
251.698	116.0217
251.931	117.91170000000001
252.164	117.4417
252.397	119.4417
252.63	119.2017
252.863	122.8717
253.096	123.7317
253.329	128.2017
253.562	125.7017
253.795	122.0517
254.028	124.7217
254.261	125.1517
254.494	128.7617
254.727	140.7617
254.96	141.9517
255.193	132.6817
255.426	128.4017
255.659	124.8117
255.892	125.68169999999999
256.124	121.3817
256.357	123.79169999999999
256.59	123.4717
256.823	121.6917
257.056	121.49170000000001
257.289	122.6517
257.521	125.4417
257.754	122.3717
257.987	122.3517
258.22	123.2317
258.452	122.7317
258.685	124.8617
258.918	124.8617
259.151	125.76169999999999
259.383	128.2917
259.616	127.3917
259.849	131.5817
260.081	135.4917
260.314	138.5817
260.547	137.7817
260.779	132.39170000000001
261.012	131.1217
261.244	131.1917
261.477	134.4417
261.71	137.7117
261.942	150.5517
262.175	153.5517
262.407	133.3217
262.64	129.4817
262.872	128.0417
263.105	129.27169999999998
263.337	130.1617
263.57	129.89170000000001
263.802	129.8217
264.035	129.42170000000002
264.267	127.08170000000001
264.499	129.3517
264.732	130.9317
264.964	129.8817
265.197	130.2517
265.429	131.1317
265.661	131.4717
265.894	130.6217
266.126	133.8817
266.358	133.3317
266.591	133.3817
266.823	136.11169999999998
267.055	133.64170000000001
267.287	135.8517
267.52	133.3217
267.752	134.7417
267.984	136.1217
268.216	135.4517
268.448	137.52169999999998
268.681	138.8217
268.913	142.9617
269.145	147.5617
269.377	151.5517
269.609	145.8217
269.841	146.6517
270.073	148.77169999999998
270.306	156.36169999999998
270.538	161.36169999999998
270.77	155.1217
271.002	152.6717
271.234	153.0417
271.466	155.58169999999998
271.698	157.77169999999998
271.93	158.5917
272.162	158.8817
272.394	160.7517
272.626	153.08169999999998
272.858	148.64170000000001
273.09	147.6817
273.322	146.8417
273.553	145.7017
273.785	147.0517
274.017	146.9817
274.249	146.9017
274.481	146.9217
274.713	148.3217
274.945	150.4117
275.176	148.36169999999998
275.408	148.36169999999998
275.64	148.5017
275.872	148.2117
276.104	151.6817
276.335	154.1817
276.567	161.3117
276.799	169.5617
277.031	171.5417
277.262	166.1817
277.494	161.6017
277.726	158.6317
277.957	153.0717
278.189	153.8117
278.421	151.49169999999998
278.652	151.2017
278.884	152.4017
279.115	151.8117
279.347	152.64170000000001
279.579	152.6017
279.81	152.08169999999998
280.042	152.4517
280.273	152.77169999999998
280.505	153.9717
280.736	151.86169999999998
280.968	152.9817
281.199	155.1517
281.431	156.9017
281.662	157.1517
281.894	157.8717
282.125	164.9717
282.356	184.9517
282.588	203.5617
282.819	180.7517
283.051	160.36169999999998
283.282	156.1817
283.513	159.99169999999998
283.745	160.3517
283.976	159.2217
284.207	159.8417
284.439	160.1917
284.67	161.1317
284.901	160.0917
285.132	160.1917
285.364	160.4417
285.595	160.6517
285.826	160.58169999999998
286.057	163.1617
286.288	159.99169999999998
286.52	161.7917
286.751	159.7317
286.982	163.0417
287.213	162.52169999999998
287.444	164.1517
287.675	166.28169999999997
287.906	169.9017
288.138	169.94170000000003
288.369	173.1817
288.6	172.19170000000003
288.831	167.62169999999998
289.062	168.4517
289.293	166.4317
289.524	166.5717
289.755	167.4317
289.986	166.46169999999998
290.217	166.80169999999998
290.448	164.8917
290.679	166.8317
290.91	167.3217
291.141	166.37169999999998
291.371	166.44170000000003
291.602	167.80169999999998
291.833	166.36169999999998
292.064	166.9117
292.295	168.0817
292.526	167.5917
292.757	168.28169999999997
292.987	167.9817
293.218	167.2417
293.449	168.87169999999998
293.68	170.3117
293.91	167.5917
294.141	171.30169999999998
294.372	166.60170000000002
294.603	168.9517
294.833	170.67170000000002
295.064	169.10170000000002
295.295	169.76170000000002
295.525	172.7217
295.756	180.21169999999998
295.987	192.30169999999998
296.217	213.4017
296.448	200.5417
296.679	176.12169999999998
296.909	173.5417
297.14	173.2317
297.37	174.26170000000002
297.601	175.4117
297.831	172.69170000000003
298.062	177.0917
298.292	176.7317
298.523	176.02169999999998
298.753	176.92170000000002
298.984	175.8317
299.214	177.0617
299.445	178.71169999999998
299.675	178.6517
299.905	183.60170000000002
300.136	178.27169999999998
300.366	178.10170000000002
300.597	179.6817
300.827	185.62169999999998
301.057	188.7417
301.288	194.0617
301.518	185.2317
301.748	183.5417
301.979	193.2917
302.209	185.1817
302.439	185.46169999999998
302.669	183.6817
302.9	182.77169999999998
303.13	183.2217
303.36	187.30169999999998
303.59	191.71169999999998
303.82	195.12169999999998
304.051	188.7517
304.281	183.42170000000002
304.511	183.85170000000002
304.741	180.9117
304.971	182.1517
305.201	182.7417
305.431	183.37169999999998
305.661	182.12169999999998
305.891	182.3817
306.121	186.92170000000002
306.352	192.61169999999998
306.582	192.0817
306.812	183.35170000000002
307.042	183.60170000000002
307.272	183.78169999999997
307.502	184.42170000000002
307.731	186.5417
307.961	182.53169999999997
308.191	181.5817
308.421	183.46169999999998
308.651	185.5917
308.881	183.0617
309.111	184.7917
309.341	188.2917
309.571	192.6317
309.8	192.3917
310.03	193.86169999999998
310.26	194.6317
310.49	193.01170000000002
310.72	198.44170000000003
310.949	203.1617
311.179	201.80169999999998
311.409	193.7217
311.639	194.3217
311.868	194.3317
312.098	198.51170000000002
312.328	199.1317
312.557	206.87169999999998
312.787	208.8217
313.017	203.7017
313.246	199.8217
313.476	196.53169999999997
313.706	198.55169999999998
313.935	202.1617
314.165	206.36169999999998
314.394	207.62169999999998
314.624	202.8317
314.853	202.26170000000002
315.083	199.87169999999998
315.312	197.9717
315.542	194.3817
315.771	196.35170000000002
316.001	194.42170000000002
316.23	193.0917
316.46	193.76170000000002
316.689	195.77169999999998
316.919	197.2217
317.148	199.02169999999998
317.377	200.80169999999998
317.607	197.28169999999997
317.836	196.7517
318.065	194.01170000000002
318.295	194.46169999999998
318.524	194.6317
318.753	195.5817
318.983	196.78169999999997
319.212	201.1417
319.441	206.2017
319.67	205.92170000000002
319.9	197.9017
320.129	196.86169999999998
320.358	198.5617
320.587	201.53169999999997
320.816	204.94170000000003
321.046	203.80169999999998
321.275	203.77169999999998
321.504	200.4917
321.733	203.0717
321.962	205.21169999999998
322.191	209.19170000000003
322.42	213.4717
322.649	219.8317
322.878	221.19170000000003
323.108	228.0417
323.337	239.7917
323.566	249.0917
323.795	271.5917
324.024	329.3417
324.253	525.5717
324.482	966.4417
324.71	1772.0617
324.939	2201.9217
325.168	969.1417
325.397	386.3317
325.626	281.6617
325.855	252.42170000000002
326.084	249.7517
326.313	255.3317
326.542	275.2117
326.77	354.7017
326.999	573.0717
327.228	1040.2216999999998
327.457	1752.2117
327.686	1434.3017
327.914	499.2217
328.143	324.23170000000005
328.372	278.2617
328.6	258.75169999999997
328.829	252.5917
329.058	261.2617
329.287	258.62170000000003
329.515	240.2917
329.744	232.0817
329.972	229.27169999999998
330.201	232.23170000000002
330.43	242.98170000000002
330.658	260.06170000000003
330.887	277.57169999999996
331.115	257.0817
331.344	235.8817
331.572	233.8817
331.801	239.5617
332.03	237.77169999999998
332.258	235.3217
332.486	231.1617
332.715	234.9317
332.943	241.1617
333.172	245.3417
333.4	250.02169999999998
333.629	259.7817
333.857	264.5817
334.085	258.05170000000004
334.314	249.92170000000002
334.542	247.0917
334.771	250.1217
334.999	244.6217
335.227	244.5017
335.455	239.64170000000001
335.684	237.9317
335.912	237.61169999999998
336.14	236.35170000000002
336.369	235.8317
336.597	240.5317
336.825	236.2517
337.053	231.0917
337.281	227.61169999999998
337.51	226.2017
337.738	226.1517
337.966	226.76170000000002
338.194	226.5617
338.422	226.61169999999998
338.65	223.9617
338.878	219.89170000000001
339.106	219.4917
339.334	220.4117
339.562	216.5017
339.79	213.3317
340.018	216.9517
340.246	216.3217
340.474	216.5817
340.702	215.6317
340.93	217.76170000000002
341.158	217.0417
341.386	219.9517
341.614	220.2417
341.842	216.2117
342.07	214.6217
342.298	213.5017
342.526	211.42170000000002
342.754	211.8017
342.981	212.92170000000002
343.209	216.8017
343.437	232.35170000000002
343.665	231.0317
343.893	240.2517
344.12	239.51170000000002
344.348	234.17170000000002
344.576	228.7117
344.804	225.73170000000002
345.031	223.52169999999998
345.259	223.7517
345.487	219.42170000000002
345.714	215.1817
345.942	212.42170000000002
346.17	212.4917
346.397	211.5417
346.625	211.3417
346.853	210.3417
347.08	208.5417
347.308	212.7017
347.535	217.52169999999998
347.763	218.4717
347.99	217.4317
348.218	220.51170000000002
348.445	221.4017
348.673	214.2917
348.9	213.27169999999998
349.128	211.2917
349.355	208.0917
349.583	208.7317
349.81	208.9517
350.037	208.53169999999997
350.265	207.4817
350.492	208.5617
350.72	208.77169999999998
350.947	216.1817
351.174	221.5817
351.402	222.7217
351.629	218.4517
351.856	215.53169999999997
352.083	217.36169999999998
352.311	222.0617
352.538	221.37169999999998
352.765	221.2317
352.992	224.8317
353.22	221.12169999999998
353.447	215.9717
353.674	214.4317
353.901	210.28169999999997
354.128	209.0717
354.355	208.28169999999997
354.583	210.62169999999998
354.81	210.4517
355.037	210.61169999999998
355.264	206.9717
355.491	206.92170000000002
355.718	204.53169999999997
355.945	205.9917
356.172	207.86169999999998
356.399	208.71169999999998
356.626	207.5817
356.853	206.77169999999998
357.08	203.71169999999998
357.307	204.0817
357.534	205.7917
357.761	205.92170000000002
357.988	207.3317
358.215	207.87169999999998
358.441	207.71169999999998
358.668	203.5917
358.895	205.96169999999998
359.122	204.9317
359.349	207.2917
359.576	211.77169999999998
359.802	220.2217
360.029	231.85170000000002
360.256	231.8217
360.483	218.3817
360.709	207.3117
360.936	212.1417
361.163	211.51170000000002
361.39	210.3217
361.616	212.76170000000002
361.843	209.2217
362.07	209.8117
362.296	211.3217
362.523	207.02169999999998
362.749	208.4717
362.976	206.21169999999998
363.203	207.02169999999998
363.429	203.05169999999998
363.656	207.3817
363.882	203.78169999999997
364.109	205.76170000000002
364.335	205.76170000000002
364.562	204.8917
364.788	204.0917
365.015	207.76170000000002
365.241	212.1317
365.468	217.12169999999998
365.694	215.62169999999998
365.92	208.85170000000002
366.147	203.9117
366.373	203.17170000000002
366.599	203.8817
366.826	202.05169999999998
367.052	204.19170000000003
367.278	205.77169999999998
367.505	205.4517
367.731	208.9717
367.957	204.60170000000002
368.184	208.9117
368.41	214.8117
368.636	226.48170000000002
368.862	232.9517
369.089	220.9917
369.315	211.30169999999998
369.541	211.17170000000002
369.767	209.36169999999998
369.993	207.5617
370.219	208.4717
370.445	208.8817
370.672	206.46169999999998
370.898	208.7517
371.124	210.35170000000002
371.35	211.14170000000001
371.576	211.2017
371.802	209.64170000000001
372.028	210.5617
372.254	210.85170000000002
372.48	212.9117
372.706	217.4117
372.932	217.23170000000002
373.158	214.9917
373.384	215.5517
373.61	215.64170000000001
373.835	214.89170000000001
374.061	213.9117
374.287	216.67170000000002
374.513	219.8317
374.739	223.19170000000003
374.965	225.2117
375.191	224.2917
375.416	225.60170000000002
375.642	219.44170000000003
375.868	220.5017
376.094	216.7517
376.319	214.4517
376.545	213.9617
376.771	214.5317
376.997	213.8217
377.222	214.9317
377.448	215.5917
377.674	211.48170000000002
377.899	211.1517
378.125	214.3817
378.35	212.98170000000002
378.576	211.0017
378.802	210.23170000000002
379.027	214.6217
379.253	215.27169999999998
379.478	213.3717
379.704	213.8117
379.929	217.5317
380.155	214.6317
380.38	215.4117
380.606	217.60170000000002
380.831	215.3817
381.057	221.5717
381.282	217.44170000000003
381.507	218.26170000000002
381.733	220.23170000000002
381.958	220.9117
382.184	223.8817
382.409	225.3817
382.634	229.3817
382.86	227.4717
383.085	231.4117
383.31	233.36169999999998
383.535	236.39170000000001
383.761	236.14170000000001
383.986	236.9017
384.211	237.3417
384.436	239.6617
384.662	244.2417
384.887	247.4317
385.112	247.5917
385.337	251.2017
385.562	249.6517
385.787	250.5017
386.013	257.1517
386.238	258.81170000000003
386.463	252.94170000000003
386.688	258.30170000000004
386.913	248.4017
387.138	250.17170000000002
387.363	249.0017
387.588	245.42170000000002
387.813	247.6817
388.038	249.0717
388.263	252.6217
388.488	253.7817
388.713	245.2117
388.938	244.6317
389.163	244.0817
389.387	243.1817
389.612	239.1217
389.837	239.8017
390.062	238.9517
390.287	239.61169999999998
390.512	238.6317
390.736	240.8117
390.961	243.2517
391.186	245.8417
391.411	253.9617
391.636	255.51170000000002
391.86	254.3417
392.085	255.7817
392.31	250.7917
392.534	248.4917
392.759	248.3717
392.984	245.5417
393.208	245.4117
393.433	248.4317
393.658	244.6317
393.882	241.4617
394.107	242.17170000000002
394.331	244.14170000000001
394.556	243.7417
394.78	249.9517
395.005	249.0717
395.229	248.6617
395.454	252.7817
395.678	254.1217
395.903	258.6017
396.127	257.8517
396.352	250.3317
396.576	242.9117
396.801	247.5617
397.025	250.2017
397.249	254.39170000000001
397.474	257.31170000000003
397.698	256.4617
397.922	258.7217
398.147	263.1017
398.371	263.1017
398.595	269.4017
398.82	279.05170000000004
399.044	296.1517
399.268	320.0417
399.492	353.87170000000003
399.717	373.9717
399.941	364.87170000000003
400.165	349.3417
400.389	323.6017
400.613	299.9017
400.837	285.81170000000003
401.062	281.9417
401.286	280.3517
401.51	278.3517
401.734	278.5217
401.958	288.57169999999996
402.182	313.4717
402.406	341.4217
402.63	306.8817
402.854	294.7417
403.078	295.1717
403.302	297.9117
403.526	303.1517
403.75	303.4317
403.974	303.3617
404.198	302.8417
404.422	306.9017
404.645	302.5817
404.869	301.81170000000003
405.093	307.6817
405.317	310.32169999999996
405.541	310.6717
405.765	307.8817
405.988	318.1017
406.212	369.5417
406.436	414.2017
406.66	352.50169999999997
406.883	320.0317
407.107	334.25169999999997
407.331	349.0317
407.555	365.07169999999996
407.778	355.4717
408.002	332.6517
408.226	317.6917
408.449	314.1317
408.673	310.1417
408.896	317.7117
409.12	324.2217
409.344	308.4517
409.567	296.5117
409.791	298.6717
410.014	301.3417
410.238	297.81170000000003
410.461	296.0217
410.685	298.3417
410.908	301.8617
411.132	313.1117
411.355	309.7917
411.578	292.6417
411.802	283.23170000000005
412.025	281.7617
412.249	286.12170000000003
412.472	287.1917
412.695	280.3917
412.919	275.7217
413.142	273.07169999999996
413.365	273.2017
413.589	274.3817
413.812	273.6917
414.035	272.9117
414.258	273.62170000000003
414.482	274.8917
414.705	277.00169999999997
414.928	275.1517
415.151	278.81170000000003
415.374	278.6717
415.597	273.2717
415.821	270.5317
416.044	270.4717
416.267	271.4717
416.49	267.81170000000003
416.713	266.30170000000004
416.936	271.4317
417.159	270.48170000000005
417.382	272.81170000000003
417.605	273.0317
417.828	279.7817
418.051	283.3517
418.274	279.80170000000004
418.497	273.07169999999996
418.72	277.62170000000003
418.943	277.5117
419.166	289.8617
419.389	300.4117
419.611	295.37170000000003
419.834	286.9917
420.057	285.0817
420.28	276.7017
420.503	274.2217
420.726	274.7417
420.948	281.6717
421.171	293.1317
421.394	293.6817
421.617	279.4417
421.839	278.1917
422.062	280.8817
422.285	288.4517
422.507	312.56170000000003
422.73	326.80170000000004
422.953	303.2217
423.175	290.80170000000004
423.398	292.6917
423.621	293.57169999999996
423.843	298.05170000000004
424.066	296.5817
424.288	294.80170000000004
424.511	302.6517
424.733	320.4517
424.956	334.6717
425.178	317.31170000000003
425.401	321.9017
425.623	317.82169999999996
425.846	286.12170000000003
426.068	281.50169999999997
426.291	278.7817
426.513	278.81170000000003
426.735	281.98170000000005
426.958	295.1417
427.18	323.73170000000005
427.402	376.9617
427.625	396.6817
427.847	326.7417
428.069	290.2717
428.292	269.57169999999996
428.514	261.6517
428.736	256.73170000000005
428.958	257.7117
429.181	252.36169999999998
429.403	252.39170000000001
429.625	259.0917
429.847	270.48170000000005
430.069	289.5117
430.292	273.3417
430.514	254.7217
430.736	253.6317
430.958	249.8817
431.18	249.94170000000003
431.402	251.0017
431.624	249.39170000000001
431.846	252.35170000000002
432.068	252.0717
432.29	254.89170000000001
432.512	254.1317
432.734	256.1617
432.956	256.3917
433.178	263.5917
433.4	260.1117
433.622	255.7917
433.844	255.8717
434.066	258.5217
434.287	260.30170000000004
434.509	267.4017
434.731	274.2617
434.953	276.1417
435.175	278.6817
435.397	283.2617
435.618	280.9017
435.84	299.5317
436.062	333.6117
436.284	326.4717
436.505	284.37170000000003
436.727	274.4717
436.949	263.48170000000005
437.17	257.2217
437.392	254.26170000000002
437.614	261.9017
437.835	282.5117
438.057	317.1017
438.278	328.0117
438.5	321.31170000000003
438.721	354.82169999999996
438.943	310.8317
439.165	272.7617
439.386	266.1017
439.608	271.6417
439.829	278.55170000000004
440.05	300.25169999999997
440.272	323.6317
440.493	279.8317
440.715	265.2917
440.936	264.23170000000005
441.158	267.2417
441.379	269.0417
441.6	282.0817
441.822	289.1317
442.043	299.4717
442.264	328.39169999999996
442.486	318.6317
442.707	291.6017
442.928	294.7217
443.149	317.30170000000004
443.371	321.5217
443.592	322.6917
443.813	352.8317
444.034	346.9717
444.255	308.48170000000005
444.476	301.0117
444.698	307.2417
444.919	309.82169999999996
445.14	342.64169999999996
445.361	324.6017
445.582	319.00169999999997
445.803	344.1617
446.024	362.13169999999997
446.245	351.2917
446.466	312.4217
446.687	274.5317
446.908	264.7717
447.129	258.0117
447.35	251.9517
447.571	252.6617
447.792	251.60170000000002
448.013	257.4217
448.234	266.55170000000004
448.455	280.5317
448.675	322.7217
448.896	338.6617
449.117	289.6517
449.338	297.0917
449.559	348.07169999999996
449.779	354.9317
450.0	277.1117
450.221	254.4517
450.442	247.5717
450.662	248.0817
450.883	257.06170000000003
451.104	263.2917
451.324	246.8017
451.545	239.17170000000002
451.766	237.9117
451.986	236.0817
452.207	235.0617
452.428	235.4317
452.648	242.2417
452.869	250.6517
453.089	253.51170000000002
453.31	257.7717
453.53	237.2017
453.751	234.5317
453.971	242.36169999999998
454.192	250.01170000000002
454.412	231.9717
454.633	228.7017
454.853	228.8017
455.073	227.3817
455.294	241.36169999999998
455.514	261.8817
455.734	241.5917
455.955	224.8317
456.175	223.4717
456.395	219.7017
456.616	218.0517
456.836	218.5517
457.056	218.0517
457.276	215.8117
457.497	222.5417
457.717	220.85170000000002
457.937	223.7417
458.157	226.10170000000002
458.377	232.5417
458.598	253.4017
458.818	299.7817
459.038	328.5217
459.258	294.00169999999997
459.478	259.4417
459.698	254.6317
459.918	257.00169999999997
460.138	262.0417
460.358	268.6117
460.578	271.5917
460.798	275.31170000000003
461.018	272.9717
461.238	267.80170000000004
461.458	266.9117
461.678	264.4317
461.898	272.2017
462.118	273.1917
462.338	281.6017
462.558	287.05170000000004
462.777	293.9717
462.997	311.6617
463.217	325.4617
463.437	317.7917
463.657	299.9917
463.876	296.98170000000005
464.096	299.8617
464.316	299.8517
464.536	302.2817
464.755	297.1817
464.975	301.8917
465.195	343.82169999999996
465.414	335.6017
465.634	270.25169999999997
465.854	255.51170000000002
466.073	249.17170000000002
466.293	246.4717
466.512	239.51170000000002
466.732	235.85170000000002
466.951	238.1217
467.171	240.35170000000002
467.391	244.7117
467.61	251.76170000000002
467.829	246.60170000000002
468.049	238.36169999999998
468.268	231.9917
468.488	230.64170000000001
468.707	229.2017
468.927	228.0417
469.146	228.52169999999998
469.365	232.6217
469.585	234.0317
469.804	244.4117
470.023	248.7017
470.243	245.76170000000002
470.462	253.7017
470.681	262.1717
470.901	248.1317
471.12	240.9017
471.339	239.3117
471.558	236.92170000000002
471.777	236.86169999999998
471.997	231.5917
472.216	233.1317
472.435	235.35170000000002
472.654	230.0617
472.873	229.5517
473.092	227.8717
473.311	229.48170000000002
473.53	230.9117
473.749	235.5017
473.968	252.48170000000002
474.187	284.5217
474.406	265.87170000000003
474.625	240.5017
474.844	233.7117
475.063	229.7017
475.282	232.02169999999998
475.501	233.3217
475.72	234.6217
475.939	233.6517
476.158	235.11169999999998
476.377	237.8717
476.596	238.4017
476.814	243.98170000000002
477.033	242.7217
477.252	244.2517
477.471	247.35170000000002
477.69	250.9617
477.908	252.9617
478.127	260.12170000000003
478.346	259.98170000000005
478.564	265.37170000000003
478.783	271.3517
479.002	273.6517
479.22	273.1117
479.439	281.7117
479.658	283.6617
479.876	280.05170000000004
480.095	284.8417
480.313	296.81170000000003
480.532	293.0917
480.751	287.5917
480.969	285.30170000000004
481.188	287.9217
481.406	277.3917
481.624	268.4917
481.843	262.37170000000003
482.061	256.9017
482.28	258.6717
482.498	258.2017
482.717	255.5917
482.935	256.6417
483.153	255.23170000000002
483.372	254.94170000000003
483.59	257.2717
483.808	257.0817
484.027	257.5117
484.245	261.12170000000003
484.463	261.32169999999996
484.681	271.2717
484.9	266.0117
485.118	270.9917
485.336	270.2817
485.554	273.75169999999997
485.772	275.0817
485.99	278.1817
486.209	282.07169999999996
486.427	281.4117
486.645	285.7017
486.863	289.6317
487.081	280.4917
487.299	277.7117
487.517	273.4217
487.735	272.9617
487.953	271.6317
488.171	272.9017
488.389	272.3417
488.607	276.1917
488.825	269.2717
489.043	271.56170000000003
489.261	270.7817
489.479	272.50169999999997
489.696	275.6017
489.914	275.73170000000005
490.132	276.3317
490.35	277.9017
490.568	278.9217
490.786	281.98170000000005
491.003	282.56170000000003
491.221	286.4117
491.439	290.6917
491.657	291.37170000000003
491.874	293.3317
492.092	291.2917
492.31	293.81170000000003
492.527	295.1617
492.745	296.7617
492.963	298.7417
493.18	298.9617
493.398	303.9917
493.615	311.6117
493.833	309.30170000000004
494.05	303.4717
494.268	304.2617
494.485	302.8317
494.703	302.00169999999997
494.92	302.7417
495.138	302.4617
495.355	305.4317
495.573	304.1017
495.79	302.62170000000003
496.008	306.25169999999997
496.225	306.6017
496.442	303.80170000000004
496.66	310.81170000000003
496.877	308.0817
497.094	314.5417
497.312	316.3317
497.529	321.9517
497.746	329.23170000000005
497.963	334.37170000000003
498.181	348.4717
498.398	356.57169999999996
498.615	381.38169999999997
498.832	389.5417
499.049	397.1617
499.267	416.6117
499.484	440.87170000000003
499.701	464.7217
499.918	488.3117
500.135	513.4317
500.352	531.2117
500.569	534.7017
500.786	532.4517
501.003	517.9916999999999
501.22	494.3117
501.437	473.0117
501.654	451.7217
501.871	435.3617
502.088	402.9717
502.305	386.0317
502.522	369.4717
502.739	360.0817
502.956	350.3617
503.172	338.5117
503.389	334.1617
503.606	338.1817
503.823	327.3817
504.04	323.9217
504.256	326.3317
504.473	327.7817
504.69	330.3517
504.907	324.1617
505.123	311.75169999999997
505.34	304.1317
505.557	297.6317
505.773	296.37170000000003
505.99	292.2217
506.207	291.25169999999997
506.423	287.1317
506.64	285.06170000000003
506.856	283.12170000000003
507.073	283.0917
507.289	283.8817
507.506	285.2917
507.722	296.7017
507.939	294.6817
508.155	280.1717
508.372	273.9917
508.588	274.2717
508.805	274.5217
509.021	274.8817
509.238	281.2017
509.454	282.3317
509.67	281.57169999999996
509.887	285.1417
510.103	302.8817
510.319	376.06170000000003
510.536	887.6517
510.752	2299.8117
510.968	761.8717
511.184	316.80170000000004
511.401	275.7017
511.617	265.0417
511.833	259.6817
512.049	256.2017
512.265	256.7417
512.481	257.32169999999996
512.698	256.3617
512.914	256.80170000000004
513.13	258.07169999999996
513.346	256.4517
513.562	260.3917
513.778	262.6317
513.994	264.5317
514.21	270.3917
514.426	287.4617
514.642	304.0417
514.858	303.2617
515.074	346.32169999999996
515.29	617.3417000000001
515.506	1500.2117
515.721	668.4317
515.937	329.6017
516.153	294.4017
516.369	285.8917
516.585	285.5917
516.801	288.7017
517.016	295.0317
517.232	301.3817
517.448	308.3417
517.664	313.6617
517.879	312.82169999999996
518.095	308.4217
518.311	307.1917
518.527	298.98170000000005
518.742	292.7217
518.958	283.2717
519.173	277.3817
519.389	274.5117
519.605	273.3817
519.82	270.5917
520.036	278.48170000000005
520.251	290.1417
520.467	286.2117
520.682	280.1717
520.898	279.2417
521.113	288.25169999999997
521.329	311.62170000000003
521.544	382.7617
521.76	726.2317
521.975	2361.3316999999997
522.19	1460.1617
522.406	451.6617
522.621	282.2917
522.836	256.5817
523.052	250.2017
523.267	245.0917
523.482	243.10170000000002
523.698	246.7417
523.913	260.06170000000003
524.128	247.26170000000002
524.343	239.01170000000002
524.559	236.2817
524.774	235.26170000000002
524.989	238.1617
525.204	244.42170000000002
525.419	241.8117
525.634	231.8117
525.849	229.10170000000002
526.064	229.61169999999998
526.28	228.9917
526.495	226.4917
526.71	227.10170000000002
526.925	225.26170000000002
527.14	225.9317
527.355	225.42170000000002
527.57	224.11169999999998
527.785	226.0517
527.999	223.9517
528.214	228.44170000000003
528.429	228.9117
528.644	228.01170000000002
528.859	229.26170000000002
529.074	230.7217
529.289	257.6717
529.503	311.9117
529.718	248.4917
529.933	233.23170000000002
530.148	226.8017
530.363	229.1817
530.577	226.76170000000002
530.792	225.5617
531.007	224.85170000000002
531.221	227.85170000000002
531.436	226.4717
531.651	226.4317
531.865	225.02169999999998
532.08	225.35170000000002
532.295	226.9917
532.509	226.19170000000003
532.724	225.5417
532.938	226.92170000000002
533.153	229.8717
533.367	226.6317
533.582	225.2817
533.796	224.7017
534.011	224.2817
534.225	223.8417
534.44	222.17170000000002
534.654	224.02169999999998
534.868	220.4017
535.083	223.27169999999998
535.297	225.7917
535.511	231.0517
535.726	230.89170000000001
535.94	228.5917
536.154	223.1817
536.369	216.76170000000002
536.583	213.14170000000001
536.797	214.7017
537.011	214.5917
537.225	212.8717
537.44	214.0617
537.654	215.73170000000002
537.868	213.9017
538.082	213.5717
538.296	211.60170000000002
538.51	214.1517
538.724	212.8717
538.938	213.6517
539.153	216.36169999999998
539.367	225.1217
539.581	217.27169999999998
539.795	211.4817
540.009	209.9517
540.222	212.0817
540.436	212.7117
540.65	212.36169999999998
540.864	213.0317
541.078	215.86169999999998
541.292	214.6317
541.506	208.9017
541.72	208.1617
541.934	207.3217
542.147	208.2217
542.361	205.87169999999998
542.575	204.2417
542.789	206.2517
543.002	205.8417
543.216	210.27169999999998
543.43	214.42170000000002
543.644	210.5017
543.857	208.9717
544.071	209.5417
544.285	213.05169999999998
544.498	208.86169999999998
544.712	210.2217
544.925	208.7117
545.139	208.76170000000002
545.352	206.7317
545.566	209.6317
545.779	208.17170000000002
545.993	207.8917
546.206	207.6817
546.42	207.2017
546.633	210.4117
546.847	210.8317
547.06	209.03169999999997
547.274	207.3917
547.487	206.19170000000003
547.7	205.9117
547.914	206.8117
548.127	207.9517
548.34	208.3117
548.554	207.1617
548.767	209.21169999999998
548.98	209.6817
549.193	209.0417
549.407	208.2917
549.62	211.8217
549.833	210.5417
550.046	210.7117
550.259	207.52169999999998
550.473	205.8817
550.686	206.0017
550.899	206.6417
551.112	203.7517
551.325	204.1617
551.538	204.4717
551.751	204.69170000000003
551.964	207.0017
552.177	209.0717
552.39	209.30169999999998
552.603	213.4117
552.816	215.5717
553.029	217.5917
553.242	219.5017
553.455	227.7117
553.667	232.73170000000002
553.88	228.02169999999998
554.093	218.42170000000002
554.306	214.64170000000001
554.519	211.0617
554.732	208.9517
554.944	206.52169999999998
555.157	204.2317
555.37	201.96169999999998
555.583	201.0617
555.795	202.2017
556.008	195.8917
556.221	194.28169999999997
556.433	193.4117
556.646	193.37169999999998
556.859	191.9017
557.071	191.5617
557.284	190.9817
557.496	190.7017
557.709	187.4817
557.921	188.35170000000002
558.134	187.9517
558.346	185.6817
558.559	183.77169999999998
558.771	184.7517
558.984	185.30169999999998
559.196	185.6517
559.409	183.80169999999998
559.621	185.4117
559.833	185.5617
560.046	182.94170000000003
560.258	181.21169999999998
560.47	182.77169999999998
560.683	182.8917
560.895	183.4317
561.107	184.0817
561.32	181.21169999999998
561.532	181.4017
561.744	183.9017
561.956	184.67170000000002
562.168	186.3817
562.381	184.6417
562.593	184.61169999999998
562.805	186.8417
563.017	186.9317
563.229	186.3917
563.441	186.0817
563.653	186.7417
563.865	184.86169999999998
564.077	187.2017
564.289	188.11169999999998
564.501	189.4117
564.713	192.5417
564.925	198.28169999999997
565.137	206.8317
565.349	201.62169999999998
565.561	202.2417
565.773	204.4817
565.985	211.48170000000002
566.197	215.86169999999998
566.408	225.2517
566.62	236.4117
566.832	245.7117
567.044	244.9617
567.255	247.9317
567.467	252.6217
567.679	261.5317
567.891	269.7117
568.102	270.2117
568.314	257.8317
568.526	242.35170000000002
568.737	229.7817
568.949	218.7017
569.161	209.5517
569.372	202.0917
569.584	198.0017
569.795	198.3817
570.007	216.55169999999998
570.218	327.7217
570.43	226.1417
570.641	190.52169999999998
570.853	185.76170000000002
571.064	187.2917
571.276	186.3817
571.487	181.53169999999997
571.698	176.6417
571.91	175.21169999999998
572.121	172.37169999999998
572.333	169.87169999999998
572.544	169.0717
572.755	169.0817
572.966	168.8417
573.178	167.42170000000002
573.389	168.92170000000002
573.6	165.77169999999998
573.811	163.61169999999998
574.023	164.26170000000002
574.234	163.0717
574.445	165.01170000000002
574.656	163.21169999999998
574.867	164.6617
575.078	164.02169999999998
575.289	162.8917
575.501	163.30169999999998
575.712	161.2217
575.923	160.24169999999998
576.134	161.2517
576.345	160.5017
576.556	161.5117
576.767	163.8917
576.978	162.3917
577.188	160.1517
577.399	160.7817
577.61	161.3717
577.821	166.1517
578.032	180.77169999999998
578.243	330.6117
578.454	768.4217000000001
578.665	269.07169999999996
578.875	167.7217
579.086	158.6217
579.297	154.3117
579.508	152.7617
579.718	154.1717
579.929	155.77169999999998
580.14	151.0017
580.35	149.6817
580.561	151.3517
580.772	150.7617
580.982	149.5517
581.193	147.11169999999998
581.403	149.36169999999998
581.614	149.1317
581.825	147.2317
582.035	148.7117
582.246	150.33169999999998
582.456	147.3417
582.667	148.1517
582.877	149.3217
583.087	147.7117
583.298	148.7617
583.508	148.5017
583.719	148.1017
583.929	149.77169999999998
584.139	147.02169999999998
584.35	147.1917
584.56	147.9517
584.77	146.7117
584.981	145.9317
585.191	147.6817
585.401	145.1917
585.611	144.5517
585.821	147.9917
586.032	148.7117
586.242	145.9917
586.452	145.0717
586.662	145.2917
586.872	144.3817
587.082	143.5617
587.292	144.8117
587.502	142.2317
587.713	144.89170000000001
587.923	144.9117
588.133	145.0917
588.343	143.9417
588.553	142.8017
588.762	146.7817
588.972	145.4017
589.182	148.36169999999998
589.392	145.9717
589.602	145.0417
589.812	145.6217
590.022	146.2017
590.232	143.9517
590.441	145.11169999999998
590.651	145.2217
590.861	144.4517
591.071	144.4017
591.281	148.1217
591.49	147.9017
591.7	148.1517
591.91	149.6717
592.119	150.14170000000001
592.329	155.2817
592.539	160.2617
592.748	158.9017
592.958	157.8117
593.167	159.6817
593.377	160.6617
593.587	167.92170000000002
593.796	162.96169999999998
594.006	161.61169999999998
594.215	161.24169999999998
594.424	162.86169999999998
594.634	158.99169999999998
594.843	157.7217
595.053	155.1517
595.262	151.3717
595.472	149.5117
595.681	146.86169999999998
595.89	147.1217
596.1	144.17170000000002
596.309	143.8517
596.518	140.8017
596.727	141.7317
596.937	141.6517
597.146	139.0417
597.355	139.11169999999998
597.564	137.2917
597.774	138.0117
597.983	134.86169999999998
598.192	135.9717
598.401	134.2117
598.61	134.7017
598.819	135.1017
599.028	135.6017
599.237	134.86169999999998
599.446	134.27169999999998
599.655	135.6617
599.864	135.0717
600.073	132.7817
600.282	136.4017
600.491	134.1617
600.7	134.5117
600.909	132.6817
601.118	137.3117
601.327	134.1017
601.536	135.1017
601.745	132.5617
601.953	133.5617
602.162	134.1317
602.371	131.3717
602.58	130.7417
602.789	132.5417
602.997	129.0817
603.206	131.6917
603.415	129.02169999999998
603.623	128.3817
603.832	128.3717
604.041	128.6317
604.249	127.04169999999999
604.458	127.6417
604.666	128.8417
604.875	128.9717
605.084	127.1517
605.292	128.52169999999998
605.501	127.29169999999999
605.709	129.3017
605.918	126.2817
606.126	128.9517
606.334	128.0417
606.543	127.91170000000001
606.751	128.5517
606.96	127.1017
607.168	127.42170000000002
607.376	127.4817
607.585	129.3317
607.793	128.4617
608.001	126.3017
608.21	126.50170000000001
608.418	125.34169999999999
608.626	125.25170000000001
608.834	126.2317
609.043	125.5317
609.251	126.50170000000001
609.459	125.54169999999999
609.667	126.4417
609.875	125.00170000000001
610.083	125.5717
610.291	127.5517
610.499	126.58170000000001
610.707	126.6017
610.916	126.6017
611.124	127.8217
611.332	125.1017
611.54	124.2717
611.748	125.3117
611.955	124.1317
612.163	125.6217
612.371	125.4617
612.579	123.8717
612.787	125.3017
612.995	126.7217
613.203	126.9617
613.411	125.50170000000001
613.618	124.5217
613.826	123.01169999999999
614.034	123.1117
614.242	123.93169999999999
614.449	122.92170000000002
614.657	125.0517
614.865	124.29169999999999
615.072	124.99170000000001
615.28	126.74170000000001
615.488	125.16170000000001
615.695	129.9117
615.903	133.2517
616.111	137.8317
616.318	138.3217
616.526	134.2217
616.733	132.5117
616.941	128.6617
617.148	127.92170000000002
617.356	127.1017
617.563	125.7017
617.771	125.83170000000001
617.978	124.0217
618.185	125.2217
618.393	123.1217
618.6	124.9517
618.807	123.9817
619.015	122.4617
619.222	122.6417
619.429	121.92170000000002
619.637	122.3217
619.844	122.68169999999999
620.051	120.3117
620.258	121.1517
620.466	120.3817
620.673	118.18169999999999
620.88	118.4017
621.087	120.3117
621.294	121.6217
621.501	119.6317
621.708	120.7017
621.915	120.8917
622.122	120.74170000000001
622.329	120.0617
622.536	119.8817
622.743	118.7017
622.95	118.04169999999999
623.157	116.8117
623.364	119.6117
623.571	119.0617
623.778	118.26169999999999
623.985	118.4817
624.192	116.1517
624.399	117.24170000000001
624.606	120.41170000000001
624.812	117.18169999999999
625.019	115.29169999999999
625.226	116.1017
625.433	117.24170000000001
625.639	115.7317
625.846	114.29169999999999
626.053	116.26169999999999
626.259	115.83170000000001
626.466	116.0517
626.673	115.1017
626.879	113.4417
627.086	115.5617
627.293	116.4417
627.499	116.01169999999999
627.706	114.1517
627.912	113.3917
628.119	115.75170000000001
628.325	115.6217
628.532	114.5317
628.738	114.51169999999999
628.945	113.29169999999999
629.151	112.93169999999999
629.357	113.43169999999999
629.564	114.01169999999999
629.77	113.67170000000002
629.976	112.0717
630.183	112.59169999999999
630.389	110.9717
630.595	110.1217
630.802	110.58170000000001
631.008	109.7817
631.214	112.3817
631.42	111.93169999999999
631.627	113.67170000000002
631.833	110.7317
632.039	109.25170000000001
632.245	110.34169999999999
632.451	111.49170000000001
632.657	109.9717
632.863	108.3617
633.069	110.59169999999999
633.275	111.1317
633.481	109.5717
633.688	109.7217
633.893	111.41170000000001
634.099	110.4017
634.305	108.6317
634.511	108.5317
634.717	109.17170000000002
634.923	105.8617
635.129	106.43169999999999
635.335	107.1917
635.541	107.4517
635.747	110.2017
635.952	107.4017
636.158	107.6417
636.364	109.1517
636.57	107.9717
636.775	105.66170000000001
636.981	107.2017
637.187	108.66170000000001
637.392	106.54169999999999
637.598	107.7817
637.804	107.26169999999999
638.009	106.91170000000001
638.215	108.2317
638.421	106.59169999999999
638.626	107.2217
638.832	107.9417
639.037	104.6317
639.243	106.3717
639.448	105.2317
639.654	107.8817
639.859	105.3517
640.065	104.9817
640.27	110.5517
640.475	107.41170000000001
640.681	105.7817
640.886	107.0717
641.091	105.6317
641.297	107.83170000000001
641.502	106.3017
641.707	107.9617
641.913	106.84169999999999
642.118	105.3817
642.323	104.43169999999999
642.528	106.66170000000001
642.733	105.1017
642.939	106.4517
643.144	105.9817
643.349	104.8117
643.554	106.5317
643.759	103.7317
643.964	104.1517
644.169	105.0317
644.374	103.2217
644.579	106.25170000000001
644.784	104.8117
644.989	106.6317
645.194	103.7317
645.399	103.6317
645.604	105.5217
645.809	108.2317
646.014	106.67170000000002
646.219	105.4817
646.423	103.7217
646.628	104.6217
646.833	105.00170000000001
647.038	104.7017
647.243	105.8917
647.447	105.76169999999999
647.652	106.00170000000001
647.857	106.7317
648.062	107.1917
648.266	109.2717
648.471	112.75170000000001
648.676	117.6917
648.88	113.50170000000001
649.085	112.74170000000001
649.289	111.49170000000001
649.494	120.4017
649.698	148.7217
649.903	120.66170000000001
650.107	108.6517
650.312	105.7717
650.516	102.08170000000001
650.721	101.59169999999999
650.925	101.1317
651.13	100.9817
651.334	99.5717
651.539	100.04169999999999
651.743	99.6117
651.947	99.18169999999999
652.152	99.51169999999999
652.356	98.41170000000001
652.56	98.2717
652.764	96.54169999999999
652.969	98.29169999999999
653.173	94.43169999999999
653.377	96.4517
653.581	93.8517
653.785	96.4417
653.99	95.0317
654.194	94.6217
654.398	94.93169999999999
654.602	95.76169999999999
654.806	98.4017
655.01	111.74170000000001
655.214	99.1417
655.418	95.76169999999999
655.622	96.3617
655.826	96.3717
656.03	98.76169999999999
656.234	101.1117
656.438	106.3717
656.642	103.7317
656.846	99.25170000000001
657.049	95.6217
657.253	96.09169999999999
657.457	92.16170000000001
657.661	91.0317
657.865	89.1417
658.068	89.2817
658.272	88.66170000000001
658.476	87.9617
658.68	87.68169999999999
658.883	85.18169999999999
659.087	86.83170000000001
659.291	87.1117
659.494	86.59169999999999
659.698	83.9017
659.901	86.0217
660.105	83.68169999999999
660.309	83.99170000000001
660.512	84.7317
660.716	84.8117
660.919	85.17170000000002
661.123	86.50170000000001
661.326	85.4617
661.53	84.2817
661.733	83.49170000000001
661.936	84.2817
662.14	82.93169999999999
662.343	83.74170000000001
662.546	82.1417
662.75	83.4517
662.953	83.76169999999999
663.156	80.5617
663.36	83.0517
663.563	82.0317
663.766	82.42170000000002
663.969	82.8717
664.173	82.1917
664.376	81.51169999999999
664.579	81.7717
664.782	81.5617
664.985	83.3917
665.188	82.5717
665.391	82.2817
665.594	83.1517
665.797	82.0517
666.0	81.5217
666.203	81.7317
666.406	80.6817
666.609	81.8717
666.812	81.6517
667.015	81.79169999999999
667.218	83.9717
667.421	82.3817
667.624	79.3917
667.827	82.66170000000001
668.03	80.85170000000001
668.232	80.54169999999999
668.435	81.9417
668.638	82.5517
668.841	83.67170000000002
669.043	80.57169999999999
669.246	81.49170000000001
669.449	81.1517
669.651	81.8617
669.854	81.50170000000001
670.057	81.6917
670.259	81.2117
670.462	80.3417
670.665	81.0517
670.867	81.99170000000001
671.07	81.3517
671.272	81.93169999999999
671.475	83.50170000000001
671.677	81.4417
671.88	82.3117
672.082	82.0617
672.284	82.83170000000001
672.487	80.1217
672.689	81.18169999999999
672.892	80.32169999999999
