223.165	-17.458199999999998
223.4	-17.458199999999998
223.635	-17.458199999999998
223.869	-18.4182
224.104	-19.7682
224.338	-14.6882
224.573	-14.6082
224.808	-13.398200000000001
225.042	-7.6382
225.277	-5.8182
225.511	-1.4582
225.746	3.6918
225.98	6.8717999999999995
226.215	11.8318
226.449	14.681799999999999
226.683	20.6118
226.918	24.7518
227.152	30.811799999999998
227.387	34.291799999999995
227.621	39.2118
227.856	43.0818
228.09	46.2018
228.324	50.3118
228.559	55.181799999999996
228.793	58.461800000000004
229.027	61.961800000000004
229.262	67.29180000000001
229.496	71.1418
229.73	79.9318
229.964	81.3218
230.199	74.7218
230.433	76.1418
230.667	79.0318
230.901	78.7718
231.136	78.4418
231.37	80.31179999999999
231.604	80.5518
231.838	80.4418
232.072	80.1618
232.306	80.9518
232.541	82.10180000000001
232.775	80.6618
233.009	79.8618
233.243	79.4618
233.477	80.1418
233.711	82.6618
233.945	81.2218
234.179	79.8318
234.413	80.2818
234.647	79.2218
234.881	80.3218
235.115	78.62180000000001
235.349	79.6118
235.583	80.62180000000001
235.817	77.6418
236.051	78.48179999999999
236.285	77.3318
236.519	79.04180000000001
236.753	79.4418
236.987	80.2418
237.221	81.8918
237.455	83.28179999999999
237.689	76.9718
237.922	76.8618
238.156	76.5018
238.39	75.8018
238.624	74.7718
238.858	77.9718
239.091	77.5218
239.325	77.7218
239.559	79.4718
239.793	79.9018
240.027	79.4318
240.26	77.1318
240.494	77.6718
240.728	77.56179999999999
240.961	77.6018
241.195	76.79180000000001
241.429	76.5118
241.662	76.2718
241.896	77.3318
242.13	77.9718
242.363	77.1418
242.597	76.98179999999999
242.83	79.4918
243.064	77.4918
243.298	77.3418
243.531	78.2718
243.765	77.6418
243.998	78.7118
244.232	80.4518
244.465	83.3018
244.699	82.8018
244.932	77.8918
245.166	78.3918
245.399	79.06179999999999
245.633	77.8518
245.866	76.5818
246.099	78.3218
246.333	78.3918
246.566	75.9318
246.8	77.7118
247.033	78.62180000000001
247.266	78.62180000000001
247.5	78.37180000000001
247.733	77.9518
247.966	79.4018
248.2	80.3318
248.433	80.7118
248.666	78.6118
248.899	81.3018
249.133	83.8618
249.366	93.6518
249.599	91.69180000000001
249.832	81.52180000000001
250.066	82.8218
250.299	79.29180000000001
250.532	81.0518
250.765	81.6618
250.998	80.1818
251.231	79.7818
251.465	78.9518
251.698	79.4418
251.931	78.6318
252.164	80.1718
252.397	79.3318
252.63	79.2218
252.863	78.4918
253.096	81.1618
253.329	81.9918
253.562	80.0818
253.795	81.0918
254.028	81.1518
254.261	81.3918
254.494	80.4118
254.727	82.94180000000001
254.96	81.26180000000001
255.193	80.2118
255.426	80.7118
255.659	79.4118
255.892	81.7518
256.124	81.2918
256.357	80.4618
256.59	82.3418
256.823	80.1718
257.056	81.9218
257.289	81.1618
257.521	82.76180000000001
257.754	80.9518
257.987	80.7118
258.22	81.8318
258.452	82.0418
258.685	81.4118
258.918	81.6718
259.151	80.37180000000001
259.383	83.45179999999999
259.616	81.53179999999999
259.849	81.1018
260.081	82.70179999999999
260.314	81.5518
260.547	82.4718
260.779	80.9218
261.012	83.45179999999999
261.244	83.8618
261.477	86.27180000000001
261.71	91.0418
261.942	104.6118
262.175	108.1518
262.407	88.7518
262.64	82.9018
262.872	83.0418
263.105	82.2518
263.337	84.8718
263.57	82.6318
263.802	82.77180000000001
264.035	83.5818
264.267	82.51180000000001
264.499	83.7218
264.732	83.9218
264.964	82.6418
265.197	82.1718
265.429	84.5418
265.661	84.4118
265.894	83.9918
266.126	85.2918
266.358	83.4918
266.591	83.4018
266.823	83.8218
267.055	82.0718
267.287	82.03179999999999
267.52	82.27180000000001
267.752	84.48179999999999
267.984	84.45179999999999
268.216	83.69180000000001
268.448	85.2118
268.681	84.4118
268.913	85.06179999999999
269.145	84.2418
269.377	84.3718
269.609	84.35180000000001
269.841	84.45179999999999
270.073	83.76180000000001
270.306	83.9018
270.538	84.76180000000001
270.77	83.10180000000001
271.002	84.93180000000001
271.234	86.0818
271.466	85.93180000000001
271.698	84.6618
271.93	83.7918
272.162	86.7918
272.394	86.95179999999999
272.626	85.85180000000001
272.858	84.1418
273.09	83.85180000000001
273.322	85.4118
273.553	83.0518
273.785	85.0418
274.017	83.1718
274.249	83.6718
274.481	84.1218
274.713	84.27180000000001
274.945	85.6318
275.176	85.20179999999999
275.408	86.03179999999999
275.64	84.7918
275.872	86.02180000000001
276.104	85.56179999999999
276.335	88.6618
276.567	95.1318
276.799	101.0918
277.031	95.60180000000001
277.262	88.5918
277.494	88.6618
277.726	86.4618
277.957	85.4118
278.189	85.5518
278.421	85.8818
278.652	86.77180000000001
278.884	85.7918
279.115	86.51180000000001
279.347	87.0418
279.579	86.10180000000001
279.81	86.5718
280.042	85.20179999999999
280.273	86.18180000000001
280.505	86.81179999999999
280.736	86.69180000000001
280.968	87.01180000000001
281.199	85.6318
281.431	86.7918
281.662	86.18180000000001
281.894	88.8918
282.125	97.43180000000001
282.356	112.28179999999999
282.588	128.7218
282.819	107.95179999999999
283.051	89.8818
283.282	87.85180000000001
283.513	89.0518
283.745	87.6318
283.976	87.8618
284.207	86.4718
284.439	85.8218
284.67	87.1618
284.901	84.9118
285.132	86.26180000000001
285.364	85.0518
285.595	87.19180000000001
285.826	87.03179999999999
286.057	88.18180000000001
286.288	86.10180000000001
286.52	87.3718
286.751	84.8318
286.982	86.8818
287.213	85.1618
287.444	87.51180000000001
287.675	87.5418
287.906	87.8418
288.138	89.2418
288.369	92.5018
288.6	89.6518
288.831	86.45179999999999
289.062	90.5718
289.293	87.5818
289.524	86.4018
289.755	87.5918
289.986	87.51180000000001
290.217	87.0018
290.448	86.03179999999999
290.679	86.1218
290.91	88.5018
291.141	85.81179999999999
291.371	88.9918
291.602	86.93180000000001
291.833	88.2518
292.064	86.9018
292.295	87.73179999999999
292.526	89.2418
292.757	88.52180000000001
292.987	89.3918
293.218	87.7518
293.449	88.31179999999999
293.68	88.4218
293.91	86.3018
294.141	89.4618
294.372	89.4918
294.603	89.1218
294.833	87.81179999999999
295.064	88.1418
295.295	88.19180000000001
295.525	92.31179999999999
295.756	97.9918
295.987	109.85180000000001
296.217	129.9518
296.448	116.7118
296.679	92.6218
296.909	89.9618
297.14	88.56179999999999
297.37	89.3018
297.601	87.52180000000001
297.831	88.3918
298.062	91.0518
298.292	88.20179999999999
298.523	89.93180000000001
298.753	88.95179999999999
298.984	88.81179999999999
299.214	88.9018
299.445	89.2218
299.675	92.31179999999999
299.905	92.8318
300.136	91.1418
300.366	88.9218
300.597	91.5418
300.827	91.53179999999999
301.057	95.9718
301.288	98.8918
301.518	92.6118
301.748	88.27180000000001
301.979	97.8618
302.209	90.9118
302.439	89.20179999999999
302.669	89.6218
302.9	89.52180000000001
303.13	90.9218
303.36	93.0018
303.59	97.1218
303.82	101.1218
304.051	93.31179999999999
304.281	91.19180000000001
304.511	90.01180000000001
304.741	89.3018
304.971	88.7918
305.201	89.8918
305.431	88.5818
305.661	90.06179999999999
305.891	90.6318
306.121	93.5418
306.352	99.3418
306.582	100.48179999999999
306.812	92.4118
307.042	91.53179999999999
307.272	91.4618
307.502	91.7518
307.731	92.77180000000001
307.961	89.44180000000001
308.191	89.8418
308.421	90.2918
308.651	89.95179999999999
308.881	92.4218
309.111	92.6218
309.341	94.6318
309.571	97.56179999999999
309.8	94.70179999999999
310.03	96.23179999999999
310.26	95.8318
310.49	95.4118
310.72	95.20179999999999
310.949	100.01180000000001
311.179	97.2218
311.409	94.20179999999999
311.639	94.4218
311.868	94.27180000000001
312.098	93.01180000000001
312.328	94.43180000000001
312.557	100.0418
312.787	100.2518
313.017	98.35180000000001
313.246	94.56179999999999
313.476	91.9618
313.706	92.0018
313.935	91.9918
314.165	97.2518
314.394	98.1718
314.624	94.7218
314.853	96.51180000000001
315.083	91.4718
315.312	91.6718
315.542	91.3418
315.771	91.78179999999999
316.001	91.70179999999999
316.23	90.8218
316.46	89.4718
316.689	90.9018
316.919	91.51180000000001
317.148	94.6218
317.377	94.2918
317.607	93.9618
317.836	92.3918
318.065	91.5018
318.295	90.10180000000001
318.524	90.95179999999999
318.753	92.06179999999999
318.983	93.1118
319.212	96.9618
319.441	104.26180000000001
319.67	103.06179999999999
319.9	93.93180000000001
320.129	92.98179999999999
320.358	93.23179999999999
320.587	95.3918
320.816	96.7218
321.046	99.6118
321.275	98.26180000000001
321.504	94.3618
321.733	94.6118
321.962	96.69180000000001
322.191	100.70179999999999
322.42	100.1418
322.649	105.1718
322.878	107.9218
323.108	110.3818
323.337	116.9118
323.566	125.7418
323.795	144.2818
324.024	194.5118
324.253	363.67179999999996
324.482	764.0717999999999
324.71	1556.9017999999999
324.939	2025.5118
325.168	747.1018
325.397	229.2018
325.626	143.6518
325.855	124.45179999999999
326.084	120.23179999999999
326.313	126.5518
326.542	147.36180000000002
326.77	217.39180000000002
326.999	428.27180000000004
327.228	877.0518
327.457	1576.1018
327.686	1241.1418
327.914	342.2318
328.143	180.0718
328.372	136.6318
328.6	118.1518
328.829	112.0818
329.058	119.77180000000001
329.287	119.10180000000001
329.515	106.5818
329.744	99.51180000000001
329.972	98.31179999999999
330.201	97.19180000000001
330.43	105.31179999999999
330.658	115.01180000000001
330.887	128.2218
331.115	114.98179999999999
331.344	98.0718
331.572	99.95179999999999
331.801	100.8918
332.03	99.77180000000001
332.258	95.60180000000001
332.486	92.9218
332.715	93.51180000000001
332.943	92.3218
333.172	95.6618
333.4	96.0518
333.629	100.4218
333.857	106.9718
334.085	100.2518
334.314	94.77180000000001
334.542	94.35180000000001
334.771	95.3618
334.999	94.98179999999999
335.227	95.03179999999999
335.455	93.44180000000001
335.684	96.5518
335.912	95.7918
336.14	96.52180000000001
336.369	96.1718
336.597	96.8918
336.825	97.53179999999999
337.053	93.9118
337.281	92.4218
337.51	91.18180000000001
337.738	94.2918
337.966	92.9218
338.194	95.44180000000001
338.422	95.06179999999999
338.65	92.8718
338.878	93.2218
339.106	90.1218
339.334	91.69180000000001
339.562	90.3018
339.79	90.7418
340.018	91.3218
340.246	92.81179999999999
340.474	93.7118
340.702	91.69180000000001
340.93	91.4218
341.158	92.0018
341.386	95.2218
341.614	94.6318
341.842	93.2518
342.07	91.27180000000001
342.298	92.6318
342.526	90.0418
342.754	89.2418
342.981	89.73179999999999
343.209	91.0918
343.437	99.0518
343.665	90.31179999999999
343.893	90.3218
344.12	91.7118
344.348	90.02180000000001
344.576	91.01180000000001
344.804	92.7918
345.031	96.2118
345.259	96.4718
345.487	92.9918
345.714	94.18180000000001
345.942	92.95179999999999
346.17	91.26180000000001
346.397	91.5518
346.625	92.56179999999999
346.853	92.53179999999999
347.08	90.6118
347.308	93.4918
347.535	95.85180000000001
347.763	95.0518
347.99	96.3818
348.218	98.7418
348.445	99.10180000000001
348.673	96.10180000000001
348.9	94.9118
349.128	96.44180000000001
349.355	91.9018
349.583	91.3818
349.81	93.4618
350.037	93.02180000000001
350.265	92.77180000000001
350.492	94.23179999999999
350.72	96.0518
350.947	99.2118
351.174	104.1418
351.402	106.4718
351.629	99.1718
351.856	99.0818
352.083	100.7218
352.311	103.3018
352.538	103.2418
352.765	105.4718
352.992	110.2418
353.22	108.31179999999999
353.447	102.8718
353.674	101.3318
353.901	96.3218
354.128	95.81179999999999
354.355	95.45179999999999
354.583	98.4618
354.81	97.5818
355.037	96.4018
355.264	95.06179999999999
355.491	94.9618
355.718	90.73179999999999
355.945	94.8718
356.172	94.28179999999999
356.399	95.51180000000001
356.626	94.3818
356.853	93.9618
357.08	92.23179999999999
357.307	93.2518
357.534	92.4218
357.761	93.4018
357.988	94.5918
358.215	95.26180000000001
358.441	93.8918
358.668	92.3618
358.895	90.23179999999999
359.122	89.85180000000001
359.349	89.8918
359.576	91.31179999999999
359.802	98.5718
360.029	105.9918
360.256	103.85180000000001
360.483	95.5918
360.709	89.8818
360.936	94.1718
361.163	92.8218
361.39	93.52180000000001
361.616	92.8818
361.843	92.6618
362.07	92.43180000000001
362.296	93.7918
362.523	92.1618
362.749	91.85180000000001
362.976	90.9618
363.203	93.60180000000001
363.429	88.5518
363.656	89.3018
363.882	89.6118
364.109	91.53179999999999
364.335	91.81179999999999
364.562	91.48179999999999
364.788	90.26180000000001
365.015	93.5418
365.241	97.19180000000001
365.468	104.23179999999999
365.694	101.3918
365.92	94.60180000000001
366.147	90.27180000000001
366.373	87.98179999999999
366.599	90.02180000000001
366.826	90.8318
367.052	89.6318
367.278	91.1418
367.505	89.4918
367.731	90.7218
367.957	89.3918
368.184	90.8718
368.41	98.19180000000001
368.636	106.6518
368.862	113.94180000000001
369.089	103.18180000000001
369.315	92.77180000000001
369.541	92.70179999999999
369.767	90.60180000000001
369.993	90.5018
370.219	90.06179999999999
370.445	88.3318
370.672	88.6118
370.898	88.4118
371.124	89.6218
371.35	88.8718
371.576	87.8818
371.802	88.0818
372.028	89.0518
372.254	89.3918
372.48	88.3218
372.706	88.85180000000001
372.932	88.01180000000001
373.158	88.5018
373.384	91.6418
373.61	92.7118
373.835	90.51180000000001
374.061	88.8418
374.287	90.10180000000001
374.513	88.7418
374.739	89.1618
374.965	91.02180000000001
375.191	89.9218
375.416	89.0418
375.642	90.7218
375.868	90.51180000000001
376.094	89.3218
376.319	89.73179999999999
376.545	89.9718
376.771	91.3018
376.997	89.70179999999999
377.222	89.2418
377.448	91.48179999999999
377.674	88.3918
377.899	90.6218
378.125	90.2418
378.35	91.0818
378.576	90.3818
378.802	89.8018
379.027	92.1118
379.253	92.2118
379.478	92.3618
379.704	91.3618
379.929	92.3718
380.155	93.10180000000001
380.38	91.43180000000001
380.606	92.3018
380.831	92.9718
381.057	97.2218
381.282	93.0818
381.507	92.4718
381.733	94.23179999999999
381.958	94.06179999999999
382.184	96.0418
382.409	97.0718
382.634	99.4018
382.86	96.2418
383.085	98.5018
383.31	98.52180000000001
383.535	101.0018
383.761	97.85180000000001
383.986	98.7118
384.211	95.1118
384.436	95.6418
384.662	97.8418
384.887	99.9718
385.112	100.19180000000001
385.337	100.73179999999999
385.562	99.8818
385.787	102.3318
386.013	104.9618
386.238	107.9118
386.463	103.5518
386.688	107.6418
386.913	99.0518
387.138	101.7218
387.363	100.5018
387.588	98.0918
387.813	99.2218
388.038	100.10180000000001
388.263	106.4018
388.488	103.2918
388.713	97.6418
388.938	95.2518
389.163	95.81179999999999
389.387	94.76180000000001
389.612	93.81179999999999
389.837	92.56179999999999
390.062	94.6618
390.287	93.35180000000001
390.512	92.9118
390.736	92.0918
390.961	91.70179999999999
391.186	94.1618
391.411	94.5418
391.636	91.03179999999999
391.86	87.8818
392.085	87.2418
392.31	85.4018
392.534	87.0918
392.759	88.44180000000001
392.984	91.06179999999999
393.208	99.3918
393.433	111.8818
393.658	103.85180000000001
393.882	89.4118
394.107	87.3318
394.331	87.1118
394.556	85.1718
394.78	89.98179999999999
395.005	88.3418
395.229	86.3818
395.454	87.0718
395.678	86.5418
395.903	88.5718
396.127	90.73179999999999
396.352	88.51180000000001
396.576	90.01180000000001
396.801	96.02180000000001
397.025	102.1318
397.249	92.4918
397.474	89.7118
397.698	87.69180000000001
397.922	88.26180000000001
398.147	87.26180000000001
398.371	86.8718
398.595	87.0818
398.82	86.3818
399.044	86.5718
399.268	88.10180000000001
399.492	88.70179999999999
399.717	88.93180000000001
399.941	90.20179999999999
400.165	92.51180000000001
400.389	91.5718
400.613	87.7518
400.837	87.4618
401.062	89.4218
401.286	87.5718
401.51	89.8318
401.734	89.7418
401.958	97.9918
402.182	119.68180000000001
402.406	147.33180000000002
402.63	111.03179999999999
402.854	92.8418
403.078	89.1518
403.302	87.1418
403.526	88.8418
403.75	87.6118
403.974	87.2118
404.198	87.53179999999999
404.422	89.6118
404.645	87.35180000000001
404.869	89.7918
405.093	92.8218
405.317	94.1418
405.541	96.2518
405.765	96.4118
405.988	111.6218
406.212	160.7218
406.436	206.8518
406.66	135.37179999999998
406.883	98.1318
407.107	93.19180000000001
407.331	94.8218
407.555	97.9218
407.778	96.0418
408.002	91.53179999999999
408.226	89.9718
408.449	88.3018
408.673	90.1218
408.896	92.8718
409.12	95.0918
409.344	92.1418
409.567	89.73179999999999
409.791	91.56179999999999
410.014	93.6718
410.238	92.3818
410.461	92.70179999999999
410.685	94.0018
410.908	96.3418
411.132	103.20179999999999
411.355	97.02180000000001
411.578	91.1618
411.802	88.45179999999999
412.025	87.6518
412.249	88.8218
412.472	90.45179999999999
412.695	89.0518
412.919	86.8818
413.142	88.6518
413.365	88.93180000000001
413.589	88.8618
413.812	88.7518
414.035	90.10180000000001
414.258	88.3918
414.482	90.98179999999999
414.705	89.9018
414.928	90.8218
415.151	90.76180000000001
415.374	92.2918
415.597	88.6618
415.821	89.0718
416.044	87.1118
416.267	89.10180000000001
416.49	88.01180000000001
416.713	88.73179999999999
416.936	88.8318
417.159	88.1218
417.382	88.8418
417.605	88.1518
417.828	92.43180000000001
418.051	91.7118
418.274	89.2118
418.497	86.6318
418.72	87.1218
418.943	87.70179999999999
419.166	88.76180000000001
419.389	88.5518
419.611	88.18180000000001
419.834	88.7218
420.057	88.35180000000001
420.28	88.02180000000001
420.503	87.3418
420.726	88.3018
420.948	88.8918
421.171	92.85180000000001
421.394	91.51180000000001
421.617	88.98179999999999
421.839	91.1618
422.062	88.52180000000001
422.285	93.18180000000001
422.507	99.3418
422.73	104.4618
422.953	96.78179999999999
423.175	91.60180000000001
423.398	89.1718
423.621	88.9718
423.843	88.27180000000001
424.066	86.7518
424.288	87.8418
424.511	90.0818
424.733	96.6718
424.956	101.6618
425.178	96.1118
425.401	99.85180000000001
425.623	98.5418
425.846	92.6518
426.068	91.43180000000001
426.291	89.81179999999999
426.513	90.01180000000001
426.735	91.4618
426.958	92.0518
427.18	101.3418
427.402	128.87179999999998
427.625	150.8118
427.847	116.1518
428.069	96.93180000000001
428.292	88.76180000000001
428.514	87.28179999999999
428.736	87.2418
428.958	85.81179999999999
429.181	87.95179999999999
429.403	86.0018
429.625	87.3318
429.847	91.8318
430.069	98.81179999999999
430.292	92.52180000000001
430.514	86.94180000000001
430.736	85.4218
430.958	88.69180000000001
431.18	84.8718
431.402	86.8718
431.624	87.7118
431.846	85.4718
432.068	86.7518
432.29	86.78179999999999
432.512	90.02180000000001
432.734	87.7218
432.956	90.76180000000001
433.178	97.2418
433.4	97.1418
433.622	92.31179999999999
433.844	89.6318
434.066	90.0718
434.287	91.52180000000001
434.509	89.10180000000001
434.731	89.5718
434.953	88.56179999999999
435.175	89.0018
435.397	90.8818
435.618	93.60180000000001
435.84	99.3418
436.062	116.1418
436.284	109.6518
436.505	99.28179999999999
436.727	98.8218
436.949	92.6618
437.17	88.94180000000001
437.392	86.4218
437.614	91.43180000000001
437.835	102.6318
438.057	111.4218
438.278	105.9018
438.5	101.5918
438.721	116.3818
438.943	100.9618
439.165	89.0918
439.386	88.70179999999999
439.608	91.9718
439.829	96.6418
440.05	116.5018
440.272	131.0518
440.493	96.70179999999999
440.715	87.48179999999999
440.936	88.20179999999999
441.158	86.9218
441.379	88.56179999999999
441.6	91.3718
441.822	92.3918
442.043	93.8818
442.264	100.56179999999999
442.486	97.1318
442.707	91.56179999999999
442.928	103.3918
443.149	119.5818
443.371	122.2118
443.592	105.95179999999999
443.813	108.2918
444.034	105.76180000000001
444.255	92.3818
444.476	88.3818
444.698	88.31179999999999
444.919	87.2218
445.14	128.7418
445.361	119.20179999999999
445.582	111.8718
445.803	128.2918
446.024	127.8918
446.245	126.51180000000001
446.466	108.26180000000001
446.687	90.7418
446.908	88.3318
447.129	88.9018
447.35	89.1518
447.571	93.10180000000001
447.792	93.0018
448.013	96.7918
448.234	102.2118
448.455	97.5718
448.675	110.68180000000001
448.896	114.02180000000001
449.117	98.9618
449.338	101.6318
449.559	123.9018
449.779	126.70179999999999
450.0	95.78179999999999
450.221	87.94180000000001
450.442	88.3618
450.662	92.19180000000001
450.883	99.77180000000001
451.104	104.81179999999999
451.324	93.0718
451.545	88.44180000000001
451.766	86.26180000000001
451.986	87.69180000000001
452.207	88.1118
452.428	90.56179999999999
452.648	96.7218
452.869	104.7118
453.089	106.4618
453.31	111.02180000000001
453.53	92.9618
453.751	91.6618
453.971	98.6518
454.192	104.3818
454.412	91.5418
454.633	87.5018
454.853	87.8318
455.073	88.26180000000001
455.294	89.6118
455.514	97.1618
455.734	90.8718
455.955	85.3218
456.175	85.6418
456.395	85.6118
456.616	86.3718
456.836	86.4918
457.056	86.3218
457.276	84.23179999999999
457.497	85.53179999999999
457.717	85.5418
457.937	87.9618
458.157	88.01180000000001
458.377	91.18180000000001
458.598	103.0418
458.818	137.36180000000002
459.038	145.9718
459.258	111.78179999999999
459.478	90.52180000000001
459.698	85.20179999999999
459.918	87.0918
460.138	86.9218
460.358	85.6618
460.578	86.5718
460.798	88.9118
461.018	89.44180000000001
461.238	86.8718
461.458	85.7418
461.678	84.7518
461.898	87.02180000000001
462.118	86.9118
462.338	86.73179999999999
462.558	86.4218
462.777	83.7118
462.997	85.43180000000001
463.217	86.3618
463.437	85.3818
463.657	85.68180000000001
463.876	86.35180000000001
464.096	89.26180000000001
464.316	90.27180000000001
464.536	91.0718
464.755	93.5718
464.975	102.6518
465.195	150.3218
465.414	145.3018
465.634	94.26180000000001
465.854	87.5018
466.073	88.44180000000001
466.293	87.18180000000001
466.512	86.5518
466.732	85.6318
466.951	87.8418
467.171	92.1718
467.391	92.7118
467.61	99.0818
467.829	93.3618
468.049	87.4118
468.268	86.76180000000001
468.488	85.1518
468.707	85.3818
468.927	85.4218
469.146	85.3918
469.365	86.2418
469.585	88.1318
469.804	92.68180000000001
470.023	94.6618
470.243	92.4018
470.462	96.28179999999999
470.681	102.85180000000001
470.901	90.45179999999999
471.12	85.9918
471.339	87.94180000000001
471.558	86.5818
471.777	87.6218
471.997	86.5718
472.216	88.0518
472.435	88.35180000000001
472.654	86.78179999999999
472.873	88.0418
473.092	87.7118
473.311	87.4718
473.53	84.7118
473.749	88.77180000000001
473.968	93.8218
474.187	102.5418
474.406	94.5818
474.625	88.1618
474.844	88.5018
475.063	86.6118
475.282	87.8018
475.501	86.3718
475.72	90.9218
475.939	86.9018
476.158	85.1118
476.377	87.7518
476.596	88.2918
476.814	90.3718
477.033	92.4618
477.252	88.60180000000001
477.471	87.9918
477.69	88.5018
477.908	88.6618
478.127	90.2918
478.346	87.8818
478.564	89.8618
478.783	93.70179999999999
479.002	90.20179999999999
479.22	91.3218
479.439	97.4718
479.658	99.1618
479.876	92.10180000000001
480.095	88.10180000000001
480.313	91.95179999999999
480.532	89.5718
480.751	90.3818
480.969	90.8318
481.188	93.43180000000001
481.406	92.48179999999999
481.624	89.8618
481.843	88.1618
482.061	86.68180000000001
482.28	88.23179999999999
482.498	88.52180000000001
482.717	88.4718
482.935	88.9618
483.153	87.6618
483.372	89.0418
483.59	89.1118
483.808	88.0418
484.027	90.0818
484.245	91.03179999999999
484.463	91.8318
484.681	94.45179999999999
484.9	91.3218
485.118	92.6518
485.336	93.8818
485.554	95.94180000000001
485.772	98.2518
485.99	101.35180000000001
486.209	102.0018
486.427	101.5918
486.645	105.44180000000001
486.863	108.6118
487.081	98.78179999999999
487.299	95.4918
487.517	95.4718
487.735	93.0418
487.953	92.5018
488.171	93.44180000000001
488.389	95.1418
488.607	97.51180000000001
488.825	91.8018
489.043	89.3318
489.261	91.6218
489.479	89.3418
489.696	90.7218
489.914	88.70179999999999
490.132	89.4618
490.35	90.7518
490.568	87.7918
490.786	89.4118
491.003	88.0518
491.221	90.19180000000001
491.439	90.2418
491.657	93.9618
491.874	92.7918
492.092	91.3218
492.31	91.0918
492.527	89.7118
492.745	89.77180000000001
492.963	89.5518
493.18	90.51180000000001
493.398	91.1118
493.615	97.5718
493.833	93.03179999999999
494.05	90.8318
494.268	91.18180000000001
494.485	90.3918
494.703	88.27180000000001
494.92	90.9218
495.138	89.8318
495.355	90.5018
495.573	91.3918
495.79	90.4918
496.008	91.94180000000001
496.225	90.94180000000001
496.442	89.4118
496.66	92.1118
496.877	91.20179999999999
497.094	92.4918
497.312	89.9918
497.529	89.8618
497.746	91.4718
497.963	90.53179999999999
498.181	91.9218
498.398	93.7418
498.615	104.5818
498.832	101.70179999999999
499.049	92.8218
499.267	91.5418
499.484	90.6318
499.701	90.27180000000001
499.918	90.6118
500.135	90.31179999999999
500.352	89.68180000000001
500.569	89.5718
500.786	91.4018
501.003	90.6718
501.22	90.3418
501.437	90.4118
501.654	92.7218
501.871	102.3618
502.088	92.1118
502.305	91.8718
502.522	90.2518
502.739	89.9218
502.956	89.01180000000001
503.172	92.1118
503.389	95.7118
503.606	101.8918
503.823	94.6518
504.04	91.6418
504.256	90.8318
504.473	89.4918
504.69	89.6218
504.907	92.98179999999999
505.123	90.19180000000001
505.34	88.77180000000001
505.557	91.2518
505.773	93.0918
505.99	88.3718
506.207	89.1118
506.423	90.2518
506.64	90.9718
506.856	89.9118
507.073	92.3318
507.289	94.2118
507.506	96.43180000000001
507.722	106.6518
507.939	105.28179999999999
508.155	94.53179999999999
508.372	92.51180000000001
508.588	93.28179999999999
508.805	95.2918
509.021	96.6618
509.238	97.7218
509.454	97.8618
509.67	99.5918
509.887	107.4018
510.103	128.3918
510.319	206.73180000000002
510.536	729.2518
510.752	2220.8518
510.968	612.1018
511.184	150.36180000000002
511.401	107.60180000000001
511.617	97.5918
511.833	92.1718
512.049	91.6118
512.265	91.4018
512.481	91.8318
512.698	92.2218
512.914	93.2118
513.13	92.6418
513.346	91.4618
513.562	93.6618
513.778	94.7918
513.994	97.5418
514.21	101.4718
514.426	113.3318
514.642	126.6218
514.858	119.9118
515.074	157.7818
515.29	419.0318
515.506	1328.6818
515.721	485.31180000000006
515.937	144.4918
516.153	106.6618
516.369	96.1618
516.585	92.7218
516.801	94.06179999999999
517.016	93.95179999999999
517.232	93.6618
517.448	92.94180000000001
517.664	94.5918
517.879	94.2518
518.095	93.8818
518.311	93.1518
518.527	92.8818
518.742	93.6418
518.958	93.7918
519.173	95.1718
519.389	94.93180000000001
519.605	95.6318
519.82	95.5818
520.036	101.68180000000001
520.251	116.0418
520.467	107.77180000000001
520.682	103.8218
520.898	104.3318
521.113	110.43180000000001
521.329	131.3018
521.544	193.66179999999997
521.76	521.9118
521.975	2197.6418
522.19	1303.7418
522.406	285.3318
522.621	120.01180000000001
522.836	101.18180000000001
523.052	94.9218
523.267	95.2118
523.482	94.0918
523.698	99.1418
523.913	116.6218
524.128	101.6318
524.343	93.2118
524.559	93.8218
524.774	90.02180000000001
524.989	96.3218
525.204	102.60180000000001
525.419	97.69180000000001
525.634	91.4918
525.849	90.7118
526.064	90.81179999999999
526.28	91.93180000000001
526.495	89.94180000000001
526.71	91.3418
526.925	89.5018
527.14	89.45179999999999
527.355	90.8218
527.57	90.5518
527.785	90.27180000000001
527.999	89.73179999999999
528.214	92.53179999999999
528.429	93.03179999999999
528.644	91.51180000000001
528.859	91.8718
529.074	95.1618
529.289	119.6118
529.503	163.8718
529.718	102.7118
529.933	91.9618
530.148	89.4018
530.363	92.44180000000001
530.577	90.2218
530.792	89.98179999999999
531.007	91.3218
531.221	92.1118
531.436	89.1718
531.651	92.2918
531.865	90.5518
532.08	91.3218
532.295	93.23179999999999
532.509	92.98179999999999
532.724	90.3218
532.938	93.68180000000001
533.153	96.27180000000001
533.367	92.8618
533.582	92.8618
533.796	92.19180000000001
534.011	90.77180000000001
534.225	91.2918
534.44	91.28179999999999
534.654	92.7118
534.868	91.60180000000001
535.083	91.98179999999999
535.297	93.6218
535.511	99.27180000000001
535.726	101.1718
535.94	98.6318
536.154	94.85180000000001
536.369	91.60180000000001
536.583	89.6518
536.797	91.7218
537.011	89.3418
537.225	90.8218
537.44	90.8318
537.654	91.3418
537.868	90.0018
538.082	90.3218
538.296	91.31179999999999
538.51	89.0518
538.724	88.6118
538.938	89.78179999999999
539.153	94.01180000000001
539.367	103.1118
539.581	94.0518
539.795	90.9718
540.009	91.4918
540.222	91.01180000000001
540.436	91.3918
540.65	87.8618
540.864	90.31179999999999
541.078	94.44180000000001
541.292	91.8618
541.506	91.28179999999999
541.72	91.06179999999999
541.934	88.51180000000001
542.147	90.81179999999999
542.361	89.3218
542.575	87.9918
542.789	89.6118
543.002	88.73179999999999
543.216	92.1218
543.43	95.2118
543.644	93.28179999999999
543.857	90.48179999999999
544.071	91.2918
544.285	93.0418
544.498	90.3618
544.712	89.10180000000001
544.925	91.7218
545.139	89.1718
545.352	88.76180000000001
545.566	88.9118
545.779	88.8618
545.993	90.7918
546.206	88.6218
546.42	87.7518
546.633	89.9618
546.847	92.68180000000001
547.06	89.77180000000001
547.274	88.4018
547.487	88.4918
547.7	88.6318
547.914	87.1518
548.127	88.6518
548.34	89.0918
548.554	89.0518
548.767	89.8218
548.98	89.28179999999999
549.193	88.0718
549.407	88.76180000000001
549.62	90.9118
549.833	88.19180000000001
550.046	88.1418
550.259	88.7118
550.473	88.28179999999999
550.686	89.7918
550.899	88.4018
551.112	90.5418
551.325	89.93180000000001
551.538	87.52180000000001
551.751	90.0418
551.964	88.6318
552.177	91.19180000000001
552.39	89.4718
552.603	90.7218
552.816	90.2118
553.029	90.8318
553.242	90.8818
553.455	96.0918
553.667	101.98179999999999
553.88	98.6718
554.093	92.9118
554.306	91.1318
554.519	90.53179999999999
554.732	91.8418
554.944	91.7918
555.157	89.4718
555.37	91.3018
555.583	93.2518
555.795	91.70179999999999
556.008	91.52180000000001
556.221	90.68180000000001
556.433	90.8718
556.646	92.2418
556.859	92.2218
557.071	93.9118
557.284	90.5718
557.496	90.6318
557.709	91.06179999999999
557.921	90.70179999999999
558.134	91.6318
558.346	90.2418
558.559	88.56179999999999
558.771	90.0018
558.984	90.9218
559.196	90.1118
559.409	89.20179999999999
559.621	91.01180000000001
559.833	90.31179999999999
560.046	88.44180000000001
560.258	89.3018
560.47	89.0518
560.683	89.9118
560.895	88.9718
561.107	89.1318
561.32	89.69180000000001
561.532	88.8618
561.744	90.3318
561.956	90.5018
562.168	89.77180000000001
562.381	91.5918
562.593	90.1418
562.805	91.95179999999999
563.017	91.6718
563.229	91.4018
563.441	90.18180000000001
563.653	89.8418
563.865	88.1418
564.077	88.3818
564.289	90.20179999999999
564.501	88.7518
564.713	90.44180000000001
564.925	92.8818
565.137	98.8618
565.349	90.8418
565.561	90.6218
565.773	89.26180000000001
565.985	88.8618
566.197	88.03179999999999
566.408	87.7118
566.62	86.76180000000001
566.832	88.23179999999999
567.044	86.73179999999999
567.255	88.45179999999999
567.467	88.0718
567.679	88.6618
567.891	87.8018
568.102	86.8918
568.314	89.28179999999999
568.526	88.7418
568.737	90.0518
568.949	88.52180000000001
569.161	87.78179999999999
569.372	87.8218
569.584	89.5018
569.795	93.6118
570.007	115.53179999999999
570.218	234.98180000000002
570.43	129.7618
570.641	92.2118
570.853	88.73179999999999
571.064	88.70179999999999
571.276	87.76180000000001
571.487	87.31179999999999
571.698	87.8018
571.91	87.78179999999999
572.121	87.6218
572.333	87.18180000000001
572.544	86.5918
572.755	88.60180000000001
572.966	88.43180000000001
573.178	86.9718
573.389	91.18180000000001
573.6	88.3918
573.811	86.98179999999999
574.023	88.8818
574.234	89.3318
574.445	89.8418
574.656	88.19180000000001
574.867	89.26180000000001
575.078	88.6718
575.289	88.8418
575.501	89.6318
575.712	87.9218
575.923	87.7218
576.134	89.26180000000001
576.345	89.7518
576.556	91.6418
576.767	89.4618
576.978	91.3418
577.188	92.2918
577.399	92.81179999999999
577.61	92.26180000000001
577.821	98.8318
578.032	113.43180000000001
578.243	268.2618
578.454	730.7818000000001
578.665	206.48180000000002
578.875	102.6118
579.086	91.70179999999999
579.297	89.10180000000001
579.508	90.3418
579.718	89.2218
579.929	89.8818
580.14	87.9918
580.35	88.2418
580.561	88.4218
580.772	86.3818
580.982	86.9618
581.193	87.3018
581.403	88.3318
581.614	87.9118
581.825	87.0818
582.035	86.93180000000001
582.246	89.6718
582.456	87.19180000000001
582.667	86.3918
582.877	88.10180000000001
583.087	85.76180000000001
583.298	88.6218
583.508	87.7118
583.719	86.4918
583.929	90.6718
584.139	88.20179999999999
584.35	85.94180000000001
584.56	88.7118
584.77	87.7418
584.981	87.20179999999999
585.191	88.8918
585.401	87.9218
585.611	87.4918
585.821	89.8318
586.032	89.4018
586.242	86.20179999999999
586.452	89.20179999999999
586.662	89.3618
586.872	87.5718
587.082	85.8818
587.292	87.0918
587.502	86.9918
587.713	86.19180000000001
587.923	88.45179999999999
588.133	87.5818
588.343	86.60180000000001
588.553	86.77180000000001
588.762	91.43180000000001
588.972	89.31179999999999
589.182	93.8818
589.392	88.78179999999999
589.602	88.9918
589.812	89.8018
590.022	90.4218
590.232	87.3218
590.441	86.27180000000001
590.651	85.8018
590.861	85.9618
591.071	87.3918
591.281	88.9618
591.49	86.8618
591.7	85.5918
591.91	88.10180000000001
592.119	87.28179999999999
592.329	91.1118
592.539	91.3718
592.748	88.69180000000001
592.958	87.8218
593.167	85.8618
593.377	85.77180000000001
593.587	91.0818
593.796	88.5418
594.006	86.02180000000001
594.215	85.9018
594.424	86.06179999999999
594.634	86.4618
594.843	85.9018
595.053	85.0718
595.262	85.35180000000001
595.472	87.53179999999999
595.681	87.1318
595.89	87.5518
596.1	87.52180000000001
596.309	87.6218
596.518	87.70179999999999
596.727	88.78179999999999
596.937	87.8718
597.146	86.18180000000001
597.355	87.35180000000001
597.564	86.8218
597.774	86.6218
597.983	88.1318
598.192	87.56179999999999
598.401	85.7118
598.61	84.9118
598.819	87.5818
599.028	87.28179999999999
599.237	87.69180000000001
599.446	88.3218
599.655	87.60180000000001
599.864	88.8318
600.073	87.81179999999999
600.282	89.8718
600.491	88.8618
600.7	88.0418
600.909	87.4918
601.118	88.6618
601.327	91.7518
601.536	88.9018
601.745	87.43180000000001
601.953	87.7118
602.162	87.8418
602.371	88.06179999999999
602.58	87.7918
602.789	88.0518
602.997	87.35180000000001
603.206	89.01180000000001
603.415	86.8018
603.623	85.8218
603.832	86.7118
604.041	87.0418
604.249	86.0718
604.458	86.6218
604.666	85.6118
604.875	85.5718
605.084	88.3418
605.292	85.4118
605.501	86.1318
605.709	84.48179999999999
605.918	85.9718
606.126	86.8318
606.334	87.8218
606.543	87.1618
606.751	87.81179999999999
606.96	86.9718
607.168	87.1418
607.376	87.1718
607.585	87.68180000000001
607.793	87.9118
608.001	86.85180000000001
608.21	84.85180000000001
608.418	85.8018
608.626	85.26180000000001
608.834	86.8818
609.043	85.1218
609.251	86.19180000000001
609.459	85.70179999999999
609.667	87.4918
609.875	85.2418
610.083	85.8818
610.291	86.6718
610.499	86.0818
610.707	85.93180000000001
610.916	86.0718
611.124	87.01180000000001
611.332	85.52180000000001
611.54	84.8418
611.748	86.8018
611.955	86.5018
612.163	85.9018
612.371	86.8618
612.579	84.02180000000001
612.787	86.18180000000001
612.995	88.23179999999999
613.203	87.4218
613.411	87.56179999999999
613.618	86.7418
613.826	86.45179999999999
614.034	86.8818
614.242	87.78179999999999
614.449	87.3218
614.657	86.7418
614.865	88.6518
615.072	87.7418
615.28	87.7118
615.488	88.6218
615.695	90.5718
615.903	94.52180000000001
616.111	98.0018
616.318	98.94180000000001
616.526	94.6218
616.733	94.60180000000001
616.941	89.8318
617.148	90.78179999999999
617.356	87.98179999999999
617.563	87.3018
617.771	87.52180000000001
617.978	85.6118
618.185	87.0718
618.393	85.26180000000001
618.6	87.0018
618.807	84.9918
619.015	86.7118
619.222	85.2918
619.429	85.93180000000001
619.637	86.20179999999999
619.844	83.9118
620.051	84.7118
620.258	86.26180000000001
620.466	86.8218
620.673	83.1418
620.88	84.69180000000001
621.087	86.76180000000001
621.294	84.8218
621.501	85.73179999999999
621.708	85.60180000000001
621.915	87.1718
622.122	85.5918
622.329	87.1518
622.536	86.6318
622.743	85.3818
622.95	84.7418
623.157	85.3018
623.364	85.95179999999999
623.571	85.0718
623.778	85.69180000000001
623.985	86.73179999999999
624.192	85.9718
624.399	85.0818
624.606	87.0518
624.812	84.4218
625.019	82.81179999999999
625.226	83.93180000000001
625.433	86.81179999999999
625.639	84.5818
625.846	85.5818
626.053	85.5018
626.259	86.8718
626.466	86.7218
626.673	86.2418
626.879	85.5418
627.086	87.77180000000001
627.293	86.02180000000001
627.499	85.8618
627.706	84.9918
627.912	85.1618
628.119	85.7418
628.325	86.3718
628.532	85.1218
628.738	85.19180000000001
628.945	84.9618
629.151	85.4618
629.357	85.3818
629.564	84.0518
629.77	85.5718
629.976	84.5418
630.183	84.0818
630.389	84.69180000000001
630.595	83.7918
630.802	84.18180000000001
631.008	84.4918
631.214	84.2118
631.42	86.0418
631.627	88.98179999999999
631.833	84.35180000000001
632.039	84.60180000000001
632.245	84.1318
632.451	86.3318
632.657	84.6718
632.863	85.5918
633.069	85.85180000000001
633.275	85.73179999999999
633.481	84.1218
633.688	85.10180000000001
633.893	85.7918
634.099	84.3618
634.305	84.3418
634.511	83.95179999999999
634.717	85.68180000000001
634.923	83.77180000000001
635.129	84.0018
635.335	83.7218
635.541	82.9718
635.747	85.6718
635.952	84.85180000000001
636.158	85.4718
636.364	84.52180000000001
636.57	84.5818
636.775	83.52180000000001
636.981	83.3318
637.187	84.18180000000001
637.392	84.69180000000001
637.598	84.4918
637.804	84.56179999999999
638.009	83.6518
638.215	85.3918
638.421	83.1518
638.626	84.6118
638.832	85.45179999999999
639.037	83.4918
639.243	84.9718
639.448	84.85180000000001
639.654	86.44180000000001
639.859	85.8018
640.065	84.19180000000001
640.27	88.8618
640.475	84.8818
640.681	85.1118
640.886	84.5418
641.091	83.98179999999999
641.297	86.93180000000001
641.502	83.4118
641.707	87.4118
641.913	86.0818
642.118	83.7418
642.323	85.3618
642.528	85.6318
642.733	85.52180000000001
642.939	85.6418
643.144	86.2418
643.349	86.6418
643.554	86.4918
643.759	85.4918
643.964	85.1618
644.169	86.19180000000001
644.374	86.1318
644.579	85.5718
644.784	86.26180000000001
644.989	86.06179999999999
645.194	83.3418
645.399	86.5018
645.604	85.81179999999999
645.809	88.4718
646.014	86.20179999999999
646.219	85.6418
646.423	84.9018
646.628	85.3018
646.833	85.2218
647.038	85.3918
647.243	87.6518
647.447	85.31179999999999
647.652	85.1518
647.857	84.8418
648.062	86.53179999999999
648.266	88.2918
648.471	89.8918
648.676	93.94180000000001
648.88	91.3318
649.085	91.1518
649.289	89.4918
649.494	99.5418
649.698	127.0418
649.903	99.4918
650.107	89.70179999999999
650.312	88.1618
650.516	83.8018
650.721	85.8418
650.925	83.93180000000001
651.13	83.93180000000001
651.334	83.8218
651.539	82.1418
651.743	83.3618
651.947	84.6718
652.152	84.9918
652.356	83.81179999999999
652.56	85.0018
652.764	81.7218
652.969	83.9618
653.173	82.1518
653.377	84.0518
653.581	82.7518
653.785	84.8018
653.99	83.0918
654.194	82.8918
654.398	83.5918
654.602	84.26180000000001
654.806	89.3318
655.01	101.35180000000001
655.214	88.8318
655.418	85.45179999999999
655.622	84.26180000000001
655.826	85.2518
656.03	87.85180000000001
656.234	90.7518
656.438	93.8218
656.642	93.8018
656.846	88.73179999999999
657.049	84.8918
657.253	85.10180000000001
657.457	84.26180000000001
657.661	82.6518
657.865	81.93180000000001
658.068	83.18180000000001
658.272	81.31179999999999
658.476	83.4918
658.68	82.8818
658.883	81.52180000000001
659.087	82.3218
659.291	83.2418
659.494	82.8818
659.698	81.31179999999999
659.901	81.4218
660.105	81.1118
660.309	80.7818
660.512	80.9318
660.716	83.0718
660.919	82.81179999999999
661.123	84.2118
661.326	82.3218
661.53	82.1618
661.733	81.7918
661.936	83.6118
662.14	81.60180000000001
662.343	81.2118
662.546	80.6318
662.75	83.5518
662.953	81.98179999999999
663.156	81.78179999999999
663.36	82.81179999999999
663.563	81.69180000000001
663.766	80.1818
663.969	82.48179999999999
664.173	82.56179999999999
664.376	81.2418
664.579	80.5718
664.782	81.9918
664.985	81.4918
665.188	81.35180000000001
665.391	81.52180000000001
665.594	80.7218
665.797	81.6318
666.0	81.2418
666.203	81.3418
666.406	80.48179999999999
666.609	80.3218
666.812	81.95179999999999
667.015	82.0518
667.218	83.1718
667.421	82.1118
667.624	80.31179999999999
667.827	83.18180000000001
668.03	81.28179999999999
668.232	81.4018
668.435	81.73179999999999
668.638	80.9118
668.841	81.5818
669.043	80.4518
669.246	81.93180000000001
669.449	81.78179999999999
669.651	82.1418
669.854	82.0518
670.057	81.5918
670.259	81.2418
670.462	81.9218
670.665	80.5918
670.867	83.5718
671.07	82.3718
671.272	82.52180000000001
671.475	85.3618
671.677	80.6618
671.88	83.0418
672.082	81.3718
672.284	82.6118
672.487	81.44180000000001
672.689	80.5218
672.892	81.31179999999999
