223.165	-17.9298
223.4	-17.9298
223.635	-17.9298
223.869	-18.8198
224.104	-19.1998
224.338	-16.619799999999998
224.573	-14.149799999999999
224.808	-12.409799999999999
225.042	-8.6098
225.277	-7.2398
225.511	-1.2198
225.746	4.0202
225.98	7.6902
226.215	11.2302
226.449	14.7402
226.683	21.5302
226.918	26.2302
227.152	30.7502
227.387	34.7902
227.621	38.8802
227.856	43.8702
228.09	46.2202
228.324	51.280199999999994
228.559	55.900200000000005
228.793	59.5402
229.027	70.8202
229.262	78.00019999999999
229.496	85.98020000000001
229.73	104.9702
229.964	102.86019999999999
230.199	84.7402
230.433	84.1502
230.667	88.9902
230.901	88.0002
231.136	86.89020000000001
231.37	87.02019999999999
231.604	87.36019999999999
231.838	88.64020000000001
232.072	87.8802
232.306	89.0702
232.541	91.0502
232.775	87.4302
233.009	90.4102
233.243	89.5102
233.477	90.4702
233.711	89.5102
233.945	90.09020000000001
234.179	89.9002
234.413	89.7502
234.647	88.8302
234.881	89.0302
235.115	89.94019999999999
235.349	90.4702
235.583	90.7002
235.817	89.9602
236.051	90.2502
236.285	89.9902
236.519	90.6502
236.753	93.19019999999999
236.987	98.59020000000001
237.221	112.5302
237.455	116.1502
237.689	96.6202
237.922	93.0802
238.156	91.17020000000001
238.39	89.0102
238.624	86.89020000000001
238.858	89.7202
239.091	90.1302
239.325	90.7002
239.559	95.4302
239.793	93.56020000000001
240.027	95.2102
240.26	95.77019999999999
240.494	97.19019999999999
240.728	95.3502
240.961	95.6602
241.195	93.9502
241.429	91.6302
241.662	91.2202
241.896	90.9602
242.13	91.2802
242.363	91.34020000000001
242.597	91.84020000000001
242.83	92.92020000000001
243.064	92.67020000000001
243.298	92.92020000000001
243.531	94.7002
243.765	94.3302
243.998	97.8702
244.232	99.6002
244.465	101.59020000000001
244.699	99.81020000000001
244.932	96.3002
245.166	95.9902
245.399	95.9502
245.633	96.4702
245.866	96.52019999999999
246.099	95.27019999999999
246.333	99.06020000000001
246.566	97.34020000000001
246.8	98.9102
247.033	98.27019999999999
247.266	98.0402
247.5	101.2002
247.733	103.27019999999999
247.966	102.7202
248.2	104.9902
248.433	104.36019999999999
248.666	104.4502
248.899	109.7502
249.133	115.7402
249.366	126.3702
249.599	126.56020000000001
249.832	110.8002
250.066	110.8202
250.299	116.92020000000001
250.532	126.48020000000001
250.765	125.09020000000001
250.998	119.6002
251.231	115.2202
251.465	110.48020000000001
251.698	109.0402
251.931	110.5002
252.164	107.8202
252.397	107.5302
252.63	109.36019999999999
252.863	110.2102
253.096	113.4902
253.329	115.2502
253.562	113.39020000000001
253.795	111.64020000000001
254.028	113.81020000000001
254.261	114.5802
254.494	118.4702
254.727	128.18019999999999
254.96	126.8802
255.193	120.9102
255.426	120.23020000000001
255.659	126.7402
255.892	146.2902
256.124	159.8202
256.357	143.9102
256.59	128.18019999999999
256.823	121.27019999999999
257.056	120.44019999999999
257.289	117.0702
257.521	117.0802
257.754	115.9102
257.987	115.1002
258.22	119.7502
258.452	119.7202
258.685	118.3802
258.918	114.5502
259.151	114.2602
259.383	116.48020000000001
259.616	115.98020000000001
259.849	118.0802
260.081	122.7402
260.314	124.39020000000001
260.547	125.2802
260.779	123.4102
261.012	127.14020000000001
261.244	128.9402
261.477	127.3302
261.71	131.2202
261.942	155.8502
262.175	162.93019999999999
262.407	127.2802
262.64	117.9102
262.872	117.4902
263.105	117.5702
263.337	119.7602
263.57	114.6502
263.802	119.2102
264.035	117.17020000000001
264.267	114.9502
264.499	115.84020000000001
264.732	116.6302
264.964	117.3002
265.197	116.7102
265.429	118.1002
265.661	116.4702
265.894	117.3302
266.126	118.5702
266.358	118.2102
266.591	119.2402
266.823	120.89020000000001
267.055	120.7802
267.287	122.14020000000001
267.52	119.34020000000001
267.752	120.4702
267.984	120.42020000000001
268.216	122.0302
268.448	124.1202
268.681	124.27019999999999
268.913	128.2702
269.145	129.7502
269.377	132.3102
269.609	128.2502
269.841	129.2002
270.073	131.0102
270.306	136.5202
270.538	138.17020000000002
270.77	134.8902
271.002	133.2002
271.234	136.1602
271.466	140.0202
271.698	142.08020000000002
271.93	138.7702
272.162	140.2902
272.394	137.3702
272.626	135.5702
272.858	130.4602
273.09	130.9402
273.322	129.3402
273.553	128.1602
273.785	130.1102
274.017	128.4402
274.249	130.5902
274.481	130.1202
274.713	132.24020000000002
274.945	134.5102
275.176	134.49020000000002
275.408	139.7202
275.64	145.24020000000002
275.872	148.9002
276.104	143.7702
276.335	143.8902
276.567	157.42020000000002
276.799	179.16019999999997
277.031	193.6402
277.262	198.34019999999998
277.494	172.9802
277.726	147.3902
277.957	138.8502
278.189	140.18019999999999
278.421	137.18019999999999
278.652	137.8702
278.884	137.8902
279.115	137.2502
279.347	137.5902
279.579	143.5502
279.81	157.3202
280.042	187.5202
280.273	219.9002
280.505	183.58020000000002
280.736	147.49020000000002
280.968	140.8002
281.199	138.6602
281.431	138.49020000000002
281.662	139.6902
281.894	141.8602
282.125	152.2302
282.356	180.1902
282.588	212.9402
282.819	177.0602
283.051	144.2602
283.282	137.6002
283.513	140.9502
283.745	141.0202
283.976	141.1202
284.207	141.4602
284.439	138.6102
284.67	139.93019999999999
284.901	139.1302
285.132	140.43019999999999
285.364	139.1502
285.595	141.42020000000002
285.826	140.2902
286.057	142.93019999999999
286.288	139.7502
286.52	141.8502
286.751	141.5402
286.982	141.7302
287.213	140.99020000000002
287.444	142.93019999999999
287.675	144.3602
287.906	146.5402
288.138	149.7202
288.369	152.2502
288.6	151.9702
288.831	145.8902
289.062	148.8502
289.293	145.8602
289.524	143.2302
289.755	141.5402
289.986	143.1102
290.217	143.8902
290.448	143.5302
290.679	143.9702
290.91	145.6902
291.141	144.4702
291.371	145.3902
291.602	143.7702
291.833	143.9602
292.064	144.2102
292.295	146.18019999999999
292.526	146.43019999999999
292.757	144.6902
292.987	143.3402
293.218	142.7002
293.449	146.67020000000002
293.68	146.1302
293.91	145.49020000000002
294.141	147.6102
294.372	145.6302
294.603	146.0302
294.833	145.5702
295.064	146.7102
295.295	147.7802
295.525	150.0302
295.756	160.9702
295.987	180.1202
296.217	215.9402
296.448	199.34019999999998
296.679	154.8202
296.909	149.4602
297.14	149.6202
297.37	150.7502
297.601	149.9402
297.831	150.9002
298.062	153.8802
298.292	152.9802
298.523	153.4502
298.753	151.8902
298.984	151.9602
299.214	152.2602
299.445	154.8802
299.675	156.5702
299.905	159.92020000000002
300.136	156.3102
300.366	154.6602
300.597	154.2302
300.827	161.7302
301.057	168.42020000000002
301.288	174.55020000000002
301.518	164.46020000000001
301.748	162.0002
301.979	173.4002
302.209	165.5302
302.439	163.2202
302.669	159.24020000000002
302.9	157.1102
303.13	160.5602
303.36	167.5702
303.59	183.50019999999998
303.82	192.5302
304.051	169.16019999999997
304.281	161.8702
304.511	157.1202
304.741	156.3902
304.971	154.5002
305.201	157.9402
305.431	157.0202
305.661	157.4702
305.891	159.1902
306.121	163.6402
306.352	173.5202
306.582	176.6102
306.812	166.21020000000001
307.042	173.67020000000002
307.272	191.42020000000002
307.502	200.49020000000002
307.731	197.9702
307.961	175.59019999999998
308.191	161.1902
308.421	160.8402
308.651	160.0402
308.881	159.0702
309.111	162.9502
309.341	165.7602
309.571	170.55020000000002
309.8	169.41019999999997
310.03	173.1402
310.26	175.00019999999998
310.49	171.4402
310.72	180.3702
310.949	188.1402
311.179	184.6402
311.409	170.7302
311.639	172.2002
311.868	173.2002
312.098	171.6002
312.328	175.55020000000002
312.557	187.0602
312.787	194.34019999999998
313.017	185.55020000000002
313.246	174.5202
313.476	170.30020000000002
313.706	170.0602
313.935	175.34019999999998
314.165	183.0602
314.394	188.18019999999999
314.624	180.8602
314.853	177.8802
315.083	173.16019999999997
315.312	169.5202
315.542	167.0102
315.771	167.0402
316.001	165.99020000000002
316.23	166.6102
316.46	165.1302
316.689	167.0702
316.919	171.3202
317.148	175.8602
317.377	174.3102
317.607	175.2602
317.836	172.6202
318.065	167.2702
318.295	168.9802
318.524	166.3202
318.753	167.84019999999998
318.983	171.4802
319.212	177.0602
319.441	187.67020000000002
319.67	185.9702
319.9	170.00019999999998
320.129	169.2702
320.358	171.67020000000002
320.587	175.5402
320.816	179.42020000000002
321.046	183.4402
321.275	178.16019999999997
321.504	175.3502
321.733	179.25019999999998
321.962	181.4602
322.191	186.42020000000002
322.42	194.58019999999996
322.649	202.3102
322.878	205.41019999999997
323.108	216.12019999999998
323.337	230.4702
323.566	243.16019999999997
323.795	274.3502
324.024	347.2902
324.253	610.9302
324.482	1208.1902
324.71	2317.0702
324.939	2959.2902
325.168	1231.7202
325.397	416.5902
325.626	273.87019999999995
325.855	242.1402
326.084	235.6302
326.313	244.03019999999998
326.542	275.1902
326.77	375.17019999999997
326.999	671.5502
327.228	1303.0702
327.457	2277.3802
327.686	1862.2602000000002
327.914	651.9702
328.143	513.8202
328.372	556.0301999999999
328.6	384.1002
328.829	279.62019999999995
329.058	289.9602
329.287	295.99019999999996
329.515	271.67019999999997
329.744	313.6802
329.972	448.16020000000003
330.201	738.6002000000001
330.43	982.8402
330.658	553.9702
330.887	370.13019999999995
331.115	289.3302
331.344	230.60019999999997
331.572	223.5602
331.801	227.66019999999997
332.03	226.25019999999998
332.258	217.5402
332.486	211.5202
332.715	216.2702
332.943	223.2002
333.172	231.9702
333.4	244.6102
333.629	273.5102
333.857	331.59020000000004
334.085	456.13019999999995
334.314	744.4802
334.542	1217.0502000000001
334.771	1144.7802
334.999	433.84020000000004
335.227	274.1802
335.455	234.3802
335.684	225.5602
335.912	214.34019999999998
336.14	212.7202
336.369	211.8602
336.597	214.37019999999998
336.825	210.49019999999996
337.053	200.6102
337.281	195.8602
337.51	194.16019999999997
337.738	194.94019999999998
337.966	196.67019999999997
338.194	199.25019999999998
338.422	197.6302
338.65	192.19019999999998
338.878	187.8002
339.106	184.49019999999996
339.334	186.69019999999998
339.562	184.2102
339.79	183.53019999999998
340.018	186.09019999999998
340.246	186.10019999999997
340.474	190.3602
340.702	186.69019999999998
340.93	185.09019999999998
341.158	183.1502
341.386	189.7202
341.614	189.74019999999996
341.842	186.7702
342.07	182.2102
342.298	182.10019999999997
342.526	179.4702
342.754	176.28019999999998
342.981	179.09019999999998
343.209	178.26019999999997
343.437	191.43019999999999
343.665	189.94019999999998
343.893	195.19019999999998
344.12	196.3802
344.348	191.74019999999996
344.576	188.9602
344.804	190.62019999999998
345.031	195.60019999999997
345.259	197.3102
345.487	190.2102
345.714	185.2002
345.942	180.4702
346.17	178.0402
346.397	179.66019999999997
346.625	177.59019999999998
346.853	178.2702
347.08	176.43019999999999
347.308	184.3602
347.535	189.08019999999996
347.763	193.50019999999998
347.99	188.33019999999996
348.218	194.8002
348.445	199.16019999999997
348.673	191.5502
348.9	183.5502
349.128	180.2202
349.355	174.9502
349.583	178.1302
349.81	176.9502
350.037	178.7202
350.265	178.34019999999998
350.492	178.0202
350.72	179.8802
350.947	188.0502
351.174	199.4002
351.402	203.58019999999996
351.629	192.19019999999998
351.856	190.2202
352.083	194.2302
352.311	198.4702
352.538	204.8202
352.765	200.8002
352.992	203.49019999999996
353.22	199.75019999999998
353.447	191.7102
353.674	185.5702
353.901	177.6502
354.128	175.78019999999998
354.355	177.0502
354.583	180.7102
354.81	178.1102
355.037	174.84019999999998
355.264	174.4002
355.491	172.5602
355.718	172.9002
355.945	173.91019999999997
356.172	174.0602
356.399	175.08020000000002
356.626	174.5602
356.853	172.2702
357.08	171.7702
357.307	173.0602
357.534	169.9002
357.761	172.66019999999997
357.988	176.7702
358.215	176.2002
358.441	177.6502
358.668	175.0502
358.895	174.9802
359.122	175.6402
359.349	176.83019999999996
359.576	182.0502
359.802	200.3002
360.029	222.53019999999998
360.256	220.84019999999998
360.483	197.5702
360.709	178.09019999999998
360.936	180.84019999999998
361.163	184.2902
361.39	187.6402
361.616	187.09019999999998
361.843	179.0502
362.07	183.28019999999998
362.296	189.2702
362.523	181.08019999999996
362.749	180.8902
362.976	177.6102
363.203	177.25019999999998
363.429	173.50019999999998
363.656	174.9402
363.882	174.7102
364.109	175.3502
364.335	177.1902
364.562	175.8802
364.788	176.6502
365.015	180.9702
365.241	186.91019999999997
365.468	193.25019999999998
365.694	195.68019999999999
365.92	183.5602
366.147	176.59019999999998
366.373	173.34019999999998
366.599	173.16019999999997
366.826	172.5702
367.052	172.3202
367.278	174.93019999999999
367.505	175.7902
367.731	178.0402
367.957	178.5502
368.184	180.7902
368.41	190.18019999999999
368.636	202.7302
368.862	210.69019999999998
369.089	198.4702
369.315	182.3102
369.541	177.16019999999997
369.767	178.84019999999998
369.993	178.4602
370.219	178.66019999999997
370.445	174.68019999999999
370.672	174.3802
370.898	176.18019999999999
371.124	174.6102
371.35	177.5602
371.576	175.4602
371.802	174.18019999999999
372.028	174.83019999999996
372.254	175.78019999999998
372.48	175.8802
372.706	177.3602
372.932	177.6402
373.158	178.7302
373.384	180.19019999999998
373.61	181.2102
373.835	178.7902
374.061	179.9602
374.287	182.2102
374.513	181.3102
374.739	184.2102
374.965	185.66019999999997
375.191	185.5502
375.416	182.43019999999999
375.642	180.69019999999998
375.868	183.3202
376.094	181.59019999999998
376.319	178.4502
376.545	177.8102
376.771	177.10019999999997
376.997	177.3202
377.222	179.3602
377.448	179.08019999999996
377.674	176.49019999999996
377.899	177.59019999999998
378.125	176.93019999999999
378.35	176.7002
378.576	177.0602
378.802	177.1502
379.027	178.25019999999998
379.253	178.49019999999996
379.478	178.4802
379.704	178.74019999999996
379.929	181.17019999999997
380.155	183.74019999999996
380.38	182.00019999999998
380.606	184.91019999999997
380.831	183.16019999999997
381.057	187.00019999999998
381.282	183.5202
381.507	184.8002
381.733	187.37019999999998
381.958	187.2102
382.184	191.7102
382.409	190.9702
382.634	194.67019999999997
382.86	192.4702
383.085	194.59019999999998
383.31	196.85019999999997
383.535	197.49019999999996
383.761	198.58019999999996
383.986	199.10019999999997
384.211	199.51019999999997
384.436	201.0202
384.662	205.2902
384.887	209.37019999999998
385.112	211.7002
385.337	214.3602
385.562	212.16019999999997
385.787	214.9802
386.013	222.87019999999998
386.238	230.12019999999998
386.463	217.9002
386.688	219.75019999999998
386.913	211.50019999999998
387.138	212.3802
387.363	209.1402
387.588	204.43019999999999
387.813	205.5402
388.038	212.4702
388.263	220.37019999999998
388.488	216.1102
388.713	202.12019999999998
388.938	196.76019999999997
389.163	199.35019999999997
389.387	199.09019999999998
389.612	195.49019999999996
389.837	193.8602
390.062	193.76019999999997
390.287	194.17019999999997
390.512	194.09019999999998
390.736	192.93019999999999
390.961	198.1502
391.186	197.9002
391.411	201.7002
391.636	204.69019999999998
391.86	204.5402
392.085	203.1502
392.31	200.3002
392.534	198.8802
392.759	199.25019999999998
392.984	196.2202
393.208	199.3802
393.433	202.76019999999997
393.658	198.62019999999998
393.882	194.75019999999998
394.107	193.66019999999997
394.331	197.49019999999996
394.556	194.9602
394.78	199.34019999999998
395.005	199.24019999999996
395.229	197.9802
395.454	202.8602
395.678	203.85019999999997
395.903	204.34019999999998
396.127	208.76019999999997
396.352	202.92019999999997
396.576	198.3602
396.801	199.59019999999998
397.025	201.62019999999998
397.249	205.09019999999998
397.474	205.94019999999998
397.698	204.68019999999999
397.922	208.37019999999998
398.147	209.74019999999996
398.371	210.92019999999997
398.595	213.3102
398.82	219.0402
399.044	230.4502
399.268	245.69019999999998
399.492	267.66020000000003
399.717	282.4702
399.941	278.5502
400.165	269.0702
400.389	257.0702
400.613	234.7302
400.837	225.9602
401.062	224.3902
401.286	223.3202
401.51	225.4002
401.734	224.4802
401.958	240.91019999999997
402.182	273.6902
402.406	319.0002
402.63	275.62019999999995
402.854	240.4702
403.078	235.4802
403.302	235.60019999999997
403.526	239.33019999999996
403.75	238.19019999999998
403.974	238.7702
404.198	242.0202
404.422	244.2902
404.645	246.7002
404.869	254.3002
405.093	277.6102
405.317	304.46020000000004
405.541	299.8802
405.765	270.3402
405.988	280.4102
406.212	348.6402
406.436	432.1402
406.66	339.3902
406.883	269.8202
407.107	269.6402
407.331	281.0102
407.555	296.3902
407.778	282.8802
408.002	262.46020000000004
408.226	250.43019999999999
408.449	248.3902
408.673	247.2702
408.896	254.7202
409.12	259.9202
409.344	242.99019999999996
409.567	235.0602
409.791	235.84019999999998
410.014	235.67019999999997
410.238	233.4002
410.461	235.16019999999997
410.685	237.69019999999998
410.908	241.34019999999998
411.132	254.4002
411.355	250.5702
411.578	236.9502
411.802	228.7202
412.025	235.49019999999996
412.249	249.91019999999997
412.472	270.4102
412.695	294.21020000000004
412.919	261.5802
413.142	242.58019999999996
413.365	233.2002
413.589	228.6302
413.812	223.8002
414.035	224.0202
414.258	223.2902
414.482	224.2202
414.705	222.94019999999998
414.928	221.7902
415.151	222.84019999999998
415.374	224.10019999999997
415.597	219.43019999999999
415.821	217.5602
416.044	218.2902
416.267	219.01019999999997
416.49	216.25019999999998
416.713	214.3602
416.936	218.7102
417.159	218.41019999999997
417.382	223.9802
417.605	230.2702
417.828	238.49019999999996
418.051	231.9802
418.274	224.49019999999996
418.497	219.0702
418.72	220.58019999999996
418.943	219.93019999999999
419.166	227.62019999999998
419.389	239.2902
419.611	239.2302
419.834	237.92019999999997
420.057	239.91019999999997
420.28	245.4502
420.503	237.2702
420.726	232.84019999999998
420.948	235.6402
421.171	245.6402
421.394	242.08019999999996
421.617	226.09019999999998
421.839	221.93019999999999
422.062	225.6102
422.285	230.3602
422.507	250.84019999999998
422.73	268.12019999999995
422.953	244.50019999999998
423.175	229.69019999999998
423.398	231.53019999999998
423.621	230.50019999999998
423.843	235.2002
424.066	232.37019999999998
424.288	233.8102
424.511	240.24019999999996
424.733	257.7602
424.956	278.98019999999997
425.178	260.12019999999995
425.401	262.8602
425.623	260.0602
425.846	230.0502
426.068	231.68019999999999
426.291	225.4702
426.513	223.4502
426.735	227.3602
426.958	242.3102
427.18	275.3902
427.402	346.2802
427.625	415.06019999999995
427.847	372.8602
428.069	343.24019999999996
428.292	252.9502
428.514	220.3902
428.736	212.78019999999998
428.958	211.5402
429.181	206.28019999999998
429.403	205.00019999999998
429.625	211.08019999999996
429.847	223.78019999999998
430.069	242.76019999999997
430.292	224.8902
430.514	204.69019999999998
430.736	204.33019999999996
430.958	203.19019999999998
431.18	199.9702
431.402	201.08019999999996
431.624	201.94019999999998
431.846	202.66019999999997
432.068	200.78019999999998
432.29	205.7302
432.512	205.08019999999996
432.734	204.2702
432.956	207.44019999999998
433.178	218.1402
433.4	218.2102
433.622	207.84019999999998
433.844	206.76019999999997
434.066	208.33019999999996
434.287	211.8002
434.509	213.75019999999998
434.731	217.83019999999996
434.953	218.7202
435.175	221.3802
435.397	225.2902
435.618	227.3202
435.84	249.5602
436.062	290.1402
436.284	279.5702
436.505	237.76019999999997
436.727	228.28019999999998
436.949	212.4702
437.17	208.4502
437.392	206.8802
437.614	217.34019999999998
437.835	245.34019999999998
438.057	284.8402
438.278	281.2902
438.5	269.7002
438.721	305.2702
438.943	258.8902
439.165	220.03019999999998
439.386	215.2302
439.608	221.08019999999996
439.829	235.51019999999997
440.05	275.73019999999997
440.272	312.8502
440.493	239.99019999999996
440.715	215.5602
440.936	212.78019999999998
441.158	212.99019999999996
441.379	216.3602
441.6	230.17019999999997
441.822	238.1302
442.043	246.5702
442.264	274.80019999999996
442.486	262.2102
442.707	237.60019999999997
442.928	249.75019999999998
443.149	294.2002
443.371	299.8202
443.592	275.7702
443.813	295.7502
444.034	287.21020000000004
444.255	246.24019999999996
444.476	236.60019999999997
444.698	238.67019999999997
444.919	243.59019999999998
445.14	282.3402
445.361	278.7702
445.582	280.8502
445.803	328.6902
446.024	339.6102
446.245	326.02020000000005
446.466	270.0602
446.687	222.5502
446.908	213.35019999999997
447.129	206.69019999999998
447.35	206.25019999999998
447.571	209.9002
447.792	206.7902
448.013	216.4802
448.234	233.1302
448.455	238.4002
448.675	278.6602
448.896	292.3602
449.117	238.24019999999996
449.338	248.5202
449.559	305.0202
449.779	316.2202
450.0	229.34019999999998
450.221	207.1302
450.442	204.03019999999998
450.662	210.24019999999996
450.883	229.2002
451.104	243.03019999999998
451.324	212.68019999999999
451.545	198.9602
451.766	194.1102
451.986	190.60019999999997
452.207	193.5502
452.428	198.25019999999998
452.648	204.84019999999998
452.869	221.75019999999998
453.089	229.60019999999997
453.31	237.42019999999997
453.53	200.12019999999998
453.751	196.4802
453.971	213.84019999999998
454.192	230.8202
454.412	198.2702
454.633	188.7102
454.853	186.59019999999998
455.073	188.9602
455.294	201.01019999999997
455.514	222.4502
455.734	201.2202
455.955	184.41019999999997
456.175	179.5402
456.395	178.9702
456.616	182.78019999999998
456.836	181.1502
457.056	180.26019999999997
457.276	177.7002
457.497	182.59019999999998
457.717	183.1102
457.937	186.67019999999997
458.157	186.0502
458.377	195.67019999999997
458.598	224.2002
458.818	305.55019999999996
459.038	341.5002
459.258	271.5602
459.478	216.50019999999998
459.698	207.3902
459.918	206.59019999999998
460.138	206.41019999999997
460.358	212.6302
460.578	216.17019999999997
460.798	219.5202
461.018	221.67019999999997
461.238	212.62019999999998
461.458	212.5602
461.678	211.5602
461.898	214.4002
462.118	216.92019999999997
462.338	222.93019999999999
462.558	224.08019999999996
462.777	231.7002
462.997	247.2102
463.217	259.9402
463.437	253.2102
463.657	235.99019999999996
463.876	234.75019999999998
464.096	237.99019999999996
464.316	241.17019999999997
464.536	243.62019999999998
464.755	240.09019999999998
464.975	256.62019999999995
465.195	350.3202
465.414	351.4402
465.634	231.4502
465.854	210.9702
466.073	205.2002
466.293	200.92019999999997
466.512	196.4602
466.732	194.1302
466.951	198.3202
467.171	202.8102
467.391	213.0202
467.61	236.94019999999998
467.829	266.3202
468.049	439.56019999999995
468.268	580.6601999999999
468.488	268.0702
468.707	206.78019999999998
468.927	195.59019999999998
469.146	192.03019999999998
469.365	194.2002
469.585	198.03019999999998
469.804	211.42019999999997
470.023	218.0702
470.243	212.78019999999998
470.462	224.9702
470.681	242.08019999999996
470.901	214.2302
471.12	205.7002
471.339	206.5602
471.558	213.5202
471.777	231.5402
471.997	306.8802
472.216	738.1501999999999
472.435	1473.6402
472.654	496.3502
472.873	251.3002
473.092	214.67019999999997
473.311	205.58019999999996
473.53	200.53019999999998
473.749	203.24019999999996
473.968	222.4702
474.187	255.76019999999997
474.406	235.4502
474.625	199.9802
474.844	194.33019999999996
475.063	192.37019999999998
475.282	190.8602
475.501	194.43019999999999
475.72	197.50019999999998
475.939	195.0202
476.158	197.6402
476.377	197.8202
476.596	198.75019999999998
476.814	207.85019999999997
477.033	208.5402
477.252	203.8902
477.471	204.42019999999997
477.69	208.91019999999997
477.908	210.50019999999998
478.127	214.26019999999997
478.346	214.9502
478.564	221.24019999999996
478.783	230.4002
479.002	230.7102
479.22	231.4702
479.439	248.19019999999998
479.658	258.0902
479.876	248.50019999999998
480.095	248.1502
480.313	266.9502
480.532	280.0302
480.751	343.6502
480.969	742.0702000000001
481.188	2460.0402
481.406	1570.9702
481.624	425.0102
481.843	277.0102
482.061	246.4702
482.28	234.8602
482.498	225.99019999999996
482.717	221.76019999999997
482.935	221.03019999999998
483.153	217.7902
483.372	216.1502
483.59	217.2202
483.808	216.5602
484.027	216.3602
484.245	221.1502
484.463	220.58019999999996
484.681	225.0602
484.9	221.76019999999997
485.118	224.75019999999998
485.336	225.7902
485.554	229.85019999999997
485.772	235.28019999999998
485.99	236.8902
486.209	238.33019999999996
486.427	238.68019999999999
486.645	250.8902
486.863	259.7502
487.081	241.68019999999999
487.299	233.16019999999997
487.517	230.50019999999998
487.735	226.8902
487.953	227.4002
488.171	227.4702
488.389	230.67019999999997
488.607	238.1302
488.825	228.59019999999998
489.043	225.53019999999998
489.261	229.87019999999998
489.479	226.9702
489.696	229.24019999999996
489.914	231.8602
490.132	232.1302
490.35	236.8902
490.568	237.8202
490.786	241.1302
491.003	247.4502
491.221	255.7602
491.439	262.9102
491.657	263.7202
491.874	266.80019999999996
492.092	263.6702
492.31	267.30019999999996
492.527	273.91020000000003
492.745	276.4902
492.963	275.3002
493.18	272.7002
493.398	272.1502
493.615	272.9902
493.833	269.4702
494.05	264.41020000000003
494.268	261.5902
494.485	261.5302
494.703	255.99020000000002
494.92	257.62019999999995
495.138	254.99020000000002
495.355	255.42020000000002
495.573	255.0702
495.79	252.49020000000002
496.008	254.4802
496.225	252.9002
496.442	252.0702
496.66	255.78019999999998
496.877	251.03019999999998
497.094	255.9502
497.312	255.91020000000003
497.529	260.1402
497.746	263.9902
497.963	268.0102
498.181	278.9502
498.398	284.85020000000003
498.615	308.85020000000003
498.832	312.96020000000004
499.049	311.35020000000003
499.267	320.5402
499.484	333.4002
499.701	349.7102
499.918	363.6502
500.135	376.4902
500.352	389.2602
500.569	396.1802
500.786	397.1702
501.003	385.41020000000003
501.22	370.3602
501.437	359.0502
501.654	347.13020000000006
501.871	353.7102
502.088	316.84020000000004
502.305	302.2502
502.522	289.28020000000004
502.739	280.9802
502.956	274.8002
503.172	270.27020000000005
503.389	270.3702
503.606	282.1702
503.823	267.98019999999997
504.04	258.62019999999995
504.256	258.8102
504.473	260.3102
504.69	260.7502
504.907	257.5802
505.123	246.5702
505.34	242.19019999999998
505.557	238.1502
505.773	237.92019999999997
505.99	234.12019999999998
506.207	234.0502
506.423	231.18019999999999
506.64	228.2202
506.856	227.35019999999997
507.073	227.4002
507.289	231.12019999999998
507.506	233.0502
507.722	259.9502
507.939	260.4102
508.155	232.91019999999997
508.372	225.44019999999998
508.588	222.0702
508.805	223.66019999999997
509.021	226.75019999999998
509.238	232.3202
509.454	234.1402
509.67	232.4002
509.887	238.4702
510.103	263.1402
510.319	355.6602
510.536	991.3402
510.752	3070.5701999999997
510.968	931.0002
511.184	296.24019999999996
511.401	248.4702
511.617	234.9602
511.833	243.43019999999999
512.049	238.6402
512.265	227.6302
512.481	222.3602
512.698	220.5402
512.914	218.84019999999998
513.13	216.9702
513.346	216.5702
513.562	217.58019999999996
513.778	221.34019999999998
513.994	225.3102
514.21	237.1502
514.426	262.4602
514.642	295.49019999999996
514.858	285.2902
515.074	349.1802
515.29	779.1602
515.506	2350.4802
515.721	925.2302
515.937	333.8402
516.153	263.0602
516.369	243.28019999999998
516.585	237.6302
516.801	239.0402
517.016	239.9602
517.232	242.2702
517.448	247.7702
517.664	251.34019999999998
517.879	251.6302
518.095	247.7902
518.311	250.5602
518.527	245.83019999999996
518.742	234.00019999999998
518.958	229.51019999999997
519.173	228.01019999999997
519.389	227.7102
519.605	226.68019999999999
519.82	225.7102
520.036	239.0202
520.251	267.3602
520.467	257.3502
520.682	241.2102
520.898	245.25019999999998
521.113	260.4502
521.329	303.4502
521.544	417.20019999999994
521.76	972.4402
521.975	3803.5701999999997
522.19	2336.4901999999997
522.406	574.1102
522.621	275.17019999999997
522.836	228.35019999999997
523.052	215.3102
523.267	209.5602
523.482	207.2102
523.698	214.75019999999998
523.913	242.01019999999997
524.128	219.92019999999997
524.343	201.4802
524.559	199.26019999999997
524.774	194.6502
524.989	200.94019999999998
525.204	215.51019999999997
525.419	207.8902
525.634	195.0402
525.849	192.16019999999997
526.064	190.68019999999999
526.28	190.5402
526.495	187.78019999999998
526.71	188.26019999999997
526.925	185.68019999999999
527.14	187.59019999999998
527.355	188.50019999999998
527.57	187.6402
527.785	186.93019999999999
527.999	186.19019999999998
528.214	189.91019999999997
528.429	192.35019999999997
528.644	191.17019999999997
528.859	190.8002
529.074	195.5402
529.289	243.0202
529.503	350.3402
529.718	222.7102
529.933	193.9502
530.148	188.7302
530.363	191.4602
530.577	187.6502
530.792	186.92019999999997
531.007	184.3602
531.221	188.37019999999998
531.436	187.0702
531.651	187.44019999999998
531.865	185.1302
532.08	185.51019999999997
532.295	188.49019999999996
532.509	187.28019999999998
532.724	185.75019999999998
532.938	188.01019999999997
533.153	191.49019999999996
533.367	187.41019999999997
533.582	186.6302
533.796	188.0602
534.011	186.49019999999996
534.225	184.99019999999996
534.44	182.33019999999996
534.654	186.1102
534.868	183.6402
535.083	182.7002
535.297	188.25019999999998
535.511	200.5202
535.726	203.75019999999998
535.94	194.09019999999998
536.154	189.50019999999998
536.369	183.5402
536.583	178.12019999999998
536.797	181.10019999999997
537.011	177.66019999999997
537.225	177.66019999999997
537.44	178.59019999999998
537.654	179.7102
537.868	178.2002
538.082	177.12019999999998
538.296	179.18019999999999
538.51	178.8002
538.724	179.44019999999998
538.938	177.1502
539.153	184.3102
539.367	202.35019999999997
539.581	188.3202
539.795	176.3102
540.009	176.4802
540.222	176.6502
540.436	176.8202
540.65	176.6402
540.864	179.19019999999998
541.078	184.1502
541.292	179.5602
541.506	176.1502
541.72	174.76019999999997
541.934	172.25019999999998
542.147	172.83019999999996
542.361	173.78019999999998
542.575	172.43019999999999
542.789	173.3502
543.002	172.8802
543.216	179.7202
543.43	185.83019999999996
543.644	177.0702
543.857	175.6502
544.071	175.2902
544.285	176.5702
544.498	175.35019999999997
544.712	174.4802
544.925	174.3202
545.139	173.8802
545.352	172.60019999999997
545.566	174.53019999999998
545.779	174.44019999999998
545.993	174.8602
546.206	174.43019999999999
546.42	173.5502
546.633	175.17019999999997
546.847	175.5502
547.06	173.18019999999999
547.274	173.8102
547.487	172.37019999999998
547.7	171.4702
547.914	171.08019999999996
548.127	172.41019999999997
548.34	172.74019999999996
548.554	172.42019999999997
548.767	174.5402
548.98	174.28019999999998
549.193	171.8102
549.407	174.5502
549.62	175.0402
549.833	173.08019999999996
550.046	173.7202
550.259	173.28019999999998
550.473	172.4602
550.686	173.2102
550.899	170.92020000000002
551.112	170.28019999999998
551.325	171.1102
551.538	174.37019999999998
551.751	173.4402
551.964	171.9402
552.177	173.5602
552.39	174.09019999999998
552.603	176.2002
552.816	180.2202
553.029	181.12019999999998
553.242	183.2702
553.455	191.84019999999998
553.667	202.85019999999997
553.88	200.4002
554.093	186.4802
554.306	188.3802
554.519	188.1302
554.732	175.3902
554.944	173.03019999999998
555.157	171.93019999999999
555.37	170.4402
555.583	169.66019999999997
555.795	171.18019999999999
556.008	166.30020000000002
556.221	163.1402
556.433	165.24020000000002
556.646	166.8102
556.859	164.0602
557.071	162.84019999999998
557.284	163.2002
557.496	161.3702
557.709	159.8802
557.921	159.2302
558.134	159.2802
558.346	158.7002
558.559	158.2202
558.771	158.58020000000002
558.984	155.9502
559.196	156.5302
559.409	156.93019999999999
559.621	158.1002
559.833	156.6602
560.046	155.8802
560.258	164.75019999999998
560.47	175.71020000000001
560.683	164.4502
560.895	158.5402
561.107	157.68019999999999
561.32	156.93019999999999
561.532	157.5502
561.744	156.6402
561.956	157.83020000000002
562.168	157.0902
562.381	158.0702
562.593	158.49020000000002
562.805	159.6602
563.017	159.9802
563.229	158.58020000000002
563.441	156.9002
563.653	157.74020000000002
563.865	157.3002
564.077	157.58020000000002
564.289	159.8702
564.501	158.3002
564.713	161.8802
564.925	168.6302
565.137	182.93019999999999
565.349	170.25019999999998
565.561	168.93019999999999
565.773	170.93019999999999
565.985	173.78019999999998
566.197	177.75019999999998
566.408	182.6102
566.62	189.3802
566.832	195.93019999999999
567.044	195.00019999999998
567.255	196.6102
567.467	200.8002
567.679	206.92019999999997
567.891	213.3602
568.102	212.8602
568.314	204.4802
568.526	194.6502
568.737	188.67019999999997
568.949	177.68019999999999
569.161	170.58019999999996
569.372	167.4502
569.584	166.1402
569.795	168.1502
570.007	191.5702
570.218	351.0802
570.43	214.96020000000001
570.641	161.9702
570.853	158.2702
571.064	157.6602
571.276	155.5002
571.487	151.9702
571.698	151.6002
571.91	149.7302
572.121	149.5702
572.333	146.58020000000002
572.544	143.0702
572.755	145.7602
572.966	145.1002
573.178	143.83020000000002
573.389	146.3802
573.6	142.7802
573.811	142.0102
574.023	141.8002
574.234	141.24020000000002
574.445	143.3602
574.656	141.6202
574.867	142.2602
575.078	140.9002
575.289	141.2902
575.501	141.5402
575.712	139.5102
575.923	140.3202
576.134	139.6402
576.345	139.8002
576.556	142.24020000000002
576.767	140.6002
576.978	142.1102
577.188	142.3102
577.399	141.8002
577.61	142.42020000000002
577.821	149.5402
578.032	168.5202
578.243	350.0802
578.454	972.6102
578.665	290.9402
578.875	152.5602
579.086	139.3802
579.297	135.7602
579.508	135.83020000000002
579.718	135.4602
579.929	134.8702
580.14	130.18019999999999
580.35	132.33020000000002
580.561	132.18019999999999
580.772	132.6602
580.982	132.9402
581.193	132.0102
581.403	132.93019999999999
581.614	130.9502
581.825	131.42020000000002
582.035	130.7502
582.246	131.5902
582.456	131.0102
582.667	131.3602
582.877	131.2302
583.087	130.08020000000002
583.298	130.8502
583.508	128.9402
583.719	130.3602
583.929	133.4502
584.139	129.3402
584.35	128.0102
584.56	128.9802
584.77	129.6102
584.981	130.4602
585.191	131.74020000000002
585.401	130.8402
585.611	127.2002
585.821	130.9002
586.032	131.2002
586.242	126.7502
586.452	128.9002
586.662	126.9102
586.872	127.36019999999999
587.082	126.77019999999999
587.292	125.89020000000001
587.502	126.17020000000001
587.713	127.3802
587.923	129.0502
588.133	128.0402
588.343	127.2402
588.553	126.23020000000001
588.762	129.9602
588.972	135.2302
589.182	172.2202
589.392	144.4402
589.602	139.6002
589.812	153.3602
590.022	136.3202
590.232	128.5102
590.441	128.5102
590.651	127.4902
590.861	127.7202
591.071	128.2602
591.281	129.3502
591.49	127.31020000000001
591.7	129.43019999999999
591.91	132.9402
592.119	130.4102
592.329	137.6002
592.539	142.3002
592.748	138.43019999999999
592.958	136.5502
593.167	137.1902
593.377	136.92020000000002
593.587	144.3902
593.796	138.9002
594.006	137.7102
594.215	141.08020000000002
594.424	138.8202
594.634	135.74020000000002
594.843	133.1902
595.053	132.8202
595.262	131.8402
595.472	130.4102
595.681	128.5102
595.89	128.8602
596.1	126.9102
596.309	127.64020000000001
596.518	125.4602
596.727	126.4702
596.937	124.52019999999999
597.146	123.64020000000001
597.355	124.2502
597.564	122.8802
597.774	124.3302
597.983	121.1002
598.192	120.8702
598.401	122.3702
598.61	120.3802
598.819	119.9702
599.028	120.44019999999999
599.237	121.2002
599.446	119.7502
599.655	122.5802
599.864	120.3202
600.073	119.86019999999999
600.282	121.64020000000001
600.491	121.3802
600.7	120.23020000000001
600.909	121.6002
601.118	123.19019999999999
601.327	121.7502
601.536	121.84020000000001
601.745	121.3702
601.953	120.73020000000001
602.162	120.3202
602.371	121.6302
602.58	119.4602
602.789	120.3702
602.997	118.48020000000001
603.206	120.0502
603.415	117.5302
603.623	116.8702
603.832	118.4902
604.041	117.3502
604.249	116.8202
604.458	115.9902
604.666	116.42020000000001
604.875	117.1502
605.084	115.6602
605.292	114.92020000000001
605.501	116.1302
605.709	116.59020000000001
605.918	116.3802
606.126	116.59020000000001
606.334	116.2802
606.543	116.2002
606.751	117.5502
606.96	116.8202
607.168	117.4902
607.376	119.36019999999999
607.585	118.2802
607.793	117.8002
608.001	116.3302
608.21	117.14020000000001
608.418	116.11019999999999
608.626	115.1802
608.834	116.89020000000001
609.043	114.42020000000001
609.251	116.0102
609.459	115.2402
609.667	115.64020000000001
609.875	114.9102
610.083	114.1602
610.291	115.0102
610.499	116.0402
610.707	117.0702
610.916	115.98020000000001
611.124	114.6302
611.332	115.86019999999999
611.54	114.23020000000001
611.748	114.6002
611.955	115.0002
612.163	113.23020000000001
612.371	115.39020000000001
612.579	112.6202
612.787	114.7102
612.995	117.7102
613.203	115.4702
613.411	114.0002
613.618	115.2202
613.826	114.4302
614.034	113.19019999999999
614.242	115.3302
614.449	113.64020000000001
614.657	115.19019999999999
614.865	114.5002
615.072	113.4102
615.28	115.36019999999999
615.488	116.5302
615.695	118.5302
615.903	121.4102
616.111	123.4502
616.318	125.36019999999999
616.526	122.7902
616.733	121.4302
616.941	117.36019999999999
617.148	116.31020000000001
617.356	115.44019999999999
617.563	113.6302
617.771	113.89020000000001
617.978	112.8802
618.185	114.2202
618.393	112.7602
618.6	114.3302
618.807	113.0802
619.015	112.3002
619.222	112.4102
619.429	111.3702
619.637	114.1002
619.844	111.6202
620.051	111.0002
620.258	111.06020000000001
620.466	109.7402
620.673	108.9502
620.88	109.7202
621.087	108.6502
621.294	110.11019999999999
621.501	109.98020000000001
621.708	110.1202
621.915	111.6202
622.122	111.2502
622.329	111.2602
622.536	109.7102
622.743	108.6302
622.95	109.6602
623.157	108.2802
623.364	110.3202
623.571	109.5802
623.778	107.9102
623.985	110.34020000000001
624.192	107.3802
624.399	106.73020000000001
624.606	110.4502
624.812	107.67020000000001
625.019	105.7202
625.226	108.1502
625.433	110.23020000000001
625.639	107.5702
625.846	107.09020000000001
626.053	106.2602
626.259	107.3002
626.466	109.5302
626.673	105.3802
626.879	106.44019999999999
627.086	108.9602
627.293	108.3202
627.499	105.9502
627.706	107.4002
627.912	105.42020000000001
628.119	104.36019999999999
628.325	108.1302
628.532	106.2502
628.738	105.5502
628.945	105.52019999999999
629.151	105.3502
629.357	103.77019999999999
629.564	105.48020000000001
629.77	104.39020000000001
629.976	103.9002
630.183	103.1602
630.389	104.3202
630.595	101.7802
630.802	103.6202
631.008	102.61019999999999
631.214	103.6802
631.42	105.52019999999999
631.627	106.3302
631.833	104.2602
632.039	103.27019999999999
632.245	102.2002
632.451	104.02019999999999
632.657	103.44019999999999
632.863	103.0102
633.069	102.6802
633.275	104.23020000000001
633.481	102.0302
633.688	102.4102
633.893	104.6802
634.099	101.11019999999999
634.305	100.9902
634.511	103.52019999999999
634.717	103.73020000000001
634.923	100.9502
635.129	102.1502
635.335	103.56020000000001
635.541	103.4602
635.747	106.2002
635.952	110.5802
636.158	128.83020000000002
636.364	249.4402
636.57	222.7902
636.775	129.24020000000002
636.981	110.7102
637.187	108.02019999999999
637.392	103.73020000000001
637.598	103.2002
637.804	102.6602
638.009	101.98020000000001
638.215	102.9602
638.421	101.89020000000001
638.626	101.4302
638.832	100.89020000000001
639.037	102.4302
639.243	101.31020000000001
639.448	98.81020000000001
639.654	102.2402
639.859	98.3702
640.065	100.2402
640.27	104.6602
640.475	101.06020000000001
640.681	99.1202
640.886	100.23020000000001
641.091	101.11019999999999
641.297	102.0802
641.502	99.9502
641.707	102.5102
641.913	100.36019999999999
642.118	99.48020000000001
642.323	97.98020000000001
642.528	100.6502
642.733	101.9502
642.939	101.61019999999999
643.144	98.42020000000001
643.349	99.84020000000001
643.554	100.84020000000001
643.759	98.59020000000001
643.964	96.4902
644.169	99.7602
644.374	98.36019999999999
644.579	99.44019999999999
644.784	100.06020000000001
644.989	98.6602
645.194	97.8502
645.399	97.8002
645.604	99.02019999999999
645.809	101.8802
646.014	99.36019999999999
646.219	98.2102
646.423	98.44019999999999
646.628	99.3002
646.833	99.7802
647.038	99.6502
647.243	101.19019999999999
647.447	98.7502
647.652	101.7102
647.857	100.0402
648.062	101.6302
648.266	102.69019999999999
648.471	105.0502
648.676	108.4702
648.88	107.69019999999999
649.085	107.0802
649.289	107.0702
649.494	119.39020000000001
649.698	158.7302
649.903	120.0002
650.107	104.1802
650.312	100.6002
650.516	95.48020000000001
650.721	98.6202
650.925	95.52019999999999
651.13	94.94019999999999
651.334	94.42020000000001
651.539	96.3502
651.743	94.1802
651.947	93.59020000000001
652.152	94.8202
652.356	95.44019999999999
652.56	94.5402
652.764	92.27019999999999
652.969	93.7802
653.173	91.5402
653.377	92.9502
653.581	92.5802
653.785	93.2802
653.99	93.0502
654.194	92.19019999999999
654.398	93.2002
654.602	94.0502
654.806	99.3502
655.01	115.7102
655.214	100.3002
655.418	94.1802
655.622	92.8802
655.826	95.0902
656.03	97.4502
656.234	100.5002
656.438	104.4302
656.642	106.17020000000001
656.846	99.9702
657.049	94.6002
657.253	93.2802
657.457	90.6002
657.661	89.7602
657.865	88.2102
658.068	88.2902
658.272	87.0702
658.476	88.2802
658.68	85.3702
658.883	86.02019999999999
659.087	85.0002
659.291	86.5302
659.494	84.52019999999999
659.698	84.02019999999999
659.901	84.5902
660.105	84.8702
660.309	84.61019999999999
660.512	85.2002
660.716	84.5802
660.919	83.9902
661.123	86.7102
661.326	84.7002
661.53	82.7402
661.733	84.0902
661.936	84.5402
662.14	82.3302
662.343	82.19019999999999
662.546	81.5402
662.75	83.7102
662.953	84.7102
663.156	83.9702
663.36	83.69019999999999
663.563	84.23020000000001
663.766	82.0502
663.969	83.6502
664.173	82.0902
664.376	81.92020000000001
664.579	81.52019999999999
664.782	81.4102
664.985	82.81020000000001
665.188	82.19019999999999
665.391	81.8002
665.594	81.9702
665.797	82.19019999999999
666.0	82.9002
666.203	80.81020000000001
666.406	80.5402
666.609	82.1202
666.812	82.0102
667.015	82.0302
667.218	83.0302
667.421	82.4102
667.624	81.1202
667.827	83.8702
668.03	81.1202
668.232	79.9402
668.435	80.9102
668.638	82.8702
668.841	83.3002
669.043	81.86019999999999
669.246	81.5102
669.449	81.2602
669.651	81.11019999999999
669.854	82.23020000000001
670.057	81.39020000000001
670.259	81.2802
670.462	81.31020000000001
670.665	81.14020000000001
670.867	82.9102
671.07	82.23020000000001
671.272	81.23020000000001
671.475	84.4602
671.677	82.0802
671.88	80.3002
672.082	80.31020000000001
672.284	82.27019999999999
672.487	84.1602
672.689	80.9702
672.892	80.7102
