223.165	-16.572400000000002
223.4	-16.572400000000002
223.635	-16.572400000000002
223.869	-20.672400000000003
224.104	-18.6424
224.338	-15.6824
224.573	-15.7924
224.808	-13.002400000000002
225.042	-8.4824
225.277	-7.0924000000000005
225.511	-2.6923999999999997
225.746	3.8276
225.98	5.9176
226.215	12.037600000000001
226.449	15.877600000000001
226.683	21.287599999999998
226.918	26.157600000000002
227.152	33.5276
227.387	35.0876
227.621	38.9476
227.856	45.4376
228.09	46.8376
228.324	50.8276
228.559	55.5576
228.793	60.3376
229.027	70.9876
229.262	74.3476
229.496	80.2876
229.73	94.05760000000001
229.964	93.2876
230.199	85.02759999999999
230.433	82.30760000000001
230.667	86.3176
230.901	85.66760000000001
231.136	86.6976
231.37	86.7476
231.604	86.3676
231.838	86.8376
232.072	89.1376
232.306	89.5876
232.541	89.89760000000001
232.775	90.2976
233.009	88.72760000000001
233.243	88.93759999999999
233.477	88.7976
233.711	89.14760000000001
233.945	90.1676
234.179	88.0076
234.413	89.2876
234.647	89.4576
234.881	88.3176
235.115	89.0376
235.349	89.27759999999999
235.583	88.99759999999999
235.817	90.49759999999999
236.051	89.24759999999999
236.285	89.0076
236.519	88.6176
236.753	91.2076
236.987	94.6676
237.221	106.99759999999999
237.455	109.89760000000001
237.689	95.39760000000001
237.922	89.5776
238.156	89.8876
238.39	87.4276
238.624	87.3176
238.858	87.52759999999999
239.091	88.3476
239.325	88.18759999999999
239.559	93.0476
239.793	89.8176
240.027	91.6276
240.26	93.7076
240.494	94.4576
240.728	92.80760000000001
240.961	94.93759999999999
241.195	91.7176
241.429	92.0876
241.662	90.77759999999999
241.896	90.89760000000001
242.13	90.97760000000001
242.363	90.5776
242.597	92.3676
242.83	93.4676
243.064	92.3176
243.298	93.68759999999999
243.531	93.4476
243.765	93.3676
243.998	94.24759999999999
244.232	95.9476
244.465	96.1576
244.699	95.8776
244.932	95.80760000000001
245.166	94.74759999999999
245.399	95.2576
245.633	94.4876
245.866	95.9476
246.099	96.4576
246.333	96.5676
246.566	96.89760000000001
246.8	97.39760000000001
247.033	98.4076
247.266	97.9476
247.5	100.6976
247.733	102.24759999999999
247.966	101.26759999999999
248.2	101.05760000000001
248.433	101.9576
248.666	100.9876
248.899	106.77759999999999
249.133	111.24759999999999
249.366	120.3276
249.599	116.93759999999999
249.832	107.5476
250.066	110.1176
250.299	111.1776
250.532	120.68759999999999
250.765	119.7876
250.998	119.43759999999999
251.231	112.6976
251.465	109.97760000000001
251.698	106.8776
251.931	108.5976
252.164	106.68759999999999
252.397	107.8176
252.63	108.74759999999999
252.863	111.5876
253.096	112.0976
253.329	112.2976
253.562	112.6776
253.795	111.6576
254.028	112.6276
254.261	112.7576
254.494	116.02759999999999
254.727	124.2076
254.96	123.5376
255.193	119.24759999999999
255.426	118.1376
255.659	121.10759999999999
255.892	134.07760000000002
256.124	144.4076
256.357	137.5676
256.59	126.0776
256.823	121.89760000000001
257.056	116.52759999999999
257.289	115.4476
257.521	115.6576
257.754	113.6676
257.987	113.6676
258.22	115.99759999999999
258.452	115.1776
258.685	113.24759999999999
258.918	113.18759999999999
259.151	114.0776
259.383	115.7876
259.616	114.1276
259.849	116.0476
260.081	118.7176
260.314	122.1576
260.547	120.8876
260.779	118.4576
261.012	119.22760000000001
261.244	116.52759999999999
261.477	120.7876
261.71	124.1376
261.942	135.4576
262.175	139.2976
262.407	121.1376
262.64	114.68759999999999
262.872	115.7076
263.105	115.05760000000001
263.337	115.35759999999999
263.57	115.2876
263.802	115.6576
264.035	114.1976
264.267	113.18759999999999
264.499	114.7376
264.732	116.80760000000001
264.964	116.0976
265.197	115.5476
265.429	117.14760000000001
265.661	116.4676
265.894	118.3176
266.126	118.6776
266.358	117.6576
266.591	116.5876
266.823	119.9676
267.055	119.2176
267.287	120.9576
267.52	118.1776
267.752	120.35759999999999
267.984	120.5976
268.216	120.6576
268.448	122.74759999999999
268.681	123.1576
268.913	124.9876
269.145	129.08759999999998
269.377	129.6276
269.609	125.5676
269.841	126.7176
270.073	130.7976
270.306	134.5476
270.538	138.1876
270.77	134.0276
271.002	131.74759999999998
271.234	131.9376
271.466	136.6076
271.698	137.3976
271.93	136.6576
272.162	137.5676
272.394	137.2576
272.626	133.6676
272.858	129.1376
273.09	128.8176
273.322	129.6076
273.553	127.52759999999999
273.785	129.23760000000001
274.017	127.8776
274.249	128.7976
274.481	129.1176
274.713	129.82760000000002
274.945	130.3576
275.176	131.4076
275.408	132.49759999999998
275.64	134.5676
275.872	134.1876
276.104	132.7176
276.335	136.1976
276.567	143.07760000000002
276.799	154.5476
277.031	154.92759999999998
277.262	155.32760000000002
277.494	148.7576
277.726	139.49759999999998
277.957	137.3976
278.189	133.57760000000002
278.421	132.2276
278.652	133.2676
278.884	133.4676
279.115	135.4176
279.347	134.6576
279.579	135.2176
279.81	136.08759999999998
280.042	143.0676
280.273	151.2076
280.505	142.3676
280.736	137.2976
280.968	135.24759999999998
281.199	135.1076
281.431	135.6476
281.662	135.9676
281.894	139.49759999999998
282.125	145.5376
282.356	161.9176
282.588	179.2976
282.819	159.24759999999998
283.051	139.5576
283.282	137.1976
283.513	139.0976
283.745	137.6076
283.976	137.74759999999998
284.207	139.7276
284.439	138.6376
284.67	140.0476
284.901	138.7276
285.132	137.9776
285.364	138.7876
285.595	138.8076
285.826	138.2976
286.057	139.9176
286.288	137.8876
286.52	140.5976
286.751	139.7076
286.982	139.9376
287.213	139.7076
287.444	143.6576
287.675	144.0976
287.906	145.3676
288.138	147.3876
288.369	148.7676
288.6	147.3076
288.831	143.0076
289.062	145.07760000000002
289.293	143.2776
289.524	141.3876
289.755	142.4476
289.986	141.3976
290.217	142.0276
290.448	142.2976
290.679	143.4576
290.91	144.4076
291.141	141.4376
291.371	143.6276
291.602	142.23760000000001
291.833	142.8976
292.064	143.6376
292.295	142.8776
292.526	144.4476
292.757	143.7576
292.987	143.58759999999998
293.218	142.9176
293.449	144.8876
293.68	143.1076
293.91	143.2576
294.141	146.1276
294.372	143.1876
294.603	144.42759999999998
294.833	144.32760000000002
295.064	145.0976
295.295	146.3676
295.525	146.0276
295.756	153.8076
295.987	165.6776
296.217	184.9876
296.448	175.7076
296.679	150.3676
296.909	148.6176
297.14	146.24759999999998
297.37	148.4176
297.601	148.07760000000002
297.831	146.9576
298.062	149.33759999999998
298.292	148.1576
298.523	151.1076
298.753	149.8176
298.984	148.4176
299.214	147.4776
299.445	151.1976
299.675	152.2176
299.905	156.9076
300.136	152.5076
300.366	151.4376
300.597	152.4576
300.827	156.6676
301.057	160.7076
301.288	164.28759999999997
301.518	157.17759999999998
301.748	154.9776
301.979	167.53759999999997
302.209	156.2276
302.439	156.8776
302.669	153.83759999999998
302.9	155.0276
303.13	154.8676
303.36	158.1876
303.59	164.2576
303.82	169.1876
304.051	159.7276
304.281	156.0176
304.511	156.9476
304.741	153.8476
304.971	152.7776
305.201	156.7076
305.431	153.74759999999998
305.661	153.7576
305.891	155.0376
306.121	156.8576
306.352	163.1676
306.582	165.8876
306.812	158.4376
307.042	159.1376
307.272	163.3876
307.502	166.2376
307.731	167.5776
307.961	160.1676
308.191	155.7976
308.421	156.7676
308.651	155.58759999999998
308.881	156.98760000000001
309.111	158.2076
309.341	160.0076
309.571	163.7376
309.8	161.6176
310.03	165.9376
310.26	165.4876
310.49	164.3876
310.72	169.1176
310.949	174.28759999999997
311.179	170.2776
311.409	164.0276
311.639	164.12759999999997
311.868	165.9376
312.098	166.3676
312.328	169.9576
312.557	176.1176
312.787	177.87759999999997
313.017	173.46759999999998
313.246	167.5876
313.476	164.12759999999997
313.706	165.4376
313.935	168.6576
314.165	173.35760000000002
314.394	175.3476
314.624	171.6876
314.853	169.87759999999997
315.083	167.01760000000002
315.312	165.9776
315.542	163.89759999999998
315.771	166.7076
316.001	163.9276
316.23	164.0876
316.46	161.5376
316.689	164.7576
316.919	165.51760000000002
317.148	167.9276
317.377	167.94760000000002
317.607	166.4276
317.836	163.7576
318.065	163.5876
318.295	163.5876
318.524	163.53759999999997
318.753	162.9576
318.983	165.39759999999998
319.212	169.51760000000002
319.441	175.3176
319.67	174.28759999999997
319.9	167.55759999999998
320.129	164.4576
320.358	166.5676
320.587	169.1376
320.816	171.85760000000002
321.046	172.7476
321.275	172.4576
321.504	170.3476
321.733	171.8376
321.962	174.71759999999998
322.191	177.1776
322.42	181.0676
322.649	187.4276
322.878	190.10760000000002
323.108	195.5676
323.337	205.6376
323.566	214.8876
323.795	234.8476
324.024	286.7976
324.253	457.1476
324.482	867.9276000000001
324.71	1615.1776
324.939	2043.6976
325.168	909.0576
325.397	340.87760000000003
325.626	239.76760000000002
325.855	217.0876
326.084	212.5976
326.313	218.21760000000003
326.542	238.23760000000001
326.77	307.4276
326.999	510.9276
327.228	948.2376
327.457	1627.5076
327.686	1344.5476
327.914	474.2076
328.143	333.2676
328.372	310.62760000000003
328.6	257.1076
328.829	227.53760000000003
329.058	234.3376
329.287	235.2976
329.515	224.23760000000001
329.744	233.62760000000003
329.972	273.4176
330.201	350.3976
330.43	411.34759999999994
330.658	304.6576
330.887	268.5676
331.115	236.28760000000003
331.344	208.1476
331.572	206.0676
331.801	208.2576
332.03	205.12760000000003
332.258	201.4276
332.486	199.5876
332.715	201.21760000000003
332.943	208.0876
333.172	215.1376
333.4	221.5876
333.629	236.9276
333.857	260.1376
334.085	294.74760000000003
334.314	374.9276
334.542	500.9076
334.771	467.4976
334.999	275.0476
335.227	229.12760000000003
335.455	214.19760000000002
335.684	209.7976
335.912	205.1476
336.14	202.8176
336.369	199.78760000000003
336.597	202.01760000000002
336.825	197.96760000000003
337.053	193.9776
337.281	189.01760000000002
337.51	187.94760000000002
337.738	190.2576
337.966	185.23760000000001
338.194	188.5076
338.422	186.1576
338.65	186.5676
338.878	183.4976
339.106	181.4776
339.334	181.0476
339.562	179.8376
339.79	178.5976
340.018	178.9576
340.246	180.0076
340.474	183.5976
340.702	180.8676
340.93	178.6876
341.158	181.1176
341.386	182.5076
341.614	181.8676
341.842	181.23760000000001
342.07	176.5876
342.298	177.53760000000003
342.526	176.03760000000003
342.754	174.9176
342.981	173.6576
343.209	177.7276
343.437	191.46760000000003
343.665	187.76760000000002
343.893	191.3976
344.12	194.2276
344.348	187.8176
344.576	184.9076
344.804	184.8976
345.031	184.44760000000002
345.259	184.7976
345.487	179.8176
345.714	180.12760000000003
345.942	177.01760000000002
346.17	175.8976
346.397	174.37760000000003
346.625	176.6776
346.853	174.8876
347.08	174.32760000000002
347.308	177.0076
347.535	180.1676
347.763	182.46760000000003
347.99	178.8976
348.218	184.62760000000003
348.445	184.69760000000002
348.673	180.4776
348.9	176.62760000000003
349.128	176.9076
349.355	172.4376
349.583	172.8476
349.81	173.10760000000002
350.037	172.7576
350.265	175.1776
350.492	173.3276
350.72	174.9276
350.947	179.73760000000001
351.174	185.6676
351.402	188.6676
351.629	178.78760000000003
351.856	180.26760000000002
352.083	181.6876
352.311	183.7576
352.538	186.4176
352.765	186.26760000000002
352.992	189.71760000000003
353.22	187.4176
353.447	181.32760000000002
353.674	179.14759999999998
353.901	174.96759999999998
354.128	173.1676
354.355	173.7576
354.583	175.5076
354.81	174.26760000000002
355.037	174.9176
355.264	170.5276
355.491	169.9376
355.718	168.8876
355.945	171.5076
356.172	171.5976
356.399	172.87759999999997
356.626	170.4176
356.853	170.78759999999997
357.08	169.4576
357.307	169.46759999999998
357.534	168.7576
357.761	172.2276
357.988	173.26760000000002
358.215	172.8276
358.441	172.76760000000002
358.668	171.3676
358.895	170.6576
359.122	170.5976
359.349	171.2576
359.576	174.2076
359.802	184.2976
360.029	194.94760000000002
360.256	194.60760000000002
360.483	182.78760000000003
360.709	172.0976
360.936	175.0976
361.163	178.3076
361.39	176.4076
361.616	174.7976
361.843	173.53760000000003
362.07	174.76760000000002
362.296	175.5276
362.523	173.0976
362.749	171.8676
362.976	170.07760000000002
363.203	172.12759999999997
363.429	169.4076
363.656	171.6376
363.882	169.7576
364.109	170.55759999999998
364.335	170.8176
364.562	168.7376
364.788	169.2276
365.015	172.21759999999998
365.241	176.5476
365.468	183.0476
365.694	180.71760000000003
365.92	174.9576
366.147	170.2576
366.373	168.1776
366.599	168.53759999999997
366.826	169.21759999999998
367.052	166.9076
367.278	169.73760000000001
367.505	171.51760000000002
367.731	171.6676
367.957	169.5976
368.184	173.2776
368.41	178.0476
368.636	187.7776
368.862	193.0976
369.089	184.10760000000002
369.315	172.9176
369.541	173.0876
369.767	171.48760000000001
369.993	172.57760000000002
370.219	172.3376
370.445	170.4976
370.672	169.3076
370.898	171.6376
371.124	173.03760000000003
371.35	173.6676
371.576	174.1876
371.802	172.3376
372.028	171.4976
372.254	172.7776
372.48	172.8376
372.706	176.3976
372.932	176.1776
373.158	176.57760000000002
373.384	176.8476
373.61	176.28760000000003
373.835	175.12760000000003
374.061	175.2476
374.287	177.78760000000003
374.513	176.6576
374.739	180.8076
374.965	182.96760000000003
375.191	183.19760000000002
375.416	180.76760000000002
375.642	178.21760000000003
375.868	179.2576
376.094	176.6776
376.319	175.7076
376.545	174.01760000000002
376.771	174.1476
376.997	173.5476
377.222	173.7976
377.448	175.4176
377.674	173.87760000000003
377.899	173.69760000000002
378.125	173.2076
378.35	175.3976
378.576	172.5676
378.802	173.9976
379.027	175.1376
379.253	176.4276
379.478	174.57760000000002
379.704	176.78760000000003
379.929	178.2776
380.155	177.5976
380.38	176.51760000000002
380.606	178.82760000000002
380.831	177.6576
381.057	182.6376
381.282	178.4776
381.507	179.07760000000002
381.733	181.62760000000003
381.958	182.2576
382.184	182.7076
382.409	185.7976
382.634	188.3476
382.86	186.8376
383.085	190.48760000000001
383.31	191.0076
383.535	192.9176
383.761	192.5676
383.986	193.1376
384.211	194.4176
384.436	196.32760000000002
384.662	199.4576
384.887	202.1376
385.112	202.5276
385.337	205.48760000000001
385.562	202.9976
385.787	204.53760000000003
386.013	211.8376
386.238	213.9776
386.463	207.0276
386.688	210.7476
386.913	203.6676
387.138	205.6576
387.363	202.5476
387.588	199.0576
387.813	200.35760000000002
388.038	203.7976
388.263	210.19760000000002
388.488	209.6576
388.713	197.73760000000001
388.938	193.12760000000003
389.163	194.6776
389.387	193.53760000000003
389.612	192.8376
389.837	190.6476
390.062	191.82760000000002
390.287	189.7076
390.512	189.6876
390.736	191.1776
390.961	193.3876
391.186	197.44760000000002
391.411	199.9976
391.636	200.7276
391.86	199.4976
392.085	201.3876
392.31	199.6176
392.534	195.7976
392.759	197.2076
392.984	196.07760000000002
393.208	197.0076
393.433	207.0876
393.658	199.82760000000002
393.882	190.4976
394.107	192.8676
394.331	193.7976
394.556	192.2476
394.78	197.4776
395.005	197.87760000000003
395.229	194.0276
395.454	200.8176
395.678	198.7976
395.903	203.07760000000002
396.127	205.1876
396.352	199.0476
396.576	196.6776
396.801	199.51760000000002
397.025	203.0676
397.249	200.01760000000002
397.474	204.1576
397.698	201.5476
397.922	204.5876
398.147	205.4776
398.371	207.8476
398.595	210.69760000000002
398.82	215.48760000000001
399.044	226.6576
399.268	241.0476
399.492	263.6476
399.717	276.37760000000003
399.941	271.4676
400.165	263.9176
400.389	247.69760000000002
400.613	228.3976
400.837	220.19760000000002
401.062	219.32760000000002
401.286	216.2076
401.51	217.6876
401.734	217.4576
401.958	225.4176
402.182	244.1376
402.406	270.9076
402.63	244.5076
402.854	228.4176
403.078	225.8176
403.302	228.7576
403.526	230.4376
403.75	232.3676
403.974	235.26760000000002
404.198	233.7276
404.422	236.9276
404.645	237.4276
404.869	243.78760000000003
405.093	259.6176
405.317	273.50759999999997
405.541	270.8976
405.765	250.85760000000002
405.988	256.5176
406.212	295.4076
406.436	341.8376
406.66	281.8576
406.883	249.5276
407.107	257.12760000000003
407.331	266.87760000000003
407.555	280.2076
407.778	272.4776
408.002	251.0576
408.226	243.8476
408.449	243.1676
408.673	238.71760000000003
408.896	244.85760000000002
409.12	251.8076
409.344	237.4376
409.567	230.98760000000001
409.791	232.3676
410.014	232.2776
410.238	231.28760000000003
410.461	231.3976
410.685	230.7076
410.908	237.3476
411.132	247.1776
411.355	239.44760000000002
411.578	231.9376
411.802	226.6176
412.025	228.9776
412.249	239.8376
412.472	251.96760000000003
412.695	265.8876
412.919	245.7976
413.142	233.2776
413.365	226.4776
413.589	223.23760000000001
413.812	219.28760000000003
414.035	219.4176
414.258	219.0276
414.482	219.69760000000002
414.705	219.94760000000002
414.928	218.8876
415.151	219.46760000000003
415.374	220.4976
415.597	216.82760000000002
415.821	213.7076
416.044	214.46760000000003
416.267	212.37760000000003
416.49	211.8376
416.713	212.03760000000003
416.936	216.4576
417.159	213.62760000000003
417.382	215.9576
417.605	216.7776
417.828	224.7076
418.051	224.3676
418.274	217.78760000000003
418.497	213.9076
418.72	216.1176
418.943	217.3676
419.166	225.9076
419.389	233.2276
419.611	233.85760000000002
419.834	231.6376
420.057	232.21760000000003
420.28	232.3076
420.503	230.5676
420.726	226.3676
420.948	229.0576
421.171	235.4076
421.394	232.1576
421.617	220.7576
421.839	219.5576
422.062	219.53760000000003
422.285	224.6476
422.507	245.4176
422.73	257.9376
422.953	239.69760000000002
423.175	226.8076
423.398	227.0276
423.621	226.9076
423.843	229.0876
424.066	226.73760000000001
424.288	225.6576
424.511	233.44760000000002
424.733	248.44760000000002
424.956	260.9276
425.178	247.71760000000003
425.401	252.48760000000001
425.623	248.07760000000002
425.846	222.7776
426.068	221.4576
426.291	219.85760000000002
426.513	217.5876
426.735	221.76760000000002
426.958	231.01760000000002
427.18	256.2176
427.402	302.7076
427.625	331.7876
427.847	294.6576
428.069	278.8976
428.292	228.0876
428.514	211.4776
428.736	206.0976
428.958	205.6576
429.181	200.96760000000003
429.403	201.9976
429.625	204.57760000000002
429.847	212.76760000000002
430.069	230.9976
430.292	215.5276
430.514	201.6676
430.736	200.03760000000003
430.958	198.9276
431.18	195.5276
431.402	197.7076
431.624	197.8176
431.846	199.2076
432.068	200.8676
432.29	202.3476
432.512	200.8076
432.734	200.28760000000003
432.956	202.94760000000002
433.178	210.69760000000002
433.4	210.87760000000003
433.622	203.5576
433.844	204.4576
434.066	205.0476
434.287	205.96760000000003
434.509	209.1776
434.731	210.2976
434.953	212.96760000000003
435.175	216.4376
435.397	221.9276
435.618	219.7976
435.84	233.4776
436.062	265.8176
436.284	257.4276
436.505	224.73760000000001
436.727	216.7976
436.949	208.1776
437.17	204.44760000000002
437.392	202.1576
437.614	208.3376
437.835	225.6776
438.057	251.5876
438.278	258.9176
438.5	253.8076
438.721	282.4376
438.943	244.12760000000003
439.165	211.3976
439.386	210.3176
439.608	213.1776
439.829	219.9976
440.05	244.1576
440.272	264.0776
440.493	221.82760000000002
440.715	208.9176
440.936	206.07760000000002
441.158	207.9076
441.379	211.4976
441.6	218.8876
441.822	225.87760000000003
442.043	235.4376
442.264	255.8676
442.486	247.7076
442.707	225.62760000000003
442.928	229.5976
443.149	250.85760000000002
443.371	254.4376
443.592	253.5676
443.813	275.94759999999997
444.034	269.99760000000003
444.255	236.3176
444.476	230.48760000000001
444.698	233.94760000000002
444.919	235.3976
445.14	275.9276
445.361	261.3176
445.582	252.28760000000003
445.803	280.9076
446.024	292.82759999999996
446.245	283.50759999999997
446.466	249.0276
446.687	214.5576
446.908	207.1376
447.129	201.35760000000002
447.35	198.62760000000003
447.571	201.1776
447.792	197.7576
448.013	204.9776
448.234	213.7076
448.455	225.1676
448.675	256.2876
448.896	269.2676
449.117	228.19760000000002
449.338	234.10760000000002
449.559	279.1776
449.779	282.3976
450.0	217.1176
450.221	200.1576
450.442	194.6676
450.662	196.62760000000003
450.883	208.10760000000002
451.104	213.32760000000002
451.324	200.4076
451.545	193.3076
451.766	189.4576
451.986	187.5876
452.207	186.2776
452.428	189.7076
452.648	194.3076
452.869	200.60760000000002
453.089	204.5576
453.31	207.6776
453.53	190.78760000000003
453.751	187.4976
453.971	195.62760000000003
454.192	201.5976
454.412	187.5276
454.633	183.7276
454.853	183.3476
455.073	183.4276
455.294	193.4576
455.514	211.5276
455.734	193.2576
455.955	179.7976
456.175	177.3476
456.395	176.6876
456.616	176.8176
456.836	179.07760000000002
457.056	177.2276
457.276	175.2576
457.497	179.1676
457.717	176.82760000000002
457.937	180.5876
458.157	182.1776
458.377	185.7976
458.598	203.37760000000003
458.818	246.9576
459.038	268.25759999999997
459.258	236.8976
459.478	205.9176
459.698	199.9776
459.918	202.3176
460.138	204.4276
460.358	208.7776
460.578	210.5076
460.798	214.7776
461.018	211.5076
461.238	208.1176
461.458	208.8976
461.678	207.0676
461.898	208.9376
462.118	212.4976
462.338	219.0276
462.558	220.96760000000003
462.777	225.3676
462.997	239.51760000000002
463.217	246.57760000000002
463.437	241.01760000000002
463.657	230.9776
463.876	225.4776
464.096	228.10760000000002
464.316	229.1776
464.536	232.21760000000003
464.755	229.9076
464.975	235.12760000000003
465.195	280.3676
465.414	274.3576
465.634	217.3476
465.854	203.1776
466.073	199.3076
466.293	195.12760000000003
466.512	191.9576
466.732	189.3176
466.951	191.57760000000002
467.171	195.1576
467.391	199.0076
467.61	207.4076
467.829	210.0476
468.049	251.3376
468.268	280.7176
468.488	206.5476
468.707	190.9376
468.927	188.26760000000002
469.146	186.5076
469.365	189.2976
469.585	188.6176
469.804	198.4176
470.023	201.6176
470.243	200.5876
470.462	204.6176
470.681	213.2076
470.901	200.6476
471.12	195.21760000000003
471.339	195.73760000000001
471.558	194.8376
471.777	199.87760000000003
471.997	220.5976
472.216	336.84760000000006
472.435	517.4276
472.654	275.55760000000004
472.873	210.5576
473.092	198.5976
473.311	193.96760000000003
473.53	192.0476
473.749	193.23760000000001
473.968	209.48760000000001
474.187	234.12760000000003
474.406	217.21760000000003
474.625	195.37760000000003
474.844	189.1376
475.063	186.19760000000002
475.282	189.7476
475.501	188.44760000000002
475.72	193.6676
475.939	188.82760000000002
476.158	191.60760000000002
476.377	191.5876
476.596	191.1576
476.814	197.4176
477.033	195.9376
477.252	197.85760000000002
477.471	198.96760000000003
477.69	202.4376
477.908	204.9376
478.127	208.2276
478.346	207.0476
478.564	213.51760000000002
478.783	218.0476
479.002	218.1676
479.22	217.4076
479.439	225.7976
479.658	231.4576
479.876	229.26760000000002
480.095	231.4576
480.313	240.5276
480.532	245.5076
480.751	260.30760000000004
480.969	371.5476
481.188	826.9775999999999
481.406	598.8676
481.624	291.0476
481.843	243.1676
482.061	229.3676
482.28	221.6676
482.498	218.4276
482.717	213.85760000000002
482.935	213.9376
483.153	212.1876
483.372	210.6376
483.59	211.0976
483.808	210.94760000000002
484.027	213.78760000000003
484.245	214.6776
484.463	211.96760000000003
484.681	220.6376
484.9	218.6776
485.118	220.1176
485.336	219.12760000000003
485.554	225.76760000000002
485.772	228.6176
485.99	230.0976
486.209	232.7276
486.427	231.7476
486.645	237.8376
486.863	240.3476
487.081	230.4776
487.299	226.4076
487.517	224.4376
487.735	221.6776
487.953	221.4076
488.171	221.71760000000003
488.389	223.3076
488.607	226.73760000000001
488.825	219.7076
489.043	220.9276
489.261	225.1476
489.479	223.60760000000002
489.696	223.7276
489.914	224.7576
490.132	226.4576
490.35	230.19760000000002
490.568	231.3476
490.786	234.5076
491.003	235.26760000000002
491.221	242.8876
491.439	248.8176
491.657	252.7076
491.874	252.2776
492.092	252.46760000000003
492.31	254.0076
492.527	256.7776
492.745	258.8176
492.963	258.6376
493.18	258.0976
493.398	261.3876
493.615	264.9776
493.833	258.7876
494.05	255.5676
494.268	253.23760000000001
494.485	252.2276
494.703	250.4776
494.92	249.3976
495.138	248.5276
495.355	248.53760000000003
495.573	248.8876
495.79	246.6176
496.008	250.23760000000001
496.225	246.8376
496.442	246.0076
496.66	250.0076
496.877	246.5876
497.094	250.4376
497.312	251.7976
497.529	255.69760000000002
497.746	259.1776
497.963	260.3476
498.181	270.4776
498.398	277.0676
498.615	293.6676
498.832	300.5376
499.049	301.7176
499.267	313.1576
499.484	325.9276
499.701	339.6976
499.918	357.9376
500.135	372.59760000000006
500.352	385.4576
500.569	388.1876
500.786	389.2776
501.003	380.2276
501.22	363.2876
501.437	350.1176
501.654	335.12760000000003
501.871	329.73760000000004
502.088	305.6476
502.305	293.2076
502.522	281.4176
502.739	274.8676
502.956	266.5776
503.172	261.6376
503.389	259.9476
503.606	261.4376
503.823	256.9076
504.04	251.8676
504.256	253.10760000000002
504.473	252.7576
504.69	254.0576
504.907	253.35760000000002
505.123	241.4576
505.34	237.53760000000003
505.557	235.0576
505.773	232.8176
505.99	228.6476
506.207	229.6776
506.423	225.78760000000003
506.64	223.5976
506.856	222.9276
507.073	221.9176
507.289	223.1376
507.506	225.19760000000002
507.722	236.6876
507.939	237.6876
508.155	222.1776
508.372	217.3176
508.588	218.2076
508.805	216.78760000000003
509.021	219.3476
509.238	224.71760000000003
509.454	224.01760000000002
509.67	224.5276
509.887	225.8876
510.103	242.1476
510.319	307.9176
510.536	747.5076
510.752	2089.9976
510.968	677.5176
511.184	261.4176
511.401	226.01760000000002
511.617	220.3976
511.833	225.4976
512.049	225.2076
512.265	218.5076
512.481	217.28760000000003
512.698	212.9176
512.914	211.4976
513.13	213.8676
513.346	208.01760000000002
513.562	210.9376
513.778	212.7576
513.994	212.1176
514.21	217.78760000000003
514.426	233.8376
514.642	248.7276
514.858	246.6476
515.074	281.4676
515.29	512.7776
515.506	1314.1176
515.721	576.1476
515.937	270.4576
516.153	235.7776
516.369	228.0076
516.585	226.2276
516.801	225.6376
517.016	231.6476
517.232	235.0476
517.448	237.4576
517.664	238.8376
517.879	240.7476
518.095	239.9176
518.311	238.9376
518.527	232.6776
518.742	227.7076
518.958	223.3476
519.173	219.1776
519.389	217.4376
519.605	215.2776
519.82	214.4376
520.036	222.9376
520.251	235.4076
520.467	230.10760000000002
520.682	225.1676
520.898	225.5276
521.113	234.8176
521.329	254.9976
521.544	317.5676
521.76	609.0476
521.975	2071.0376
522.19	1298.3676
522.406	388.1376
522.621	233.7976
522.836	211.3376
523.052	205.48760000000001
523.267	199.3376
523.482	197.73760000000001
523.698	198.87760000000003
523.913	214.5876
524.128	200.5576
524.343	190.7476
524.559	191.9776
524.774	189.9576
524.989	192.60760000000002
525.204	198.98760000000001
525.419	194.9276
525.634	186.6476
525.849	186.2576
526.064	185.2476
526.28	188.21760000000003
526.495	182.6476
526.71	184.2976
526.925	182.8076
527.14	182.48760000000001
527.355	181.5976
527.57	184.0676
527.785	181.1176
527.999	183.21760000000003
528.214	187.3476
528.429	187.1776
528.644	185.9176
528.859	183.5676
529.074	188.46760000000003
529.289	211.51760000000002
529.503	259.9076
529.718	202.94760000000002
529.933	191.73760000000001
530.148	185.2276
530.363	185.85760000000002
530.577	184.3976
530.792	183.4276
531.007	182.69760000000002
531.221	184.87760000000003
531.436	181.9576
531.651	183.4376
531.865	183.3976
532.08	181.12760000000003
532.295	181.87760000000003
532.509	182.9976
532.724	182.3376
532.938	184.44760000000002
533.153	183.82760000000002
533.367	184.5276
533.582	184.1676
533.796	182.6676
534.011	180.44760000000002
534.225	179.9576
534.44	180.6476
534.654	180.9576
534.868	179.4976
535.083	179.3476
535.297	180.6676
535.511	185.73760000000001
535.726	190.3076
535.94	183.8976
536.154	181.7076
536.369	178.2276
536.583	174.2276
536.797	178.8476
537.011	174.4076
537.225	175.8076
537.44	175.3676
537.654	175.3476
537.868	174.53760000000003
538.082	175.1776
538.296	175.2276
538.51	175.5576
538.724	174.10760000000002
538.938	174.5976
539.153	176.6476
539.367	184.46760000000003
539.581	176.0276
539.795	172.7276
540.009	171.7776
540.222	172.5676
540.436	173.3976
540.65	171.7476
540.864	173.46760000000003
541.078	176.3376
541.292	173.73760000000001
541.506	172.3976
541.72	171.5876
541.934	168.0976
542.147	168.35760000000002
542.361	169.37759999999997
542.575	167.0476
542.789	167.6776
543.002	169.39759999999998
543.216	171.76760000000002
543.43	175.73760000000001
543.644	173.1576
543.857	172.6776
544.071	171.96760000000003
544.285	173.7076
544.498	171.1776
544.712	170.7076
544.925	170.2276
545.139	169.8076
545.352	169.4276
545.566	171.51760000000002
545.779	169.7276
545.993	170.96760000000003
546.206	170.6476
546.42	169.03760000000003
546.633	168.78759999999997
546.847	172.7376
547.06	170.3676
547.274	168.8176
547.487	169.6876
547.7	168.5276
547.914	166.62759999999997
548.127	168.2076
548.34	169.9776
548.554	169.01760000000002
548.767	170.53760000000003
548.98	171.01760000000002
549.193	168.76760000000002
549.407	170.8376
549.62	172.0276
549.833	169.71760000000003
550.046	169.3476
550.259	169.71760000000003
550.473	167.2076
550.686	169.3676
550.899	167.4876
551.112	167.7276
551.325	166.26760000000002
551.538	168.64759999999998
551.751	166.1376
551.964	168.4076
552.177	171.4176
552.39	170.3876
552.603	171.62760000000003
552.816	172.9376
553.029	175.3476
553.242	177.53760000000003
553.455	181.28760000000003
553.667	187.78760000000003
553.88	184.85760000000002
554.093	177.51760000000002
554.306	177.19760000000002
554.519	175.9976
554.732	169.62759999999997
554.944	168.3476
555.157	168.35760000000002
555.37	166.6776
555.583	164.76760000000002
555.795	166.0776
556.008	163.0876
556.221	163.3276
556.433	160.7176
556.646	162.2076
556.859	159.6376
557.071	160.3476
557.284	157.0076
557.496	157.6676
557.709	156.74759999999998
557.921	158.5276
558.134	156.42759999999998
558.346	155.7776
558.559	153.8476
558.771	152.2076
558.984	154.4076
559.196	154.4476
559.409	152.8176
559.621	154.99759999999998
559.833	153.42759999999998
560.046	152.9376
560.258	155.08759999999998
560.47	158.32760000000002
560.683	153.67759999999998
560.895	154.2576
561.107	154.0976
561.32	153.4676
561.532	152.42759999999998
561.744	153.9676
561.956	154.9776
562.168	154.2676
562.381	153.7076
562.593	154.1376
562.805	156.6576
563.017	156.6976
563.229	155.4676
563.441	153.0976
563.653	154.9476
563.865	153.7676
564.077	154.92759999999998
564.289	155.99759999999998
564.501	157.57760000000002
564.713	159.0476
564.925	164.0676
565.137	171.1376
565.349	165.8376
565.561	165.6676
565.773	168.21759999999998
565.985	171.9776
566.197	174.7076
566.408	178.0576
566.62	185.57760000000002
566.832	188.4076
567.044	190.6676
567.255	192.1776
567.467	196.6176
567.679	200.26760000000002
567.891	206.7776
568.102	208.6876
568.314	199.3876
568.526	188.10760000000002
568.737	181.9276
568.949	174.8376
569.161	167.0076
569.372	162.35760000000002
569.584	160.6576
569.795	161.8776
570.007	176.7776
570.218	271.0276
570.43	187.96759999999998
570.641	155.32760000000002
570.853	152.9076
571.064	154.07760000000002
571.276	153.3076
571.487	151.0676
571.698	147.5376
571.91	147.5276
572.121	145.3876
572.333	144.8976
572.544	142.5576
572.755	141.9576
572.966	140.48760000000001
573.178	141.4776
573.389	142.8476
573.6	139.98760000000001
573.811	139.0376
574.023	139.23760000000001
574.234	138.7976
574.445	140.2276
574.656	138.2076
574.867	138.48760000000001
575.078	138.9776
575.289	138.0176
575.501	139.32760000000002
575.712	135.7976
575.923	135.2876
576.134	136.0676
576.345	135.0676
576.556	137.2976
576.767	136.8976
576.978	136.0376
577.188	137.2576
577.399	136.9376
577.61	137.2276
577.821	141.9376
578.032	151.7876
578.243	270.6676
578.454	641.3376000000001
578.665	226.5076
578.875	143.4176
579.086	134.9076
579.297	130.5176
579.508	131.8076
579.718	134.2276
579.929	131.5476
580.14	129.5376
580.35	129.0076
580.561	129.2676
580.772	129.4376
580.982	129.0376
581.193	128.1876
581.403	128.9776
581.614	128.8076
581.825	129.42759999999998
582.035	127.9276
582.246	130.0976
582.456	126.77759999999999
582.667	128.8076
582.877	129.9476
583.087	127.4676
583.298	127.0976
583.508	128.0276
583.719	127.30760000000001
583.929	129.7076
584.139	128.6376
584.35	126.4876
584.56	127.5676
584.77	126.9276
584.981	126.2876
585.191	127.3176
585.401	126.6676
585.611	125.2876
585.821	127.6976
586.032	128.6376
586.242	127.24759999999999
586.452	126.97760000000001
586.662	124.26759999999999
586.872	124.01759999999999
587.082	123.7076
587.292	124.7376
587.502	123.76759999999999
587.713	124.47760000000001
587.923	127.2376
588.133	124.5876
588.343	125.7576
588.553	124.10759999999999
588.762	129.3576
588.972	134.23760000000001
589.182	182.4876
589.392	145.8776
589.602	136.4176
589.812	158.7176
590.022	135.0976
590.232	125.7576
590.441	127.1176
590.651	125.1676
590.861	124.39760000000001
591.071	124.5376
591.281	128.2576
591.49	125.5976
591.7	127.4276
591.91	131.4476
592.119	127.9576
592.329	132.83759999999998
592.539	136.0276
592.748	134.98760000000001
592.958	134.2676
593.167	134.0476
593.377	134.0076
593.587	141.2676
593.796	136.5076
594.006	135.2076
594.215	136.7676
594.424	135.24759999999998
594.634	134.3876
594.843	132.9676
595.053	130.4476
595.262	128.3076
595.472	128.3476
595.681	127.4076
595.89	125.5076
596.1	124.68759999999999
596.309	124.7376
596.518	123.2976
596.727	124.51759999999999
596.937	123.43759999999999
597.146	122.2376
597.355	121.5376
597.564	119.85759999999999
597.774	120.47760000000001
597.983	119.1976
598.192	118.80760000000001
598.401	116.6576
598.61	118.3176
598.819	118.6976
599.028	118.3876
599.237	118.2576
599.446	119.9576
599.655	119.18759999999999
599.864	118.35759999999999
600.073	118.7976
600.282	119.6976
600.491	118.6976
600.7	117.80760000000001
600.909	117.35759999999999
601.118	119.1276
601.327	119.43759999999999
601.536	118.22760000000001
601.745	119.1976
601.953	119.1676
602.162	120.0976
602.371	118.3876
602.58	118.8676
602.789	116.76759999999999
602.997	116.5776
603.206	117.93759999999999
603.415	117.0476
603.623	114.9076
603.832	115.3676
604.041	114.3476
604.249	114.0976
604.458	113.9576
604.666	114.3176
604.875	114.52759999999999
605.084	114.5076
605.292	113.80760000000001
605.501	114.2076
605.709	113.9576
605.918	111.51759999999999
606.126	115.8376
606.334	114.1576
606.543	114.9576
606.751	114.4676
606.96	113.6976
607.168	113.7876
607.376	113.80760000000001
607.585	114.6676
607.793	112.6276
608.001	112.8876
608.21	112.2576
608.418	112.0076
608.626	113.18759999999999
608.834	112.6976
609.043	113.05760000000001
609.251	113.5376
609.459	113.6376
609.667	114.3376
609.875	112.05760000000001
610.083	112.4176
610.291	113.2176
610.499	113.49759999999999
610.707	112.1776
610.916	111.99759999999999
611.124	113.6376
611.332	111.8776
611.54	112.8876
611.748	112.9076
611.955	113.3676
612.163	112.6976
612.371	112.47760000000001
612.579	110.8676
612.787	110.3676
612.995	112.6276
613.203	113.01759999999999
613.411	110.9676
613.618	111.3776
613.826	111.26759999999999
614.034	111.43759999999999
614.242	110.3376
614.449	110.5376
614.657	110.2976
614.865	112.01759999999999
615.072	112.0676
615.28	113.10759999999999
615.488	113.77759999999999
615.695	115.02759999999999
615.903	119.51759999999999
616.111	119.14760000000001
616.318	124.01759999999999
616.526	116.55760000000001
616.733	117.7576
616.941	115.3376
617.148	115.5376
617.356	112.3176
617.563	110.7176
617.771	112.05760000000001
617.978	110.7076
618.185	111.6376
618.393	109.1576
618.6	109.72760000000001
618.807	110.9276
619.015	110.18759999999999
619.222	109.8876
619.429	109.39760000000001
619.637	110.27759999999999
619.844	109.5776
620.051	107.76759999999999
620.258	109.2976
620.466	107.64760000000001
620.673	106.64760000000001
620.88	108.4576
621.087	106.43759999999999
621.294	108.3276
621.501	108.49759999999999
621.708	107.68759999999999
621.915	108.27759999999999
622.122	107.6276
622.329	108.0776
622.536	109.1976
622.743	106.26759999999999
622.95	106.5476
623.157	105.10759999999999
623.364	105.8676
623.571	107.1276
623.778	105.4076
623.985	107.5876
624.192	106.9476
624.399	105.8376
624.606	109.4876
624.812	104.7176
625.019	105.7876
625.226	105.8376
625.433	107.5776
625.639	106.4476
625.846	105.22760000000001
626.053	105.8476
626.259	105.6976
626.466	107.6176
626.673	105.4276
626.879	104.7376
627.086	106.4076
627.293	105.49759999999999
627.499	103.9276
627.706	104.2076
627.912	103.43759999999999
628.119	104.2876
628.325	106.5076
628.532	103.0676
628.738	103.2176
628.945	104.1576
629.151	102.9576
629.357	102.2176
629.564	102.77759999999999
629.77	102.3676
629.976	101.7076
630.183	102.93759999999999
630.389	101.8476
630.595	102.43759999999999
630.802	102.1776
631.008	101.1676
631.214	100.9176
631.42	101.74759999999999
631.627	105.97760000000001
631.833	103.0776
632.039	101.1176
632.245	101.24759999999999
632.451	100.4476
632.657	101.55760000000001
632.863	100.7876
633.069	103.0376
633.275	101.7376
633.481	99.26759999999999
633.688	101.2876
633.893	101.64760000000001
634.099	100.77759999999999
634.305	100.4276
634.511	100.4876
634.717	100.55760000000001
634.923	98.47760000000001
635.129	99.51759999999999
635.335	98.85759999999999
635.541	99.9276
635.747	102.55760000000001
635.952	101.1176
636.158	105.5976
636.364	129.8576
636.57	121.93759999999999
636.775	105.3176
636.981	100.6776
637.187	102.8376
637.392	99.93759999999999
637.598	100.6976
637.804	99.4576
638.009	99.55760000000001
638.215	98.9176
638.421	98.2976
638.626	99.76759999999999
638.832	98.8176
639.037	99.7376
639.243	99.4476
639.448	98.8676
639.654	99.89760000000001
639.859	97.51759999999999
640.065	98.2876
640.27	102.0976
640.475	98.1376
640.681	96.01759999999999
640.886	99.5476
641.091	97.89760000000001
641.297	100.80760000000001
641.502	96.80760000000001
641.707	100.9876
641.913	100.60759999999999
642.118	97.4276
642.323	97.8176
642.528	100.1276
642.733	99.1376
642.939	97.8476
643.144	98.3376
643.349	97.8776
643.554	98.2176
643.759	98.5676
643.964	96.8376
644.169	97.9176
644.374	96.10759999999999
644.579	98.72760000000001
644.784	97.6676
644.989	98.2976
645.194	98.4076
645.399	99.47760000000001
645.604	98.0776
645.809	99.5076
646.014	98.2876
646.219	98.5476
646.423	96.72760000000001
646.628	97.3476
646.833	99.0676
647.038	99.1376
647.243	98.5476
647.447	98.4476
647.652	98.0076
647.857	98.1976
648.062	99.0676
648.266	100.52759999999999
648.471	103.2376
648.676	105.77759999999999
648.88	103.7076
649.085	103.0776
649.289	102.76759999999999
649.494	111.74759999999999
649.698	137.3776
649.903	110.43759999999999
650.107	100.27759999999999
650.312	99.8176
650.516	95.10759999999999
650.721	97.60759999999999
650.925	93.89760000000001
651.13	93.3276
651.334	93.3876
651.539	92.60759999999999
651.743	91.5476
651.947	92.4076
652.152	94.9576
652.356	92.5876
652.56	92.39760000000001
652.764	91.4576
652.969	92.9276
653.173	90.4676
653.377	92.3276
653.581	90.2176
653.785	92.3876
653.99	92.4676
654.194	89.8676
654.398	91.0876
654.602	91.8776
654.806	95.5376
655.01	106.9476
655.214	98.4276
655.418	91.91760000000001
655.622	91.10759999999999
655.826	91.8376
656.03	94.2176
656.234	98.72760000000001
656.438	101.7876
656.642	101.89760000000001
656.846	96.68759999999999
657.049	92.97760000000001
657.253	91.2876
657.457	89.85759999999999
657.661	88.18759999999999
657.865	86.89760000000001
658.068	87.47760000000001
658.272	84.8176
658.476	86.89760000000001
658.68	85.14760000000001
658.883	85.0376
659.087	83.6976
659.291	85.8276
659.494	85.47760000000001
659.698	84.0076
659.901	84.5476
660.105	85.3476
660.309	84.51759999999999
660.512	83.3376
660.716	84.3776
660.919	83.9576
661.123	86.16760000000001
661.326	84.3776
661.53	83.5476
661.733	83.85759999999999
661.936	84.3676
662.14	82.0376
662.343	81.3876
662.546	81.22760000000001
662.75	82.89760000000001
662.953	83.2976
663.156	82.4576
663.36	81.6976
663.563	82.2576
663.766	81.4076
663.969	81.97760000000001
664.173	80.6476
664.376	81.51759999999999
664.579	81.30760000000001
664.782	81.02759999999999
664.985	81.47760000000001
665.188	81.41760000000001
665.391	83.4976
665.594	80.9276
665.797	79.6876
666.0	81.5976
666.203	81.2976
666.406	81.0076
666.609	82.2176
666.812	82.97760000000001
667.015	81.0676
667.218	81.9476
667.421	82.4276
667.624	82.18759999999999
667.827	83.0876
668.03	80.2976
668.232	80.7076
668.435	81.0076
668.638	81.8376
668.841	84.9576
669.043	82.0976
669.246	81.30760000000001
669.449	79.5376
669.651	80.2676
669.854	81.5376
670.057	82.41760000000001
670.259	80.8676
670.462	82.5376
670.665	81.10759999999999
670.867	82.6576
671.07	81.4576
671.272	82.2476
671.475	85.6576
671.677	81.7176
671.88	81.0976
672.082	80.60759999999999
672.284	80.1276
672.487	82.68759999999999
672.689	81.05760000000001
672.892	80.0076
