223.165	-17.996199999999998
223.4	-17.996199999999998
223.635	-17.996199999999998
223.869	-19.1262
224.104	-18.4662
224.338	-14.8062
224.573	-14.6362
224.808	-12.3262
225.042	-7.8862000000000005
225.277	-5.9062
225.511	-2.5262
225.746	3.6838
225.98	8.3138
226.215	12.0138
226.449	15.1738
226.683	19.2938
226.918	25.3038
227.152	29.8938
227.387	34.5938
227.621	38.0538
227.856	43.763799999999996
228.09	45.383799999999994
228.324	51.403800000000004
228.559	55.4438
228.793	67.8038
229.027	99.81379999999999
229.262	110.5438
229.496	125.63380000000001
229.73	154.8238
229.964	154.7838
230.199	121.15379999999999
230.433	114.56379999999999
230.667	116.63380000000001
230.901	116.40379999999999
231.136	114.4138
231.37	115.89380000000001
231.604	115.8338
231.838	117.90379999999999
232.072	117.4238
232.306	119.39380000000001
232.541	119.63380000000001
232.775	120.9138
233.009	119.89380000000001
233.243	119.8438
233.477	121.9138
233.711	120.88380000000001
233.945	123.0838
234.179	123.8638
234.413	122.23379999999999
234.647	122.2538
234.881	122.56380000000001
235.115	125.9138
235.349	125.7838
235.583	126.9538
235.817	129.6038
236.051	133.4438
236.285	130.0338
236.519	131.8638
236.753	139.7038
236.987	161.47379999999998
237.221	209.2338
237.455	224.0338
237.689	157.8938
237.922	142.0738
238.156	138.8438
238.39	136.1838
238.624	134.2038
238.858	134.6938
239.091	134.6838
239.325	138.4238
239.559	141.0438
239.793	143.0138
240.027	148.7038
240.26	160.9438
240.494	167.3038
240.728	163.81380000000001
240.961	158.3938
241.195	150.5838
241.429	150.0738
241.662	145.5338
241.896	147.3438
242.13	147.87380000000002
242.363	148.3338
242.597	151.50379999999998
242.83	153.8438
243.064	152.75379999999998
243.298	155.4338
243.531	155.2638
243.765	156.2038
243.998	158.7138
244.232	159.5238
244.465	165.90380000000002
244.699	163.74380000000002
244.932	163.44379999999998
245.166	161.3638
245.399	163.3838
245.633	163.56380000000001
245.866	163.65380000000002
246.099	165.75379999999998
246.333	166.2338
246.566	166.74380000000002
246.8	172.2238
247.033	172.9538
247.266	173.3638
247.5	182.9338
247.733	187.5138
247.966	188.5338
248.2	187.1438
248.433	188.5738
248.666	197.2338
248.899	209.3038
249.133	224.0138
249.366	234.56380000000001
249.599	225.74380000000002
249.832	212.8938
250.066	225.15380000000002
250.299	260.0638
250.532	315.6938
250.765	310.2738
250.998	283.6338
251.231	256.5738
251.465	233.4638
251.698	223.50379999999998
251.931	220.6138
252.164	216.8238
252.397	219.3638
252.63	221.00379999999998
252.863	228.90380000000002
253.096	241.3438
253.329	247.06380000000001
253.562	236.7338
253.795	229.9638
254.028	231.4838
254.261	238.2638
254.494	258.04380000000003
254.727	293.4338
254.96	300.1338
255.193	280.3538
255.426	274.35380000000004
255.659	303.3838
255.892	397.0938
256.124	488.6538
256.357	423.85380000000004
256.59	331.4038
256.823	286.8138
257.056	265.0838
257.289	255.2038
257.521	251.9838
257.754	247.8938
257.987	241.3538
258.22	242.16379999999998
258.452	241.9638
258.685	241.15380000000002
258.918	238.8038
259.151	242.16379999999998
259.383	246.8838
259.616	246.5338
259.849	254.3638
260.081	268.35380000000004
260.314	284.04380000000003
260.547	276.4538
260.779	262.4238
261.012	259.87379999999996
261.244	256.2138
261.477	252.81380000000001
261.71	255.4738
261.942	278.6838
262.175	285.1938
262.407	256.79380000000003
262.64	242.8738
262.872	241.92380000000003
263.105	242.08380000000002
263.337	243.8738
263.57	244.0938
263.802	244.7838
264.035	244.0938
264.267	243.3838
264.499	243.06380000000001
264.732	248.4738
264.964	245.9338
265.197	248.1138
265.429	249.2838
265.661	248.4638
265.894	249.50379999999998
266.126	253.0438
266.358	254.5138
266.591	256.54380000000003
266.823	265.0838
267.055	263.9038
267.287	263.1738
267.52	260.7438
267.752	263.2038
267.984	264.1638
268.216	265.5038
268.448	271.2038
268.681	275.0938
268.913	288.5038
269.145	305.1438
269.377	310.1938
269.609	300.2238
269.841	297.5638
270.073	308.0238
270.306	335.1638
270.538	347.7938
270.77	330.5438
271.002	318.9138
271.234	318.7338
271.466	335.21380000000005
271.698	346.4938
271.93	345.3938
272.162	346.30379999999997
272.394	339.87379999999996
272.626	322.79380000000003
272.858	310.6538
273.09	304.67379999999997
273.322	304.4138
273.553	301.2538
273.785	301.6938
274.017	302.6438
274.249	305.2438
274.481	309.0738
274.713	309.9938
274.945	314.9738
275.176	316.54380000000003
275.408	317.7638
275.64	322.04380000000003
275.872	326.71380000000005
276.104	327.9938
276.335	329.0838
276.567	346.12379999999996
276.799	378.11379999999997
277.031	407.5938
277.262	421.05379999999997
277.494	393.61379999999997
277.726	358.3338
277.957	342.78380000000004
278.189	337.3938
278.421	331.28380000000004
278.652	329.2038
278.884	329.87379999999996
279.115	326.7338
279.347	330.60380000000004
279.579	336.5438
279.81	349.1338
280.042	374.8138
280.273	408.5938
280.505	381.4838
280.736	349.0938
280.968	339.71380000000005
281.199	336.3338
281.431	338.0138
281.662	338.9838
281.894	341.5638
282.125	350.6338
282.356	383.10380000000004
282.588	415.2438
282.819	375.9138
283.051	345.4138
283.282	338.93379999999996
283.513	345.1938
283.745	346.0838
283.976	348.12379999999996
284.207	349.25379999999996
284.439	346.12379999999996
284.67	345.7738
284.901	346.2438
285.132	346.00379999999996
285.364	343.5938
285.595	347.0438
285.826	350.10380000000004
286.057	352.18379999999996
286.288	351.93379999999996
286.52	352.55379999999997
286.751	352.2738
286.982	356.75379999999996
287.213	356.9238
287.444	359.03380000000004
287.675	366.7738
287.906	375.7638
288.138	379.9238
288.369	378.86379999999997
288.6	378.21380000000005
288.831	367.96380000000005
289.062	369.0238
289.293	367.9738
289.524	365.18379999999996
289.755	363.8138
289.986	366.37379999999996
290.217	362.80379999999997
290.448	363.6338
290.679	365.3138
290.91	363.6938
291.141	364.5138
291.371	364.75379999999996
291.602	365.2738
291.833	362.5638
292.064	364.4938
292.295	363.55379999999997
292.526	367.4238
292.757	365.6338
292.987	361.9438
293.218	361.7638
293.449	366.5438
293.68	365.11379999999997
293.91	365.5438
294.141	368.0438
294.372	362.9938
294.603	369.4738
294.833	368.5738
295.064	372.18379999999996
295.295	372.18379999999996
295.525	372.96380000000005
295.756	386.86379999999997
295.987	406.62379999999996
296.217	445.71380000000005
296.448	424.37379999999996
296.679	385.5438
296.909	378.61379999999997
297.14	379.5638
297.37	386.80379999999997
297.601	385.7738
297.831	385.55379999999997
298.062	388.05379999999997
298.292	389.60380000000004
298.523	394.3338
298.753	393.7438
298.984	392.18379999999996
299.214	394.71380000000005
299.445	394.30379999999997
299.675	398.0238
299.905	405.36379999999997
300.136	397.4438
300.366	397.8138
300.597	400.96380000000005
300.827	415.6938
301.057	426.8938
301.288	434.00379999999996
301.518	420.1538
301.748	422.1738
301.979	438.60380000000004
302.209	428.8438
302.439	425.7438
302.669	421.0738
302.9	415.2938
303.13	415.3838
303.36	429.4938
303.59	441.3138
303.82	452.61379999999997
304.051	433.1638
304.281	419.86379999999997
304.511	415.0638
304.741	413.1338
304.971	412.28380000000004
305.201	414.62379999999996
305.431	412.6538
305.661	414.5638
305.891	412.68379999999996
306.121	418.4838
306.352	429.8438
306.582	431.18379999999996
306.812	420.03380000000004
307.042	428.8838
307.272	446.93379999999996
307.502	460.8338
307.731	454.50379999999996
307.961	433.2738
308.191	420.86379999999997
308.421	416.2938
308.651	419.9438
308.881	419.4738
309.111	426.46380000000005
309.341	427.53380000000004
309.571	439.60380000000004
309.8	440.9838
310.03	449.7738
310.26	453.5938
310.49	447.68379999999996
310.72	464.8438
310.949	477.5738
311.179	470.6938
311.409	453.4438
311.639	455.53380000000004
311.868	457.4438
312.098	458.8238
312.328	471.03380000000004
312.557	489.35380000000004
312.787	501.25379999999996
313.017	487.2338
313.246	472.7038
313.476	459.11379999999997
313.706	465.2438
313.935	474.9438
314.165	489.2038
314.394	492.9538
314.624	483.8438
314.853	475.4938
315.083	466.5238
315.312	462.55379999999997
315.542	459.55379999999997
315.771	456.5438
316.001	453.4938
316.23	455.8838
316.46	453.8438
316.689	461.5738
316.919	467.2338
317.148	475.1438
317.377	471.1638
317.607	468.86379999999997
317.836	463.6538
318.065	455.2438
318.295	458.1638
318.524	458.0238
318.753	457.53380000000004
318.983	463.0138
319.212	464.85380000000004
319.441	479.4138
319.67	481.4138
319.9	459.5138
320.129	462.46380000000005
320.358	466.2938
320.587	471.37379999999996
320.816	478.6638
321.046	484.1738
321.275	479.4838
321.504	479.05379999999997
321.733	484.78380000000004
321.962	493.25379999999996
322.191	503.2238
322.42	517.5338
322.649	531.0938
322.878	538.5738
323.108	555.9538
323.337	587.1638
323.566	613.8738
323.795	661.0838
324.024	767.5438
324.253	1118.6638
324.482	1887.5038000000002
324.71	3094.1638
324.939	3628.3437999999996
325.168	2074.4638
325.397	903.9138
325.626	686.3937999999999
325.855	633.9037999999999
326.084	618.6537999999999
326.313	627.7338
326.542	666.1838
326.77	804.1538
326.999	1167.5038
327.228	1941.6938000000002
327.457	3039.6537999999996
327.686	2681.4838
327.914	1234.2038
328.143	1041.1638
328.372	1075.8738
328.6	871.3638
328.829	746.3437999999999
329.058	762.5238
329.287	773.1638
329.515	750.9138
329.744	819.0238
329.972	1014.3937999999999
330.201	1359.8938
330.43	1620.9138
330.658	1142.3938
330.887	905.4038
331.115	776.1038
331.344	680.3338
331.572	659.4738
331.801	668.3638
332.03	664.2238
332.258	651.6838
332.486	653.5038
332.715	668.0937999999999
332.943	693.1437999999999
333.172	724.0337999999999
333.4	762.1838
333.629	823.6737999999999
333.857	928.9138
334.085	1130.2238
334.314	1488.5638000000001
334.542	1952.1838
334.771	1866.4238
334.999	1060.5738000000001
335.227	813.3038
335.455	727.2438
335.684	684.3838
335.912	661.5738
336.14	640.2138
336.369	630.2138
336.597	635.1938
336.825	620.6838
337.053	602.9037999999999
337.281	592.0238
337.51	581.4738
337.738	586.1338
337.966	575.7238
338.194	578.5738
338.422	569.8638
338.65	558.2638
338.878	554.0138
339.106	551.6738
339.334	547.8738
339.562	541.3138
339.79	533.2937999999999
340.018	537.0338
340.246	535.7538
340.474	541.1338
340.702	537.5238
340.93	533.3937999999999
341.158	537.5938
341.386	536.6238
341.614	537.5538
341.842	533.6638
342.07	524.9438
342.298	521.1138
342.526	520.1738
342.754	517.4738
342.981	519.1138
343.209	530.6437999999999
343.437	558.6437999999999
343.665	575.6638
343.893	602.0838
344.12	605.8338
344.348	581.8138
344.576	566.1437999999999
344.804	558.9438
345.031	557.0338
345.259	557.5638
345.487	538.0538
345.714	527.9438
345.942	516.0838
346.17	512.6138
346.397	509.11379999999997
346.625	510.8938
346.853	507.5438
347.08	505.37379999999996
347.308	513.9638
347.535	524.7438
347.763	526.9738
347.99	523.0638
348.218	526.2738
348.445	532.9938
348.673	520.4338
348.9	510.3238
349.128	503.35380000000004
349.355	493.50379999999996
349.583	495.4938
349.81	494.82379999999995
350.037	492.4138
350.265	493.14379999999994
350.492	495.71379999999994
350.72	498.7038
350.947	507.1638
351.174	519.9037999999999
351.402	528.3438
351.629	514.4738
351.856	515.2238
352.083	519.9738
352.311	526.9538
352.538	530.8738
352.765	528.0538
352.992	522.5538
353.22	513.8738
353.447	508.1338
353.674	500.1538
353.901	490.7938
354.128	490.0738
354.355	487.4738
354.583	490.46379999999994
354.81	488.03380000000004
355.037	487.4138
355.264	484.03380000000004
355.491	481.8938
355.718	481.36379999999997
355.945	483.5038
356.172	483.8938
356.399	484.3838
356.626	483.3238
356.853	486.30379999999997
357.08	481.93379999999996
357.307	483.37379999999996
357.534	479.8838
357.761	485.4138
357.988	487.07379999999995
358.215	486.3138
358.441	487.4038
358.668	485.64379999999994
358.895	492.4538
359.122	492.6738
359.349	499.6338
359.576	514.1738
359.802	545.3538
360.029	572.0138
360.256	569.7238
360.483	538.3838
360.709	507.5138
360.936	508.60380000000004
361.163	509.2238
361.39	516.2438
361.616	514.6537999999999
361.843	505.2638
362.07	511.5438
362.296	514.8338
362.523	506.6338
362.749	505.7638
362.976	500.9438
363.203	496.9738
363.429	491.46379999999994
363.656	495.4738
363.882	492.43379999999996
364.109	491.4238
364.335	489.9938
364.562	492.2038
364.788	491.93379999999996
365.015	497.1338
365.241	501.5638
365.468	509.6938
365.694	510.8838
365.92	504.2638
366.147	495.25379999999996
366.373	494.10380000000004
366.599	490.4938
366.826	487.5238
367.052	483.6638
367.278	493.60380000000004
367.505	491.8338
367.731	495.7738
367.957	492.80379999999997
368.184	498.6338
368.41	511.1438
368.636	527.8838
368.862	535.4037999999999
369.089	517.6838
369.315	504.4438
369.541	501.9838
369.767	506.55379999999997
369.993	505.4538
370.219	507.50379999999996
370.445	504.5838
370.672	506.1538
370.898	506.1738
371.124	512.7038
371.35	514.8838
371.576	510.6338
371.802	511.14379999999994
372.028	509.3338
372.254	514.2138
372.48	515.6638
372.706	524.4538
372.932	528.3937999999999
373.158	522.9037999999999
373.384	521.4238
373.61	516.9738
373.835	518.6838
374.061	518.5538
374.287	529.4438
374.513	532.6537999999999
374.739	545.8937999999999
374.965	555.0138
375.191	554.0738
375.416	543.1838
375.642	535.1038
375.868	532.7538
376.094	525.2238
376.319	520.8238
376.545	520.4338
376.771	514.3038
376.997	515.2538
377.222	515.5538
377.448	513.3538
377.674	510.4838
377.899	510.3438
378.125	509.60380000000004
378.35	508.46379999999994
378.576	507.25379999999996
378.802	506.75379999999996
379.027	507.9738
379.253	511.3438
379.478	507.37379999999996
379.704	510.5438
379.929	515.0738
380.155	514.2838
380.38	516.6138
380.606	518.5738
380.831	512.4338
381.057	522.9838
381.282	517.3238
381.507	521.7738
381.733	527.0538
381.958	527.6838
382.184	535.1938
382.409	542.0638
382.634	544.6738
382.86	544.9738
383.085	552.1537999999999
383.31	558.3438
383.535	565.8538
383.761	569.8038
383.986	577.7638
384.211	584.5638
384.436	588.8538
384.662	594.8937999999999
384.887	606.8937999999999
385.112	605.4438
385.337	613.5138
385.562	614.2738
385.787	620.0038
386.013	627.1738
386.238	634.3038
386.463	623.1238
386.688	625.1238
386.913	610.4638
387.138	608.5338
387.363	610.6437999999999
387.588	600.3538
387.813	606.6638
388.038	604.2038
388.263	617.2038
388.488	614.8038
388.713	604.1638
388.938	599.6738
389.163	595.2338
389.387	596.1738
389.612	586.6537999999999
389.837	590.5538
390.062	587.8738
390.287	593.3038
390.512	590.3937999999999
390.736	595.5238
390.961	607.4738
391.186	610.8738
391.411	631.0437999999999
391.636	640.9138
391.86	653.4738
392.085	654.6638
392.31	648.3937999999999
392.534	634.7638
392.759	628.3138
392.984	618.6138
393.208	617.8438
393.433	624.3738
393.658	617.7038
393.882	616.5437999999999
394.107	616.1738
394.331	620.3538
394.556	621.5838
394.78	628.1537999999999
395.005	633.6738
395.229	632.0238
395.454	649.9338
395.678	659.6238000000001
395.903	664.1538
396.127	669.5337999999999
396.352	649.5038
396.576	628.8338
396.801	627.6238
397.025	639.7538
397.249	651.3338
397.474	663.6138
397.698	661.8937999999999
397.922	676.9738
398.147	687.5038
398.371	696.1038
398.595	708.5238
398.82	737.8137999999999
399.044	791.0038
399.268	866.4438
399.492	968.6338
399.717	1035.1038
399.941	1011.6238000000001
400.165	955.7438
400.389	887.3638
400.613	806.5238
400.837	766.3738000000001
401.062	748.1838
401.286	739.3538
401.51	735.0538
401.734	733.5238
401.958	757.4638
402.182	790.3638
402.406	829.6238000000001
402.63	799.6737999999999
402.854	791.4638
403.078	793.0637999999999
403.302	802.5738
403.526	817.3937999999999
403.75	820.9338
403.974	829.6538
404.198	831.8638
404.422	849.3738000000001
404.645	856.1437999999999
404.869	876.0138000000001
405.093	936.2538
405.317	1000.5738
405.541	988.2638000000001
405.765	894.3638
405.988	874.4438
406.212	922.7037999999999
406.436	987.7037999999999
406.66	924.6638
406.883	877.2638000000001
407.107	924.5538
407.331	977.3338
407.555	1027.2838000000002
407.778	991.0738
408.002	910.0838
408.226	872.0038
408.449	862.7238
408.673	847.9338
408.896	868.5238
409.12	886.8638
409.344	836.2738
409.567	802.5838
409.791	800.4938
410.014	792.2037999999999
410.238	784.8838
410.461	787.8838
410.685	793.9638
410.908	807.2738
411.132	834.9338
411.355	835.4138
411.578	794.8937999999999
411.802	779.0738
412.025	794.8437999999999
412.249	839.6838
412.472	906.9438
412.695	968.0838
412.919	887.7938
413.142	840.5038
413.365	805.8638
413.589	782.7338
413.812	753.4138
414.035	743.7538
414.258	746.3137999999999
414.482	747.5138000000001
414.705	745.2037999999999
414.928	740.1138
415.151	735.3538
415.374	737.2837999999999
415.597	724.8738000000001
415.821	718.2138
416.044	723.3738000000001
416.267	721.5937999999999
416.49	708.9938
416.713	707.1838
416.936	719.9738
417.159	720.0038
417.382	737.8238
417.605	751.4638
417.828	770.9138
418.051	761.1838
418.274	737.8137999999999
418.497	729.2238
418.72	741.7438
418.943	737.6737999999999
419.166	781.0238
419.389	826.1638
419.611	821.9338
419.834	812.8437999999999
420.057	828.9638
420.28	854.3538
420.503	832.8838
420.726	806.1038
420.948	799.7138
421.171	828.3338
421.394	809.3038
421.617	752.8838
421.839	745.2138
422.062	755.0838
422.285	767.2638000000001
422.507	835.6638
422.73	890.0937999999999
422.953	822.6338
423.175	783.5538
423.398	784.2938
423.621	785.6238000000001
423.843	806.3738000000001
424.066	797.3638
424.288	791.2238
424.511	812.3038
424.733	863.9237999999999
424.956	915.7438
425.178	859.3937999999999
425.401	878.6737999999999
425.623	864.6638
425.846	762.2938
426.068	750.3937999999999
426.291	738.4038
426.513	738.8038
426.735	750.7938
426.958	803.0838
427.18	897.5438
427.402	1049.0837999999999
427.625	1116.8938
427.847	1020.1938
428.069	978.9638
428.292	809.6538
428.514	717.9638
428.736	692.9237999999999
428.958	689.1838
429.181	665.5937999999999
429.403	664.0538
429.625	679.9138
429.847	717.4138
430.069	778.1437999999999
430.292	723.6038
430.514	665.2938
430.736	661.8838
430.958	654.3838
431.18	642.5938
431.402	646.6338
431.624	645.3838
431.846	651.5937999999999
432.068	651.6138
432.29	664.2338
432.512	652.9338
432.734	663.8238
432.956	654.9338
433.178	672.3137999999999
433.4	675.2238
433.622	658.2538
433.844	660.4537999999999
434.066	659.3538
434.287	671.1737999999999
434.509	692.9138
434.731	713.7438
434.953	725.2438
435.175	737.1838
435.397	746.8937999999999
435.618	739.6138
435.84	788.8137999999999
436.062	892.3838
436.284	883.5738
436.505	742.5937999999999
436.727	716.9537999999999
436.949	678.0738
437.17	663.6538
437.392	660.0438
437.614	680.6838
437.835	733.4537999999999
438.057	840.7338
438.278	896.3137999999999
438.5	878.8538
438.721	982.0838
438.943	852.4038
439.165	719.6038
439.386	704.8338
439.608	707.4738
439.829	726.0738
440.05	785.3137999999999
440.272	847.5538
440.493	738.3937999999999
440.715	698.7538
440.936	691.3838
441.158	693.0438
441.379	708.2837999999999
441.6	744.2438
441.822	766.5438
442.043	811.7238
442.264	895.8838
442.486	866.4838
442.707	774.1038
442.928	769.2538
443.149	817.9338
443.371	836.5838
443.592	868.0637999999999
443.813	967.8438000000001
444.034	958.8738000000001
444.255	829.1538
444.476	810.7738
444.698	825.9738
444.919	831.9237999999999
445.14	854.2538
445.361	833.4038
445.582	850.0337999999999
445.803	943.0438
446.024	1004.5338
446.245	963.7838
446.466	848.7538
446.687	724.4038
446.908	691.2938
447.129	660.7138
447.35	647.7738
447.571	647.7738
447.792	636.8838
448.013	653.8137999999999
448.234	679.4338
448.455	738.4038
448.675	873.0637999999999
448.896	926.0138000000001
449.117	758.9038
449.338	786.4138
449.559	940.1038
449.779	969.2438
450.0	730.8538
450.221	653.9537999999999
450.442	630.6638
450.662	630.5138
450.883	654.1138
451.104	670.2238
451.324	638.4138
451.545	613.8238
451.766	601.6638
451.986	588.1838
452.207	586.9338
452.428	588.6638
452.648	598.4037999999999
452.869	610.3638
453.089	618.6138
453.31	631.6838
453.53	594.6437999999999
453.751	587.5437999999999
453.971	600.4438
454.192	621.7038
454.412	584.1138
454.633	575.1738
454.853	566.8538
455.073	574.5338
455.294	615.7438
455.514	677.8538
455.734	619.0738
455.955	561.0938
456.175	552.1437999999999
456.395	545.5738
456.616	544.8838
456.836	549.3038
457.056	545.3937999999999
457.276	541.1437999999999
457.497	558.4338
457.717	553.9138
457.937	565.3538
458.157	570.3538
458.377	586.4538
458.598	634.0838
458.818	747.1437999999999
459.038	837.5838
459.258	781.7638000000001
459.478	681.6737999999999
459.698	664.3038
459.918	666.7138
460.138	685.3437999999999
460.358	710.0438
460.578	710.6038
460.798	722.1437999999999
461.018	720.2338
461.238	701.2538
461.458	702.2837999999999
461.678	699.7738
461.898	715.8638
462.118	716.9038
462.338	754.1038
462.558	767.6338
462.777	795.6038
462.997	854.3738000000001
463.217	894.9638
463.437	872.5438
463.657	813.6638
463.876	796.4237999999999
464.096	803.3838
464.316	804.8838
464.536	811.1838
464.755	789.4838
464.975	791.7638000000001
465.195	866.3638
465.414	874.4338
465.634	719.9638
465.854	678.3738000000001
466.073	655.0138000000001
466.293	635.9738
466.512	619.4538
466.732	610.7238
466.951	615.1638
467.171	619.6138
467.391	633.0938
467.61	654.7138
467.829	685.2438
468.049	840.9438
468.268	989.6838
468.488	708.6938
468.707	631.3538
468.927	613.5938
469.146	602.1338
469.365	605.4438
469.585	609.9238
469.804	635.6938
470.023	650.0238
470.243	643.5138
470.462	658.9738
470.681	682.0238
470.901	655.9038
471.12	641.3538
471.339	637.7738
471.558	646.2538
471.777	657.8437999999999
471.997	729.4738
472.216	1138.4038
472.435	1864.7638
472.654	1062.8838
472.873	756.2738
473.092	685.4138
473.311	653.9237999999999
473.53	638.1038
473.749	640.4638
473.968	692.6638
474.187	799.1038
474.406	744.9438
474.625	636.6938
474.844	611.2538
475.063	600.2937999999999
475.282	602.6138
475.501	607.8838
475.72	614.1838
475.939	614.7538
476.158	614.0038
476.377	618.1638
476.596	619.1638
476.814	637.6437999999999
477.033	643.3838
477.252	644.8538
477.471	652.5937999999999
477.69	662.5337999999999
477.908	676.1638
478.127	693.0438
478.346	697.0838
478.564	710.8238
478.783	725.8937999999999
479.002	741.6437999999999
479.22	744.1838
479.439	760.6938
479.658	780.4038
479.876	779.9738
480.095	802.7938
480.313	857.2037999999999
480.532	869.1437999999999
480.751	939.3438000000001
480.969	1319.2938
481.188	2755.7237999999998
481.406	2255.8237999999997
481.624	1189.6338
481.843	940.2438
482.061	847.8838
482.28	801.9838
482.498	768.2837999999999
482.717	743.6038
482.935	736.5937999999999
483.153	726.9038
483.372	716.6538
483.59	715.1737999999999
483.808	714.2037999999999
484.027	713.0138000000001
484.245	716.4838
484.463	717.5438
484.681	727.0337999999999
484.9	728.3538
485.118	732.4038
485.336	735.2238
485.554	741.4537999999999
485.772	747.2837999999999
485.99	748.3937999999999
486.209	754.5838
486.427	756.0937999999999
486.645	768.8538
486.863	782.1638
487.081	764.2338
487.299	758.4338
487.517	753.4638
487.735	745.7837999999999
487.953	751.1538
488.171	753.1538
488.389	754.4038
488.607	759.4838
488.825	755.7438
489.043	760.2438
489.261	769.0337999999999
489.479	774.6538
489.696	779.5238
489.914	791.1338
490.132	801.2338
490.35	818.7037999999999
490.568	828.2738
490.786	848.9537999999999
491.003	871.4338
491.221	908.8338
491.439	938.6838
491.657	957.1738000000001
491.874	961.7838
492.092	970.2638000000001
492.31	983.5038000000001
492.527	1004.8538
492.745	1024.8838
492.963	1018.7638000000001
493.18	1007.6938
493.398	1001.6438
493.615	1002.3238
493.833	983.6838
494.05	963.1538
494.268	956.7738
494.485	945.9438
494.703	931.9338
494.92	926.6038
495.138	917.4038
495.355	913.7138
495.573	912.1738000000001
495.79	904.1738000000001
496.008	902.0538
496.225	892.7638000000001
496.442	892.5438
496.66	895.4338
496.877	894.8937999999999
497.094	903.9038
497.312	915.6538
497.529	928.0038
497.746	941.3238
497.963	967.0538
498.181	1004.5338
498.398	1024.7938000000001
498.615	1076.4338
498.832	1119.9338
499.049	1160.6938
499.267	1214.8638
499.484	1292.8038
499.701	1364.4238
499.918	1436.3438
500.135	1517.3637999999999
500.352	1578.5738000000001
500.569	1600.4738000000002
500.786	1598.1238
501.003	1553.5938
501.22	1484.2438
501.437	1407.3337999999999
501.654	1330.0138
501.871	1275.7138
502.088	1181.6438
502.305	1115.2538000000002
502.522	1066.8438
502.739	1033.8438
502.956	985.0438
503.172	953.4138
503.389	936.3238
503.606	935.3538
503.823	914.5838
504.04	904.2138
504.256	906.1938
504.473	916.8838
504.69	922.5138000000001
504.907	901.0638000000001
505.123	861.6038
505.34	833.6437999999999
505.557	814.2138
505.773	807.7138
505.99	800.8937999999999
506.207	788.8437999999999
506.423	781.6938
506.64	770.2837999999999
506.856	762.8238
507.073	759.7238
507.289	755.0438
507.506	756.3638
507.722	780.5138000000001
507.939	783.0438
508.155	745.8238
508.372	731.1338
508.588	722.1238000000001
508.805	719.4338
509.021	731.3038
509.238	747.5438
509.454	746.5838
509.67	736.9438
509.887	730.0438
510.103	746.8238
510.319	831.3538
510.536	1426.5738
510.752	3169.0138
510.968	1339.7038
511.184	769.5238
511.401	736.7238
511.617	740.7238
511.833	799.1338
512.049	810.3738000000001
512.265	768.0637999999999
512.481	735.7138
512.698	715.8137999999999
512.914	705.0538
513.13	698.1338
513.346	688.3838
513.562	689.9838
513.778	692.1138
513.994	698.4338
514.21	714.5438
514.426	744.3137999999999
514.642	792.1638
514.858	799.3538
515.074	876.0838
515.29	1305.4438000000002
515.506	2586.3438
515.721	1371.6238
515.937	850.5738
516.153	784.1538
516.369	765.5138000000001
516.585	766.1138
516.801	774.0438
517.016	792.3738000000001
517.232	815.9838
517.448	832.0838
517.664	847.2338
517.879	847.5337999999999
518.095	841.2238
518.311	829.6538
518.527	806.7938
518.742	777.7037999999999
518.958	754.5838
519.173	737.0238
519.389	723.0238
519.605	716.3038
519.82	709.1138
520.036	726.1338
520.251	754.5438
520.467	756.1338
520.682	740.4237999999999
520.898	740.3338
521.113	760.9638
521.329	814.2538
521.544	952.1737999999999
521.76	1512.2938
521.975	3776.1238
522.19	2560.5438
522.406	1027.1638
522.621	734.7837999999999
522.836	675.0438
523.052	651.9338
523.267	635.2338
523.482	625.9538
523.698	621.7238
523.913	639.3738
524.128	624.9438
524.343	602.7838
524.559	597.1537999999999
524.774	590.8937999999999
524.989	592.8138
525.204	607.9138
525.419	598.1437999999999
525.634	583.5738
525.849	579.8138
526.064	575.6338
526.28	570.8638
526.495	567.2438
526.71	564.0638
526.925	563.4538
527.14	562.6238
527.355	562.6238
527.57	561.4538
527.785	563.0638
527.999	559.9338
528.214	562.8638
528.429	566.6938
528.644	568.2038
528.859	566.4037999999999
529.074	568.7138
529.289	619.9838
529.503	736.5038
529.718	629.0437999999999
529.933	583.9738
530.148	573.1638
530.363	568.4037999999999
530.577	558.7638
530.792	557.8038
531.007	560.2937999999999
531.221	563.8038
531.436	558.4638
531.651	559.0538
531.865	557.9738
532.08	558.7038
532.295	558.9738
532.509	555.3838
532.724	553.5938
532.938	555.1938
533.153	558.6738
533.367	553.8838
533.582	554.1138
533.796	552.1638
534.011	548.4037999999999
534.225	547.2838
534.44	539.0938
534.654	544.3738
534.868	541.0838
535.083	541.4037999999999
535.297	544.5437999999999
535.511	550.9838
535.726	560.1338
535.94	552.9138
536.154	540.6437999999999
536.369	532.4238
536.583	525.6738
536.797	525.8238
537.011	521.9238
537.225	519.3838
537.44	519.9538
537.654	521.9538
537.868	517.6738
538.082	519.9238
538.296	521.1638
538.51	516.3538
538.724	517.9638
538.938	512.2238
539.153	516.6938
539.367	535.5638
539.581	519.0638
539.795	509.75379999999996
540.009	506.7038
540.222	509.6538
540.436	513.7238
540.65	513.1838
540.864	514.1938
541.078	521.0038
541.292	513.7638
541.506	502.9138
541.72	497.7238
541.934	492.61379999999997
542.147	495.7638
542.361	491.75379999999996
542.575	490.3438
542.789	495.3838
543.002	496.9938
543.216	505.68379999999996
543.43	512.0238
543.644	501.5838
543.857	498.87379999999996
544.071	502.0138
544.285	504.4838
544.498	498.4138
544.712	499.4538
544.925	503.0838
545.139	504.62379999999996
545.352	499.6538
545.566	500.9938
545.779	501.2638
545.993	501.96379999999994
546.206	499.0738
546.42	496.3838
546.633	503.4138
546.847	500.5138
547.06	494.14379999999994
547.274	494.5738
547.487	493.0438
547.7	496.62379999999996
547.914	498.0638
548.127	501.7438
548.34	500.30379999999997
548.554	498.25379999999996
548.767	499.46379999999994
548.98	501.2738
549.193	499.5438
549.407	500.7438
549.62	507.11379999999997
549.833	509.4238
550.046	502.00379999999996
550.259	497.71380000000005
550.473	490.1638
550.686	494.36379999999997
550.899	491.2938
551.112	486.62379999999996
551.325	486.64379999999994
551.538	491.64379999999994
551.751	489.9738
551.964	493.0438
552.177	499.2238
552.39	501.60380000000004
552.603	512.5138
552.816	519.6138
553.029	530.2638
553.242	535.4438
553.455	546.8937999999999
553.667	559.0038
553.88	552.7638
554.093	530.4338
554.306	526.4538
554.519	519.3738
554.732	501.43379999999996
554.944	490.9138
555.157	484.3438
555.37	474.9938
555.583	468.30379999999997
555.795	468.9038
556.008	457.1938
556.221	452.53380000000004
556.433	449.8238
556.646	445.37379999999996
556.859	440.2038
557.071	438.3138
557.284	435.6538
557.496	433.0838
557.709	430.5438
557.921	429.18379999999996
558.134	427.03380000000004
558.346	425.55379999999997
558.559	424.61379999999997
558.771	421.2938
558.984	421.2038
559.196	417.9238
559.409	419.2438
559.621	418.7338
559.833	418.2438
560.046	416.8138
560.258	421.5738
560.47	432.9538
560.683	421.93379999999996
560.895	418.0938
561.107	415.7238
561.32	414.9038
561.532	416.93379999999996
561.744	417.1738
561.956	417.2638
562.168	418.4038
562.381	419.9938
562.593	420.9738
562.805	418.9738
563.017	418.37379999999996
563.229	421.0938
563.441	422.1438
563.653	421.18379999999996
563.865	419.6438
564.077	423.80379999999997
564.289	427.6538
564.501	433.2338
564.713	441.8238
564.925	452.3138
565.137	473.1938
565.349	466.4238
565.561	473.0838
565.773	486.7738
565.985	501.7238
566.197	523.7937999999999
566.408	556.8438
566.62	584.2738
566.832	612.5638
567.044	616.6437999999999
567.255	618.7738
567.467	634.5938
567.679	668.9038
567.891	697.6538
568.102	698.2738
568.314	655.4537999999999
568.526	600.9538
568.737	567.4037999999999
568.949	533.5238
569.161	498.8438
569.372	475.4538
569.584	457.05379999999997
569.795	448.50379999999996
570.007	463.7438
570.218	592.7438
570.43	472.87379999999996
570.641	426.2638
570.853	419.35380000000004
571.064	420.9038
571.276	416.9238
571.487	408.03380000000004
571.698	393.3138
571.91	385.9138
572.121	380.5638
572.333	373.3138
572.544	366.5438
572.755	362.28380000000004
572.966	362.4538
573.178	359.4438
573.389	358.00379999999996
573.6	355.75379999999996
573.811	350.3338
574.023	349.3938
574.234	348.60380000000004
574.445	347.6438
574.656	345.9738
574.867	345.7438
575.078	347.36379999999997
575.289	343.1438
575.501	339.3238
575.712	334.6638
575.923	336.12379999999996
576.134	334.5138
576.345	330.4138
576.556	331.3938
576.767	333.3238
576.978	334.3338
577.188	331.35380000000004
577.399	329.30379999999997
577.61	326.5138
577.821	332.5438
578.032	348.50379999999996
578.243	508.9038
578.454	1033.1838
578.665	454.4838
578.875	331.2938
579.086	316.9538
579.297	313.9838
579.508	310.4838
579.718	310.1538
579.929	309.3438
580.14	304.1538
580.35	305.3838
580.561	304.2438
580.772	300.1438
580.982	301.0138
581.193	299.4738
581.403	300.5938
581.614	298.67379999999997
581.825	298.4938
582.035	298.7538
582.246	298.9438
582.456	296.4438
582.667	296.6338
582.877	295.4138
583.087	293.2838
583.298	295.4038
583.508	294.6538
583.719	294.7838
583.929	293.9438
584.139	290.5338
584.35	289.2338
584.56	293.5038
584.77	291.3438
584.981	290.2138
585.191	290.7638
585.401	291.7538
585.611	286.6738
585.821	291.1138
586.032	290.6638
586.242	284.9738
586.452	283.8138
586.662	283.7438
586.872	282.2038
587.082	284.6938
587.292	282.04380000000003
587.502	281.7138
587.713	284.1538
587.923	283.0338
588.133	283.04380000000003
588.343	282.4938
588.553	283.1438
588.762	285.0638
588.972	292.3138
589.182	337.12379999999996
589.392	307.0338
589.602	307.2138
589.812	322.8238
590.022	296.1138
590.232	284.1738
590.441	286.5038
590.651	286.5338
590.861	285.4838
591.071	287.4438
591.281	292.0938
591.49	294.5138
591.7	298.0938
591.91	302.4738
592.119	302.1838
592.329	312.0038
592.539	323.0238
592.748	323.05379999999997
592.958	327.96380000000005
593.167	330.8838
593.377	338.0438
593.587	345.35380000000004
593.796	342.86379999999997
594.006	340.1738
594.215	342.7238
594.424	339.8138
594.634	333.0638
594.843	322.9838
595.053	315.4338
595.262	307.9938
595.472	304.0838
595.681	293.8638
595.89	290.60380000000004
596.1	285.9038
596.309	280.9438
596.518	274.3438
596.727	274.1138
596.937	271.28380000000004
597.146	268.6838
597.355	264.9138
597.564	263.9538
597.774	259.6538
597.983	258.10380000000004
598.192	255.8538
598.401	255.2038
598.61	252.6938
598.819	253.9838
599.028	251.4338
599.237	250.56380000000001
599.446	251.2738
599.655	251.3638
599.864	249.8738
600.073	248.7638
600.282	248.56380000000001
600.491	249.4438
600.7	249.7638
600.909	247.5438
601.118	249.9338
601.327	250.2138
601.536	249.40380000000002
601.745	246.3238
601.953	243.7638
602.162	246.6238
602.371	246.5538
602.58	243.6838
602.789	246.0738
602.997	242.67380000000003
603.206	242.5338
603.415	240.25379999999998
603.623	236.56380000000001
603.832	238.0938
604.041	237.8438
604.249	236.7738
604.458	234.3038
604.666	234.42380000000003
604.875	232.7138
605.084	233.0438
605.292	232.66379999999998
605.501	231.8438
605.709	230.3738
605.918	231.92380000000003
606.126	232.1438
606.334	232.5338
606.543	230.74380000000002
606.751	230.0438
606.96	226.2638
607.168	229.3838
607.376	231.00379999999998
607.585	230.4838
607.793	228.5338
608.001	228.9538
608.21	227.3538
608.418	227.6038
608.626	226.5538
608.834	227.8438
609.043	228.17380000000003
609.251	227.3538
609.459	227.3238
609.667	227.58380000000002
609.875	227.4638
610.083	226.92380000000003
610.291	228.15380000000002
610.499	228.1038
610.707	228.1238
610.916	228.6338
611.124	229.16379999999998
611.332	226.58380000000002
611.54	225.15380000000002
611.748	224.1338
611.955	222.6838
612.163	222.7838
612.371	222.5138
612.579	220.2238
612.787	222.75379999999998
612.995	221.1938
613.203	222.65380000000002
613.411	220.1138
613.618	219.67380000000003
613.826	217.83380000000002
614.034	217.7638
614.242	216.5938
614.449	217.74380000000002
614.657	219.9538
614.865	218.42380000000003
615.072	217.6238
615.28	219.8438
615.488	218.8538
615.695	221.6838
615.903	226.5938
616.111	229.42380000000003
616.318	231.42380000000003
616.526	226.4738
616.733	227.2738
616.941	219.9838
617.148	222.2738
617.356	220.25379999999998
617.563	217.6838
617.771	218.5438
617.978	216.65380000000002
618.185	217.0738
618.393	217.00379999999998
618.6	216.90380000000002
618.807	215.6438
619.015	214.3638
619.222	212.81380000000001
619.429	212.4738
619.637	213.0938
619.844	211.33380000000002
620.051	208.74380000000002
620.258	205.0538
620.466	202.67380000000003
620.673	200.3238
620.88	200.99380000000002
621.087	203.16379999999998
621.294	202.31380000000001
621.501	202.31380000000001
621.708	206.3238
621.915	205.7138
622.122	201.5138
622.329	204.90380000000002
622.536	204.7838
622.743	199.5338
622.95	197.9838
623.157	195.4638
623.364	198.25379999999998
623.571	197.4638
623.778	197.16379999999998
623.985	196.8638
624.192	193.7038
624.399	193.6138
624.606	195.6838
624.812	192.3238
625.019	189.7738
625.226	193.08380000000002
625.433	193.17380000000003
625.639	190.6938
625.846	190.6138
626.053	189.7938
626.259	191.1438
626.466	191.6138
626.673	187.08380000000002
626.879	187.0938
627.086	191.0738
627.293	187.2738
627.499	187.99380000000002
627.706	186.2238
627.912	185.8438
628.119	185.35379999999998
628.325	185.83380000000002
628.532	182.99380000000002
628.738	183.1438
628.945	181.1138
629.151	181.49380000000002
629.357	181.0138
629.564	180.67380000000003
629.77	178.41379999999998
629.976	176.99380000000002
630.183	178.7638
630.389	178.7838
630.595	176.60379999999998
630.802	176.85379999999998
631.008	174.9838
631.214	175.7038
631.42	176.8838
631.627	177.53379999999999
631.833	172.1838
632.039	171.2038
632.245	173.75379999999998
632.451	172.5538
632.657	172.3638
632.863	170.24380000000002
633.069	171.65380000000002
633.275	171.4638
633.481	170.5538
633.688	169.92380000000003
633.893	174.0238
634.099	169.78379999999999
634.305	169.8038
634.511	168.5238
634.717	169.3738
634.923	167.8738
635.129	170.17380000000003
635.335	170.2738
635.541	172.65380000000002
635.747	176.5538
635.952	178.17380000000003
636.158	195.3538
636.364	289.5238
636.57	278.0238
636.775	204.9338
636.981	186.7138
637.187	181.42380000000003
637.392	175.4638
637.598	173.9638
637.804	172.9738
638.009	170.8838
638.215	167.5438
638.421	166.41379999999998
638.626	163.8838
638.832	163.76379999999997
639.037	161.7638
639.243	161.6338
639.448	160.8938
639.654	162.69379999999998
639.859	157.8538
640.065	159.2338
640.27	161.7438
640.475	160.7438
640.681	158.9538
640.886	158.1838
641.091	157.9338
641.297	160.0838
641.502	156.50379999999998
641.707	161.47379999999998
641.913	157.8038
642.118	155.5338
642.323	153.3638
642.528	157.1438
642.733	153.1038
642.939	155.3038
643.144	152.8238
643.349	153.0838
643.554	152.3538
643.759	150.0238
643.964	151.2838
644.169	152.3938
644.374	150.2738
644.579	152.0238
644.784	152.0538
644.989	152.12380000000002
645.194	150.4838
645.399	151.47379999999998
645.604	150.3838
645.809	155.6338
646.014	152.2138
646.219	151.16379999999998
646.423	151.7738
646.628	151.7638
646.833	152.4438
647.038	152.8338
647.243	154.87380000000002
647.447	154.6538
647.652	155.9938
647.857	155.7938
648.062	159.6038
648.266	160.3138
648.471	165.2138
648.676	166.6138
648.88	164.4738
649.085	163.94379999999998
649.289	162.78379999999999
649.494	176.74380000000002
649.698	222.0938
649.903	176.5438
650.107	154.7038
650.312	151.3438
650.516	144.7038
650.721	144.9938
650.925	140.6738
651.13	139.9538
651.334	137.62380000000002
651.539	139.0338
651.743	136.3938
651.947	134.0338
652.152	134.4038
652.356	133.8638
652.56	132.2038
652.764	130.8438
652.969	128.8038
653.173	126.3438
653.377	126.4238
653.581	125.5038
653.785	127.0738
653.99	126.9538
654.194	126.8338
654.398	124.0138
654.602	124.5038
654.806	130.9738
655.01	147.3538
655.214	132.12380000000002
655.418	125.38380000000001
655.622	123.8638
655.826	124.8538
656.03	125.6938
656.234	128.2238
656.438	133.8538
656.642	134.62380000000002
656.846	125.6838
657.049	120.9338
657.253	114.38380000000001
657.457	112.6738
657.661	110.0838
657.865	107.55380000000001
658.068	104.1838
658.272	101.4438
658.476	101.5038
658.68	99.64380000000001
658.883	97.1938
659.087	98.65379999999999
659.291	96.0938
659.494	93.7738
659.698	94.8438
659.901	92.7938
660.105	93.7138
660.309	91.97380000000001
660.512	90.5238
660.716	91.5038
660.919	91.47380000000001
661.123	92.98379999999999
661.326	88.4238
661.53	88.23379999999999
661.733	88.98379999999999
661.936	88.1138
662.14	85.3738
662.343	85.3338
662.546	82.64380000000001
662.75	85.31379999999999
662.953	86.4438
663.156	83.8638
663.36	83.81379999999999
663.563	82.8438
663.766	81.81379999999999
663.969	81.63380000000001
664.173	83.23379999999999
664.376	82.4138
664.579	81.2838
664.782	82.1638
664.985	81.98379999999999
665.188	83.47380000000001
665.391	81.3538
665.594	81.3438
665.797	80.8738
666.0	82.4438
666.203	78.9538
666.406	81.6638
666.609	83.0838
666.812	83.0138
667.015	82.6138
667.218	83.4438
667.421	81.7038
667.624	81.1238
667.827	81.82379999999999
668.03	80.5238
668.232	81.0538
668.435	81.9138
668.638	81.7838
668.841	84.2438
669.043	80.3138
669.246	81.72380000000001
669.449	82.65379999999999
669.651	82.3538
669.854	81.38380000000001
670.057	81.6738
670.259	80.5738
670.462	80.5738
670.665	81.56379999999999
670.867	82.2738
671.07	82.0138
671.272	83.14380000000001
671.475	83.7538
671.677	81.3738
671.88	81.1138
672.082	81.7038
672.284	82.2138
672.487	82.22380000000001
672.689	79.9038
672.892	80.99380000000001
