223.165	-17.7207
223.4	-17.7207
223.635	-17.7207
223.869	-18.5707
224.104	-19.0907
224.338	-14.310699999999999
224.573	-15.2507
224.808	-13.330699999999998
225.042	-8.710700000000001
225.277	-5.5907
225.511	-0.6407
225.746	2.9393000000000002
225.98	5.2293
226.215	12.2693
226.449	16.2593
226.683	20.369300000000003
226.918	25.2193
227.152	30.9293
227.387	35.3193
227.621	38.8493
227.856	43.7893
228.09	46.1393
228.324	50.279300000000006
228.559	55.579299999999996
228.793	59.2593
229.027	66.3393
229.262	71.02929999999999
229.496	77.8693
229.73	89.5693
229.964	88.8293
230.199	79.1293
230.433	80.6993
230.667	83.0493
230.901	81.6593
231.136	82.0593
231.37	83.38929999999999
231.604	83.62930000000001
231.838	82.8393
232.072	83.99929999999999
232.306	86.4793
232.541	85.28930000000001
232.775	83.7593
233.009	83.7593
233.243	84.44930000000001
233.477	85.5593
233.711	84.61930000000001
233.945	85.6793
234.179	85.16929999999999
234.413	84.7593
234.647	85.1593
234.881	82.3993
235.115	82.99929999999999
235.349	82.0093
235.583	85.46929999999999
235.817	84.21929999999999
236.051	83.8393
236.285	83.12930000000001
236.519	83.24929999999999
236.753	84.9893
236.987	87.46929999999999
237.221	95.5093
237.455	96.4793
237.689	87.54929999999999
237.922	82.8593
238.156	81.3493
238.39	80.91929999999999
238.624	82.3293
238.858	83.0093
239.091	82.2793
239.325	82.3493
239.559	87.28930000000001
239.793	87.0593
240.027	86.0693
240.26	86.7393
240.494	87.03930000000001
240.728	86.8293
240.961	85.5293
241.195	87.0993
241.429	83.7593
241.662	82.9393
241.896	82.91929999999999
242.13	82.4793
242.363	84.71929999999999
242.597	85.2793
242.83	86.6493
243.064	84.99929999999999
243.298	86.5193
243.531	84.29929999999999
243.765	86.0693
243.998	86.7593
244.232	89.03930000000001
244.465	91.41929999999999
244.699	89.9793
244.932	86.19930000000001
245.166	85.96929999999999
245.399	86.0593
245.633	87.8493
245.866	86.1093
246.099	86.4093
246.333	86.8193
246.566	86.8593
246.8	86.9793
247.033	87.36930000000001
247.266	88.3293
247.5	89.1593
247.733	90.8993
247.966	91.21929999999999
248.2	90.61930000000001
248.433	90.4793
248.666	92.4393
248.899	95.0693
249.133	98.3593
249.366	107.11930000000001
249.599	104.24929999999999
249.832	96.29929999999999
250.066	93.2293
250.299	90.13929999999999
250.532	93.78930000000001
250.765	95.3093
250.998	97.2293
251.231	95.0693
251.465	95.6893
251.698	91.8293
251.931	92.4393
252.164	93.2693
252.397	93.3093
252.63	94.91929999999999
252.863	94.4793
253.096	96.54929999999999
253.329	99.54929999999999
253.562	96.7393
253.795	94.9393
254.028	96.36930000000001
254.261	97.5593
254.494	98.6493
254.727	103.9093
254.96	103.78930000000001
255.193	101.3393
255.426	97.3393
255.659	96.62929999999999
255.892	98.4893
256.124	95.1593
256.357	94.86930000000001
256.59	96.46929999999999
256.823	94.2693
257.056	95.1093
257.289	95.87929999999999
257.521	97.21929999999999
257.754	95.16929999999999
257.987	95.7693
258.22	99.4793
258.452	94.87929999999999
258.685	97.0693
258.918	97.70930000000001
259.151	96.0093
259.383	99.45930000000001
259.616	96.9793
259.849	97.86930000000001
260.081	101.71929999999999
260.314	102.9793
260.547	102.0593
260.779	99.9893
261.012	100.5293
261.244	98.9393
261.477	105.03930000000001
261.71	107.28930000000001
261.942	122.5293
262.175	127.21929999999999
262.407	104.0293
262.64	98.99929999999999
262.872	100.49929999999999
263.105	99.1493
263.337	100.2593
263.57	97.86930000000001
263.802	99.91929999999999
264.035	97.3293
264.267	98.3593
264.499	97.6893
264.732	100.3993
264.964	98.9393
265.197	99.0093
265.429	99.0593
265.661	100.3593
265.894	98.9293
266.126	101.19930000000001
266.358	100.1793
266.591	100.1593
266.823	101.36930000000001
267.055	101.3593
267.287	102.13929999999999
267.52	101.20930000000001
267.752	101.3493
267.984	101.9793
268.216	100.4393
268.448	103.74929999999999
268.681	104.04929999999999
268.913	106.49929999999999
269.145	107.29929999999999
269.377	107.7793
269.609	106.5793
269.841	106.21929999999999
270.073	106.0893
270.306	110.86930000000001
270.538	113.69930000000001
270.77	110.71929999999999
271.002	109.7593
271.234	109.28930000000001
271.466	111.4293
271.698	112.5893
271.93	112.0693
272.162	112.5793
272.394	113.20930000000001
272.626	109.45930000000001
272.858	108.2593
273.09	107.0793
273.322	108.7793
273.553	105.4093
273.785	107.46929999999999
274.017	106.5793
274.249	106.91929999999999
274.481	105.5593
274.713	106.4893
274.945	109.2393
275.176	107.53930000000001
275.408	108.2393
275.64	106.91929999999999
275.872	108.12929999999999
276.104	108.6493
276.335	110.46929999999999
276.567	118.03930000000001
276.799	127.4293
277.031	124.96929999999999
277.262	116.8393
277.494	115.8593
277.726	111.19930000000001
277.957	109.3293
278.189	109.5293
278.421	108.3993
278.652	107.5593
278.884	109.19930000000001
279.115	109.5593
279.347	108.91929999999999
279.579	108.79929999999999
279.81	109.12929999999999
280.042	108.0693
280.273	108.86930000000001
280.505	108.9093
280.736	108.86930000000001
280.968	109.9093
281.199	110.13929999999999
281.431	109.2793
281.662	110.7293
281.894	113.0293
282.125	122.3593
282.356	140.0793
282.588	159.7593
282.819	136.2093
283.051	114.5093
283.282	110.7393
283.513	113.2293
283.745	112.8993
283.976	112.45930000000001
284.207	113.16929999999999
284.439	112.24929999999999
284.67	112.1793
284.901	112.3293
285.132	112.5293
285.364	112.4293
285.595	112.19930000000001
285.826	111.70930000000001
286.057	113.62929999999999
286.288	110.71929999999999
286.52	112.3993
286.751	113.0293
286.982	112.4093
287.213	111.3193
287.444	114.45930000000001
287.675	115.9893
287.906	116.8393
288.138	118.24929999999999
288.369	120.5093
288.6	117.9293
288.831	114.2393
289.062	116.29929999999999
289.293	115.37929999999999
289.524	113.1493
289.755	114.38929999999999
289.986	114.0193
290.217	115.7693
290.448	115.0593
290.679	113.5193
290.91	115.03930000000001
291.141	113.8493
291.371	115.45930000000001
291.602	115.6093
291.833	113.37929999999999
292.064	114.13929999999999
292.295	116.0893
292.526	115.0193
292.757	115.16929999999999
292.987	115.28930000000001
293.218	114.8293
293.449	115.2693
293.68	115.20930000000001
293.91	115.1593
294.141	117.38929999999999
294.372	114.87929999999999
294.603	116.5993
294.833	116.5793
295.064	116.0793
295.295	116.7593
295.525	119.4293
295.756	126.78930000000001
295.987	140.6693
296.217	164.4793
296.448	149.5693
296.679	120.9393
296.909	119.29929999999999
297.14	117.62929999999999
297.37	119.3293
297.601	118.36930000000001
297.831	118.7693
298.062	118.2693
298.292	118.7293
298.523	120.62929999999999
298.753	117.54929999999999
298.984	119.5793
299.214	119.3093
299.445	121.1593
299.675	121.95930000000001
299.905	123.8093
300.136	121.2293
300.366	119.0693
300.597	121.13929999999999
300.827	126.1793
301.057	130.0493
301.288	133.7893
301.518	127.54929999999999
301.748	121.45930000000001
301.979	130.5693
302.209	121.63929999999999
302.439	121.0793
302.669	120.9793
302.9	120.4293
303.13	123.3393
303.36	125.8493
303.59	132.1593
303.82	134.55929999999998
304.051	125.5193
304.281	122.3293
304.511	123.13929999999999
304.741	120.4893
304.971	119.3393
305.201	122.20930000000001
305.431	121.79929999999999
305.661	121.37929999999999
305.891	123.29929999999999
306.121	125.0693
306.352	132.5393
306.582	133.9493
306.812	124.9793
307.042	123.0293
307.272	123.45930000000001
307.502	125.0093
307.731	123.6593
307.961	122.86930000000001
308.191	121.71929999999999
308.421	122.29929999999999
308.651	123.1093
308.881	123.7293
309.111	125.4893
309.341	127.4893
309.571	130.80929999999998
309.8	127.6093
310.03	131.2393
310.26	129.5493
310.49	128.4293
310.72	132.3293
310.949	136.9293
311.179	134.0693
311.409	129.6093
311.639	130.26930000000002
311.868	130.9493
312.098	132.0393
312.328	131.9893
312.557	137.6793
312.787	141.1193
313.017	136.9193
313.246	131.3693
313.476	128.4093
313.706	129.6593
313.935	130.8593
314.165	135.4593
314.394	137.05929999999998
314.624	134.2593
314.853	134.0993
315.083	130.5393
315.312	129.7593
315.542	127.12929999999999
315.771	128.9193
316.001	126.86930000000001
316.23	126.4093
316.46	126.21929999999999
316.689	126.6793
316.919	128.7193
317.148	133.6693
317.377	132.2493
317.607	130.64929999999998
317.836	129.8493
318.065	125.9793
318.295	128.9893
318.524	127.66929999999999
318.753	127.9093
318.983	131.5393
319.212	136.4793
319.441	140.7493
319.67	141.9193
319.9	130.8593
320.129	128.8393
320.358	129.1193
320.587	130.8593
320.816	133.8593
321.046	137.5493
321.275	134.2093
321.504	133.05929999999998
321.733	134.6793
321.962	137.1593
322.191	142.1393
322.42	142.9393
322.649	148.7893
322.878	154.3493
323.108	157.6793
323.337	167.1093
323.566	178.3593
323.795	202.86929999999998
324.024	267.9493
324.253	487.70930000000004
324.482	992.6893
324.71	1972.7493
324.939	2547.9692999999997
325.168	998.6993
325.397	319.4193
325.626	206.20929999999998
325.855	180.20929999999998
326.084	174.1393
326.313	181.73930000000001
326.542	204.8793
326.77	292.4593
326.999	556.6492999999999
327.228	1116.0293
327.457	1986.3293
327.686	1592.9693
327.914	457.95930000000004
328.143	249.70929999999998
328.372	198.16930000000002
328.6	173.61929999999998
328.829	168.23930000000001
329.058	174.93929999999997
329.287	175.1993
329.515	157.7793
329.744	149.01930000000002
329.972	146.0793
330.201	148.1693
330.43	157.8193
330.658	170.6493
330.887	187.7193
331.115	171.5393
331.344	147.7193
331.572	147.5993
331.801	151.2893
332.03	148.5293
332.258	143.7593
332.486	142.5993
332.715	144.14929999999998
332.943	145.8093
333.172	148.01930000000002
333.4	150.0793
333.629	156.4493
333.857	164.41930000000002
334.085	159.1593
334.314	150.6693
334.542	150.0393
334.771	151.7893
334.999	148.2193
335.227	146.79930000000002
335.455	145.88930000000002
335.684	146.1293
335.912	145.8593
336.14	145.9293
336.369	145.7893
336.597	147.22930000000002
336.825	146.5293
337.053	141.5293
337.281	140.4093
337.51	139.2493
337.738	141.2093
337.966	140.5893
338.194	140.8093
338.422	139.5993
338.65	138.2893
338.878	138.4893
339.106	134.0693
339.334	136.8693
339.562	134.8093
339.79	133.3193
340.018	134.6293
340.246	135.7593
340.474	136.2493
340.702	135.7393
340.93	135.5993
341.158	135.9993
341.386	136.1693
341.614	138.5793
341.842	136.5393
342.07	134.2093
342.298	135.8593
342.526	134.0893
342.754	132.1693
342.981	132.5993
343.209	134.1593
343.437	142.6793
343.665	137.9393
343.893	142.1893
344.12	144.3393
344.348	139.6993
344.576	137.88930000000002
344.804	137.9993
345.031	141.29930000000002
345.259	141.8793
345.487	137.9993
345.714	135.4693
345.942	134.6993
346.17	133.4393
346.397	132.4993
346.625	135.76930000000002
346.853	133.9493
347.08	134.29930000000002
347.308	136.0893
347.535	137.2393
347.763	140.4893
347.99	140.1893
348.218	143.47930000000002
348.445	143.8293
348.673	140.01930000000002
348.9	135.7893
349.128	136.6193
349.355	133.2193
349.583	135.14929999999998
349.81	134.7493
350.037	135.4593
350.265	134.2193
350.492	135.1193
350.72	136.29930000000002
350.947	140.9993
351.174	146.6193
351.402	149.6593
351.629	142.7393
351.856	141.5693
352.083	141.8293
352.311	145.9293
352.538	149.4193
352.765	149.7193
352.992	152.8093
353.22	149.5993
353.447	143.8393
353.674	140.2193
353.901	136.26930000000002
354.128	136.3393
354.355	136.4193
354.583	138.2193
354.81	137.4393
355.037	136.2093
355.264	135.0293
355.491	133.39929999999998
355.718	131.8293
355.945	133.64929999999998
356.172	134.3693
356.399	135.6193
356.626	135.6193
356.853	133.9293
357.08	131.7293
357.307	131.7193
357.534	132.7193
357.761	132.8493
357.988	135.5993
358.215	134.7793
358.441	134.1293
358.668	131.9393
358.895	132.8493
359.122	131.3293
359.349	131.72930000000002
359.576	135.2093
359.802	142.1893
360.029	153.4093
360.256	151.8193
360.483	140.0293
360.709	132.6693
360.936	135.0593
361.163	135.8293
361.39	135.1193
361.616	137.6293
361.843	133.39929999999998
362.07	135.3793
362.296	136.6693
362.523	131.3793
362.749	132.64929999999998
362.976	132.4493
363.203	131.6793
363.429	130.29930000000002
363.656	131.4393
363.882	129.9593
364.109	129.9093
364.335	130.5793
364.562	130.6093
364.788	130.0093
365.015	132.05929999999998
365.241	139.3193
365.468	145.0793
365.694	143.6093
365.92	135.6293
366.147	130.3793
366.373	130.4493
366.599	129.4693
366.826	129.39929999999998
367.052	129.3193
367.278	130.3593
367.505	130.04930000000002
367.731	132.4393
367.957	130.5293
368.184	130.8493
368.41	138.22930000000002
368.636	152.1793
368.862	157.6193
369.089	144.9193
369.315	135.4893
369.541	132.8693
369.767	131.79930000000002
369.993	131.5793
370.219	133.3193
370.445	130.8193
370.672	128.9293
370.898	130.8593
371.124	132.2593
371.35	131.8693
371.576	132.76930000000002
371.802	128.5793
372.028	130.5793
372.254	130.7193
372.48	132.51930000000002
372.706	131.0693
372.932	133.4993
373.158	132.8093
373.384	134.4193
373.61	135.0993
373.835	133.79930000000002
374.061	133.39929999999998
374.287	134.8793
374.513	135.5893
374.739	134.3393
374.965	137.5993
375.191	135.63930000000002
375.416	134.9193
375.642	135.1793
375.868	136.7193
376.094	132.4593
376.319	132.3293
376.545	131.89929999999998
376.771	132.3193
376.997	133.8393
377.222	134.0593
377.448	133.0993
377.674	133.26930000000002
377.899	133.89929999999998
378.125	131.9593
378.35	133.1693
378.576	133.72930000000002
378.802	133.1793
379.027	134.0593
379.253	134.72930000000002
379.478	132.8393
379.704	134.7793
379.929	136.5393
380.155	135.1893
380.38	136.6793
380.606	136.9393
380.831	137.8193
381.057	140.97930000000002
381.282	136.8393
381.507	138.7793
381.733	140.89929999999998
381.958	140.4993
382.184	140.47930000000002
382.409	142.3393
382.634	145.1593
382.86	145.1293
383.085	145.9393
383.31	147.26930000000002
383.535	148.1893
383.761	145.79930000000002
383.986	147.3693
384.211	146.01930000000002
384.436	149.1193
384.662	149.7493
384.887	152.7393
385.112	152.2393
385.337	155.1693
385.562	156.1093
385.787	157.3793
386.013	163.27929999999998
386.238	165.2493
386.463	158.6593
386.688	160.7893
386.913	154.8093
387.138	156.64929999999998
387.363	153.5393
387.588	151.4593
387.813	153.9293
388.038	155.6993
388.263	159.76930000000002
388.488	160.26930000000002
388.713	149.8393
388.938	147.7793
389.163	147.5893
389.387	145.8493
389.612	143.6093
389.837	144.4393
390.062	143.22930000000002
390.287	142.79930000000002
390.512	144.0993
390.736	143.14929999999998
390.961	143.72930000000002
391.186	147.51930000000002
391.411	149.1993
391.636	148.1893
391.86	143.8193
392.085	145.29930000000002
392.31	141.9193
392.534	141.7393
392.759	142.79930000000002
392.984	140.7393
393.208	141.2593
393.433	141.5093
393.658	142.4693
393.882	138.76930000000002
394.107	141.22930000000002
394.331	141.6293
394.556	140.6293
394.78	146.0793
395.005	143.1593
395.229	142.6793
395.454	145.5093
395.678	143.97930000000002
395.903	147.22930000000002
396.127	147.63930000000002
396.352	143.7893
396.576	140.39929999999998
396.801	139.7093
397.025	140.9093
397.249	143.9093
397.474	147.79930000000002
397.698	145.6293
397.922	147.0893
398.147	146.39929999999998
398.371	147.5793
398.595	149.0393
398.82	152.5693
399.044	156.6093
399.268	165.27929999999998
399.492	177.8293
399.717	185.4193
399.941	183.62929999999997
400.165	181.8193
400.389	173.07930000000002
400.613	161.3193
400.837	155.4293
401.062	155.97930000000002
401.286	153.38930000000002
401.51	154.04930000000002
401.734	155.01930000000002
401.958	165.1493
402.182	191.8893
402.406	221.7193
402.63	183.2293
402.854	162.8893
403.078	159.7093
403.302	159.89929999999998
403.526	161.22930000000002
403.75	161.9693
403.974	161.6093
404.198	160.9693
404.422	162.5693
404.645	160.97930000000002
404.869	162.0793
405.093	167.20929999999998
405.317	169.5393
405.541	170.6093
405.765	169.68929999999997
405.988	185.7993
406.212	243.02929999999998
406.436	296.7693
406.66	219.2993
406.883	174.51930000000002
407.107	176.1593
407.331	182.18929999999997
407.555	190.9093
407.778	186.6693
408.002	172.21929999999998
408.226	168.41930000000002
408.449	166.7293
408.673	166.0493
408.896	170.59930000000003
409.12	173.91930000000002
409.344	166.3793
409.567	161.0693
409.791	163.2193
410.014	166.76930000000002
410.238	162.5493
410.461	163.1093
410.685	164.9493
410.908	168.4293
411.132	177.5593
411.355	171.6093
411.578	162.84930000000003
411.802	157.26930000000002
412.025	155.39929999999998
412.249	157.3193
412.472	156.9093
412.695	155.1993
412.919	152.9993
413.142	152.6793
413.365	152.22930000000002
413.589	153.5093
413.812	151.1993
414.035	153.4193
414.258	152.97930000000002
414.482	154.0893
414.705	153.8793
414.928	154.5793
415.151	154.3493
415.374	157.9893
415.597	151.97930000000002
415.821	151.4393
416.044	151.0593
416.267	151.5093
416.49	151.14929999999998
416.713	152.2893
416.936	151.9393
417.159	151.4393
417.382	152.9193
417.605	152.04930000000002
417.828	155.64929999999998
418.051	156.8493
418.274	154.63930000000002
418.497	151.0293
418.72	152.0693
418.943	152.6593
419.166	156.3793
419.389	161.8693
419.611	161.54930000000002
419.834	156.76930000000002
420.057	158.9593
420.28	155.0793
420.503	151.2793
420.726	152.0593
420.948	154.4393
421.171	162.57930000000002
421.394	162.57930000000002
421.617	155.5893
421.839	154.6293
422.062	155.7193
422.285	160.88930000000002
422.507	172.5693
422.73	181.01930000000002
422.953	167.51930000000002
423.175	160.5593
423.398	159.39929999999998
423.621	160.7093
423.843	162.8193
424.066	158.5693
424.288	161.29930000000002
424.511	164.9293
424.733	172.8793
424.956	183.9093
425.178	173.7493
425.401	179.8993
425.623	177.2493
425.846	160.5093
426.068	158.3793
426.291	157.5993
426.513	156.3593
426.735	158.8793
426.958	164.82930000000002
427.18	183.73930000000001
427.402	224.95929999999998
427.625	248.61929999999998
427.847	199.9993
428.069	167.02929999999998
428.292	153.6893
428.514	148.5393
428.736	144.3593
428.958	145.22930000000002
429.181	142.8293
429.403	145.1893
429.625	148.0893
429.847	154.97930000000002
430.069	166.51930000000002
430.292	157.3493
430.514	144.0093
430.736	144.9293
430.958	145.1193
431.18	142.1593
431.402	141.3493
431.624	143.6893
431.846	143.1093
432.068	143.7493
432.29	144.3293
432.512	146.6093
432.734	147.1093
432.956	147.6293
433.178	155.0093
433.4	157.2093
433.622	148.4093
433.844	147.8593
434.066	148.29930000000002
434.287	149.6993
434.509	152.0293
434.731	152.7793
434.953	153.8093
435.175	154.3093
435.397	158.4293
435.618	160.39929999999998
435.84	172.93929999999997
436.062	198.52929999999998
436.284	190.70929999999998
436.505	167.7993
436.727	163.34930000000003
436.949	153.4893
437.17	149.0693
437.392	146.4193
437.614	152.38930000000002
437.835	166.61929999999998
438.057	186.5893
438.278	187.21929999999998
438.5	182.50930000000002
438.721	206.37929999999997
438.943	178.0493
439.165	155.2593
439.386	151.01930000000002
439.608	153.9193
439.829	164.0493
440.05	183.6293
440.272	207.7493
440.493	162.6493
440.715	150.5093
440.936	149.1093
441.158	151.4493
441.379	150.6193
441.6	158.3393
441.822	161.5393
442.043	166.9093
442.264	182.59929999999997
442.486	178.1093
442.707	162.1093
442.928	169.73930000000001
443.149	194.1793
443.371	196.6293
443.592	184.2893
443.813	197.69929999999997
444.034	193.80929999999998
444.255	168.8793
444.476	163.3893
444.698	163.2493
444.919	164.4993
445.14	206.59930000000003
445.361	194.9093
445.582	186.0693
445.803	212.03929999999997
446.024	218.05929999999998
446.245	217.2993
446.466	185.7893
446.687	156.9493
446.908	151.3693
447.129	147.8293
447.35	145.5793
447.571	148.54930000000002
447.792	148.9693
448.013	155.3593
448.234	163.2293
448.455	166.26930000000002
448.675	189.7293
448.896	197.21929999999998
449.117	166.8893
449.338	173.09930000000003
449.559	210.4993
449.779	216.6793
450.0	162.26930000000002
450.221	148.5093
450.442	144.51930000000002
450.662	148.6593
450.883	157.5793
451.104	164.4993
451.324	150.2193
451.545	141.5393
451.766	138.6793
451.986	138.5393
452.207	139.0893
452.428	143.26930000000002
452.648	147.1293
452.869	158.47930000000002
453.089	160.7093
453.31	166.1393
453.53	143.5893
453.751	141.4993
453.971	152.1993
454.192	159.1293
454.412	140.6893
454.633	137.0293
454.853	135.1693
455.073	136.29930000000002
455.294	142.8193
455.514	155.4193
455.734	143.63930000000002
455.955	135.72930000000002
456.175	132.3093
456.395	131.8293
456.616	131.76930000000002
456.836	131.2793
457.056	131.8793
457.276	131.3693
457.497	132.54930000000002
457.717	132.7793
457.937	134.22930000000002
458.157	136.4593
458.377	140.6893
458.598	157.7893
458.818	201.4093
459.038	219.2193
459.258	179.4993
459.478	151.38930000000002
459.698	145.8693
459.918	144.4193
460.138	146.1793
460.358	149.0693
460.578	150.3293
460.798	152.7093
461.018	152.5793
461.238	149.3793
461.458	150.13930000000002
461.678	148.6193
461.898	149.9293
462.118	150.9293
462.338	154.0593
462.558	153.3293
462.777	157.22930000000002
462.997	162.8793
463.217	168.05929999999998
463.437	165.02929999999998
463.657	160.63930000000002
463.876	158.5993
464.096	162.36929999999998
464.316	162.26930000000002
464.536	164.5493
464.755	162.7193
464.975	174.20929999999998
465.195	228.61929999999998
465.414	222.25930000000002
465.634	159.2793
465.854	147.79930000000002
466.073	145.0293
466.293	142.6593
466.512	141.29930000000002
466.732	139.5893
466.951	141.13930000000002
467.171	142.9993
467.391	146.8593
467.61	154.1593
467.829	149.26930000000002
468.049	141.3493
468.268	139.6293
468.488	136.5893
468.707	134.5293
468.927	135.4093
469.146	136.39929999999998
469.365	136.7793
469.585	140.64929999999998
469.804	147.1193
470.023	149.1593
470.243	145.3093
470.462	151.8193
470.681	162.2893
470.901	146.1593
471.12	141.38930000000002
471.339	138.9893
471.558	139.76930000000002
471.777	138.6793
471.997	138.04930000000002
472.216	141.1993
472.435	144.79930000000002
472.654	136.47930000000002
472.873	137.4493
473.092	138.6793
473.311	137.29930000000002
473.53	137.2193
473.749	137.9693
473.968	150.3193
474.187	168.0893
474.406	157.8193
474.625	141.5593
474.844	138.4293
475.063	137.6893
475.282	137.7793
475.501	136.9493
475.72	141.5293
475.939	138.2593
476.158	137.9993
476.377	139.8293
476.596	140.8593
476.814	144.8593
477.033	145.1693
477.252	143.3693
477.471	143.5693
477.69	146.4193
477.908	146.7893
478.127	147.89929999999998
478.346	148.9593
478.564	150.9493
478.783	156.0093
479.002	152.13930000000002
479.22	154.14929999999998
479.439	162.91930000000002
479.658	165.11929999999998
479.876	160.3193
480.095	157.8693
480.313	162.84930000000003
480.532	160.0693
480.751	158.2393
480.969	159.5993
481.188	171.77929999999998
481.406	163.6793
481.624	154.3293
481.843	149.2093
482.061	150.0093
482.28	148.5293
482.498	147.29930000000002
482.717	146.4093
482.935	146.4593
483.153	147.2193
483.372	148.9393
483.59	149.4693
483.808	149.6093
484.027	150.3793
484.245	151.8593
484.463	152.4393
484.681	156.4893
484.9	153.3793
485.118	156.4493
485.336	155.1593
485.554	158.7493
485.772	163.76930000000002
485.99	165.20929999999998
486.209	163.25930000000002
486.427	165.07930000000002
486.645	170.61929999999998
486.863	174.0393
487.081	163.7993
487.299	159.4693
487.517	160.5893
487.735	157.3393
487.953	156.1693
488.171	156.9293
488.389	157.6193
488.607	160.64929999999998
488.825	156.6193
489.043	153.3093
489.261	155.39929999999998
489.479	153.38930000000002
489.696	154.4493
489.914	154.3493
490.132	155.64929999999998
490.35	159.1893
490.568	156.63930000000002
490.786	158.13930000000002
491.003	158.0693
491.221	162.2993
491.439	162.6793
491.657	165.59930000000003
491.874	166.4793
492.092	162.4093
492.31	165.4793
492.527	161.8793
492.745	164.8093
492.963	165.3893
493.18	164.84930000000003
493.398	167.59930000000003
493.615	173.43929999999997
493.833	172.50930000000002
494.05	166.7493
494.268	166.6793
494.485	167.18929999999997
494.703	166.7493
494.92	166.0893
495.138	166.3893
495.355	169.1993
495.573	168.84930000000003
495.79	166.0693
496.008	170.52929999999998
496.225	168.5893
496.442	167.26930000000002
496.66	169.0593
496.877	168.3893
497.094	171.6593
497.312	169.8793
497.529	172.70929999999998
497.746	175.51930000000002
497.963	176.4293
498.181	183.2993
498.398	187.11929999999998
498.615	203.7393
498.832	204.03929999999997
499.049	196.9893
499.267	202.77929999999998
499.484	209.10929999999996
499.701	218.09929999999997
499.918	223.7593
500.135	232.20929999999998
500.352	237.9093
500.569	239.6793
500.786	239.64929999999998
501.003	235.59929999999997
501.22	228.9293
501.437	221.27929999999998
501.654	217.10929999999996
501.871	220.20929999999998
502.088	201.2993
502.305	193.87929999999997
502.522	188.7293
502.739	184.2993
502.956	181.5693
503.172	179.39929999999998
503.389	178.30929999999998
503.606	184.52929999999998
503.823	177.8193
504.04	174.80929999999998
504.256	174.18929999999997
504.473	174.4293
504.69	173.7993
504.907	175.55929999999998
505.123	168.7493
505.34	166.50930000000002
505.557	165.01930000000002
505.773	165.5393
505.99	162.4993
506.207	162.0293
506.423	162.0593
506.64	160.9193
506.856	160.1893
507.073	159.22930000000002
507.289	162.27929999999998
507.506	164.02929999999998
507.722	177.4093
507.939	176.5393
508.155	162.4493
508.372	159.6093
508.588	158.4693
508.805	160.4093
509.021	162.51930000000002
509.238	166.5593
509.454	166.61929999999998
509.67	167.26930000000002
509.887	173.1793
510.103	196.76930000000002
510.319	282.8393
510.536	864.5293
510.752	2593.1893
510.968	765.1593
511.184	220.3893
511.401	172.09930000000003
511.617	158.1793
511.833	153.4693
512.049	152.7193
512.265	150.26930000000002
512.481	152.3193
512.698	149.79930000000002
512.914	151.2093
513.13	150.8193
513.346	150.5993
513.562	153.9693
513.778	155.9093
513.994	155.9693
514.21	162.0993
514.426	179.1793
514.642	196.43929999999997
514.858	190.36929999999998
515.074	234.76930000000002
515.29	536.4593
515.506	1588.1292999999998
515.721	625.9093
515.937	221.8993
516.153	177.61929999999998
516.369	165.0893
516.585	161.8393
516.801	161.3293
517.016	165.25930000000002
517.232	167.27929999999998
517.448	170.36929999999998
517.664	170.9093
517.879	170.57930000000002
518.095	169.1493
518.311	168.1993
518.527	165.43929999999997
518.742	161.2393
518.958	160.9493
519.173	159.8593
519.389	158.8093
519.605	159.3593
519.82	157.3393
520.036	167.1393
520.251	180.4493
520.467	176.9993
520.682	170.1093
520.898	170.6593
521.113	179.0393
521.329	203.0593
521.544	275.0593
521.76	651.7093
521.975	2549.4593
522.19	1569.8393
522.406	382.47929999999997
522.621	186.5593
522.836	160.6093
523.052	153.1693
523.267	150.5393
523.482	149.2393
523.698	153.5693
523.913	169.75930000000002
524.128	155.3493
524.343	145.5793
524.559	145.4593
524.774	142.4293
524.989	145.4493
525.204	154.89929999999998
525.419	148.6193
525.634	141.1893
525.849	140.3593
526.064	139.6793
526.28	141.2793
526.495	138.2093
526.71	138.6093
526.925	137.7093
527.14	137.6593
527.355	136.2093
527.57	139.6593
527.785	137.51930000000002
527.999	137.29930000000002
528.214	140.0093
528.429	142.8593
528.644	140.2793
528.859	139.9693
529.074	142.8793
529.289	171.27929999999998
529.503	226.5393
529.718	158.22930000000002
529.933	142.0893
530.148	137.8793
530.363	141.13930000000002
530.577	139.5293
530.792	138.26930000000002
531.007	136.9193
531.221	139.3593
531.436	140.8293
531.651	138.7393
531.865	137.7493
532.08	137.3093
532.295	139.8393
532.509	138.9893
532.724	139.0393
532.938	141.7493
533.153	142.5393
533.367	140.6093
533.582	140.1193
533.796	139.1693
534.011	138.38930000000002
534.225	137.0293
534.44	138.01930000000002
534.654	138.0093
534.868	138.0393
535.083	138.0293
535.297	139.88930000000002
535.511	145.1693
535.726	148.1693
535.94	141.6193
536.154	140.4393
536.369	137.97930000000002
536.583	133.3493
536.797	135.0793
537.011	134.0693
537.225	134.38930000000002
537.44	134.5793
537.654	135.0093
537.868	132.6993
538.082	136.3393
538.296	134.3693
538.51	134.63930000000002
538.724	133.4593
538.938	134.3193
539.153	137.7793
539.367	147.0993
539.581	137.6193
539.795	132.1893
540.009	132.8693
540.222	132.88930000000002
540.436	134.76930000000002
540.65	132.8593
540.864	134.4193
541.078	137.3093
541.292	135.39929999999998
541.506	130.9893
541.72	132.29930000000002
541.934	130.7093
542.147	131.7093
542.361	130.38930000000002
542.575	127.80930000000001
542.789	131.63930000000002
543.002	131.79930000000002
543.216	136.7193
543.43	139.1693
543.644	135.5093
543.857	132.29930000000002
544.071	133.3593
544.285	134.6893
544.498	133.0893
544.712	131.6293
544.925	131.3693
545.139	130.7593
545.352	131.5093
545.566	131.04930000000002
545.779	129.6593
545.993	130.22930000000002
546.206	131.8793
546.42	131.3193
546.633	132.88930000000002
546.847	135.3493
547.06	131.3093
547.274	130.9393
547.487	130.8293
547.7	129.22930000000002
547.914	129.8393
548.127	129.6293
548.34	130.5393
548.554	131.9693
548.767	131.3793
548.98	132.1093
549.193	130.2593
549.407	130.5993
549.62	130.4993
549.833	131.88930000000002
550.046	129.3193
550.259	131.38930000000002
550.473	131.14929999999998
550.686	130.1893
550.899	129.39929999999998
551.112	130.5393
551.325	129.3293
551.538	129.3193
551.751	130.4893
551.964	130.2893
552.177	131.63930000000002
552.39	131.1793
552.603	132.5893
552.816	134.5393
553.029	134.13930000000002
553.242	136.8793
553.455	142.6793
553.667	149.22930000000002
553.88	146.39929999999998
554.093	137.5993
554.306	133.76930000000002
554.519	133.14929999999998
554.732	132.7393
554.944	132.2093
555.157	129.7193
555.37	129.4793
555.583	129.4793
555.795	131.1293
556.008	128.4493
556.221	126.1493
556.433	126.4893
556.646	127.9393
556.859	127.8993
557.071	126.61930000000001
557.284	125.7593
557.496	125.78930000000001
557.709	125.3493
557.921	126.11930000000001
558.134	125.3193
558.346	126.0193
558.559	124.2293
558.771	123.74929999999999
558.984	122.53930000000001
559.196	123.41929999999999
559.409	123.79929999999999
559.621	122.5693
559.833	121.45930000000001
560.046	120.1093
560.258	122.2293
560.47	122.8993
560.683	122.74929999999999
560.895	121.1793
561.107	122.0893
561.32	123.03930000000001
561.532	123.8293
561.744	123.8993
561.956	125.20930000000001
562.168	125.24929999999999
562.381	123.96929999999999
562.593	124.21929999999999
562.805	126.9293
563.017	124.3293
563.229	124.16929999999999
563.441	121.78930000000001
563.653	122.5993
563.865	123.53930000000001
564.077	122.2693
564.289	124.6093
564.501	124.9793
564.713	126.69930000000001
564.925	129.7393
565.137	138.7193
565.349	130.2793
565.561	127.5293
565.773	129.72930000000002
565.985	130.8393
566.197	131.9493
566.408	135.47930000000002
566.62	138.6593
566.832	141.39929999999998
567.044	142.3593
567.255	141.3293
567.467	143.04930000000002
567.679	147.0793
567.891	150.9293
568.102	150.5693
568.314	147.0593
568.526	139.01930000000002
568.737	137.8393
568.949	134.3393
569.161	129.2493
569.372	125.20930000000001
569.584	128.5993
569.795	130.7293
570.007	154.55929999999998
570.218	292.0393
570.43	173.8793
570.641	126.95930000000001
570.853	120.8493
571.064	122.0993
571.276	121.0293
571.487	118.6593
571.698	117.99929999999999
571.91	120.0993
572.121	116.5893
572.333	118.0293
572.544	114.6493
572.755	117.4793
572.966	116.2793
573.178	115.38929999999999
573.389	117.88929999999999
573.6	116.70930000000001
573.811	115.41929999999999
574.023	114.69930000000001
574.234	115.6793
574.445	115.66929999999999
574.656	114.54929999999999
574.867	114.5093
575.078	114.9793
575.289	114.7693
575.501	115.4393
575.712	114.37929999999999
575.923	114.63929999999999
576.134	114.5893
576.345	114.36930000000001
576.556	116.4093
576.767	115.1493
576.978	116.79929999999999
577.188	116.2593
577.399	115.2593
577.61	118.8393
577.821	123.0793
578.032	140.9193
578.243	311.1093
578.454	845.1293
578.665	250.5093
578.875	128.0693
579.086	115.19930000000001
579.297	112.7793
579.508	112.5893
579.718	113.0093
579.929	110.7393
580.14	108.61930000000001
580.35	109.0793
580.561	110.99929999999999
580.772	110.36930000000001
580.982	108.12929999999999
581.193	108.5893
581.403	108.91929999999999
581.614	108.0693
581.825	107.9293
582.035	109.0193
582.246	109.8493
582.456	108.71929999999999
582.667	108.1493
582.877	109.49929999999999
583.087	109.2593
583.298	109.28930000000001
583.508	109.0193
583.719	108.24929999999999
583.929	110.79929999999999
584.139	108.87929999999999
584.35	107.79929999999999
584.56	110.6793
584.77	108.8393
584.981	108.0193
585.191	109.49929999999999
585.401	107.3393
585.611	106.71929999999999
585.821	110.7393
586.032	108.12929999999999
586.242	106.9893
586.452	108.44930000000001
586.662	107.88929999999999
586.872	105.9393
587.082	107.1493
587.292	105.7793
587.502	105.3093
587.713	105.79929999999999
587.923	107.6493
588.133	107.2293
588.343	106.91929999999999
588.553	105.41929999999999
588.762	108.5993
588.972	109.1893
589.182	108.78930000000001
589.392	106.04929999999999
589.602	107.11930000000001
589.812	109.0793
590.022	110.87929999999999
590.232	106.8393
590.441	107.2593
590.651	108.38929999999999
590.861	104.8493
591.071	107.2793
591.281	108.4893
591.49	106.8493
591.7	107.4893
591.91	110.03930000000001
592.119	107.7693
592.329	114.5193
592.539	115.9093
592.748	112.0993
592.958	113.8393
593.167	111.29929999999999
593.377	112.46929999999999
593.587	117.86930000000001
593.796	112.5093
594.006	112.2793
594.215	111.87929999999999
594.424	111.3193
594.634	111.79929999999999
594.843	110.49929999999999
595.053	110.88929999999999
595.262	110.0193
595.472	109.21929999999999
595.681	109.53930000000001
595.89	108.0593
596.1	107.1593
596.309	106.91929999999999
596.518	104.7393
596.727	108.78930000000001
596.937	106.3193
597.146	103.45930000000001
597.355	106.24929999999999
597.564	104.7293
597.774	106.0693
597.983	103.1793
598.192	102.0993
598.401	102.6593
598.61	101.6093
598.819	103.8993
599.028	103.19930000000001
599.237	103.1893
599.446	104.04929999999999
599.655	104.78930000000001
599.864	105.2393
600.073	102.7393
600.282	106.5693
600.491	102.6493
600.7	105.70930000000001
600.909	103.96929999999999
601.118	106.24929999999999
601.327	105.4293
601.536	103.94930000000001
601.745	104.4293
601.953	104.0193
602.162	104.1493
602.371	104.6793
602.58	102.46929999999999
602.789	103.4893
602.997	103.0193
603.206	102.9093
603.415	101.7393
603.623	99.1093
603.832	102.0093
604.041	100.3493
604.249	100.6793
604.458	100.28930000000001
604.666	100.0093
604.875	99.94930000000001
605.084	100.41929999999999
605.292	100.29929999999999
605.501	100.9793
605.709	101.6793
605.918	99.69930000000001
606.126	102.91929999999999
606.334	101.6593
606.543	101.62929999999999
606.751	101.2693
606.96	100.71929999999999
607.168	100.0293
607.376	101.1493
607.585	102.2793
607.793	101.1493
608.001	100.5093
608.21	100.4793
608.418	99.74929999999999
608.626	99.61930000000001
608.834	99.4293
609.043	99.8293
609.251	101.4793
609.459	100.2393
609.667	101.70930000000001
609.875	98.3193
610.083	99.69930000000001
610.291	100.8393
610.499	100.91929999999999
610.707	100.2393
610.916	100.94930000000001
611.124	101.0893
611.332	100.45930000000001
611.54	100.5993
611.748	99.5693
611.955	99.1093
612.163	99.69930000000001
612.371	100.7793
612.579	97.9793
612.787	98.8993
612.995	100.62929999999999
613.203	101.3393
613.411	99.12929999999999
613.618	97.74929999999999
613.826	99.74929999999999
614.034	99.2693
614.242	98.70930000000001
614.449	98.5893
614.657	99.2393
614.865	101.4393
615.072	100.8593
615.28	100.95930000000001
615.488	101.4893
615.695	103.0793
615.903	109.0593
616.111	111.7393
616.318	113.54929999999999
616.526	108.5693
616.733	105.6493
616.941	104.21929999999999
617.148	104.1093
617.356	101.70930000000001
617.563	100.87929999999999
617.771	100.5593
617.978	99.2793
618.185	100.63929999999999
618.393	98.94930000000001
618.6	100.62929999999999
618.807	98.7593
619.015	99.5193
619.222	99.44930000000001
619.429	99.44930000000001
619.637	101.04929999999999
619.844	98.3193
620.051	99.21929999999999
620.258	97.19930000000001
620.466	98.7393
620.673	96.45930000000001
620.88	97.0793
621.087	96.0793
621.294	96.9793
621.501	97.5893
621.708	97.2793
621.915	97.87929999999999
622.122	99.0793
622.329	98.5093
622.536	97.78930000000001
622.743	96.1893
622.95	97.0693
623.157	96.24929999999999
623.364	99.0593
623.571	97.0593
623.778	96.94930000000001
623.985	96.8393
624.192	96.7393
624.399	95.5993
624.606	98.37929999999999
624.812	97.21929999999999
625.019	96.0893
625.226	94.70930000000001
625.433	97.8093
625.639	95.36930000000001
625.846	95.8393
626.053	96.79929999999999
626.259	95.9093
626.466	97.6893
626.673	94.96929999999999
626.879	94.6893
627.086	97.4393
627.293	95.5293
627.499	94.94930000000001
627.706	95.5793
627.912	94.5793
628.119	95.4793
628.325	96.8593
628.532	95.3293
628.738	95.3393
628.945	93.66929999999999
629.151	94.8593
629.357	93.9893
629.564	94.70930000000001
629.77	95.61930000000001
629.976	93.3293
630.183	93.41929999999999
630.389	93.87929999999999
630.595	94.4093
630.802	95.2393
631.008	93.46929999999999
631.214	94.11930000000001
631.42	94.2693
631.627	96.86930000000001
631.833	95.3093
632.039	93.2793
632.245	94.0693
632.451	94.54929999999999
632.657	94.1493
632.863	93.04929999999999
633.069	93.7293
633.275	93.8093
633.481	92.8393
633.688	92.49929999999999
633.893	94.21929999999999
634.099	93.13929999999999
634.305	92.9893
634.511	93.5193
634.717	94.36930000000001
634.923	92.5993
635.129	91.8293
635.335	91.29929999999999
635.541	91.2793
635.747	91.6093
635.952	92.13929999999999
636.158	92.9393
636.364	94.0893
636.57	92.5993
636.775	92.62930000000001
636.981	93.16929999999999
637.187	92.3093
637.392	92.71929999999999
637.598	91.2293
637.804	91.9393
638.009	93.0893
638.215	92.24929999999999
638.421	92.16929999999999
638.626	91.1493
638.832	91.8593
639.037	91.86930000000001
639.243	92.6493
639.448	91.6493
639.654	93.29929999999999
639.859	91.41929999999999
640.065	91.7293
640.27	95.66929999999999
640.475	90.7793
640.681	91.1593
640.886	91.6793
641.091	91.62930000000001
641.297	93.19930000000001
641.502	91.9293
641.707	94.6793
641.913	92.78930000000001
642.118	92.94930000000001
642.323	91.3093
642.528	94.8393
642.733	94.04929999999999
642.939	92.3293
643.144	90.74929999999999
643.349	91.21929999999999
643.554	93.5793
643.759	93.0093
643.964	91.99929999999999
644.169	93.28930000000001
644.374	92.5993
644.579	94.1793
644.784	92.11930000000001
644.989	91.7593
645.194	92.1793
645.399	93.0993
645.604	92.99929999999999
645.809	95.7393
646.014	93.6493
646.219	91.21929999999999
646.423	91.5793
646.628	92.8293
646.833	92.19930000000001
647.038	93.1093
647.243	93.4093
647.447	94.3393
647.652	92.7793
647.857	91.5893
648.062	94.0293
648.266	96.1493
648.471	99.5193
648.676	101.87930000000001
648.88	99.19930000000001
649.085	96.79929999999999
649.289	98.7793
649.494	110.91929999999999
649.698	144.6993
649.903	110.0893
650.107	96.04929999999999
650.312	93.7793
650.516	91.46929999999999
650.721	90.95930000000001
650.925	90.5193
651.13	88.71929999999999
651.334	88.9393
651.539	88.5693
651.743	88.94930000000001
651.947	88.3493
652.152	89.4793
652.356	88.0893
652.56	89.95930000000001
652.764	86.12930000000001
652.969	87.8193
653.173	86.9093
653.377	87.5193
653.581	86.6593
653.785	87.53930000000001
653.99	86.91929999999999
654.194	88.24929999999999
654.398	86.7393
654.602	87.86930000000001
654.806	93.3293
655.01	108.8093
655.214	93.66929999999999
655.418	89.0093
655.622	88.6093
655.826	89.7593
656.03	90.37930000000001
656.234	94.4893
656.438	97.3593
656.642	96.9793
656.846	91.94930000000001
657.049	89.21929999999999
657.253	87.71929999999999
657.457	88.2393
657.661	84.9093
657.865	86.44930000000001
658.068	84.94930000000001
658.272	84.4293
658.476	85.0593
658.68	83.5693
658.883	82.7393
659.087	83.0293
659.291	84.4393
659.494	83.0893
659.698	82.9093
659.901	83.2393
660.105	83.6893
660.309	84.1593
660.512	81.3093
660.716	83.6793
660.919	82.21929999999999
661.123	86.9293
661.326	84.03930000000001
661.53	84.1793
661.733	83.9093
661.936	82.5693
662.14	81.70930000000001
662.343	81.24929999999999
662.546	81.96929999999999
662.75	81.9393
662.953	84.69930000000001
663.156	81.5893
663.36	83.2993
663.563	82.28930000000001
663.766	81.99929999999999
663.969	81.13929999999999
664.173	81.7393
664.376	80.9293
664.579	80.5193
664.782	80.5393
664.985	82.19930000000001
665.188	81.9393
665.391	80.5993
665.594	80.9593
665.797	80.0093
666.0	81.6493
666.203	80.5393
666.406	81.21929999999999
666.609	80.6593
666.812	82.7593
667.015	80.5193
667.218	83.28930000000001
667.421	80.9893
667.624	80.2593
667.827	83.2993
668.03	81.4293
668.232	80.05930000000001
668.435	81.4793
668.638	80.5793
668.841	82.4093
669.043	80.0193
669.246	80.16929999999999
669.449	79.6493
669.651	80.3693
669.854	80.9893
670.057	81.3993
670.259	79.22930000000001
670.462	82.1593
670.665	80.2793
670.867	81.9393
671.07	81.16929999999999
671.272	82.5793
671.475	84.3493
671.677	81.5593
671.88	80.6793
672.082	81.88929999999999
672.284	82.2693
672.487	82.8993
672.689	80.2793
672.892	82.1593
