223.165	-15.504999999999999
223.4	-15.504999999999999
223.635	-15.504999999999999
223.869	-19.215
224.104	-19.755000000000003
224.338	-14.265
224.573	-16.005000000000003
224.808	-12.895
225.042	-8.305000000000001
225.277	-5.445
225.511	-1.2249999999999999
225.746	3.4050000000000002
225.98	7.485
226.215	11.155
226.449	16.605
226.683	19.965
226.918	23.465
227.152	30.535
227.387	34.935
227.621	38.595
227.856	44.165
228.09	45.805
228.324	50.295
228.559	55.765
228.793	65.97500000000001
229.027	89.56500000000001
229.262	99.375
229.496	109.77499999999999
229.73	133.49499999999998
229.964	134.975
230.199	109.095
230.433	101.60499999999999
230.667	105.93499999999999
230.901	105.35499999999999
231.136	103.505
231.37	104.655
231.604	106.425
231.838	105.915
232.072	108.015
232.306	108.72500000000001
232.541	108.635
232.775	108.56500000000001
233.009	106.545
233.243	108.985
233.477	109.115
233.711	109.235
233.945	111.465
234.179	110.345
234.413	109.285
234.647	110.495
234.881	111.85499999999999
235.115	110.865
235.349	112.18499999999999
235.583	114.045
235.817	114.115
236.051	117.91499999999999
236.285	114.07499999999999
236.519	117.455
236.753	122.515
236.987	140.685
237.221	176.875
237.455	185.75500000000002
237.689	137.215
237.922	125.02499999999999
238.156	121.465
238.39	118.485
238.624	115.99499999999999
238.858	118.045
239.091	118.335
239.325	118.31500000000001
239.559	123.77499999999999
239.793	123.64500000000001
240.027	128.165
240.26	137.565
240.494	141.685
240.728	138.49499999999998
240.961	134.625
241.195	131.24499999999998
241.429	127.515
241.662	125.085
241.896	125.49499999999999
242.13	125.555
242.363	125.77499999999999
242.597	127.555
242.83	130.875
243.064	130.42499999999998
243.298	130.225
243.531	128.885
243.765	131.255
243.998	132.405
244.232	133.805
244.465	138.595
244.699	137.49499999999998
244.932	136.24499999999998
245.166	135.405
245.399	135.665
245.633	137.58499999999998
245.866	136.345
246.099	137.715
246.333	139.145
246.566	139.325
246.8	141.295
247.033	142.755
247.266	145.83499999999998
247.5	150.185
247.733	155.435
247.966	155.525
248.2	154.265
248.433	154.295
248.666	159.195
248.899	171.215
249.133	182.685
249.366	191.265
249.599	181.24499999999998
249.832	162.695
250.066	165.385
250.299	168.315
250.532	181.52499999999998
250.765	191.83499999999998
250.998	200.135
251.231	191.145
251.465	180.375
251.698	173.285
251.931	172.24499999999998
252.164	172.595
252.397	171.66500000000002
252.63	177.07500000000002
252.863	184.74499999999998
253.096	195.055
253.329	198.24499999999998
253.562	189.67499999999998
253.795	185.92499999999998
254.028	185.305
254.261	190.70499999999998
254.494	206.86499999999998
254.727	230.555
254.96	235.265
255.193	212.61499999999998
255.426	198.395
255.659	198.735
255.892	206.41500000000002
256.124	214.285
256.357	206.25500000000002
256.59	193.015
256.823	187.445
257.056	186.815
257.289	185.195
257.521	187.185
257.754	185.985
257.987	183.92499999999998
258.22	185.095
258.452	186.485
258.685	186.42499999999998
258.918	186.725
259.151	189.845
259.383	197.265
259.616	197.235
259.849	201.485
260.081	216.905
260.314	227.66500000000002
260.547	220.33499999999998
260.779	207.655
261.012	203.52499999999998
261.244	199.52499999999998
261.477	202.07500000000002
261.71	205.61499999999998
261.942	225.655
262.175	230.155
262.407	203.945
262.64	193.895
262.872	194.345
263.105	193.375
263.337	196.265
263.57	193.735
263.802	197.08499999999998
264.035	194.545
264.267	195.195
264.499	194.75500000000002
264.732	196.765
264.964	196.215
265.197	196.805
265.429	198.795
265.661	197.24499999999998
265.894	199.625
266.126	201.055
266.358	201.86499999999998
266.591	204.815
266.823	209.885
267.055	208.975
267.287	212.195
267.52	208.00500000000002
267.752	209.475
267.984	208.785
268.216	211.635
268.448	217.345
268.681	219.41500000000002
268.913	231.845
269.145	246.275
269.377	248.525
269.609	239.595
269.841	238.985
270.073	247.555
270.306	268.805
270.538	279.745
270.77	267.395
271.002	255.735
271.234	255.105
271.466	266.515
271.698	274.355
271.93	275.97499999999997
272.162	276.425
272.394	269.435
272.626	257.465
272.858	245.445
273.09	243.49499999999998
273.322	239.385
273.553	237.545
273.785	236.875
274.017	236.685
274.249	238.125
274.481	238.265
274.713	239.975
274.945	244.365
275.176	243.375
275.408	242.345
275.64	242.145
275.872	241.17499999999998
276.104	244.625
276.335	248.615
276.567	262.345
276.799	283.785
277.031	296.495
277.262	297.995
277.494	282.895
277.726	264.885
277.957	257.035
278.189	251.865
278.421	251.25500000000002
278.652	250.965
278.884	248.625
279.115	248.985
279.347	249.345
279.579	249.595
279.81	250.74499999999998
280.042	253.365
280.273	257.575
280.505	254.965
280.736	252.83499999999998
280.968	251.765
281.199	251.345
281.431	254.935
281.662	254.435
281.894	259.085
282.125	270.175
282.356	297.70500000000004
282.588	328.77500000000003
282.819	296.515
283.051	265.075
283.282	260.875
283.513	265.875
283.745	265.855
283.976	267.79499999999996
284.207	267.825
284.439	266.375
284.67	265.585
284.901	265.145
285.132	265.505
285.364	264.405
285.595	266.565
285.826	266.20500000000004
286.057	268.695
286.288	269.255
286.52	267.935
286.751	269.255
286.982	271.245
287.213	270.985
287.444	275.575
287.675	278.065
287.906	286.365
288.138	292.115
288.369	291.395
288.6	290.47499999999997
288.831	281.675
289.062	282.345
289.293	281.79499999999996
289.524	279.685
289.755	279.45500000000004
289.986	278.20500000000004
290.217	278.835
290.448	278.865
290.679	278.72499999999997
290.91	278.77500000000003
291.141	277.04499999999996
291.371	281.655
291.602	279.005
291.833	278.655
292.064	280.77500000000003
292.295	281.29499999999996
292.526	283.175
292.757	282.285
292.987	279.445
293.218	279.005
293.449	283.325
293.68	283.47499999999997
293.91	282.255
294.141	283.875
294.372	281.615
294.603	283.20500000000004
294.833	284.465
295.064	286.405
295.295	287.465
295.525	290.255
295.756	302.145
295.987	320.645
296.217	352.79499999999996
296.448	335.02500000000003
296.679	297.245
296.909	291.905
297.14	292.935
297.37	295.895
297.601	297.625
297.831	296.97499999999997
298.062	300.125
298.292	299.615
298.523	304.155
298.753	302.72499999999997
298.984	300.27500000000003
299.214	301.185
299.445	301.345
299.675	305.845
299.905	311.335
300.136	307.265
300.366	303.665
300.597	307.435
300.827	315.785
301.057	328.235
301.288	333.165
301.518	322.965
301.748	319.875
301.979	330.77500000000003
302.209	324.595
302.439	322.055
302.669	320.22499999999997
302.9	316.875
303.13	316.875
303.36	321.865
303.59	330.785
303.82	336.875
304.051	325.095
304.281	319.265
304.511	314.505
304.741	313.185
304.971	313.27500000000003
305.201	313.825
305.431	312.565
305.661	316.385
305.891	314.215
306.121	320.215
306.352	329.70500000000004
306.582	330.095
306.812	316.395
307.042	318.54499999999996
307.272	318.985
307.502	322.555
307.731	321.935
307.961	316.95500000000004
308.191	313.935
308.421	317.22499999999997
308.651	318.675
308.881	319.415
309.111	323.575
309.341	328.155
309.571	338.485
309.8	340.265
310.03	346.235
310.26	347.77500000000003
310.49	347.845
310.72	358.70500000000004
310.949	369.015
311.179	362.36499999999995
311.409	350.63500000000005
311.639	351.04499999999996
311.868	351.27500000000003
312.098	353.825
312.328	359.925
312.557	375.86499999999995
312.787	383.27500000000003
313.017	370.345
313.246	357.835
313.476	349.625
313.706	355.675
313.935	365.95500000000004
314.165	374.61499999999995
314.394	377.815
314.624	370.155
314.853	363.97499999999997
315.083	356.815
315.312	354.605
315.542	351.505
315.771	347.215
316.001	348.345
316.23	346.515
316.46	345.125
316.689	350.13500000000005
316.919	357.04499999999996
317.148	360.415
317.377	357.625
317.607	355.535
317.836	352.645
318.065	345.575
318.295	347.125
318.524	346.905
318.753	345.825
318.983	349.585
319.212	353.345
319.441	367.125
319.67	365.155
319.9	350.875
320.129	349.825
320.358	351.13500000000005
320.587	357.255
320.816	366.065
321.046	369.815
321.275	365.105
321.504	365.665
321.733	367.005
321.962	372.415
322.191	386.405
322.42	395.905
322.649	408.035
322.878	414.71500000000003
323.108	425.36500000000007
323.337	449.265
323.566	473.32500000000005
323.795	516.855
324.024	617.345
324.253	939.185
324.482	1636.825
324.71	2650.865
324.939	3147.565
325.168	1743.425
325.397	736.455
325.626	537.335
325.855	481.52500000000003
326.084	471.07500000000005
326.313	474.89500000000004
326.542	511.68500000000006
326.77	637.455
326.999	980.375
327.228	1699.375
327.457	2668.885
327.686	2295.275
327.914	922.4250000000001
328.143	645.995
328.372	587.155
328.6	531.105
328.829	509.745
329.058	529.265
329.287	527.3950000000001
329.515	482.805
329.744	470.835
329.972	495.915
330.201	548.9250000000001
330.43	604.4350000000001
330.658	574.0350000000001
330.887	584.015
331.115	522.745
331.344	464.2250000000001
331.572	456.745
331.801	465.195
332.03	461.9750000000001
332.258	450.71500000000003
332.486	447.745
332.715	452.2950000000001
332.943	463.18500000000006
333.172	474.375
333.4	488.875
333.629	508.595
333.857	531.325
334.085	548.775
334.314	590.565
334.542	661.7850000000001
334.771	639.735
334.999	516.075
335.227	482.995
335.455	468.70500000000004
335.684	456.125
335.912	450.845
336.14	444.855
336.369	444.235
336.597	452.485
336.825	445.2250000000001
337.053	434.085
337.281	429.38500000000005
337.51	420.785
337.738	427.555
337.966	423.085
338.194	427.52500000000003
338.422	419.675
338.65	412.845
338.878	410.235
339.106	406.925
339.334	406.0450000000001
339.562	400.875
339.79	397.085
340.018	399.805
340.246	400.745
340.474	404.565
340.702	399.805
340.93	398.265
341.158	399.055
341.386	405.105
341.614	405.46500000000003
341.842	400.335
342.07	394.855
342.298	394.7250000000001
342.526	389.70500000000004
342.754	388.345
342.981	388.995
343.209	396.095
343.437	417.95500000000004
343.665	429.995
343.893	446.625
344.12	449.61500000000007
344.348	436.11500000000007
344.576	422.995
344.804	425.035
345.031	422.845
345.259	421.5450000000001
345.487	405.75500000000005
345.714	398.68500000000006
345.942	389.86500000000007
346.17	388.355
346.397	386.86500000000007
346.625	389.085
346.853	386.2950000000001
347.08	384.985
347.308	391.38500000000005
347.535	400.925
347.763	404.065
347.99	398.805
348.218	402.50500000000005
348.445	407.695
348.673	398.11500000000007
348.9	390.265
349.128	382.445
349.355	377.695
349.583	376.315
349.81	375.945
350.037	376.495
350.265	376.285
350.492	376.065
350.72	380.165
350.947	387.89500000000004
351.174	399.625
351.402	403.25500000000005
351.629	393.21500000000003
351.856	393.445
352.083	400.32500000000005
352.311	401.96500000000003
352.538	405.915
352.765	405.46500000000003
352.992	403.815
353.22	397.36500000000007
353.447	388.32500000000005
353.674	381.14500000000004
353.901	374.305
354.128	371.685
354.355	370.935
354.583	373.505
354.81	373.265
355.037	371.425
355.264	367.905
355.491	366.86499999999995
355.718	366.77500000000003
355.945	367.45500000000004
356.172	368.79499999999996
356.399	367.755
356.626	368.165
356.853	366.735
357.08	363.935
357.307	365.905
357.534	364.77500000000003
357.761	368.77500000000003
357.988	371.315
358.215	371.555
358.441	371.64500000000004
358.668	372.015
358.895	373.50500000000005
359.122	375.27500000000003
359.349	382.265
359.576	394.495
359.802	417.20500000000004
360.029	441.96500000000003
360.256	437.175
360.483	411.9750000000001
360.709	385.745
360.936	387.095
361.163	389.315
361.39	392.02500000000003
361.616	391.355
361.843	382.39500000000004
362.07	390.085
362.296	391.71500000000003
362.523	384.175
362.749	384.495
362.976	380.155
363.203	376.0450000000001
363.429	372.45500000000004
363.656	373.97499999999997
363.882	370.655
364.109	370.915
364.335	369.535
364.562	370.95500000000004
364.788	371.02500000000003
365.015	375.425
365.241	377.70500000000004
365.468	388.13500000000005
365.694	390.415
365.92	381.835
366.147	373.93500000000006
366.373	371.445
366.599	370.02500000000003
366.826	369.00500000000005
367.052	365.655
367.278	372.005
367.505	373.235
367.731	378.13500000000005
367.957	373.065
368.184	378.45500000000004
368.41	388.915
368.636	403.125
368.862	410.39500000000004
369.089	391.805
369.315	378.785
369.541	376.515
369.767	381.00500000000005
369.993	381.335
370.219	382.00500000000005
370.445	377.835
370.672	382.845
370.898	378.93500000000006
371.124	384.105
371.35	386.11500000000007
371.576	385.64500000000004
371.802	384.07500000000005
372.028	382.315
372.254	385.745
372.48	388.015
372.706	393.595
372.932	396.945
373.158	394.07500000000005
373.384	391.065
373.61	388.9750000000001
373.835	391.345
374.061	392.32500000000005
374.287	400.835
374.513	402.14500000000004
374.739	408.945
374.965	416.5450000000001
375.191	416.065
375.416	408.515
375.642	402.88500000000005
375.868	400.96500000000003
376.094	395.61500000000007
376.319	391.43500000000006
376.545	390.665
376.771	389.13500000000005
376.997	389.765
377.222	388.985
377.448	388.695
377.674	387.655
377.899	385.43500000000006
378.125	385.665
378.35	385.415
378.576	383.805
378.802	383.585
379.027	386.175
379.253	386.45500000000004
379.478	385.88500000000005
379.704	387.155
379.929	389.445
380.155	392.675
380.38	393.235
380.606	396.38500000000005
380.831	392.245
381.057	398.11500000000007
381.282	395.82500000000005
381.507	394.995
381.733	398.5450000000001
381.958	398.46500000000003
382.184	407.535
382.409	409.175
382.634	413.925
382.86	412.065
383.085	418.085
383.31	422.595
383.535	428.675
383.761	427.905
383.986	433.11500000000007
384.211	438.905
384.436	445.25500000000005
384.662	451.655
384.887	458.02500000000003
385.112	459.485
385.337	464.13500000000005
385.562	462.035
385.787	465.36500000000007
386.013	476.63500000000005
386.238	479.335
386.463	471.57500000000005
386.688	473.565
386.913	460.315
387.138	462.485
387.363	457.875
387.588	451.445
387.813	456.315
388.038	460.765
388.263	468.335
388.488	465.015
388.713	452.25500000000005
388.938	448.00500000000005
389.163	445.45500000000004
389.387	445.765
389.612	441.7950000000001
389.837	440.50500000000005
390.062	440.95500000000004
390.287	439.565
390.512	440.82500000000005
390.736	445.38500000000005
390.961	452.855
391.186	458.00500000000005
391.411	469.375
391.636	476.36500000000007
391.86	483.07500000000005
392.085	488.905
392.31	477.46500000000003
392.534	468.995
392.759	465.515
392.984	459.165
393.208	457.18500000000006
393.433	459.315
393.658	456.105
393.882	455.945
394.107	458.20500000000004
394.331	460.63500000000005
394.556	458.7950000000001
394.78	465.985
395.005	468.52500000000003
395.229	464.63500000000005
395.454	480.565
395.678	485.835
395.903	488.75500000000005
396.127	493.515
396.352	477.605
396.576	465.36500000000007
396.801	460.71500000000003
397.025	469.245
397.249	477.985
397.474	486.88500000000005
397.698	490.165
397.922	497.495
398.147	506.125
398.371	509.75500000000005
398.595	520.885
398.82	536.975
399.044	579.655
399.268	629.885
399.492	702.315
399.717	749.9250000000001
399.941	733.6450000000001
400.165	694.665
400.389	645.7850000000001
400.613	590.345
400.837	561.2950000000001
401.062	549.165
401.286	540.705
401.51	540.455
401.734	537.915
401.958	554.7850000000001
402.182	585.305
402.406	621.725
402.63	588.915
402.854	578.885
403.078	578.165
403.302	587.965
403.526	594.975
403.75	598.015
403.974	599.6450000000001
404.198	597.6450000000001
404.422	608.0450000000001
404.645	605.7850000000001
404.869	604.7850000000001
405.093	631.465
405.317	648.0450000000001
405.541	651.015
405.765	610.6850000000001
405.988	616.405
406.212	674.155
406.436	738.0250000000001
406.66	676.5550000000001
406.883	636.255
407.107	671.235
407.331	711.635
407.555	749.505
407.778	725.435
408.002	664.735
408.226	633.695
408.449	627.835
408.673	617.245
408.896	633.855
409.12	647.8950000000001
409.344	611.445
409.567	583.595
409.791	584.575
410.014	581.7950000000001
410.238	573.775
410.461	576.355
410.685	580.635
410.908	589.5450000000001
411.132	613.455
411.355	609.825
411.578	579.735
411.802	557.375
412.025	558.475
412.249	574.485
412.472	591.2950000000001
412.695	605.6450000000001
412.919	572.165
413.142	549.825
413.365	543.955
413.589	541.995
413.812	531.0350000000001
414.035	527.615
414.258	530.5450000000001
414.482	532.985
414.705	538.205
414.928	532.115
415.151	532.485
415.374	533.635
415.597	524.2950000000001
415.821	520.625
416.044	522.325
416.267	521.825
416.49	515.1750000000001
416.713	517.125
416.936	525.885
417.159	521.995
417.382	530.915
417.605	530.195
417.828	543.5350000000001
418.051	550.625
418.274	538.735
418.497	529.355
418.72	538.835
418.943	537.165
419.166	566.875
419.389	592.105
419.611	582.095
419.834	569.515
420.057	565.555
420.28	555.375
420.503	541.755
420.726	544.4250000000001
420.948	554.475
421.171	584.265
421.394	579.635
421.617	543.495
421.839	538.495
422.062	545.4350000000001
422.285	562.755
422.507	612.155
422.73	654.0550000000001
422.953	601.915
423.175	572.775
423.398	573.485
423.621	574.915
423.843	594.355
424.066	586.445
424.288	578.555
424.511	599.1750000000001
424.733	639.695
424.956	680.2149999999999
425.178	640.855
425.401	650.815
425.623	640.965
425.846	562.405
426.068	554.985
426.291	549.255
426.513	546.2850000000001
426.735	555.065
426.958	591.5350000000001
427.18	660.7850000000001
427.402	773.3349999999999
427.625	810.045
427.847	691.7750000000001
428.069	620.225
428.292	551.465
428.514	515.835
428.736	506.57500000000005
428.958	503.5450000000001
429.181	488.665
429.403	491.64500000000004
429.625	503.985
429.847	532.115
430.069	576.075
430.292	537.125
430.514	490.845
430.736	488.105
430.958	484.285
431.18	476.38500000000005
431.402	475.735
431.624	476.095
431.846	481.00500000000005
432.068	481.89500000000004
432.29	490.52500000000003
432.512	484.835
432.734	492.405
432.956	488.27500000000003
433.178	500.27500000000003
433.4	503.21500000000003
433.622	488.71500000000003
433.844	489.665
434.066	490.27500000000003
434.287	494.71500000000003
434.509	512.075
434.731	524.735
434.953	538.385
435.175	546.4350000000001
435.397	555.055
435.618	553.165
435.84	590.905
436.062	669.6750000000001
436.284	656.615
436.505	557.445
436.727	535.845
436.949	507.14500000000004
437.17	491.7250000000001
437.392	491.50500000000005
437.614	510.38500000000005
437.835	553.475
438.057	633.635
438.278	673.625
438.5	662.6049999999999
438.721	730.995
438.943	634.415
439.165	538.655
439.386	524.575
439.608	528.205
439.829	545.025
440.05	591.155
440.272	638.115
440.493	553.905
440.715	519.755
440.936	514.275
441.158	518.615
441.379	525.005
441.6	551.6850000000001
441.822	568.445
442.043	605.855
442.264	667.025
442.486	643.505
442.707	572.9350000000001
442.928	572.335
443.149	608.615
443.371	628.485
443.592	646.615
443.813	721.0350000000001
444.034	713.0849999999999
444.255	615.4250000000001
444.476	598.335
444.698	608.565
444.919	613.705
445.14	647.3950000000001
445.361	627.6850000000001
445.582	635.815
445.803	705.045
446.024	750.8249999999999
446.245	722.275
446.466	634.135
446.687	542.835
446.908	516.495
447.129	494.32500000000005
447.35	484.75500000000005
447.571	482.38500000000005
447.792	479.805
448.013	488.355
448.234	513.665
448.455	559.125
448.675	657.595
448.896	691.875
449.117	571.7950000000001
449.338	592.205
449.559	713.405
449.779	725.8249999999999
450.0	549.265
450.221	491.485
450.442	477.375
450.662	476.75500000000005
450.883	490.925
451.104	504.4750000000001
451.324	481.5450000000001
451.545	462.835
451.766	452.065
451.986	439.405
452.207	442.015
452.428	442.86500000000007
452.648	452.36500000000007
452.869	463.07500000000005
453.089	472.405
453.31	479.165
453.53	445.77500000000003
453.751	441.035
453.971	453.315
454.192	470.605
454.412	441.655
454.633	432.445
454.853	429.52500000000003
455.073	432.625
455.294	465.605
455.514	510.39500000000004
455.734	465.45500000000004
455.955	420.665
456.175	414.46500000000003
456.395	409.39500000000004
456.616	407.655
456.836	407.555
457.056	407.565
457.276	404.655
457.497	413.27500000000003
457.717	411.985
457.937	418.445
458.157	425.0450000000001
458.377	436.595
458.598	474.815
458.818	566.775
459.038	636.615
459.258	584.135
459.478	508.345
459.698	493.995
459.918	495.57500000000005
460.138	505.835
460.358	522.105
460.578	522.135
460.798	530.985
461.018	529.805
461.238	518.4350000000001
461.458	518.135
461.678	512.1850000000001
461.898	524.105
462.118	524.1750000000001
462.338	549.7950000000001
462.558	558.655
462.777	580.085
462.997	619.635
463.217	643.945
463.437	629.335
463.657	592.615
463.876	582.085
464.096	586.405
464.316	585.635
464.536	592.715
464.755	579.065
464.975	583.9350000000001
465.195	652.815
465.414	662.655
465.634	542.7850000000001
465.854	504.855
466.073	483.88500000000005
466.293	471.82500000000005
466.512	457.77500000000003
466.732	450.625
466.951	453.25500000000005
467.171	456.89500000000004
467.391	463.235
467.61	475.555
467.829	472.565
468.049	480.835
468.268	492.70500000000004
468.488	447.425
468.707	435.665
468.927	434.785
469.146	433.735
469.365	439.14500000000004
469.585	442.555
469.804	462.93500000000006
470.023	474.335
470.243	469.77500000000003
470.462	479.77500000000003
470.681	498.565
470.901	476.805
471.12	462.89500000000004
471.339	458.235
471.558	456.995
471.777	452.765
471.997	455.68500000000006
472.216	514.6450000000001
472.435	619.855
472.654	492.7950000000001
472.873	447.57500000000005
473.092	440.18500000000006
473.311	436.905
473.53	438.52500000000003
473.749	451.565
473.968	494.875
474.187	576.495
474.406	534.8950000000001
474.625	459.43500000000006
474.844	442.105
475.063	438.52500000000003
475.282	438.02500000000003
475.501	440.495
475.72	446.445
475.939	444.065
476.158	445.89500000000004
476.377	450.265
476.596	452.945
476.814	466.27500000000003
477.033	468.71500000000003
477.252	472.61500000000007
477.471	474.855
477.69	483.77500000000003
477.908	490.77500000000003
478.127	502.13500000000005
478.346	502.065
478.564	515.2950000000001
478.783	525.345
479.002	532.475
479.22	533.455
479.439	546.325
479.658	560.0350000000001
479.876	558.225
480.095	569.555
480.313	601.495
480.532	591.6750000000001
480.751	590.725
480.969	642.955
481.188	878.985
481.406	776.615
481.624	585.805
481.843	542.345
482.061	525.865
482.28	514.885
482.498	506.305
482.717	502.20500000000004
482.935	505.315
483.153	500.2250000000001
483.372	499.155
483.59	500.265
483.808	500.82500000000005
484.027	503.32500000000005
484.245	508.2250000000001
484.463	511.00500000000005
484.681	518.075
484.9	516.275
485.118	522.465
485.336	524.5350000000001
485.554	534.375
485.772	536.325
485.99	540.875
486.209	544.225
486.427	546.005
486.645	557.735
486.863	569.335
487.081	553.945
487.299	542.875
487.517	537.375
487.735	532.615
487.953	533.915
488.171	535.6750000000001
488.389	535.955
488.607	540.355
488.825	533.885
489.043	534.9250000000001
489.261	537.615
489.479	541.635
489.696	544.995
489.914	548.855
490.132	552.505
490.35	557.975
490.568	562.745
490.786	571.315
491.003	578.415
491.221	591.875
491.439	599.095
491.657	608.695
491.874	609.415
492.092	610.955
492.31	614.635
492.527	616.155
492.745	621.495
492.963	624.205
493.18	627.415
493.398	635.125
493.615	639.075
493.833	637.745
494.05	632.5350000000001
494.268	629.565
494.485	625.705
494.703	622.075
494.92	626.025
495.138	619.725
495.355	623.155
495.573	629.455
495.79	623.4350000000001
496.008	627.085
496.225	621.5350000000001
496.442	621.025
496.66	626.9350000000001
496.877	627.375
497.094	635.0450000000001
497.312	646.3950000000001
497.529	656.735
497.746	669.655
497.963	686.955
498.181	715.9250000000001
498.398	732.1049999999999
498.615	770.015
498.832	802.6450000000001
499.049	823.485
499.267	867.435
499.484	916.5749999999999
499.701	970.345
499.918	1022.915
500.135	1078.0549999999998
500.352	1123.755
500.569	1131.295
500.786	1122.755
501.003	1092.855
501.22	1048.755
501.437	1000.1450000000001
501.654	947.295
501.871	914.4649999999999
502.088	846.635
502.305	805.985
502.522	767.2149999999999
502.739	742.665
502.956	711.765
503.172	693.6750000000001
503.389	678.375
503.606	682.1750000000001
503.823	667.045
504.04	657.045
504.256	660.705
504.473	668.805
504.69	670.055
504.907	657.685
505.123	625.875
505.34	610.555
505.557	601.4350000000001
505.773	596.355
505.99	592.565
506.207	588.3950000000001
506.423	582.375
506.64	570.715
506.856	566.555
507.073	561.005
507.289	559.315
507.506	561.735
507.722	582.9350000000001
507.939	586.0450000000001
508.155	555.245
508.372	543.575
508.588	540.695
508.805	542.8950000000001
509.021	548.665
509.238	562.6850000000001
509.454	559.085
509.67	551.855
509.887	550.665
510.103	567.105
510.319	646.615
510.536	1207.235
510.752	2925.255
510.968	1153.705
511.184	583.825
511.401	538.695
511.617	524.165
511.833	523.875
512.049	519.955
512.265	515.805
512.481	510.89500000000004
512.698	507.945
512.914	506.765
513.13	506.14500000000004
513.346	504.88500000000005
513.562	509.495
513.778	514.695
513.994	520.475
514.21	535.405
514.426	559.475
514.642	599.885
514.858	612.215
515.074	676.435
515.29	1029.165
515.506	2143.255
515.721	1103.345
515.937	644.885
516.153	588.955
516.369	574.375
516.585	571.055
516.801	573.445
517.016	582.575
517.232	601.715
517.448	610.6450000000001
517.664	626.125
517.879	624.085
518.095	619.805
518.311	611.845
518.527	590.205
518.742	576.025
518.958	560.995
519.173	550.505
519.389	544.4350000000001
519.605	533.725
519.82	536.075
520.036	550.755
520.251	571.865
520.467	574.635
520.682	566.025
520.898	566.485
521.113	584.335
521.329	634.1450000000001
521.544	751.6049999999999
521.76	1208.725
521.975	3128.335
522.19	2148.185
522.406	816.595
522.621	570.725
522.836	515.515
523.052	495.285
523.267	480.45500000000004
523.482	473.38500000000005
523.698	470.77500000000003
523.913	486.485
524.128	470.355
524.343	453.96500000000003
524.559	448.805
524.774	442.925
524.989	446.64500000000004
525.204	459.765
525.419	450.32500000000005
525.634	437.925
525.849	436.14500000000004
526.064	431.035
526.28	428.52500000000003
526.495	424.96500000000003
526.71	424.18500000000006
526.925	420.855
527.14	422.02500000000003
527.355	421.855
527.57	421.36500000000007
527.785	421.605
527.999	418.2950000000001
528.214	424.565
528.429	424.915
528.644	424.515
528.859	425.425
529.074	427.595
529.289	469.235
529.503	565.385
529.718	477.425
529.933	440.61500000000007
530.148	429.355
530.363	425.245
530.577	420.175
530.792	416.675
531.007	417.995
531.221	420.38500000000005
531.436	416.27500000000003
531.651	417.655
531.865	414.305
532.08	417.535
532.295	415.995
532.509	413.905
532.724	413.245
532.938	418.195
533.153	416.095
533.367	412.2950000000001
533.582	413.0450000000001
533.796	410.945
534.011	413.125
534.225	408.035
534.44	402.2950000000001
534.654	406.27500000000003
534.868	403.585
535.083	403.11500000000007
535.297	406.14500000000004
535.511	414.785
535.726	419.5450000000001
535.94	415.21500000000003
536.154	407.665
536.369	400.405
536.583	393.25500000000005
536.797	393.13500000000005
537.011	390.50500000000005
537.225	384.765
537.44	389.235
537.654	390.21500000000003
537.868	387.695
538.082	389.235
538.296	392.915
538.51	390.015
538.724	388.00500000000005
538.938	383.93500000000006
539.153	388.765
539.367	405.46500000000003
539.581	394.055
539.795	381.245
540.009	384.095
540.222	383.535
540.436	386.2950000000001
540.65	385.415
540.864	388.585
541.078	393.065
541.292	386.96500000000003
541.506	380.805
541.72	374.11500000000007
541.934	370.70500000000004
542.147	374.63500000000005
542.361	369.45500000000004
542.575	366.235
542.789	371.625
543.002	373.18500000000006
543.216	380.71500000000003
543.43	387.25500000000005
543.644	377.095
543.857	376.675
544.071	376.655
544.285	379.035
544.498	376.665
544.712	374.405
544.925	376.995
545.139	375.925
545.352	374.7250000000001
545.566	373.175
545.779	374.805
545.993	373.195
546.206	374.125
546.42	369.245
546.633	372.415
546.847	373.335
547.06	368.335
547.274	367.685
547.487	367.425
547.7	368.375
547.914	370.305
548.127	372.63500000000005
548.34	372.32500000000005
548.554	371.70500000000004
548.767	371.285
548.98	372.82500000000005
549.193	372.845
549.407	374.765
549.62	375.52500000000003
549.833	378.785
550.046	371.93500000000006
550.259	367.995
550.473	365.655
550.686	366.075
550.899	362.675
551.112	361.015
551.325	359.375
551.538	362.605
551.751	362.535
551.964	364.72499999999997
552.177	371.00500000000005
552.39	370.96500000000003
552.603	379.765
552.816	386.285
553.029	387.70500000000004
553.242	397.405
553.455	405.745
553.667	414.27500000000003
553.88	409.82500000000005
554.093	394.20500000000004
554.306	389.20500000000004
554.519	380.815
554.732	373.2950000000001
554.944	362.185
555.157	359.95500000000004
555.37	356.755
555.583	353.86499999999995
555.795	353.175
556.008	343.13500000000005
556.221	338.565
556.433	336.765
556.646	336.215
556.859	332.495
557.071	330.745
557.284	327.255
557.496	328.625
557.709	324.395
557.921	322.845
558.134	319.635
558.346	319.035
558.559	321.935
558.771	318.055
558.984	316.355
559.196	315.175
559.409	316.97499999999997
559.621	315.135
559.833	313.425
560.046	312.355
560.258	313.855
560.47	313.985
560.683	314.04499999999996
560.895	312.985
561.107	313.375
561.32	311.685
561.532	312.085
561.744	312.805
561.956	313.265
562.168	315.285
562.381	313.145
562.593	314.52500000000003
562.805	319.785
563.017	316.585
563.229	315.845
563.441	316.175
563.653	317.075
563.865	316.27500000000003
564.077	318.895
564.289	324.61499999999995
564.501	328.13500000000005
564.713	333.755
564.925	340.875
565.137	356.535
565.349	348.805
565.561	356.405
565.773	363.565
565.985	374.405
566.197	387.785
566.408	408.50500000000005
566.62	431.605
566.832	448.485
567.044	452.2950000000001
567.255	453.735
567.467	469.515
567.679	488.9750000000001
567.891	510.335
568.102	506.065
568.314	481.285
568.526	448.00500000000005
568.737	421.18500000000006
568.949	393.355
569.161	372.605
569.372	353.875
569.584	345.125
569.795	337.315
570.007	353.305
570.218	482.02500000000003
570.43	366.855
570.641	320.635
570.853	318.555
571.064	318.895
571.276	313.355
571.487	306.04499999999996
571.698	298.935
571.91	293.02500000000003
572.121	287.645
572.333	283.215
572.544	281.355
572.755	277.805
572.966	277.575
573.178	276.72499999999997
573.389	273.885
573.6	270.355
573.811	270.45500000000004
574.023	270.745
574.234	267.765
574.445	267.875
574.656	266.175
574.867	265.265
575.078	264.835
575.289	263.805
575.501	262.145
575.712	258.685
575.923	258.485
576.134	259.445
576.345	257.29499999999996
576.556	256.79499999999996
576.767	256.395
576.978	256.995
577.188	256.625
577.399	254.215
577.61	252.195
577.821	259.02500000000003
578.032	272.465
578.243	428.815
578.454	942.805
578.665	379.715
578.875	258.77500000000003
579.086	247.485
579.297	243.99499999999998
579.508	241.815
579.718	241.66500000000002
579.929	241.00500000000002
580.14	237.00500000000002
580.35	236.855
580.561	237.135
580.772	235.035
580.982	233.99499999999998
581.193	234.545
581.403	233.24499999999998
581.614	233.115
581.825	232.41500000000002
582.035	230.435
582.246	232.845
582.456	230.685
582.667	231.845
582.877	230.99499999999998
583.087	229.375
583.298	230.475
583.508	230.145
583.719	229.105
583.929	230.905
584.139	227.42499999999998
584.35	225.865
584.56	228.605
584.77	227.065
584.981	226.685
585.191	225.525
585.401	227.955
585.611	224.645
585.821	226.405
586.032	226.955
586.242	226.00500000000002
586.452	222.895
586.662	222.015
586.872	221.735
587.082	219.92499999999998
587.292	222.065
587.502	220.45499999999998
587.713	219.555
587.923	221.445
588.133	221.61499999999998
588.343	219.465
588.553	220.625
588.762	222.24499999999998
588.972	228.77499999999998
589.182	260.885
589.392	237.945
589.602	227.36499999999998
589.812	243.555
590.022	230.565
590.232	223.815
590.441	221.67499999999998
590.651	222.215
590.861	222.355
591.071	222.605
591.281	228.445
591.49	227.615
591.7	230.135
591.91	233.615
592.119	235.795
592.329	241.785
592.539	251.275
592.748	248.705
592.958	252.765
593.167	254.975
593.377	256.79499999999996
593.587	263.285
593.796	260.125
594.006	260.595
594.215	259.995
594.424	258.365
594.634	253.525
594.843	246.905
595.053	241.42499999999998
595.262	237.305
595.472	233.105
595.681	227.82500000000002
595.89	223.645
596.1	220.25500000000002
596.309	217.00500000000002
596.518	213.345
596.727	214.57500000000002
596.937	212.27499999999998
597.146	208.055
597.355	209.015
597.564	204.685
597.774	205.535
597.983	204.17499999999998
598.192	203.50500000000002
598.401	201.67499999999998
598.61	200.24499999999998
598.819	198.475
599.028	198.36499999999998
599.237	197.20499999999998
599.446	198.815
599.655	198.265
599.864	196.70499999999998
600.073	194.58499999999998
600.282	198.155
600.491	196.11499999999998
600.7	195.465
600.909	194.83499999999998
601.118	196.465
601.327	195.935
601.536	193.385
601.745	192.215
601.953	193.185
602.162	192.655
602.371	189.975
602.58	191.45499999999998
602.789	191.805
602.997	189.905
603.206	188.045
603.415	187.25500000000002
603.623	187.265
603.832	185.695
604.041	185.45499999999998
604.249	186.555
604.458	185.86499999999998
604.666	185.105
604.875	183.105
605.084	182.885
605.292	183.105
605.501	181.845
605.709	183.305
605.918	181.645
606.126	184.45499999999998
606.334	182.235
606.543	181.17499999999998
606.751	182.185
606.96	179.985
607.168	180.74499999999998
607.376	180.70499999999998
607.585	183.635
607.793	182.485
608.001	182.405
608.21	178.86499999999998
608.418	178.86499999999998
608.626	178.355
608.834	178.295
609.043	177.25500000000002
609.251	178.25500000000002
609.459	177.91500000000002
609.667	177.815
609.875	177.875
610.083	176.00500000000002
610.291	177.805
610.499	176.345
610.707	174.795
610.916	176.945
611.124	179.315
611.332	176.895
611.54	176.355
611.748	176.145
611.955	175.645
612.163	175.155
612.371	174.635
612.579	174.815
612.787	174.735
612.995	175.345
613.203	175.92499999999998
613.411	175.265
613.618	175.065
613.826	173.99499999999998
614.034	173.99499999999998
614.242	173.295
614.449	172.405
614.657	173.185
614.865	174.385
615.072	175.27499999999998
615.28	174.225
615.488	176.24499999999998
615.695	178.74499999999998
615.903	183.07500000000002
616.111	186.52499999999998
616.318	188.83499999999998
616.526	183.185
616.733	180.91500000000002
616.941	178.91500000000002
617.148	178.27499999999998
617.356	175.855
617.563	176.74499999999998
617.771	175.20499999999998
617.978	173.24499999999998
618.185	175.465
618.393	171.785
618.6	173.015
618.807	173.92499999999998
619.015	172.555
619.222	171.265
619.429	171.70499999999998
619.637	172.435
619.844	170.345
620.051	170.135
620.258	167.065
620.466	166.16500000000002
620.673	163.715
620.88	163.605
621.087	163.295
621.294	164.975
621.501	164.735
621.708	166.41500000000002
621.915	167.065
622.122	166.145
622.329	168.285
622.536	166.785
622.743	163.735
622.95	163.135
623.157	160.83499999999998
623.364	161.685
623.571	160.725
623.778	159.885
623.985	159.83499999999998
624.192	159.475
624.399	159.325
624.606	161.935
624.812	159.49499999999998
625.019	159.92499999999998
625.226	159.955
625.433	159.705
625.639	157.605
625.846	156.965
626.053	157.165
626.259	157.225
626.466	158.525
626.673	156.025
626.879	155.49499999999998
627.086	157.525
627.293	156.775
627.499	153.625
627.706	152.505
627.912	154.08499999999998
628.119	152.035
628.325	154.575
628.532	151.535
628.738	151.875
628.945	151.535
629.151	150.965
629.357	149.945
629.564	148.445
629.77	149.685
629.976	150.685
630.183	148.985
630.389	148.645
630.595	148.295
630.802	147.875
631.008	144.705
631.214	146.485
631.42	147.915
631.627	147.67499999999998
631.833	144.135
632.039	142.755
632.245	141.935
632.451	144.625
632.657	145.045
632.863	141.975
633.069	143.055
633.275	142.095
633.481	142.915
633.688	142.955
633.893	144.155
634.099	142.565
634.305	140.845
634.511	141.385
634.717	140.945
634.923	140.215
635.129	140.515
635.335	139.715
635.541	139.665
635.747	141.075
635.952	138.005
636.158	140.665
636.364	156.155
636.57	151.655
636.775	142.795
636.981	139.83499999999998
637.187	139.485
637.392	138.765
637.598	136.825
637.804	139.605
638.009	139.49499999999998
638.215	136.655
638.421	136.045
638.626	134.945
638.832	136.715
639.037	135.705
639.243	134.375
639.448	135.155
639.654	135.105
639.859	132.935
640.065	132.615
640.27	137.955
640.475	134.485
640.681	133.955
640.886	134.725
641.091	133.065
641.297	135.455
641.502	132.455
641.707	135.015
641.913	132.735
642.118	131.515
642.323	130.485
642.528	131.965
642.733	132.615
642.939	133.555
643.144	130.485
643.349	130.415
643.554	131.355
643.759	129.33499999999998
643.964	128.635
644.169	131.135
644.374	129.605
644.579	130.365
644.784	129.535
644.989	131.065
645.194	130.375
645.399	130.705
645.604	130.125
645.809	133.935
646.014	131.755
646.219	129.58499999999998
646.423	131.225
646.628	131.485
646.833	131.285
647.038	130.555
647.243	133.455
647.447	132.285
647.652	132.805
647.857	131.765
648.062	135.655
648.266	136.785
648.471	140.035
648.676	144.595
648.88	141.775
649.085	139.005
649.289	139.225
649.494	153.92499999999998
649.698	194.07500000000002
649.903	153.445
650.107	135.795
650.312	131.645
650.516	125.635
650.721	126.445
650.925	122.905
651.13	123.005
651.334	121.14500000000001
651.539	120.295
651.743	116.735
651.947	118.205
652.152	118.175
652.356	117.755
652.56	117.74499999999999
652.764	116.43499999999999
652.969	114.57499999999999
653.173	112.27499999999999
653.377	111.14500000000001
653.581	112.365
653.785	113.345
653.99	113.715
654.194	111.955
654.398	110.715
654.602	111.64500000000001
654.806	119.335
655.01	134.285
655.214	119.385
655.418	112.125
655.622	109.47500000000001
655.826	111.295
656.03	112.125
656.234	116.135
656.438	120.045
656.642	119.85499999999999
656.846	113.60499999999999
657.049	107.965
657.253	105.77499999999999
657.457	103.495
657.661	100.325
657.865	100.495
658.068	97.77499999999999
658.272	97.255
658.476	95.255
658.68	93.205
658.883	92.64500000000001
659.087	90.835
659.291	92.10499999999999
659.494	90.515
659.698	90.425
659.901	88.625
660.105	89.165
660.309	88.415
660.512	86.845
660.716	88.485
660.919	88.175
661.123	89.455
661.326	87.055
661.53	86.27499999999999
661.733	87.47500000000001
661.936	85.995
662.14	83.535
662.343	83.535
662.546	82.885
662.75	85.635
662.953	86.175
663.156	82.665
663.36	82.735
663.563	83.81500000000001
663.766	82.805
663.969	82.985
664.173	82.415
664.376	81.795
664.579	81.27499999999999
664.782	81.375
664.985	83.125
665.188	82.39500000000001
665.391	82.27499999999999
665.594	81.035
665.797	80.565
666.0	81.615
666.203	80.345
666.406	81.325
666.609	82.77499999999999
666.812	82.875
667.015	81.43499999999999
667.218	82.805
667.421	81.60499999999999
667.624	80.495
667.827	82.10499999999999
668.03	81.005
668.232	81.805
668.435	82.64500000000001
668.638	82.765
668.841	83.555
669.043	81.635
669.246	81.715
669.449	80.235
669.651	81.425
669.854	80.39500000000001
670.057	82.705
670.259	81.125
670.462	81.305
670.665	81.905
670.867	81.705
671.07	82.035
671.272	83.68499999999999
671.475	83.485
671.677	80.655
671.88	81.215
672.082	81.445
672.284	83.115
672.487	81.555
672.689	80.175
672.892	79.865
