223.165	-16.9964
223.4	-16.9964
223.635	-16.9964
223.869	-18.4564
224.104	-21.036399999999997
224.338	-16.6164
224.573	-15.3864
224.808	-11.506400000000001
225.042	-7.2664
225.277	-5.3664
225.511	-3.1264
225.746	3.3436
225.98	8.2536
226.215	12.773600000000002
226.449	16.5636
226.683	20.443600000000004
226.918	24.613599999999998
227.152	29.7636
227.387	35.6036
227.621	40.303599999999996
227.856	45.2936
228.09	47.2636
228.324	50.403600000000004
228.559	56.6036
228.793	58.6836
229.027	64.45360000000001
229.262	70.1636
229.496	77.83359999999999
229.73	94.1536
229.964	94.28359999999999
230.199	78.0436
230.433	76.6936
230.667	81.8936
230.901	79.1236
231.136	79.5636
231.37	79.3136
231.604	81.3836
231.838	82.0836
232.072	81.60359999999999
232.306	83.6536
232.541	82.60359999999999
232.775	81.8036
233.009	80.6936
233.243	81.19359999999999
233.477	83.11359999999999
233.711	82.43360000000001
233.945	82.2936
234.179	80.6136
234.413	82.1536
234.647	82.7236
234.881	82.28359999999999
235.115	81.5636
235.349	80.2636
235.583	80.1136
235.817	79.33359999999999
236.051	79.1236
236.285	79.9036
236.519	79.2636
236.753	79.3936
236.987	84.3936
237.221	90.34360000000001
237.455	93.0736
237.689	83.42360000000001
237.922	79.4236
238.156	77.7136
238.39	76.4836
238.624	76.7236
238.858	77.4636
239.091	78.1336
239.325	80.2336
239.559	84.2036
239.793	82.1536
240.027	81.78359999999999
240.26	81.17360000000001
240.494	82.52359999999999
240.728	78.5136
240.961	79.7236
241.195	81.35359999999999
241.429	79.3036
241.662	77.2936
241.896	78.4036
242.13	78.3736
242.363	79.08359999999999
242.597	76.8536
242.83	80.7736
243.064	76.9636
243.298	79.6936
243.531	80.3036
243.765	79.7236
243.998	82.0836
244.232	85.0836
244.465	88.0636
244.699	83.53359999999999
244.932	80.4036
245.166	80.33359999999999
245.399	79.3536
245.633	80.5636
245.866	79.9236
246.099	80.7936
246.333	81.28359999999999
246.566	81.4836
246.8	80.7836
247.033	80.5936
247.266	79.8036
247.5	81.7336
247.733	81.11359999999999
247.966	81.67360000000001
248.2	82.8136
248.433	82.3736
248.666	81.4836
248.899	85.3236
249.133	91.36359999999999
249.366	100.68360000000001
249.599	102.3036
249.832	86.4036
250.066	85.5836
250.299	86.1436
250.532	88.4736
250.765	82.44359999999999
250.998	82.68360000000001
251.231	81.5736
251.465	83.0636
251.698	85.28359999999999
251.931	84.9036
252.164	84.7036
252.397	82.94359999999999
252.63	81.4536
252.863	81.0636
253.096	81.92360000000001
253.329	83.8136
253.562	81.9836
253.795	83.0836
254.028	84.51360000000001
254.261	82.5836
254.494	83.7936
254.727	86.61359999999999
254.96	84.43360000000001
255.193	82.1436
255.426	83.4936
255.659	84.92360000000001
255.892	95.4136
256.124	98.68360000000001
256.357	90.35359999999999
256.59	85.77359999999999
256.823	84.5536
257.056	86.2436
257.289	88.8736
257.521	87.18360000000001
257.754	86.02359999999999
257.987	86.1236
258.22	92.68360000000001
258.452	95.68360000000001
258.685	92.60359999999999
258.918	87.7336
259.151	84.4836
259.383	83.7936
259.616	85.2136
259.849	85.4836
260.081	87.4136
260.314	87.69359999999999
260.547	89.1336
260.779	93.2936
261.012	102.52359999999999
261.244	102.9936
261.477	99.10359999999999
261.71	103.2136
261.942	129.4236
262.175	140.1636
262.407	98.26360000000001
262.64	88.09360000000001
262.872	87.5736
263.105	86.7336
263.337	88.3936
263.57	84.9736
263.802	86.0836
264.035	84.9136
264.267	84.6536
264.499	85.18360000000001
264.732	86.4036
264.964	84.4036
265.197	85.5736
265.429	85.34360000000001
265.661	83.52359999999999
265.894	85.2536
266.126	85.1636
266.358	85.2036
266.591	84.60359999999999
266.823	84.76360000000001
267.055	84.44359999999999
267.287	86.5736
267.52	85.6336
267.752	87.1436
267.984	85.35359999999999
268.216	85.1336
268.448	88.1536
268.681	89.85359999999999
268.913	89.2936
269.145	87.59360000000001
269.377	86.1636
269.609	85.44359999999999
269.841	86.7536
270.073	86.03359999999999
270.306	87.43360000000001
270.538	87.7236
270.77	86.44359999999999
271.002	87.2936
271.234	89.8936
271.466	92.6236
271.698	89.8136
271.93	90.0536
272.162	89.1236
272.394	91.4736
272.626	87.5736
272.858	85.8836
273.09	86.7236
273.322	86.3936
273.553	85.5436
273.785	86.52359999999999
274.017	87.09360000000001
274.249	88.2136
274.481	89.1636
274.713	89.59360000000001
274.945	93.10359999999999
275.176	93.69359999999999
275.408	99.7536
275.64	109.92360000000001
275.872	118.86359999999999
276.104	105.8736
276.335	101.9536
276.567	117.17360000000001
276.799	144.2736
277.031	164.96359999999999
277.262	183.5836
277.494	144.3236
277.726	100.86359999999999
277.957	92.02359999999999
278.189	90.92360000000001
278.421	92.2936
278.652	90.69359999999999
278.884	91.77359999999999
279.115	92.4836
279.347	93.3836
279.579	101.0836
279.81	121.9836
280.042	179.7636
280.273	240.45360000000002
280.505	170.6436
280.736	106.9036
280.968	94.3036
281.199	91.09360000000001
281.431	92.36359999999999
281.662	91.78359999999999
281.894	93.6636
282.125	105.0036
282.356	133.0136
282.588	169.7336
282.819	131.5536
283.051	95.19359999999999
283.282	88.7936
283.513	90.3836
283.745	89.0036
283.976	88.5836
284.207	89.6636
284.439	89.78359999999999
284.67	90.2336
284.901	89.01360000000001
285.132	88.8136
285.364	89.18360000000001
285.595	89.3336
285.826	89.4936
286.057	91.3836
286.288	88.6236
286.52	88.03359999999999
286.751	87.77359999999999
286.982	89.3936
287.213	88.8836
287.444	90.8236
287.675	90.0836
287.906	92.3736
288.138	92.2136
288.369	97.9836
288.6	96.6636
288.831	91.11359999999999
289.062	91.7036
289.293	89.76360000000001
289.524	88.9036
289.755	87.26360000000001
289.986	87.3236
290.217	87.9836
290.448	88.9136
290.679	88.4836
290.91	91.8336
291.141	89.27359999999999
291.371	91.0036
291.602	88.2236
291.833	88.6236
292.064	89.42360000000001
292.295	91.7336
292.526	91.59360000000001
292.757	91.94359999999999
292.987	90.0636
293.218	88.7036
293.449	89.3736
293.68	90.1536
293.91	88.68360000000001
294.141	92.9836
294.372	91.84360000000001
294.603	89.2436
294.833	91.26360000000001
295.064	90.2036
295.295	90.84360000000001
295.525	93.2136
295.756	103.92360000000001
295.987	127.1436
296.217	164.54360000000003
296.448	145.0936
296.679	100.61359999999999
296.909	95.4036
297.14	91.7536
297.37	91.7136
297.601	91.0036
297.831	91.6236
298.062	94.60359999999999
298.292	93.9936
298.523	93.27359999999999
298.753	90.9936
298.984	90.5036
299.214	92.4936
299.445	94.92360000000001
299.675	97.8836
299.905	101.2136
300.136	95.17360000000001
300.366	93.0836
300.597	92.6236
300.827	98.0036
301.057	106.1436
301.288	114.01360000000001
301.518	101.01360000000001
301.748	98.0036
301.979	111.59360000000001
302.209	101.3836
302.439	98.9636
302.669	94.2536
302.9	93.3236
303.13	98.3836
303.36	108.18360000000001
303.59	128.4736
303.82	140.9736
304.051	107.1436
304.281	95.7936
304.511	94.27359999999999
304.741	92.5536
304.971	89.85359999999999
305.201	92.68360000000001
305.431	94.3936
305.661	92.78359999999999
305.891	94.53359999999999
306.121	100.8836
306.352	110.0636
306.582	116.28359999999999
306.812	108.42360000000001
307.042	120.6636
307.272	150.08360000000002
307.502	168.29360000000003
307.731	159.2636
307.961	123.9136
308.191	97.61359999999999
308.421	95.4936
308.651	94.9536
308.881	96.4736
309.111	97.2936
309.341	99.2336
309.571	105.4836
309.8	101.8736
310.03	105.51360000000001
310.26	106.01360000000001
310.49	102.59360000000001
310.72	107.85359999999999
310.949	121.17360000000001
311.179	113.8336
311.409	100.0436
311.639	102.27359999999999
311.868	106.11359999999999
312.098	102.4136
312.328	103.92360000000001
312.557	113.8336
312.787	122.7936
313.017	113.27359999999999
313.246	102.03359999999999
313.476	95.60359999999999
313.706	96.2436
313.935	101.18360000000001
314.165	108.4036
314.394	114.9036
314.624	105.86359999999999
314.853	104.7136
315.083	99.35359999999999
315.312	95.8136
315.542	94.4136
315.771	95.34360000000001
316.001	93.78359999999999
316.23	93.2036
316.46	92.5636
316.689	94.5536
316.919	98.01360000000001
317.148	103.27359999999999
317.377	99.4036
317.607	102.09360000000001
317.836	100.43360000000001
318.065	94.8936
318.295	93.60359999999999
318.524	92.3236
318.753	94.28359999999999
318.983	99.10359999999999
319.212	107.27359999999999
319.441	118.59360000000001
319.67	116.84360000000001
319.9	98.7536
320.129	97.8136
320.358	97.7036
320.587	101.3236
320.816	105.0436
321.046	109.8036
321.275	103.3836
321.504	99.19359999999999
321.733	100.5436
321.962	102.5536
322.191	106.2336
322.42	112.6536
322.649	120.3836
322.878	119.9836
323.108	127.8236
323.337	139.49360000000001
323.566	150.7636
323.795	174.9436
324.024	227.7836
324.253	429.6736
324.482	904.6036
324.71	1838.0536
324.939	2437.9236
325.168	909.0536
325.397	274.7736
325.626	165.40359999999998
325.855	140.4036
326.084	134.2336
326.313	142.4336
326.542	166.6036
326.77	246.40359999999998
326.999	466.1236
327.228	948.0935999999999
327.457	1733.1435999999999
327.686	1413.2836000000002
327.914	505.9836
328.143	485.53360000000004
328.372	615.0536
328.6	349.9436
328.829	186.4436
329.058	189.9836
329.287	198.06359999999998
329.515	177.1036
329.744	235.77360000000002
329.972	434.4536
330.201	884.9136
330.43	1312.1236000000001
330.658	595.8836
330.887	289.3036
331.115	192.6736
331.344	127.76360000000001
331.572	121.8936
331.801	129.0936
332.03	127.5836
332.258	114.5736
332.486	107.35359999999999
332.715	107.9936
332.943	113.84360000000001
333.172	120.09360000000001
333.4	129.1336
333.629	157.1936
333.857	218.81359999999998
334.085	391.7736
334.314	817.4336000000001
334.542	1613.4336
334.771	1533.7136
334.999	408.96360000000004
335.227	173.2836
335.455	125.5836
335.684	115.7336
335.912	109.8136
336.14	109.4736
336.369	108.2936
336.597	116.53359999999999
336.825	110.6436
337.053	99.53359999999999
337.281	98.61359999999999
337.51	98.43360000000001
337.738	100.69359999999999
337.966	101.7536
338.194	107.9836
338.422	106.2436
338.65	99.6436
338.878	98.3336
339.106	95.9636
339.334	97.6236
339.562	96.09360000000001
339.79	96.94359999999999
340.018	96.3736
340.246	99.3936
340.474	103.2336
340.702	100.8136
340.93	95.93360000000001
341.158	97.9136
341.386	103.77359999999999
341.614	107.0836
341.842	102.4036
342.07	95.6336
342.298	96.68360000000001
342.526	94.4136
342.754	92.51360000000001
342.981	92.44359999999999
343.209	91.2236
343.437	102.1436
343.665	94.2936
343.893	92.7536
344.12	93.0036
344.348	93.10359999999999
344.576	94.7136
344.804	97.7236
345.031	105.9536
345.259	111.18360000000001
345.487	102.1536
345.714	101.0836
345.942	97.2336
346.17	95.2036
346.397	93.7136
346.625	99.03359999999999
346.853	96.2236
347.08	95.1436
347.308	101.0636
347.535	105.7236
347.763	110.1436
347.99	105.3936
348.218	109.19359999999999
348.445	117.36359999999999
348.673	110.0736
348.9	100.4636
349.128	98.17360000000001
349.355	94.5736
349.583	94.7436
349.81	95.67360000000001
350.037	98.4036
350.265	97.09360000000001
350.492	95.84360000000001
350.72	98.7036
350.947	106.5836
351.174	116.2136
351.402	122.7036
351.629	110.0536
351.856	108.4836
352.083	111.0436
352.311	116.4936
352.538	124.34360000000001
352.765	120.68360000000001
352.992	120.94359999999999
353.22	119.59360000000001
353.447	111.42360000000001
353.674	105.4936
353.901	99.6636
354.128	96.5836
354.355	97.0036
354.583	98.2436
354.81	98.44359999999999
355.037	97.86359999999999
355.264	94.9836
355.491	92.5836
355.718	92.6536
355.945	94.7036
356.172	94.0036
356.399	94.26360000000001
356.626	94.51360000000001
356.853	93.69359999999999
357.08	93.9836
357.307	92.34360000000001
357.534	93.27359999999999
357.761	93.5636
357.988	95.7336
358.215	95.5536
358.441	93.9136
358.668	94.4036
358.895	92.2136
359.122	93.0436
359.349	93.03359999999999
359.576	100.4936
359.802	116.11359999999999
360.029	140.6936
360.256	140.4436
360.483	116.5836
360.709	95.6336
360.936	97.59360000000001
361.163	101.0636
361.39	104.3036
361.616	104.26360000000001
361.843	97.6236
362.07	103.4036
362.296	107.4536
362.523	100.0436
362.749	99.4736
362.976	97.3236
363.203	96.01360000000001
363.429	93.59360000000001
363.656	97.7336
363.882	94.7036
364.109	93.94359999999999
364.335	95.2036
364.562	95.4636
364.788	96.3036
365.015	99.60359999999999
365.241	105.6636
365.468	117.35359999999999
365.694	119.60359999999999
365.92	106.5036
366.147	98.8936
366.373	94.7936
366.599	93.8836
366.826	92.78359999999999
367.052	93.3736
367.278	95.9736
367.505	95.3736
367.731	98.69359999999999
367.957	98.17360000000001
368.184	99.43360000000001
368.41	108.0836
368.636	123.02359999999999
368.862	130.4836
369.089	120.5836
369.315	101.8136
369.541	98.1236
369.767	95.9536
369.993	97.78359999999999
370.219	97.2936
370.445	92.51360000000001
370.672	90.3236
370.898	90.28359999999999
371.124	91.8336
371.35	91.7136
371.576	91.09360000000001
371.802	88.84360000000001
372.028	89.34360000000001
372.254	89.8236
372.48	90.4136
372.706	89.1536
372.932	90.6436
373.158	89.7936
373.384	94.67360000000001
373.61	93.78359999999999
373.835	91.78359999999999
374.061	94.0836
374.287	95.9836
374.513	92.51360000000001
374.739	91.53359999999999
374.965	89.5736
375.191	89.1636
375.416	91.2236
375.642	92.67360000000001
375.868	93.4136
376.094	91.77359999999999
376.319	89.1536
376.545	89.6636
376.771	90.77359999999999
376.997	92.93360000000001
377.222	92.1636
377.448	95.10359999999999
377.674	90.8936
377.899	91.1636
378.125	90.5636
378.35	91.5536
378.576	91.2936
378.802	91.2436
379.027	91.7336
379.253	94.19359999999999
379.478	91.1536
379.704	91.5036
379.929	95.11359999999999
380.155	96.5636
380.38	95.3336
380.606	98.09360000000001
380.831	96.5736
381.057	100.4136
381.282	96.4736
381.507	98.4536
381.733	97.4136
381.958	95.52359999999999
382.184	97.84360000000001
382.409	100.5636
382.634	102.6536
382.86	98.94359999999999
383.085	99.7336
383.31	100.3236
383.535	98.7036
383.761	100.2036
383.986	97.9636
384.211	97.5736
384.436	98.26360000000001
384.662	100.7036
384.887	100.6336
385.112	102.59360000000001
385.337	103.92360000000001
385.562	104.9636
385.787	106.4536
386.013	112.5836
386.238	121.0436
386.463	110.7336
386.688	111.0836
386.913	102.0836
387.138	105.3236
387.363	102.9636
387.588	101.2936
387.813	101.7036
388.038	105.3136
388.263	109.2436
388.488	105.84360000000001
388.713	95.94359999999999
388.938	94.8936
389.163	93.9036
389.387	94.51360000000001
389.612	92.36359999999999
389.837	91.3836
390.062	92.5436
390.287	91.3236
390.512	90.8836
390.736	88.7236
390.961	89.85359999999999
391.186	91.8736
391.411	91.6436
391.636	89.8036
391.86	88.01360000000001
392.085	89.09360000000001
392.31	88.53359999999999
392.534	88.84360000000001
392.759	89.3936
392.984	89.8736
393.208	90.85359999999999
393.433	96.18360000000001
393.658	94.53359999999999
393.882	86.8936
394.107	87.2036
394.331	87.4736
394.556	88.6236
394.78	90.9536
395.005	88.92360000000001
395.229	89.0736
395.454	89.9736
395.678	89.2336
395.903	89.93360000000001
396.127	93.19359999999999
396.352	89.9936
396.576	87.6636
396.801	91.0836
397.025	91.19359999999999
397.249	89.4936
397.474	92.02359999999999
397.698	91.44359999999999
397.922	90.28359999999999
398.147	89.6336
398.371	87.2536
398.595	88.69359999999999
398.82	86.8936
399.044	88.5036
399.268	87.4136
399.492	88.77359999999999
399.717	91.5736
399.941	91.7436
400.165	96.3936
400.389	94.4936
400.613	91.36359999999999
400.837	89.4836
401.062	91.0036
401.286	94.2336
401.51	94.76360000000001
401.734	97.35359999999999
401.958	107.8036
402.182	144.7236
402.406	197.56359999999998
402.63	148.3836
402.854	106.4936
403.078	96.3036
403.302	92.26360000000001
403.526	94.5836
403.75	92.35359999999999
403.974	89.6436
404.198	89.9536
404.422	91.9936
404.645	94.3136
404.869	101.6336
405.093	116.10359999999999
405.317	140.7636
405.541	137.71359999999999
405.765	119.18360000000001
405.988	136.62359999999998
406.212	212.7436
406.436	310.7836
406.66	202.9136
406.883	121.94359999999999
407.107	107.0036
407.331	104.93360000000001
407.555	111.02359999999999
407.778	106.5636
408.002	97.26360000000001
408.226	93.93360000000001
408.449	92.0436
408.673	93.8236
408.896	97.19359999999999
409.12	99.5836
409.344	91.4536
409.567	89.0036
409.791	91.17360000000001
410.014	96.1636
410.238	93.43360000000001
410.461	93.2136
410.685	95.4736
410.908	99.5636
411.132	106.2236
411.355	103.2936
411.578	94.10359999999999
411.802	90.1236
412.025	93.35359999999999
412.249	101.84360000000001
412.472	116.84360000000001
412.695	135.0036
412.919	111.1336
413.142	97.1636
413.365	93.17360000000001
413.589	90.7236
413.812	91.9836
414.035	94.86359999999999
414.258	94.3736
414.482	94.2136
414.705	90.02359999999999
414.928	92.43360000000001
415.151	93.27359999999999
415.374	94.3036
415.597	89.5736
415.821	90.1336
416.044	91.4036
416.267	91.9736
416.49	90.17360000000001
416.713	91.3136
416.936	92.7336
417.159	93.9136
417.382	97.0636
417.605	104.7036
417.828	110.61359999999999
418.051	100.1436
418.274	91.59360000000001
418.497	90.0536
418.72	88.6536
418.943	90.18360000000001
419.166	89.9136
419.389	91.9036
419.611	92.4636
419.834	92.84360000000001
420.057	94.18360000000001
420.28	97.78359999999999
420.503	91.8236
420.726	92.0836
420.948	94.7536
421.171	104.7936
421.394	99.69359999999999
421.617	91.69359999999999
421.839	90.27359999999999
422.062	90.68360000000001
422.285	95.1636
422.507	102.5836
422.73	111.6636
422.953	98.3036
423.175	93.42360000000001
423.398	91.0836
423.621	90.44359999999999
423.843	91.26360000000001
424.066	88.2336
424.288	91.8936
424.511	96.60359999999999
424.733	105.6436
424.956	119.59360000000001
425.178	110.7236
425.401	109.43360000000001
425.623	108.7136
425.846	95.4136
426.068	101.43360000000001
426.291	97.3036
426.513	96.10359999999999
426.735	97.77359999999999
426.958	101.3136
427.18	119.2236
427.402	176.06359999999998
427.625	255.65359999999998
427.847	229.0136
428.069	202.36360000000002
428.292	122.8136
428.514	97.7336
428.736	91.4636
428.958	90.0736
429.181	89.0836
429.403	89.84360000000001
429.625	90.7136
429.847	97.0536
430.069	110.4936
430.292	100.7036
430.514	90.2536
430.736	87.8936
430.958	89.1236
431.18	88.61359999999999
431.402	87.6636
431.624	88.36359999999999
431.846	86.8136
432.068	89.1236
432.29	89.7236
432.512	90.67360000000001
432.734	90.53359999999999
432.956	93.3736
433.178	100.7236
433.4	100.76360000000001
433.622	93.7336
433.844	94.2936
434.066	93.2336
434.287	94.0036
434.509	91.9636
434.731	94.19359999999999
434.953	89.59360000000001
435.175	92.4136
435.397	92.9736
435.618	96.60359999999999
435.84	110.4636
436.062	135.3136
436.284	126.60359999999999
436.505	105.6536
436.727	103.92360000000001
436.949	95.6536
437.17	91.6536
437.392	90.9636
437.614	99.5536
437.835	125.85359999999999
438.057	151.0236
438.278	130.37359999999998
438.5	117.18360000000001
438.721	139.0536
438.943	110.93360000000001
439.165	93.53359999999999
439.386	92.0536
439.608	96.2336
439.829	110.7036
440.05	145.7036
440.272	178.4936
440.493	112.9736
440.715	94.0636
440.936	91.9936
441.158	92.42360000000001
441.379	91.6536
441.6	100.6236
441.822	103.8936
442.043	104.3936
442.264	119.8036
442.486	114.7336
442.707	103.1336
442.928	121.8336
443.149	167.81359999999998
443.371	165.8936
443.592	131.5036
443.813	131.5536
444.034	121.18360000000001
444.255	96.5836
444.476	92.3036
444.698	92.3936
444.919	92.60359999999999
445.14	132.1636
445.361	129.5936
445.582	133.5136
445.803	180.7636
446.024	174.88360000000003
446.245	164.9836
446.466	124.8736
446.687	95.76360000000001
446.908	90.6436
447.129	92.68360000000001
447.35	93.59360000000001
447.571	98.42360000000001
447.792	100.1236
448.013	107.7136
448.234	121.2336
448.455	110.8136
448.675	130.4136
448.896	137.3836
449.117	108.84360000000001
449.338	112.60359999999999
449.559	145.9136
449.779	150.3836
450.0	101.5736
450.221	90.9536
450.442	94.52359999999999
450.662	104.2936
450.883	125.3036
451.104	139.4336
451.324	108.1536
451.545	94.4036
451.766	91.27359999999999
451.986	90.3136
452.207	94.1336
452.428	97.3036
452.648	107.18360000000001
452.869	127.3736
453.089	134.4436
453.31	141.7236
453.53	104.27359999999999
453.751	101.26360000000001
453.971	117.8836
454.192	133.8536
454.412	103.0436
454.633	90.1636
454.853	89.3336
455.073	89.36359999999999
455.294	96.1436
455.514	111.53359999999999
455.734	96.4136
455.955	88.4036
456.175	87.78359999999999
456.395	88.28359999999999
456.616	87.5036
456.836	88.67360000000001
457.056	89.3136
457.276	86.28359999999999
457.497	86.61359999999999
457.717	89.9736
457.937	89.8336
458.157	92.2936
458.377	98.68360000000001
458.598	126.5636
458.818	206.61360000000002
459.038	229.4236
459.258	148.6936
459.478	101.6436
459.698	92.44359999999999
459.918	89.78359999999999
460.138	89.1236
460.358	88.1336
460.578	90.17360000000001
460.798	95.68360000000001
461.018	93.8836
461.238	90.2136
461.458	88.7936
461.678	88.2036
461.898	88.03359999999999
462.118	88.7036
462.338	88.3936
462.558	88.78359999999999
462.777	88.69359999999999
462.997	97.36359999999999
463.217	106.3036
463.437	97.93360000000001
463.657	91.1336
463.876	91.5036
464.096	95.3036
464.316	99.9836
464.536	100.8336
464.755	101.3736
464.975	125.8136
465.195	236.61360000000002
465.414	239.8236
465.634	110.94359999999999
465.854	92.9636
466.073	92.19359999999999
466.293	92.67360000000001
466.512	90.3236
466.732	90.8236
466.951	94.1436
467.171	99.51360000000001
467.391	112.0436
467.61	144.4736
467.829	197.7236
468.049	499.60360000000003
468.268	751.5536
468.488	205.5336
468.707	108.8136
468.927	95.59360000000001
469.146	93.2536
469.365	92.2336
469.585	97.2936
469.804	107.1636
470.023	111.59360000000001
470.243	105.51360000000001
470.462	117.5036
470.681	140.3636
470.901	106.68360000000001
471.12	99.5036
471.339	104.3236
471.558	115.77359999999999
471.777	144.46359999999999
471.997	271.1436
472.216	959.0236
472.435	2228.5336
472.654	528.5136
472.873	156.3236
473.092	106.9836
473.311	98.67360000000001
473.53	94.7336
473.749	95.03359999999999
473.968	108.4836
474.187	125.8736
474.406	111.3836
474.625	93.5736
474.844	91.5036
475.063	91.3036
475.282	91.2136
475.501	90.5836
475.72	92.8736
475.939	90.60359999999999
476.158	90.4836
476.377	91.59360000000001
476.596	93.7336
476.814	102.4536
477.033	103.51360000000001
477.252	96.77359999999999
477.471	93.76360000000001
477.69	94.60359999999999
477.908	95.0736
478.127	95.60359999999999
478.346	94.93360000000001
478.564	99.17360000000001
478.783	107.2036
479.002	105.4636
479.22	107.9036
479.439	121.77359999999999
479.658	133.8236
479.876	122.03359999999999
480.095	118.0636
480.313	130.71359999999999
480.532	155.08360000000002
480.751	258.0936
480.969	873.1136
481.188	3796.6335999999997
481.406	2190.8336
481.624	332.4436
481.843	133.0936
482.061	108.2536
482.28	102.5036
482.498	98.1436
482.717	94.3836
482.935	95.18360000000001
483.153	93.7436
483.372	93.60359999999999
483.59	93.7536
483.808	93.0036
484.027	94.86359999999999
484.245	96.2436
484.463	98.26360000000001
484.681	100.5436
484.9	96.8336
485.118	99.3036
485.336	98.8736
485.554	101.8336
485.772	104.2036
485.99	109.0536
486.209	109.17360000000001
486.427	112.36359999999999
486.645	122.61359999999999
486.863	129.5336
487.081	110.51360000000001
487.299	101.9536
487.517	100.9036
487.735	96.2236
487.953	95.4136
488.171	97.9836
488.389	98.3936
488.607	104.01360000000001
488.825	95.67360000000001
489.043	93.6436
489.261	94.42360000000001
489.479	93.03359999999999
489.696	90.9736
489.914	92.1236
490.132	92.0036
490.35	92.3336
490.568	90.7136
490.786	93.4136
491.003	94.5836
491.221	96.03359999999999
491.439	98.7536
491.657	97.2236
491.874	95.3736
492.092	92.67360000000001
492.31	94.92360000000001
492.527	100.86359999999999
492.745	100.4136
492.963	97.18360000000001
493.18	94.9936
493.398	94.0836
493.615	97.5836
493.833	94.94359999999999
494.05	92.8236
494.268	91.67360000000001
494.485	93.19359999999999
494.703	91.03359999999999
494.92	92.1536
495.138	90.18360000000001
495.355	91.7236
495.573	94.5036
495.79	93.9136
496.008	95.52359999999999
496.225	92.9636
496.442	92.18360000000001
496.66	93.4836
496.877	93.01360000000001
497.094	94.53359999999999
497.312	92.8736
497.529	92.26360000000001
497.746	93.0636
497.963	93.7136
498.181	96.4036
498.398	99.9836
498.615	114.4936
498.832	107.8836
499.049	95.42360000000001
499.267	93.18360000000001
499.484	91.09360000000001
499.701	93.7336
499.918	93.77359999999999
500.135	91.19359999999999
500.352	92.85359999999999
500.569	97.2036
500.786	100.3736
501.003	94.35359999999999
501.22	92.5736
501.437	94.7436
501.654	103.19359999999999
501.871	124.8236
502.088	98.5636
502.305	92.8836
502.522	93.1536
502.739	92.0636
502.956	94.0736
503.172	96.8136
503.389	105.9136
503.606	123.6636
503.823	108.09360000000001
504.04	97.10359999999999
504.256	94.51360000000001
504.473	92.5636
504.69	92.5036
504.907	95.84360000000001
505.123	92.42360000000001
505.34	92.4736
505.557	92.35359999999999
505.773	95.5036
505.99	93.3136
506.207	93.0636
506.423	92.2536
506.64	94.0036
506.856	91.51360000000001
507.073	92.84360000000001
507.289	96.8936
507.506	104.34360000000001
507.722	132.58360000000002
507.939	133.5936
508.155	102.53359999999999
508.372	96.42360000000001
508.588	98.0036
508.805	100.0436
509.021	99.1436
509.238	104.7336
509.454	102.4636
509.67	107.35359999999999
509.887	116.3236
510.103	143.8936
510.319	243.29360000000003
510.536	910.3936
510.752	3153.4836
510.968	837.3136
511.184	180.5036
511.401	128.9236
511.617	112.1236
511.833	112.0536
512.049	103.0536
512.265	96.19359999999999
512.481	94.5836
512.698	95.5636
512.914	96.2936
513.13	97.7236
513.346	96.3036
513.562	100.0836
513.778	104.9736
513.994	107.77359999999999
514.21	117.3336
514.426	146.2536
514.642	178.2636
514.858	159.8836
515.074	222.56359999999998
515.29	693.8736000000001
515.506	2504.5836
515.721	872.2536
515.937	213.61360000000002
516.153	134.9436
516.369	111.53359999999999
516.585	105.9136
516.801	106.3236
517.016	104.0436
517.232	99.5536
517.448	100.0636
517.664	99.6236
517.879	100.7936
518.095	99.11359999999999
518.311	105.8936
518.527	109.5736
518.742	98.26360000000001
518.958	98.6536
519.173	98.2536
519.389	99.3036
519.605	102.36359999999999
519.82	102.85359999999999
520.036	115.9036
520.251	148.0036
520.467	133.71359999999999
520.682	118.7536
520.898	121.44359999999999
521.113	136.6336
521.329	180.27360000000002
521.544	298.97360000000003
521.76	907.8236
521.975	4205.9536
522.19	2467.1836
522.406	492.91360000000003
522.621	164.2536
522.836	117.8936
523.052	107.8036
523.267	103.34360000000001
523.482	102.51360000000001
523.698	111.94359999999999
523.913	144.6836
524.128	120.9636
524.343	100.03359999999999
524.559	99.09360000000001
524.774	96.9936
524.989	104.02359999999999
525.204	119.1336
525.419	109.7036
525.634	95.34360000000001
525.849	94.7436
526.064	94.0836
526.28	95.5736
526.495	92.0736
526.71	92.42360000000001
526.925	91.6236
527.14	91.4636
527.355	91.27359999999999
527.57	91.59360000000001
527.785	91.8936
527.999	93.03359999999999
528.214	95.59360000000001
528.429	96.68360000000001
528.644	98.42360000000001
528.859	94.9936
529.074	102.17360000000001
529.289	155.21359999999999
529.503	273.4036
529.718	124.6236
529.933	96.03359999999999
530.148	91.9736
530.363	93.84360000000001
530.577	92.2236
530.792	93.84360000000001
531.007	92.9136
531.221	94.67360000000001
531.436	92.69359999999999
531.651	92.09360000000001
531.865	92.8036
532.08	91.9136
532.295	96.5636
532.509	95.1236
532.724	93.0536
532.938	95.2136
533.153	95.3736
533.367	92.51360000000001
533.582	93.5736
533.796	93.3036
534.011	93.09360000000001
534.225	92.2036
534.44	91.67360000000001
534.654	92.3136
534.868	93.36359999999999
535.083	95.9836
535.297	95.7036
535.511	111.67360000000001
535.726	114.4736
535.94	105.2136
536.154	101.36359999999999
536.369	95.5836
536.583	90.8736
536.797	92.1336
537.011	92.8936
537.225	91.94359999999999
537.44	93.27359999999999
537.654	93.4136
537.868	92.2536
538.082	93.3336
538.296	91.4836
538.51	91.11359999999999
538.724	92.26360000000001
538.938	95.53359999999999
539.153	101.4836
539.367	118.84360000000001
539.581	103.1336
539.795	94.1536
540.009	92.0036
540.222	92.4136
540.436	94.4036
540.65	90.03359999999999
540.864	95.10359999999999
541.078	101.5736
541.292	94.53359999999999
541.506	93.7236
541.72	91.7036
541.934	90.34360000000001
542.147	89.76360000000001
542.361	90.4036
542.575	91.51360000000001
542.789	93.35359999999999
543.002	93.5836
543.216	97.09360000000001
543.43	104.9036
543.644	96.4736
543.857	93.68360000000001
544.071	93.1536
544.285	94.1436
544.498	90.4736
544.712	91.0436
544.925	90.6536
545.139	92.1636
545.352	90.26360000000001
545.566	92.10359999999999
545.779	90.1236
545.993	91.02359999999999
546.206	91.9836
546.42	92.2136
546.633	94.2036
546.847	94.4036
547.06	92.10359999999999
547.274	90.2136
547.487	91.3936
547.7	90.4736
547.914	90.3236
548.127	90.1336
548.34	90.4736
548.554	87.9136
548.767	89.9636
548.98	90.0436
549.193	90.77359999999999
549.407	91.4636
549.62	90.3136
549.833	91.1436
550.046	90.43360000000001
550.259	91.3136
550.473	91.28359999999999
550.686	91.52359999999999
550.899	90.78359999999999
551.112	92.7936
551.325	93.77359999999999
551.538	97.7436
551.751	93.2436
551.964	91.6536
552.177	92.8136
552.39	89.9836
552.603	90.76360000000001
552.816	92.4636
553.029	92.9536
553.242	94.9536
553.455	105.9136
553.667	116.7336
553.88	115.1336
554.093	102.4036
554.306	111.4736
554.519	114.7536
554.732	100.02359999999999
554.944	93.1336
555.157	92.69359999999999
555.37	92.3736
555.583	95.0436
555.795	98.44359999999999
556.008	92.6336
556.221	92.27359999999999
556.433	94.44359999999999
556.646	94.3236
556.859	92.01360000000001
557.071	91.92360000000001
557.284	92.86359999999999
557.496	92.3736
557.709	92.0736
557.921	93.02359999999999
558.134	92.11359999999999
558.346	91.59360000000001
558.559	90.8036
558.771	89.7136
558.984	91.01360000000001
559.196	91.6636
559.409	92.0736
559.621	92.2036
559.833	92.8236
560.046	96.0536
560.258	109.35359999999999
560.47	127.8736
560.683	103.01360000000001
560.895	93.84360000000001
561.107	92.59360000000001
561.32	91.6336
561.532	90.8336
561.744	92.7236
561.956	94.11359999999999
562.168	92.52359999999999
562.381	92.36359999999999
562.593	90.44359999999999
562.805	93.5836
563.017	93.1236
563.229	91.8036
563.441	91.2436
563.653	89.86359999999999
563.865	89.35359999999999
564.077	88.52359999999999
564.289	92.19359999999999
564.501	90.4536
564.713	94.0436
564.925	99.1336
565.137	110.51360000000001
565.349	97.0836
565.561	90.5536
565.773	90.6236
565.985	89.4636
566.197	88.9836
566.408	90.68360000000001
566.62	88.3336
566.832	88.3936
567.044	87.2236
567.255	88.78359999999999
567.467	89.11359999999999
567.679	88.1536
567.891	89.86359999999999
568.102	88.67360000000001
568.314	89.5036
568.526	89.0536
568.737	92.3936
568.949	89.2336
569.161	88.4936
569.372	88.4036
569.584	91.43360000000001
569.795	96.10359999999999
570.007	125.0736
570.218	295.6336
570.43	152.9836
570.641	95.85359999999999
570.853	89.7436
571.064	87.5636
571.276	87.92360000000001
571.487	88.9136
571.698	88.6636
571.91	90.43360000000001
572.121	88.8836
572.333	88.26360000000001
572.544	89.1236
572.755	88.51360000000001
572.966	89.51360000000001
573.178	89.2436
573.389	92.2036
573.6	90.02359999999999
573.811	87.9636
574.023	89.5436
574.234	89.7336
574.445	89.9036
574.656	90.1236
574.867	89.0536
575.078	89.8136
575.289	90.26360000000001
575.501	90.51360000000001
575.712	90.0836
575.923	89.3036
576.134	91.09360000000001
576.345	89.2036
576.556	91.4636
576.767	93.27359999999999
576.978	92.86359999999999
577.188	94.2136
577.399	96.5436
577.61	96.67360000000001
577.821	103.67360000000001
578.032	121.7236
578.243	318.5936
578.454	976.5236
578.665	252.8436
578.875	108.3836
579.086	93.52359999999999
579.297	89.86359999999999
579.508	90.2236
579.718	91.4636
579.929	91.6536
580.14	89.78359999999999
580.35	87.35359999999999
580.561	89.59360000000001
580.772	88.34360000000001
580.982	87.4836
581.193	88.7136
581.403	88.28359999999999
581.614	87.7336
581.825	89.0036
582.035	87.6536
582.246	89.7236
582.456	87.2936
582.667	88.09360000000001
582.877	88.94359999999999
583.087	87.61359999999999
583.298	90.0636
583.508	90.7136
583.719	89.3036
583.929	90.4936
584.139	89.4036
584.35	87.6236
584.56	89.2936
584.77	87.2036
584.981	90.19359999999999
585.191	90.7036
585.401	90.7336
585.611	88.69359999999999
585.821	90.44359999999999
586.032	90.8136
586.242	89.1436
586.452	87.77359999999999
586.662	87.6336
586.872	87.6536
587.082	87.36359999999999
587.292	88.4036
587.502	88.85359999999999
587.713	87.26360000000001
587.923	87.4736
588.133	89.8936
588.343	87.51360000000001
588.553	87.8036
588.762	94.3736
588.972	105.1636
589.182	194.6936
589.392	126.5436
589.602	107.9536
589.812	152.74360000000001
590.022	105.03359999999999
590.232	89.8936
590.441	88.6536
590.651	87.77359999999999
590.861	85.86359999999999
591.071	87.3736
591.281	87.85359999999999
591.49	85.5536
591.7	86.9036
591.91	89.85359999999999
592.119	87.92360000000001
592.329	94.2136
592.539	97.60359999999999
592.748	91.0036
592.958	90.2136
593.167	86.5036
593.377	86.1336
593.587	92.6236
593.796	87.9636
594.006	87.77359999999999
594.215	87.0736
594.424	87.0036
594.634	84.9936
594.843	87.27359999999999
595.053	87.1236
595.262	87.7236
595.472	88.78359999999999
595.681	87.76360000000001
595.89	87.4936
596.1	88.94359999999999
596.309	87.6436
596.518	88.4636
596.727	90.34360000000001
596.937	88.76360000000001
597.146	87.4936
597.355	89.4936
597.564	86.3936
597.774	90.8136
597.983	88.1636
598.192	85.44359999999999
598.401	85.67360000000001
598.61	86.93360000000001
598.819	88.1536
599.028	88.1536
599.237	88.4136
599.446	88.1436
599.655	88.35359999999999
599.864	88.01360000000001
600.073	87.78359999999999
600.282	88.5536
600.491	89.36359999999999
600.7	87.9936
600.909	87.3336
601.118	89.03359999999999
601.327	89.3236
601.536	89.92360000000001
601.745	88.3936
601.953	87.9736
602.162	88.53359999999999
602.371	89.9036
602.58	89.3236
602.789	88.7136
602.997	87.8036
603.206	89.8936
603.415	89.2436
603.623	85.7536
603.832	87.69359999999999
604.041	87.1636
604.249	86.59360000000001
604.458	85.6236
604.666	87.2036
604.875	86.77359999999999
605.084	89.4636
605.292	86.9636
605.501	88.1436
605.709	87.8136
605.918	87.4836
606.126	89.67360000000001
606.334	86.6536
606.543	86.9836
606.751	88.4536
606.96	87.2936
607.168	88.5736
607.376	92.10359999999999
607.585	89.7436
607.793	89.0036
608.001	88.1336
608.21	87.11359999999999
608.418	86.9036
608.626	87.61359999999999
608.834	87.6236
609.043	86.5436
609.251	87.5836
609.459	87.2136
609.667	86.4936
609.875	87.51360000000001
610.083	87.2236
610.291	88.5436
610.499	90.27359999999999
610.707	89.5636
610.916	88.0536
611.124	87.18360000000001
611.332	85.5036
611.54	87.11359999999999
611.748	87.2036
611.955	87.36359999999999
612.163	85.43360000000001
612.371	87.8236
612.579	86.36359999999999
612.787	88.27359999999999
612.995	89.6536
613.203	90.26360000000001
613.411	86.5736
613.618	87.36359999999999
613.826	85.9936
614.034	86.4536
614.242	90.09360000000001
614.449	88.7136
614.657	89.9936
614.865	89.4136
615.072	88.6236
615.28	91.01360000000001
615.488	91.18360000000001
615.695	91.2136
615.903	94.2036
616.111	95.6636
616.318	98.2136
616.526	94.1236
616.733	93.34360000000001
616.941	90.2336
617.148	89.1336
617.356	88.0036
617.563	88.5036
617.771	89.59360000000001
617.978	88.0036
618.185	89.2936
618.393	86.43360000000001
618.6	86.69359999999999
618.807	87.28359999999999
619.015	86.43360000000001
619.222	85.8736
619.429	87.3236
619.637	89.2436
619.844	87.01360000000001
620.051	85.0736
620.258	86.86359999999999
620.466	86.77359999999999
620.673	86.5836
620.88	84.8036
621.087	86.4836
621.294	87.84360000000001
621.501	86.36359999999999
621.708	86.27359999999999
621.915	88.5036
622.122	87.85359999999999
622.329	87.6236
622.536	86.76360000000001
622.743	86.1436
622.95	87.1336
623.157	84.2936
623.364	87.03359999999999
623.571	86.8036
623.778	85.28359999999999
623.985	87.1636
624.192	86.2936
624.399	86.5536
624.606	87.5536
624.812	85.8936
625.019	85.2536
625.226	85.42360000000001
625.433	89.4636
625.639	87.03359999999999
625.846	87.18360000000001
626.053	85.67360000000001
626.259	86.11359999999999
626.466	87.8136
626.673	86.6236
626.879	86.7236
627.086	89.19359999999999
627.293	87.8336
627.499	84.2036
627.706	85.85359999999999
627.912	86.85359999999999
628.119	86.3036
628.325	86.93360000000001
628.532	85.6336
628.738	85.35359999999999
628.945	84.5836
629.151	86.42360000000001
629.357	84.8236
629.564	86.44359999999999
629.77	85.6336
629.976	84.5536
630.183	84.6336
630.389	85.6236
630.595	85.09360000000001
630.802	86.27359999999999
631.008	84.35359999999999
631.214	85.0036
631.42	86.3036
631.627	87.3736
631.833	84.67360000000001
632.039	84.7136
632.245	85.5536
632.451	85.69359999999999
632.657	84.94359999999999
632.863	85.7536
633.069	86.2136
633.275	85.0536
633.481	84.7236
633.688	84.18360000000001
633.893	87.2336
634.099	84.9836
634.305	84.43360000000001
634.511	85.6336
634.717	87.8036
634.923	84.9536
635.129	87.42360000000001
635.335	87.11359999999999
635.541	90.1436
635.747	93.6336
635.952	99.3136
636.158	128.8936
636.364	340.3736
636.57	293.0836
636.775	130.08360000000002
636.981	97.8936
637.187	89.1536
637.392	87.51360000000001
637.598	85.03359999999999
637.804	86.84360000000001
638.009	86.1436
638.215	85.7536
638.421	84.4036
638.626	84.5736
638.832	85.9136
639.037	85.4836
639.243	85.9036
639.448	86.1436
639.654	84.84360000000001
639.859	84.02359999999999
640.065	84.5036
640.27	91.2936
640.475	84.53359999999999
640.681	82.8936
640.886	85.78359999999999
641.091	85.17360000000001
641.297	87.4036
641.502	84.3236
641.707	88.4836
641.913	88.1636
642.118	85.0736
642.323	85.3336
642.528	86.8836
642.733	86.4636
642.939	87.0436
643.144	87.1636
643.349	85.6236
643.554	86.4136
643.759	86.17360000000001
643.964	84.1236
644.169	84.8136
644.374	87.10359999999999
644.579	85.4536
644.784	84.9936
644.989	84.7536
645.194	85.0536
645.399	87.35359999999999
645.604	86.09360000000001
645.809	84.9136
646.014	85.7036
646.219	83.85359999999999
646.423	84.0536
646.628	84.8036
646.833	87.3736
647.038	85.34360000000001
647.243	85.85359999999999
647.447	85.03359999999999
647.652	86.09360000000001
647.857	83.01360000000001
648.062	87.03359999999999
648.266	87.34360000000001
648.471	89.4936
648.676	92.1436
648.88	90.4936
649.085	90.3336
649.289	91.53359999999999
649.494	105.27359999999999
649.698	134.58360000000002
649.903	102.78359999999999
650.107	90.2036
650.312	87.85359999999999
650.516	85.6636
650.721	85.5036
650.925	82.9936
651.13	83.1536
651.334	83.44359999999999
651.539	84.4936
651.743	84.3736
651.947	84.26360000000001
652.152	86.09360000000001
652.356	84.3236
652.56	85.4936
652.764	83.61359999999999
652.969	83.9136
653.173	82.7036
653.377	83.1436
653.581	82.52359999999999
653.785	83.85359999999999
653.99	84.9036
654.194	84.8736
654.398	83.92360000000001
654.602	83.61359999999999
654.806	89.42360000000001
655.01	103.5436
655.214	90.6236
655.418	86.7436
655.622	83.76360000000001
655.826	87.3136
656.03	89.77359999999999
656.234	93.4736
656.438	96.9936
656.642	99.0736
656.846	91.84360000000001
657.049	87.93360000000001
657.253	85.3036
657.457	85.60359999999999
657.661	83.9836
657.865	84.4736
658.068	84.3136
658.272	83.3736
658.476	82.6436
658.68	83.17360000000001
658.883	81.7536
659.087	80.8536
659.291	83.09360000000001
659.494	82.7536
659.698	82.69359999999999
659.901	80.75359999999999
660.105	82.19359999999999
660.309	80.45360000000001
660.512	82.7136
660.716	83.1236
660.919	83.2436
661.123	85.2936
661.326	82.7936
661.53	83.51360000000001
661.733	82.92360000000001
661.936	82.4536
662.14	81.1436
662.343	81.6436
662.546	82.69359999999999
662.75	83.43360000000001
662.953	85.5536
663.156	83.1336
663.36	83.17360000000001
663.563	82.28359999999999
663.766	82.34360000000001
663.969	83.44359999999999
664.173	81.2536
664.376	83.09360000000001
664.579	80.9736
664.782	81.1036
664.985	83.4136
665.188	81.59360000000001
665.391	82.43360000000001
665.594	81.3936
665.797	80.3536
666.0	80.8236
666.203	80.7436
666.406	81.00359999999999
666.609	80.4236
666.812	84.4036
667.015	82.19359999999999
667.218	82.19359999999999
667.421	82.3236
667.624	80.5636
667.827	83.67360000000001
668.03	81.6436
668.232	80.7836
668.435	82.9536
668.638	80.9236
668.841	82.4636
669.043	82.9936
669.246	81.42360000000001
669.449	82.28359999999999
669.651	81.0536
669.854	82.77359999999999
670.057	80.6436
670.259	81.42360000000001
670.462	82.3736
670.665	81.5436
670.867	83.76360000000001
671.07	82.9636
671.272	83.0436
671.475	85.77359999999999
671.677	81.18360000000001
671.88	82.9036
672.082	81.1636
672.284	81.76360000000001
672.487	83.09360000000001
672.689	80.2836
672.892	81.1436
