223.165	-17.3059
223.4	-17.3059
223.635	-17.3059
223.869	-18.7259
224.104	-19.5059
224.338	-15.6959
224.573	-14.7459
224.808	-13.965900000000001
225.042	-7.805899999999999
225.277	-5.345899999999999
225.511	-0.6859000000000001
225.746	2.3941
225.98	8.2041
226.215	11.0641
226.449	16.2241
226.683	21.0741
226.918	24.3641
227.152	30.4641
227.387	34.9741
227.621	37.6141
227.856	43.6641
228.09	46.994099999999996
228.324	49.5841
228.559	55.7041
228.793	69.3641
229.027	102.7741
229.262	112.78410000000001
229.496	125.36410000000001
229.73	152.5941
229.964	152.1141
230.199	121.4241
230.433	116.4141
230.667	118.47409999999999
230.901	115.9041
231.136	114.8141
231.37	116.05409999999999
231.604	117.55409999999999
231.838	116.80409999999999
232.072	118.21409999999999
232.306	120.63409999999999
232.541	121.08409999999999
232.775	122.95410000000001
233.009	121.37410000000001
233.243	121.2641
233.477	122.53410000000001
233.711	123.6541
233.945	122.97409999999999
234.179	123.5241
234.413	123.9241
234.647	123.4341
234.881	126.0241
235.115	124.1841
235.349	127.53410000000001
235.583	129.1641
235.817	132.4141
236.051	135.38410000000002
236.285	132.64409999999998
236.519	135.9041
236.753	143.5641
236.987	164.6341
237.221	216.41410000000002
237.455	228.59410000000003
237.689	161.54410000000001
237.922	144.8341
238.156	141.6641
238.39	138.1241
238.624	134.5641
238.858	136.3241
239.091	136.2841
239.325	137.5541
239.559	140.54410000000001
239.793	143.0041
240.027	149.5741
240.26	162.0941
240.494	169.2441
240.728	167.0641
240.961	162.7641
241.195	155.7041
241.429	149.3041
241.662	147.7841
241.896	147.29410000000001
242.13	149.47410000000002
242.363	148.97410000000002
242.597	151.29410000000001
242.83	155.9941
243.064	153.14409999999998
243.298	155.0041
243.531	155.1241
243.765	155.5041
243.998	157.2841
244.232	159.2041
244.465	164.2641
244.699	164.5541
244.932	163.8841
245.166	162.8841
245.399	164.11409999999998
245.633	164.6941
245.866	164.9441
246.099	165.5541
246.333	166.68410000000003
246.566	168.8341
246.8	169.59410000000003
247.033	174.5441
247.266	176.6941
247.5	182.59410000000003
247.733	191.2641
247.966	190.7341
248.2	189.10410000000002
248.433	190.95409999999998
248.666	196.4241
248.899	209.09410000000003
249.133	221.9741
249.366	228.6441
249.599	215.41410000000002
249.832	195.4441
250.066	198.4641
250.299	198.91410000000002
250.532	210.09410000000003
250.765	226.3941
250.998	246.8841
251.231	241.0341
251.465	225.1441
251.698	219.0841
251.931	214.9741
252.164	214.1441
252.397	218.6941
252.63	222.70409999999998
252.863	231.9041
253.096	246.85410000000002
253.329	252.1941
253.562	242.2841
253.795	233.02409999999998
254.028	234.7141
254.261	241.2141
254.494	259.3141
254.727	292.8741
254.96	303.0041
255.193	274.0741
255.426	252.2141
255.659	241.57410000000002
255.892	235.4741
256.124	232.6741
256.357	230.86409999999998
256.59	229.59410000000003
256.823	226.1341
257.056	228.11409999999998
257.289	230.8841
257.521	230.8941
257.754	231.8941
257.987	231.25410000000002
258.22	233.4941
258.452	230.84410000000003
258.685	233.4941
258.918	235.34410000000003
259.151	241.4241
259.383	248.6241
259.616	250.7941
259.849	258.8541
260.081	277.1041
260.314	288.96410000000003
260.547	281.3641
260.779	268.3541
261.012	258.40409999999997
261.244	254.3141
261.477	254.3141
261.71	256.4141
261.942	272.0541
262.175	277.8841
262.407	255.4941
262.64	247.0341
262.872	245.5641
263.105	245.8041
263.337	245.85410000000002
263.57	247.8341
263.802	249.6241
264.035	247.9041
264.267	248.16410000000002
264.499	248.84410000000003
264.732	253.16410000000002
264.964	252.5141
265.197	251.6741
265.429	252.8741
265.661	251.3841
265.894	254.82410000000002
266.126	258.6341
266.358	258.3341
266.591	259.7941
266.823	269.1741
267.055	270.9541
267.287	270.9241
267.52	266.9741
267.752	268.4341
267.984	271.4841
268.216	272.4541
268.448	279.8541
268.681	284.7841
268.913	298.7441
269.145	317.8641
269.377	324.5641
269.609	314.0941
269.841	312.5841
270.073	321.8541
270.306	353.3641
270.538	369.1741
270.77	352.91409999999996
271.002	337.91409999999996
271.234	333.16409999999996
271.466	347.8841
271.698	361.84409999999997
271.93	362.69410000000005
272.162	362.12410000000006
272.394	355.5441
272.626	337.4941
272.858	322.96410000000003
273.09	316.8741
273.322	312.8141
273.553	309.3841
273.785	309.5641
274.017	309.02410000000003
274.249	311.95410000000004
274.481	311.8641
274.713	313.2241
274.945	317.8141
275.176	316.46410000000003
275.408	313.8241
275.64	312.0741
275.872	312.6041
276.104	317.1041
276.335	324.3041
276.567	334.1741
276.799	357.19410000000005
277.031	374.87410000000006
277.262	379.84409999999997
277.494	366.23409999999996
277.726	348.4241
277.957	336.87410000000006
278.189	330.51410000000004
278.421	327.1141
278.652	326.3241
278.884	325.37410000000006
279.115	324.6041
279.347	326.1741
279.579	326.9041
279.81	325.8241
280.042	325.41409999999996
280.273	326.7841
280.505	331.94410000000005
280.736	329.33410000000003
280.968	327.96410000000003
281.199	331.34409999999997
281.431	334.4041
281.662	336.2541
281.894	340.33410000000003
282.125	351.12410000000006
282.356	378.62410000000006
282.588	406.58410000000003
282.819	374.69410000000005
283.051	347.84409999999997
283.282	344.59409999999997
283.513	349.76410000000004
283.745	351.51410000000004
283.976	356.7741
284.207	357.33410000000003
284.439	354.7741
284.67	356.0041
284.901	353.0741
285.132	352.4341
285.364	352.71410000000003
285.595	354.94410000000005
285.826	355.21410000000003
286.057	360.34409999999997
286.288	356.98409999999996
286.52	361.41409999999996
286.751	360.6341
286.982	362.6141
287.213	363.1041
287.444	368.0041
287.675	375.46410000000003
287.906	383.58410000000003
288.138	389.58410000000003
288.369	388.1741
288.6	387.98409999999996
288.831	379.73409999999996
289.062	378.71410000000003
289.293	378.4241
289.524	373.6341
289.755	374.4741
289.986	372.6841
290.217	375.46410000000003
290.448	377.2241
290.679	377.7841
290.91	375.9941
291.141	374.37410000000006
291.371	379.2841
291.602	376.8541
291.833	378.19410000000005
292.064	377.39410000000004
292.295	377.98409999999996
292.526	377.91409999999996
292.757	379.89410000000004
292.987	377.0241
293.218	375.7841
293.449	385.94410000000005
293.68	380.0241
293.91	379.0441
294.141	381.5241
294.372	379.3541
294.603	384.37410000000006
294.833	386.4241
295.064	384.66409999999996
295.295	387.6341
295.525	388.09409999999997
295.756	400.9741
295.987	416.6541
296.217	446.5341
296.448	431.59409999999997
296.679	396.4541
296.909	393.64410000000004
297.14	394.44410000000005
297.37	401.6041
297.601	403.2841
297.831	400.73409999999996
298.062	405.84409999999997
298.292	403.19410000000005
298.523	408.7941
298.753	409.34409999999997
298.984	405.6141
299.214	410.14410000000004
299.445	409.1041
299.675	412.3641
299.905	417.9941
300.136	413.4241
300.366	413.4041
300.597	416.9241
300.827	427.46410000000003
301.057	440.5041
301.288	447.3841
301.518	435.6041
301.748	434.6041
301.979	447.5341
302.209	440.8841
302.439	437.4541
302.669	432.08410000000003
302.9	432.19410000000005
303.13	429.19410000000005
303.36	438.30409999999995
303.59	443.62410000000006
303.82	448.0641
304.051	442.48409999999996
304.281	433.91409999999996
304.511	430.66409999999996
304.741	431.0241
304.971	431.41409999999996
305.201	428.37410000000006
305.431	427.64410000000004
305.661	427.87410000000006
305.891	429.3541
306.121	431.9041
306.352	443.3241
306.582	438.6741
306.812	425.4541
307.042	428.8641
307.272	430.0741
307.502	428.7941
307.731	431.44410000000005
307.961	428.76410000000004
308.191	429.3641
308.421	427.2941
308.651	435.19410000000005
308.881	434.12410000000006
309.111	436.96410000000003
309.341	442.9241
309.571	452.5741
309.8	456.41409999999996
310.03	461.84409999999997
310.26	463.7841
310.49	461.33410000000003
310.72	474.59409999999997
310.949	484.6841
311.179	480.30409999999995
311.409	466.9341
311.639	470.5641
311.868	470.51410000000004
312.098	474.7841
312.328	481.5441
312.557	498.7541
312.787	505.19410000000005
313.017	496.1141
313.246	483.0741
313.476	475.66409999999996
313.706	484.7241
313.935	493.8541
314.165	502.9041
314.394	504.83410000000003
314.624	497.9041
314.853	491.0641
315.083	481.5741
315.312	481.3541
315.542	475.98409999999996
315.771	474.1741
316.001	472.58410000000003
316.23	471.01410000000004
316.46	471.23409999999996
316.689	477.0041
316.919	479.89410000000004
317.148	485.96410000000003
317.377	483.2741
317.607	480.7941
317.836	476.3641
318.065	468.7441
318.295	472.55409999999995
318.524	470.58410000000003
318.753	468.9241
318.983	473.3141
319.212	475.7441
319.441	491.4341
319.67	491.87410000000006
319.9	476.9041
320.129	477.9241
320.358	478.6141
320.587	483.55409999999995
320.816	491.5041
321.046	493.4541
321.275	493.3541
321.504	489.91409999999996
321.733	493.76410000000004
321.962	501.69410000000005
322.191	513.2141
322.42	523.9641
322.649	535.3541
322.878	543.0840999999999
323.108	554.8340999999999
323.337	580.5541
323.566	604.9641
323.795	649.8441
324.024	752.4241
324.253	1076.5241
324.482	1792.8041
324.71	2979.4541
324.939	3495.1241
325.168	1939.3041
325.397	881.4540999999999
325.626	678.8441
325.855	621.6541
326.084	607.9740999999999
326.313	615.2541
326.542	648.9341000000001
326.77	775.7341
326.999	1107.7341000000001
327.228	1829.1941
327.457	2897.1341
327.686	2500.9341
327.914	1052.0040999999999
328.143	755.7541
328.372	679.2040999999999
328.6	644.3841
328.829	641.3241
329.058	659.3340999999999
329.287	654.6441
329.515	613.3541
329.744	587.9141
329.972	587.5141
330.201	599.7641
330.43	626.2341
330.658	661.8641
330.887	702.2841
331.115	656.8541
331.344	612.4141
331.572	604.5941
331.801	614.2941
332.03	614.7240999999999
332.258	607.7541
332.486	611.8641
332.715	619.1541
332.943	635.4641
333.172	651.6940999999999
333.4	666.9241
333.629	682.4341000000001
333.857	690.4041000000001
334.085	678.0241
334.314	659.5840999999999
334.542	652.9041000000001
334.771	655.0741
334.999	645.5640999999999
335.227	639.2641
335.455	630.8340999999999
335.684	623.1441
335.912	621.1041
336.14	616.5741
336.369	614.7841
336.597	619.7741
336.825	610.2341
337.053	599.7841
337.281	592.2041
337.51	585.9641
337.738	587.5141
337.966	580.9341000000001
338.194	583.7141
338.422	575.0541
338.65	566.9541
338.878	568.5141
339.106	563.6241
339.334	564.0840999999999
339.562	558.8340999999999
339.79	549.3041
340.018	549.1441
340.246	552.6341
340.474	553.3941
340.702	553.6041
340.93	550.2141
341.158	555.3641
341.386	552.4941
341.614	556.0840999999999
341.842	549.0341
342.07	542.6041
342.298	541.2341
342.526	540.8441
342.754	539.0241
342.981	544.4141
343.209	555.0241
343.437	587.9941
343.665	611.8241
343.893	638.5441
344.12	643.2941
344.348	614.1940999999999
344.576	594.1041
344.804	585.7741
345.031	578.5941
345.259	575.4641
345.487	554.8641
345.714	545.9041
345.942	536.1341
346.17	534.7641
346.397	532.2641
346.625	533.0041
346.853	528.3641
347.08	527.9941
347.308	533.8340999999999
347.535	542.8140999999999
347.763	547.3841
347.99	539.6441
348.218	546.8541
348.445	549.3641
348.673	538.7741
348.9	529.1341
349.128	523.4241
349.355	517.8441
349.583	521.5141
349.81	519.2941000000001
350.037	518.4841
350.265	515.7241
350.492	519.5241
350.72	523.6641
350.947	527.5241
351.174	538.8841
351.402	544.2141
351.629	532.2841
351.856	533.3140999999999
352.083	539.4041
352.311	542.6541
352.538	540.7041
352.765	540.6241
352.992	540.7041
353.22	532.7741
353.447	525.4741
353.674	517.9841
353.901	512.9041000000001
354.128	512.9541
354.355	511.62410000000006
354.583	511.41409999999996
354.81	510.6741
355.037	513.0741
355.264	509.9241
355.491	505.9541
355.718	507.5441
355.945	507.7841
356.172	508.8541
356.399	510.6541
356.626	509.80409999999995
356.853	508.0741
357.08	506.5741
357.307	505.37410000000006
357.534	506.46410000000003
357.761	507.2041
357.988	510.8141
358.215	508.71410000000003
358.441	508.66409999999996
358.668	508.6841
358.895	517.8041
359.122	515.9941
359.349	521.4241
359.576	534.6841000000001
359.802	558.3841
360.029	579.9541
360.256	576.2441
360.483	551.3241
360.709	530.8340999999999
360.936	531.2541
361.163	528.5840999999999
361.39	531.4740999999999
361.616	533.4841
361.843	526.0941
362.07	529.5741
362.296	530.6041
362.523	526.1341
362.749	526.2541
362.976	519.6341
363.203	516.1441
363.429	512.5141
363.656	517.6641
363.882	513.0141
364.109	511.01410000000004
364.335	512.5541
364.562	510.7741
364.788	508.7841
365.015	516.3541
365.241	516.5141
365.468	526.7041
365.694	527.1241
365.92	520.9741
366.147	513.0041
366.373	510.73409999999996
366.599	510.09409999999997
366.826	508.58410000000003
367.052	503.89410000000004
367.278	515.6741
367.505	515.4441
367.731	518.2841
367.957	516.3441
368.184	522.8641
368.41	530.9241
368.636	548.4440999999999
368.862	553.2141
369.089	537.2241
369.315	525.1441
369.541	524.9741
369.767	527.3641
369.993	527.9641
370.219	528.0840999999999
370.445	526.9241
370.672	528.9740999999999
370.898	531.4841
371.124	536.9740999999999
371.35	541.5541
371.576	540.2341
371.802	535.8741
372.028	536.9440999999999
372.254	537.8340999999999
372.48	550.1141
372.706	557.0941
372.932	558.2741
373.158	554.2240999999999
373.384	551.0241
373.61	547.3441
373.835	548.9641
374.061	549.9641
374.287	560.4341000000001
374.513	563.9041
374.739	576.6241
374.965	586.2541
375.191	586.4841
375.416	581.6041
375.642	568.8841
375.868	563.1241
376.094	553.8741
376.319	550.8041
376.545	548.4141
376.771	547.6641
376.997	546.6241
377.222	547.1841000000001
377.448	546.7741
377.674	543.5840999999999
377.899	539.1341
378.125	541.2240999999999
378.35	540.3041
378.576	537.4841
378.802	539.2941
379.027	542.3841
379.253	545.7441
379.478	537.8441
379.704	542.8441
379.929	543.7441
380.155	544.0741
380.38	544.8541
380.606	548.4341000000001
380.831	550.0941
381.057	552.9841
381.282	549.1141
381.507	553.7041
381.733	559.1641
381.958	561.4341000000001
382.184	563.9440999999999
382.409	574.8641
382.634	579.6241
382.86	577.2240999999999
383.085	586.0341
383.31	592.2041
383.535	601.2441
383.761	602.8941
383.986	611.8541
384.211	619.9841
384.436	629.8140999999999
384.662	637.1141
384.887	647.2341
385.112	648.1741
385.337	652.9241
385.562	652.2341
385.787	654.6940999999999
386.013	665.3140999999999
386.238	669.2341
386.463	663.9941
386.688	663.3140999999999
386.913	645.6341
387.138	648.4740999999999
387.363	646.8340999999999
387.588	638.1041
387.813	641.0241
388.038	644.9440999999999
388.263	653.6041
388.488	654.0041
388.713	643.8641
388.938	639.2441
389.163	637.6141
389.387	640.3340999999999
389.612	628.4740999999999
389.837	632.5041
390.062	627.9041
390.287	628.9041
390.512	632.6741
390.736	636.8641
390.961	649.0541
391.186	658.2040999999999
391.411	676.4841
391.636	688.5941
391.86	700.3641
392.085	704.2240999999999
392.31	690.5441000000001
392.534	679.8041
392.759	669.6041
392.984	663.0241
393.208	657.7341
393.433	663.5640999999999
393.658	657.5640999999999
393.882	655.0241
394.107	656.2341
394.331	664.3340999999999
394.556	662.4841
394.78	676.0041
395.005	674.5441000000001
395.229	673.7541
395.454	697.7341
395.678	706.4540999999999
395.903	705.0241
396.127	712.7141
396.352	688.9141
396.576	669.6141
396.801	666.2841
397.025	680.0640999999999
397.249	688.8941
397.474	704.7040999999999
397.698	707.5941
397.922	721.0840999999999
398.147	732.7441
398.371	740.8941
398.595	758.0041
398.82	788.0441000000001
399.044	852.1641
399.268	935.6940999999999
399.492	1056.1941
399.717	1124.4741
399.941	1094.0841
400.165	1024.9241
400.389	949.0241
400.613	863.5541
400.837	812.9540999999999
401.062	798.0741
401.286	788.4141
401.51	778.6341
401.734	777.1341
401.958	800.1341
402.182	832.0341
402.406	862.7240999999999
402.63	843.2441
402.854	837.6641
403.078	842.4740999999999
403.302	856.3541
403.526	872.4641
403.75	876.3441
403.974	881.3041
404.198	875.7240999999999
404.422	885.5041
404.645	876.2841
404.869	870.3340999999999
405.093	880.4241
405.317	891.5541
405.541	890.5341
405.765	862.8841
405.988	875.5941
406.212	932.2141
406.436	991.9241
406.66	945.3941
406.883	917.2240999999999
407.107	979.6741000000001
407.331	1035.3841
407.555	1093.1641
407.778	1056.1841
408.002	970.8041
408.226	926.9740999999999
408.449	915.8041
408.673	906.4641
408.896	925.5941
409.12	942.9341000000001
409.344	888.7741
409.567	849.1141
409.791	851.2141
410.014	843.5441000000001
410.238	835.1141
410.461	839.5141
410.685	840.9941
410.908	852.1940999999999
411.132	883.0741
411.355	878.2240999999999
411.578	836.0141
411.802	803.9341000000001
412.025	803.0741
412.249	812.6041
412.472	807.7841
412.695	792.2441
412.919	772.0741
413.142	772.7641
413.365	767.9440999999999
413.589	774.4141
413.812	764.5840999999999
414.035	758.8441
414.258	762.8841
414.482	768.5640999999999
414.705	775.3541
414.928	772.1041
415.151	772.7741
415.374	772.8241
415.597	765.4440999999999
415.821	752.5141
416.044	754.6441
416.267	754.2541
416.49	747.9941
416.713	748.0640999999999
416.936	758.9841
417.159	757.1940999999999
417.382	763.4341000000001
417.605	764.4941
417.828	780.5241
418.051	797.2141
418.274	783.7341
418.497	769.0941
418.72	784.3941
418.943	778.9241
419.166	823.0840999999999
419.389	859.9641
419.611	846.0840999999999
419.834	822.2040999999999
420.057	809.0041
420.28	785.8841
420.503	768.3841
420.726	774.0640999999999
420.948	793.7541
421.171	839.1940999999999
421.394	837.0941
421.617	786.4941
421.839	782.1841000000001
422.062	792.5640999999999
422.285	812.2741
422.507	886.8441
422.73	946.0241
422.953	874.5341
423.175	831.6940999999999
423.398	834.0941
423.621	836.2641
423.843	863.5041
424.066	857.1441
424.288	846.6541000000001
424.511	873.7841
424.733	926.6041
424.956	972.4041000000001
425.178	917.1341
425.401	936.7040999999999
425.623	918.0241
425.846	812.3241
426.068	797.2741
426.291	784.9241
426.513	783.7141
426.735	798.4540999999999
426.958	848.1641
427.18	935.9941
427.402	1078.1441
427.625	1083.1441
427.847	907.0741
428.069	803.3841
428.292	765.0840999999999
428.514	731.2841
428.736	719.3041
428.958	719.5741
429.181	700.4941
429.403	704.4740999999999
429.625	722.6141
429.847	761.1641
430.069	816.1541000000001
430.292	764.3140999999999
430.514	706.2341
430.736	703.6241
430.958	696.0241
431.18	686.9440999999999
431.402	689.3140999999999
431.624	687.2841
431.846	695.0840999999999
432.068	692.9641
432.29	709.5341
432.512	693.3741
432.734	706.6041
432.956	699.1341
433.178	711.7641
433.4	711.3140999999999
433.622	700.5640999999999
433.844	701.1741
434.066	707.0640999999999
434.287	715.9341000000001
434.509	742.4241
434.731	762.5241
434.953	777.6241
435.175	793.2941000000001
435.397	800.2341
435.618	792.8140999999999
435.84	841.5141
436.062	935.0141
436.284	925.2040999999999
436.505	792.5141
436.727	756.4841
436.949	723.6041
437.17	708.0241
437.392	703.0441000000001
437.614	721.0041
437.835	769.0941
438.057	877.6041
438.278	942.3340999999999
438.5	931.9041000000001
438.721	1032.5441
438.943	903.5840999999999
439.165	769.3140999999999
439.386	747.4141
439.608	757.0241
439.829	767.7040999999999
440.05	816.8541
440.272	861.7341
440.493	775.2941000000001
440.715	739.0141
440.936	735.7040999999999
441.158	744.0041
441.379	755.5541
441.6	791.4740999999999
441.822	816.7240999999999
442.043	865.5341
442.264	953.4041000000001
442.486	916.4241
442.707	825.2541
442.928	812.8340999999999
443.149	847.7541
443.371	874.1141
443.592	920.0341
443.813	1029.7141
444.034	1014.0941
444.255	889.8541
444.476	872.8841
444.698	893.2341
444.919	903.9540999999999
445.14	913.6741
445.361	884.2141
445.582	892.6541000000001
445.803	958.8741
446.024	1028.6341
446.245	986.7441
446.466	887.6141
446.687	772.6940999999999
446.908	738.1441
447.129	705.8541
447.35	690.9841
447.571	691.9041000000001
447.792	679.8241
448.013	698.5041
448.234	719.7341
448.455	785.4041000000001
448.675	920.7240999999999
448.896	968.9041000000001
449.117	808.4540999999999
449.338	835.1441
449.559	991.5141
449.779	1009.0840999999999
450.0	776.1641
450.221	697.6541000000001
450.442	672.5640999999999
450.662	668.4341000000001
450.883	681.5141
451.104	693.6141
451.324	668.6641
451.545	650.4141
451.766	640.4641
451.986	628.3241
452.207	622.8241
452.428	625.7841
452.648	632.6441
452.869	640.9841
453.089	651.4241
453.31	658.1441
453.53	629.7641
453.751	621.3741
453.971	632.7741
454.192	644.7341
454.412	614.4541
454.633	606.7741
454.853	602.5541
455.073	607.9941
455.294	653.8941
455.514	709.1041
455.734	649.3441
455.955	594.7841
456.175	582.0640999999999
456.395	577.3841
456.616	575.2240999999999
456.836	576.3841
457.056	575.9341000000001
457.276	569.4841
457.497	587.3041
457.717	585.3441
457.937	593.9041
458.157	603.1940999999999
458.377	616.7041
458.598	657.8241
458.818	755.1741
459.038	840.3441
459.258	802.7741
459.478	716.0141
459.698	702.0941
459.918	714.0640999999999
460.138	730.6641
460.358	755.9941
460.578	757.7341
460.798	768.9141
461.018	769.1241
461.238	750.2541
461.458	747.7641
461.678	747.4641
461.898	766.0141
462.118	770.5441000000001
462.338	806.4941
462.558	821.9341000000001
462.777	852.5541
462.997	917.9041000000001
463.217	961.1940999999999
463.437	935.9341000000001
463.657	871.2941000000001
463.876	851.2641
464.096	857.0941
464.316	857.1541000000001
464.536	862.6041
464.755	833.9740999999999
464.975	831.1641
465.195	881.2141
465.414	871.9941
465.634	747.4641
465.854	713.1940999999999
466.073	684.9141
466.293	667.7341
466.512	651.1141
466.732	642.0941
466.951	644.7541
467.171	647.0840999999999
467.391	655.7541
467.61	661.6641
467.829	649.8241
468.049	638.6940999999999
468.268	619.7841
468.488	614.0141
468.707	610.2041
468.927	617.6940999999999
469.146	614.3441
469.365	624.0341
469.585	628.8541
469.804	651.1041
470.023	667.2240999999999
470.243	661.9440999999999
470.462	675.0041
470.681	695.1940999999999
470.901	671.9740999999999
471.12	653.7240999999999
471.339	649.2541
471.558	646.1441
471.777	637.6541
471.997	623.9641
472.216	618.2041
472.435	617.4641
472.654	613.6441
472.873	608.1541
473.092	607.9941
473.311	612.3541
473.53	617.4041
473.749	631.5341
473.968	690.4141
474.187	796.7541
474.406	742.7841
474.625	647.8140999999999
474.844	622.0441
475.063	615.0840999999999
475.282	620.2240999999999
475.501	627.4641
475.72	631.3441
475.939	632.0141
476.158	634.2941
476.377	636.2741
476.596	636.9841
476.814	657.3641
477.033	660.4440999999999
477.252	667.6841000000001
477.471	678.0241
477.69	690.7941000000001
477.908	701.5441000000001
478.127	716.6141
478.346	723.0141
478.564	738.7941000000001
478.783	751.9141
479.002	765.5941
479.22	761.9941
479.439	778.8340999999999
479.658	788.7441
479.876	794.6541000000001
480.095	812.5241
480.313	853.3241
480.532	838.0941
480.751	822.0441000000001
480.969	807.7541
481.188	795.4341000000001
481.406	773.2641
481.624	749.0741
481.843	731.4641
482.061	723.1641
482.28	718.0541
482.498	712.5941
482.717	707.4641
482.935	710.3941
483.153	706.8941
483.372	707.8140999999999
483.59	706.2741
483.808	709.8941
484.027	710.6041
484.245	720.9540999999999
484.463	722.9440999999999
484.681	736.3941
484.9	739.2040999999999
485.118	741.8041
485.336	744.0041
485.554	753.4740999999999
485.772	760.2441
485.99	762.3140999999999
486.209	769.9641
486.427	768.6241
486.645	777.6441
486.863	787.3541
487.081	772.9641
487.299	765.0541
487.517	765.2240999999999
487.735	755.9740999999999
487.953	756.0441000000001
488.171	760.9540999999999
488.389	759.0341
488.607	760.2040999999999
488.825	758.4841
489.043	761.5840999999999
489.261	764.9941
489.479	768.2541
489.696	772.4440999999999
489.914	777.0741
490.132	782.5141
490.35	788.3241
490.568	791.8941
490.786	804.8641
491.003	809.9440999999999
491.221	823.6841000000001
491.439	836.5041
491.657	836.5840999999999
491.874	844.8140999999999
492.092	845.6940999999999
492.31	846.3541
492.527	852.6341
492.745	856.3841
492.963	861.4841
493.18	866.4041000000001
493.398	881.5341
493.615	895.3641
493.833	894.4841
494.05	885.0941
494.268	886.5341
494.485	885.3741
494.703	883.0241
494.92	885.6741
495.138	882.7641
495.355	883.8741
495.573	886.9440999999999
495.79	889.2641
496.008	892.3741
496.225	890.5041
496.442	893.3641
496.66	904.9341000000001
496.877	904.4941
497.094	918.8841
497.312	928.5141
497.529	952.8340999999999
497.746	974.2841000000001
497.963	997.6940999999999
498.181	1041.8341
498.398	1068.1341
498.615	1124.6141
498.832	1174.7241
499.049	1217.1341
499.267	1288.6441
499.484	1376.4241000000002
499.701	1460.4441
499.918	1547.5141
500.135	1642.3741
500.352	1708.4841000000001
500.569	1721.9741
500.786	1704.5241
501.003	1654.0441
501.22	1582.2941
501.437	1493.5340999999999
501.654	1403.9441
501.871	1343.6641
502.088	1253.5340999999999
502.305	1185.2341000000001
502.522	1133.9541000000002
502.739	1094.8441
502.956	1042.1941
503.172	1008.6641
503.389	981.8041
503.606	977.3340999999999
503.823	960.3241
504.04	953.2841
504.256	962.9440999999999
504.473	978.9641
504.69	979.7941000000001
504.907	951.3241
505.123	910.9841
505.34	884.0840999999999
505.557	862.7641
505.773	855.3140999999999
505.99	848.7641
506.207	840.9041000000001
506.423	834.4641
506.64	817.2941000000001
506.856	810.0441000000001
507.073	806.2040999999999
507.289	800.6741
507.506	798.9041000000001
507.722	820.7741
507.939	812.5840999999999
508.155	781.3841
508.372	774.4440999999999
508.588	765.9440999999999
508.805	769.6341
509.021	774.7141
509.238	794.3641
509.454	793.3641
509.67	782.5640999999999
509.887	770.4041000000001
510.103	784.3441
510.319	860.3340999999999
510.536	1414.4441
510.752	3030.4041
510.968	1321.8941
511.184	784.9440999999999
511.401	738.6041
511.617	722.4241
511.833	715.0141
512.049	706.0441000000001
512.265	710.0441000000001
512.481	708.7240999999999
512.698	705.3541
512.914	708.6541000000001
513.13	710.0141
513.346	706.1241
513.562	712.5141
513.778	715.3241
513.994	719.8541
514.21	734.9841
514.426	762.3941
514.642	794.9841
514.858	810.2341
515.074	876.0241
515.29	1209.6041
515.506	2206.5341
515.721	1251.7141
515.937	852.5241
516.153	803.3741
516.369	795.3441
516.585	803.0041
516.801	817.6641
517.016	835.9740999999999
517.232	863.0741
517.448	885.3541
517.664	902.5141
517.879	896.1641
518.095	896.1041
518.311	878.2441
518.527	847.6940999999999
518.742	824.8641
518.958	799.7441
519.173	782.1641
519.389	768.5241
519.605	752.7841
519.82	747.9440999999999
520.036	761.2240999999999
520.251	778.3841
520.467	781.7541
520.682	770.5840999999999
520.898	769.8541
521.113	781.7040999999999
521.329	819.9341000000001
521.544	925.8741
521.76	1361.9541000000002
521.975	3166.8241
522.19	2168.4341
522.406	967.9241
522.621	744.6741
522.836	697.6940999999999
523.052	676.5041
523.267	660.1441
523.482	650.5640999999999
523.698	651.8140999999999
523.913	661.6041
524.128	646.3340999999999
524.343	632.3641
524.559	625.3340999999999
524.774	616.6741
524.989	622.1041
525.204	631.1241
525.419	619.2441
525.634	611.3140999999999
525.849	608.3140999999999
526.064	605.2941
526.28	602.0341
526.495	598.8841
526.71	597.9440999999999
526.925	594.6341
527.14	595.3441
527.355	592.4241
527.57	590.3241
527.785	593.8541
527.999	590.1341
528.214	597.6541
528.429	598.5041
528.644	598.3741
528.859	595.6641
529.074	596.0541
529.289	636.9041
529.503	722.9941
529.718	645.3941
529.933	611.3441
530.148	600.9041
530.363	601.5941
530.577	592.1441
530.792	592.2441
531.007	591.0041
531.221	596.2541
531.436	588.8641
531.651	589.2341
531.865	587.3041
532.08	585.7240999999999
532.295	586.6241
532.509	583.4041
532.724	582.5941
532.938	588.8841
533.153	591.2141
533.367	584.6441
533.582	583.3941
533.796	579.8241
534.011	581.6641
534.225	578.8241
534.44	572.9141
534.654	574.8541
534.868	572.0541
535.083	573.7541
535.297	573.7441
535.511	579.1741
535.726	582.6641
535.94	581.5840999999999
536.154	569.7641
536.369	563.2541
536.583	553.0141
536.797	554.8441
537.011	548.5141
537.225	543.9641
537.44	548.6541
537.654	549.3841
537.868	549.3741
538.082	547.6141
538.296	550.1441
538.51	546.7041
538.724	547.1940999999999
538.938	543.1641
539.153	544.3941
539.367	559.7641
539.581	547.1741
539.795	533.9541
540.009	537.3340999999999
540.222	538.1940999999999
540.436	541.3641
540.65	538.2441
540.864	542.8340999999999
541.078	549.9641
541.292	545.1241
541.506	532.4941
541.72	526.6141
541.934	521.3041000000001
542.147	523.8541
542.361	523.9841
542.575	517.8441
542.789	524.5640999999999
543.002	524.9641
543.216	530.7240999999999
543.43	537.1241
543.644	528.1141
543.857	526.6641
544.071	531.2741
544.285	532.5441
544.498	529.1940999999999
544.712	526.9841
544.925	529.6541
545.139	531.9440999999999
545.352	527.9941
545.566	527.4041000000001
545.779	528.1541
545.993	528.9941
546.206	527.6441
546.42	526.1741
546.633	528.1741
546.847	525.8541
547.06	522.5141
547.274	519.8541
547.487	519.9041000000001
547.7	522.6841000000001
547.914	522.6341
548.127	531.9740999999999
548.34	530.7141
548.554	527.9941
548.767	525.6741
548.98	526.5341
549.193	526.7941000000001
549.407	528.6341
549.62	533.5640999999999
549.833	535.4541
550.046	529.2041
550.259	525.9440999999999
550.473	517.6041
550.686	518.2041
550.899	516.6541000000001
551.112	513.6441
551.325	509.80409999999995
551.538	510.2941
551.751	512.1741
551.964	515.2041
552.177	523.9541
552.39	528.3140999999999
552.603	541.2541
552.816	550.6741
553.029	560.8641
553.242	565.3541
553.455	577.2841
553.667	585.5241
553.88	578.6940999999999
554.093	557.8741
554.306	548.4241
554.519	535.3441
554.732	527.7941000000001
554.944	518.3140999999999
555.157	506.4741
555.37	503.3541
555.583	500.34409999999997
555.795	493.84409999999997
556.008	484.1041
556.221	475.6341
556.433	471.7741
556.646	469.14410000000004
556.859	467.1041
557.071	462.23409999999996
557.284	459.5041
557.496	456.3541
557.709	457.58410000000003
557.921	451.41409999999996
558.134	449.4341
558.346	445.2841
558.559	446.96410000000003
558.771	444.7941
558.984	441.4341
559.196	438.87410000000006
559.409	439.69410000000005
559.621	441.41409999999996
559.833	439.46410000000003
560.046	434.76410000000004
560.258	437.3241
560.47	437.6141
560.683	434.58410000000003
560.895	434.55409999999995
561.107	434.4341
561.32	436.9241
561.532	435.3241
561.744	438.83410000000003
561.956	439.3541
562.168	441.4941
562.381	440.4541
562.593	442.7241
562.805	445.91409999999996
563.017	444.7741
563.229	444.0041
563.441	442.6341
563.653	444.98409999999996
563.865	446.7541
564.077	449.51410000000004
564.289	453.71410000000003
564.501	460.55409999999995
564.713	467.7441
564.925	481.4241
565.137	495.6141
565.349	493.34409999999997
565.561	503.6841
565.773	519.2541
565.985	537.2041
566.197	562.3641
566.408	595.3241
566.62	632.3340999999999
566.832	662.8741
567.044	667.5441000000001
567.255	668.6741
567.467	690.6241
567.679	723.9041000000001
567.891	760.9440999999999
568.102	758.3241
568.314	717.8941
568.526	658.3140999999999
568.737	615.9941
568.949	573.4541
569.161	537.1541
569.372	506.33410000000003
569.584	490.0041
569.795	479.46410000000003
570.007	491.3141
570.218	611.2541
570.43	496.7241
570.641	452.5241
570.853	450.7541
571.064	451.4941
571.276	446.4041
571.487	433.8241
571.698	420.8841
571.91	411.21410000000003
572.121	401.33410000000003
572.333	396.2041
572.544	389.8141
572.755	385.84409999999997
572.966	383.0741
573.178	379.1841
573.389	379.6541
573.6	373.51410000000004
573.811	372.0341
574.023	369.7441
574.234	369.6341
574.445	368.26410000000004
574.656	366.4741
574.867	366.0741
575.078	368.46410000000003
575.289	365.09409999999997
575.501	361.62410000000006
575.712	355.3141
575.923	352.3141
576.134	352.9241
576.345	352.8241
576.556	352.4741
576.767	349.59409999999997
576.978	352.6841
577.188	348.89410000000004
577.399	345.83410000000003
577.61	344.7241
577.821	348.98409999999996
578.032	363.7041
578.243	525.7041
578.454	1032.9141
578.665	467.9541
578.875	350.2541
579.086	334.4541
579.297	331.69410000000005
579.508	327.2041
579.718	327.7841
579.929	327.89410000000004
580.14	320.5041
580.35	320.70410000000004
580.561	322.4841
580.772	320.9741
580.982	318.6641
581.193	317.1241
581.403	318.9241
581.614	316.2641
581.825	315.0141
582.035	315.0341
582.246	314.8041
582.456	313.27410000000003
582.667	315.46410000000003
582.877	315.4441
583.087	308.9241
583.298	311.4741
583.508	309.89410000000004
583.719	309.7541
583.929	311.7941
584.139	308.4941
584.35	305.5341
584.56	307.21410000000003
584.77	306.4741
584.981	305.1341
585.191	306.6941
585.401	305.9741
585.611	303.71410000000003
585.821	304.02410000000003
586.032	305.0841
586.242	301.1041
586.452	301.1341
586.662	300.9241
586.872	298.7641
587.082	300.46410000000003
587.292	298.9141
587.502	298.9441
587.713	296.8241
587.923	299.4541
588.133	300.2041
588.343	296.0141
588.553	295.8441
588.762	299.1641
588.972	300.65409999999997
589.182	304.5441
589.392	299.6341
589.602	300.3141
589.812	301.1341
590.022	303.21410000000003
590.232	300.0341
590.441	302.6041
590.651	303.96410000000003
590.861	301.0541
591.071	306.5341
591.281	310.2441
591.49	309.8841
591.7	312.9741
591.91	317.5041
592.119	320.46410000000003
592.329	331.01410000000004
592.539	343.6341
592.748	345.0241
592.958	351.8541
593.167	355.3841
593.377	360.94410000000005
593.587	368.2541
593.796	365.30409999999995
594.006	367.37410000000006
594.215	367.1341
594.424	363.1741
594.634	353.58410000000003
594.843	344.58410000000003
595.053	334.2541
595.262	327.2741
595.472	319.4341
595.681	309.9341
595.89	306.3141
596.1	300.6341
596.309	295.3641
596.518	293.0141
596.727	289.3241
596.937	283.6041
597.146	281.4841
597.355	281.1941
597.564	273.9141
597.774	275.4541
597.983	269.2641
598.192	270.3541
598.401	268.0141
598.61	264.4541
598.819	267.6341
599.028	263.8041
599.237	264.21410000000003
599.446	263.4841
599.655	261.7841
599.864	259.6641
600.073	260.7241
600.282	259.89410000000004
600.491	258.9441
600.7	259.3541
600.909	259.3741
601.118	259.1241
601.327	258.64410000000004
601.536	255.3741
601.745	255.86409999999998
601.953	254.7641
602.162	252.70409999999998
602.371	253.02409999999998
602.58	249.35410000000002
602.789	253.3341
602.997	248.4641
603.206	250.0141
603.415	245.6541
603.623	243.84410000000003
603.832	245.7841
604.041	244.4841
604.249	243.57410000000002
604.458	242.66410000000002
604.666	239.61409999999998
604.875	241.35410000000002
605.084	239.6441
605.292	240.2641
605.501	240.2841
605.709	240.11409999999998
605.918	238.2941
606.126	239.59410000000003
606.334	237.5441
606.543	238.34410000000003
606.751	238.93410000000003
606.96	236.0541
607.168	237.2141
607.376	236.32410000000002
607.585	237.25410000000002
607.793	238.0641
608.001	235.7641
608.21	234.2241
608.418	232.85410000000002
608.626	233.00410000000002
608.834	236.8841
609.043	233.7441
609.251	233.07410000000002
609.459	232.41410000000002
609.667	233.0441
609.875	232.8841
610.083	233.9641
610.291	232.4941
610.499	232.3741
610.707	231.07410000000002
610.916	231.6941
611.124	233.6341
611.332	231.91410000000002
611.54	230.77409999999998
611.748	230.9441
611.955	228.6341
612.163	228.2441
612.371	228.6341
612.579	227.8341
612.787	227.84410000000003
612.995	229.34410000000003
613.203	228.18410000000003
613.411	227.7941
613.618	227.2641
613.826	225.9841
614.034	226.27409999999998
614.242	226.4941
614.449	225.4941
614.657	225.9941
614.865	226.3041
615.072	227.59410000000003
615.28	228.43410000000003
615.488	229.3741
615.695	231.8141
615.903	239.57410000000002
616.111	242.7941
616.318	245.85410000000002
616.526	241.16410000000002
616.733	240.6741
616.941	235.36409999999998
617.148	233.18410000000003
617.356	232.10410000000002
617.563	230.82410000000002
617.771	231.3041
617.978	226.60410000000002
618.185	227.8041
618.393	226.35410000000002
618.6	226.82410000000002
618.807	225.70409999999998
619.015	225.09410000000003
619.222	221.4641
619.429	220.8841
619.637	223.9441
619.844	222.0141
620.051	220.86409999999998
620.258	216.4941
620.466	213.9741
620.673	213.36409999999998
620.88	211.6741
621.087	213.7841
621.294	213.5341
621.501	212.34410000000003
621.708	213.9641
621.915	215.52409999999998
622.122	213.8841
622.329	214.6341
622.536	214.32410000000002
622.743	210.6941
622.95	210.2841
623.157	208.4041
623.364	210.3041
623.571	208.4641
623.778	207.2341
623.985	207.11409999999998
624.192	205.91410000000002
624.399	203.85410000000002
624.606	204.75410000000002
624.812	204.1541
625.019	205.3941
625.226	205.6341
625.433	203.07410000000002
625.639	201.20409999999998
625.846	200.25410000000002
626.053	201.8841
626.259	200.6441
626.466	200.7441
626.673	197.7241
626.879	196.50410000000002
627.086	198.7341
627.293	198.6341
627.499	197.5341
627.706	197.4641
627.912	195.3041
628.119	193.93410000000003
628.325	194.84410000000003
628.532	193.85410000000002
628.738	193.07410000000002
628.945	192.8941
629.151	190.9941
629.357	189.9241
629.564	190.7141
629.77	189.9841
629.976	188.2441
630.183	185.3941
630.389	186.8841
630.595	185.3841
630.802	184.4441
631.008	182.93409999999997
631.214	184.11409999999998
631.42	185.2941
631.627	186.85410000000002
631.833	183.02409999999998
632.039	179.8041
632.245	180.7141
632.451	181.77409999999998
632.657	180.16410000000002
632.863	179.5441
633.069	177.5541
633.275	179.36409999999998
633.481	177.43410000000003
633.688	177.8841
633.893	179.0841
634.099	177.85410000000002
634.305	175.7241
634.511	174.11409999999998
634.717	173.1741
634.923	172.85410000000002
635.129	172.1441
635.335	172.8341
635.541	172.0341
635.747	174.18410000000003
635.952	170.8141
636.158	171.8041
636.364	172.34410000000003
636.57	171.34410000000003
636.775	173.0141
636.981	171.95409999999998
637.187	170.2641
637.392	169.4041
637.598	169.2341
637.804	171.8941
638.009	171.2941
638.215	169.0541
638.421	164.7141
638.626	166.1941
638.832	167.41410000000002
639.037	165.32410000000002
639.243	166.5541
639.448	165.1341
639.654	166.9741
639.859	162.8041
640.065	162.7641
640.27	168.16410000000002
640.475	163.91410000000002
640.681	164.36409999999998
640.886	164.95409999999998
641.091	164.9041
641.297	165.86409999999998
641.502	162.6441
641.707	164.1341
641.913	161.5041
642.118	160.8641
642.323	158.2741
642.528	162.41410000000002
642.733	159.5641
642.939	160.5041
643.144	158.64409999999998
643.349	159.5141
643.554	158.7041
643.759	159.2641
643.964	156.7541
644.169	160.0241
644.374	158.9941
644.579	160.1541
644.784	158.6841
644.989	159.29410000000001
645.194	158.2541
645.399	158.22410000000002
645.604	158.35410000000002
645.809	161.85410000000002
646.014	161.4641
646.219	158.9241
646.423	157.47410000000002
646.628	158.8641
646.833	160.4241
647.038	160.85410000000002
647.243	162.0841
647.447	163.9241
647.652	162.75410000000002
647.857	162.7141
648.062	167.75410000000002
648.266	171.0841
648.471	174.57410000000002
648.676	178.1441
648.88	174.45409999999998
649.085	172.3841
649.289	170.3741
649.494	183.9241
649.698	224.1941
649.903	183.0341
650.107	163.1941
650.312	158.5741
650.516	151.5241
650.721	151.1741
650.925	147.5041
651.13	146.35410000000002
651.334	144.8241
651.539	142.2841
651.743	141.3341
651.947	140.5041
652.152	141.1741
652.356	137.2641
652.56	137.1141
652.764	135.3241
652.969	134.4241
653.173	131.13410000000002
653.377	130.5241
653.581	131.4141
653.785	128.1741
653.99	128.89409999999998
654.194	129.9641
654.398	127.8441
654.602	127.97409999999999
654.806	132.60410000000002
655.01	149.14409999999998
655.214	133.3241
655.418	127.9241
655.622	126.5641
655.826	128.6641
656.03	130.3341
656.234	133.9241
656.438	139.8841
656.642	137.6941
656.846	129.39409999999998
657.049	123.9241
657.253	119.6641
657.457	115.3541
657.661	111.83409999999999
657.865	109.4841
658.068	108.0941
658.272	104.37410000000001
658.476	103.61410000000001
658.68	100.1041
658.883	99.95410000000001
659.087	98.1441
659.291	96.96409999999999
659.494	97.58409999999999
659.698	94.46409999999999
659.901	92.8241
660.105	92.9841
660.309	92.7641
660.512	92.20410000000001
660.716	91.2341
660.919	90.62410000000001
661.123	91.4441
661.326	88.86410000000001
661.53	89.3441
661.733	88.11410000000001
661.936	86.72409999999999
662.14	83.1541
662.343	84.2641
662.546	84.0241
662.75	85.12410000000001
662.953	85.37410000000001
663.156	83.87410000000001
663.36	82.88409999999999
663.563	83.4041
663.766	80.7241
663.969	82.79410000000001
664.173	81.4041
664.376	82.04410000000001
664.579	79.9941
664.782	82.1841
664.985	83.03410000000001
665.188	80.7341
665.391	80.56410000000001
665.594	80.6541
665.797	81.2741
666.0	81.22409999999999
666.203	80.2441
666.406	80.3741
666.609	81.0741
666.812	82.7441
667.015	81.3141
667.218	82.2641
667.421	81.5041
667.624	80.06410000000001
667.827	82.8941
668.03	79.5741
668.232	81.6541
668.435	82.1941
668.638	80.4141
668.841	83.5941
669.043	80.4941
669.246	81.97409999999999
669.449	80.2841
669.651	81.2741
669.854	80.1641
670.057	82.5641
670.259	80.7041
670.462	79.9641
670.665	79.8541
670.867	82.70410000000001
671.07	80.58409999999999
671.272	81.5241
671.475	82.6541
671.677	81.47409999999999
671.88	81.71409999999999
672.082	80.8241
672.284	82.05409999999999
672.487	80.6141
672.689	80.3041
672.892	79.8241
