223.165	-18.3633
223.4	-18.3633
223.635	-18.3633
223.869	-19.4133
224.104	-19.1433
224.338	-14.4633
224.573	-15.7433
224.808	-14.6933
225.042	-8.7533
225.277	-5.4033
225.511	-2.4333
225.746	3.8567
225.98	7.176699999999999
226.215	11.646700000000001
226.449	17.796699999999998
226.683	21.096700000000002
226.918	25.4067
227.152	31.4267
227.387	35.2967
227.621	38.2467
227.856	45.1367
228.09	46.9367
228.324	51.566700000000004
228.559	55.866699999999994
228.793	61.0167
229.027	72.9267
229.262	77.3367
229.496	84.91669999999999
229.73	97.96669999999999
229.964	99.1767
230.199	87.9067
230.433	87.0067
230.667	88.8267
230.901	88.5967
231.136	90.61670000000001
231.37	88.6567
231.604	89.0767
231.838	91.71669999999999
232.072	92.16669999999999
232.306	92.0167
232.541	91.9767
232.775	91.4067
233.009	93.3467
233.243	93.45670000000001
233.477	93.5167
233.711	93.7367
233.945	92.6367
234.179	93.1567
234.413	93.78670000000001
234.647	92.71669999999999
234.881	94.2467
235.115	92.1567
235.349	92.7767
235.583	92.54670000000002
235.817	93.29670000000002
236.051	94.8267
236.285	94.6867
236.519	93.88669999999999
236.753	96.21669999999999
236.987	102.29670000000002
237.221	117.53670000000001
237.455	119.66669999999999
237.689	102.91669999999999
237.922	96.7767
238.156	94.6967
238.39	94.5767
238.624	93.63669999999999
238.858	93.1067
239.091	93.9467
239.325	95.36670000000001
239.559	96.0167
239.793	97.5767
240.027	98.3967
240.26	100.7267
240.494	103.8367
240.728	102.7467
240.961	100.3967
241.195	101.2267
241.429	99.2267
241.662	97.05669999999999
241.896	97.5767
242.13	99.37670000000001
242.363	97.63669999999999
242.597	98.87670000000001
242.83	100.5867
243.064	100.20670000000001
243.298	100.70670000000001
243.531	101.53670000000001
243.765	102.05669999999999
243.998	100.16669999999999
244.232	106.0167
244.465	106.5167
244.699	105.2467
244.932	103.9467
245.166	102.5267
245.399	105.3967
245.633	104.13669999999999
245.866	103.8367
246.099	103.8567
246.333	104.79670000000002
246.566	107.4267
246.8	105.0667
247.033	108.5667
247.266	108.4467
247.5	110.4267
247.733	112.4967
247.966	112.36670000000001
248.2	112.78670000000001
248.433	111.6567
248.666	114.41669999999999
248.899	118.16669999999999
249.133	124.6867
249.366	129.2067
249.599	126.2167
249.832	115.7367
250.066	115.3367
250.299	117.0567
250.532	120.3467
250.765	126.11670000000001
250.998	128.3267
251.231	127.3067
251.465	123.7767
251.698	120.37670000000001
251.931	120.8467
252.164	120.1867
252.397	120.62670000000001
252.63	122.4367
252.863	125.22670000000001
253.096	127.91669999999999
253.329	132.0667
253.562	127.4867
253.795	126.28670000000001
254.028	126.8567
254.261	127.3467
254.494	132.7467
254.727	144.2467
254.96	144.9367
255.193	136.9367
255.426	131.3567
255.659	128.04670000000002
255.892	132.3067
256.124	130.7867
256.357	131.38670000000002
256.59	128.3367
256.823	126.41669999999999
257.056	125.47670000000001
257.289	125.6767
257.521	125.5967
257.754	124.86670000000001
257.987	126.3467
258.22	126.8267
258.452	126.8167
258.685	126.12670000000001
258.918	126.14670000000001
259.151	127.6567
259.383	132.3667
259.616	131.1967
259.849	133.2167
260.081	137.3767
260.314	141.7467
260.547	139.22670000000002
260.779	134.8767
261.012	133.5767
261.244	132.7867
261.477	135.9067
261.71	138.26670000000001
261.942	148.6067
262.175	152.5267
262.407	134.88670000000002
262.64	129.5967
262.872	128.7067
263.105	128.9967
263.337	131.6567
263.57	129.8967
263.802	129.88670000000002
264.035	130.2167
264.267	132.1667
264.499	130.1967
264.732	133.5667
264.964	131.8067
265.197	132.72670000000002
265.429	132.88670000000002
265.661	133.7067
265.894	133.5067
266.126	134.3267
266.358	133.8167
266.591	134.1267
266.823	137.3267
267.055	136.4267
267.287	137.9067
267.52	135.54670000000002
267.752	137.1967
267.984	138.3267
268.216	138.2767
268.448	140.13670000000002
268.681	140.1867
268.913	144.7467
269.145	151.29670000000002
269.377	153.38670000000002
269.609	149.6567
269.841	150.7467
270.073	151.4467
270.306	159.3667
270.538	164.31670000000003
270.77	158.5667
271.002	156.1867
271.234	155.0867
271.466	159.0867
271.698	162.60670000000002
271.93	163.38670000000002
272.162	163.38670000000002
272.394	162.8667
272.626	156.0667
272.858	152.9667
273.09	151.6467
273.322	151.1967
273.553	148.5267
273.785	148.9967
274.017	148.76670000000001
274.249	149.6867
274.481	149.8167
274.713	149.6867
274.945	151.23669999999998
275.176	150.6667
275.408	152.1567
275.64	152.8667
275.872	151.6467
276.104	153.1167
276.335	154.9367
276.567	162.29670000000002
276.799	168.9067
277.031	173.4367
277.262	170.5267
277.494	168.0367
277.726	159.1867
277.957	157.9567
278.189	155.1667
278.421	153.9967
278.652	154.9267
278.884	156.2167
279.115	153.63670000000002
279.347	155.7567
279.579	154.9067
279.81	155.6667
280.042	154.79670000000002
280.273	157.3967
280.505	156.5367
280.736	155.2467
280.968	157.01670000000001
281.199	158.0967
281.431	159.0267
281.662	157.3667
281.894	162.1767
282.125	167.26670000000001
282.356	182.79670000000002
282.588	196.4067
282.819	178.5967
283.051	161.7067
283.282	158.1767
283.513	163.48669999999998
283.745	162.31670000000003
283.976	163.73669999999998
284.207	163.6767
284.439	162.63670000000002
284.67	164.0767
284.901	162.64669999999998
285.132	163.0567
285.364	161.38670000000002
285.595	162.8067
285.826	163.01670000000001
286.057	165.4167
286.288	164.47670000000002
286.52	162.6567
286.751	163.4067
286.982	165.23669999999998
287.213	165.2567
287.444	167.9167
287.675	169.63670000000002
287.906	171.7167
288.138	173.76670000000001
288.369	174.3667
288.6	174.5267
288.831	168.7167
289.062	169.73669999999998
289.293	169.6867
289.524	168.56670000000003
289.755	170.39669999999998
289.986	167.2067
290.217	169.54670000000002
290.448	168.1567
290.679	169.6567
290.91	171.2067
291.141	169.31670000000003
291.371	170.4167
291.602	168.1867
291.833	168.72670000000002
292.064	170.3067
292.295	171.0267
292.526	171.10670000000002
292.757	170.1967
292.987	169.8467
293.218	169.72670000000002
293.449	172.2767
293.68	170.9967
293.91	170.8367
294.141	171.1567
294.372	170.7467
294.603	174.29670000000002
294.833	172.9567
295.064	172.5967
295.295	172.76670000000001
295.525	173.6767
295.756	182.1667
295.987	190.5867
296.217	210.5367
296.448	199.4067
296.679	177.5267
296.909	174.4367
297.14	174.8767
297.37	177.7767
297.601	177.51670000000001
297.831	176.14669999999998
298.062	177.81670000000003
298.292	178.5067
298.523	181.04670000000002
298.753	178.1867
298.984	179.1967
299.214	180.29670000000002
299.445	182.38670000000002
299.675	180.6267
299.905	185.6267
300.136	179.5267
300.366	180.1167
300.597	180.8467
300.827	184.35670000000002
301.057	191.5267
301.288	194.8667
301.518	190.3367
301.748	185.60670000000002
301.979	197.97670000000002
302.209	188.35670000000002
302.439	187.5567
302.669	187.04670000000002
302.9	186.1267
303.13	183.5567
303.36	188.7567
303.59	192.3767
303.82	197.4567
304.051	191.63670000000002
304.281	187.1667
304.511	187.1767
304.741	182.26670000000001
304.971	183.9167
305.201	184.85670000000002
305.431	186.01670000000001
305.661	185.9067
305.891	184.2867
306.121	189.6267
306.352	192.76670000000001
306.582	193.56670000000003
306.812	185.0267
307.042	186.9667
307.272	189.04670000000002
307.502	186.9467
307.731	189.5067
307.961	187.3267
308.191	184.10670000000002
308.421	186.23669999999998
308.651	186.2067
308.881	188.0567
309.111	188.60670000000002
309.341	190.9967
309.571	195.76670000000001
309.8	192.79670000000002
310.03	196.5867
310.26	195.89669999999998
310.49	195.9667
310.72	199.29670000000002
310.949	202.4167
311.179	201.85670000000002
311.409	195.54670000000002
311.639	198.0067
311.868	197.7067
312.098	198.7767
312.328	202.7567
312.557	208.6167
312.787	209.89669999999998
313.017	207.85670000000002
313.246	202.1267
313.476	199.7167
313.706	200.38670000000002
313.935	204.4967
314.165	207.7767
314.394	208.4567
314.624	205.7067
314.853	203.89669999999998
315.083	201.3667
315.312	201.1167
315.542	199.48669999999998
315.771	198.54670000000002
316.001	197.4467
316.23	197.51670000000001
316.46	194.8467
316.689	197.5067
316.919	197.9367
317.148	202.35670000000002
317.377	202.35670000000002
317.607	201.5367
317.836	200.88670000000002
318.065	196.9167
318.295	195.5567
318.524	194.6167
318.753	197.2567
318.983	198.9667
319.212	200.8667
319.441	207.5967
319.67	207.6167
319.9	198.0067
320.129	199.5367
320.358	198.4567
320.587	201.1667
320.816	203.10670000000002
321.046	207.3067
321.275	205.79670000000002
321.504	203.2867
321.733	203.6667
321.962	206.8367
322.191	211.9067
322.42	215.3467
322.649	221.5967
322.878	224.1867
323.108	229.54670000000002
323.337	237.7167
323.566	249.40669999999997
323.795	270.8467
324.024	327.0567
324.253	514.5066999999999
324.482	947.9766999999999
324.71	1771.6967000000002
324.939	2240.8467
325.168	971.7767
325.397	382.2167
325.626	278.4767
325.855	252.6067
326.084	249.1267
326.313	255.98669999999998
326.542	273.0967
326.77	351.2167
326.999	566.0667
327.228	1041.4367
327.457	1789.3266999999998
327.686	1473.4166999999998
327.914	508.26669999999996
328.143	327.87669999999997
328.372	286.7367
328.6	261.6367
328.829	253.5767
329.058	262.12669999999997
329.287	261.62669999999997
329.515	242.73669999999998
329.744	238.1067
329.972	242.06669999999997
330.201	254.5567
330.43	272.0467
330.658	269.9167
330.887	278.9267
331.115	256.5967
331.344	238.0367
331.572	239.7067
331.801	242.4467
332.03	240.5767
332.258	238.4467
332.486	235.88670000000002
332.715	240.9167
332.943	244.67669999999998
333.172	250.83669999999998
333.4	257.1667
333.629	266.0567
333.857	271.8967
334.085	270.1067
334.314	276.9167
334.542	295.8867
334.771	287.8467
334.999	258.8467
335.227	251.49669999999998
335.455	246.73669999999998
335.684	242.7167
335.912	243.73669999999998
336.14	240.4467
336.369	241.0967
336.597	241.67669999999998
336.825	239.9567
337.053	234.0067
337.281	230.63670000000002
337.51	229.6167
337.738	232.1867
337.966	228.67669999999998
338.194	228.54670000000002
338.422	228.23669999999998
338.65	226.67669999999998
338.878	223.2167
339.106	222.1067
339.334	223.8667
339.562	218.6967
339.79	218.2867
340.018	216.97670000000002
340.246	219.0367
340.474	220.6067
340.702	219.0067
340.93	217.89669999999998
341.158	219.0267
341.386	223.63670000000002
341.614	222.06669999999997
341.842	218.6067
342.07	217.2167
342.298	214.8767
342.526	215.7067
342.754	215.9667
342.981	215.4167
343.209	219.06669999999997
343.437	232.9467
343.665	235.6867
343.893	240.7767
344.12	246.3667
344.348	235.40669999999997
344.576	229.7167
344.804	228.7167
345.031	227.9467
345.259	227.7567
345.487	221.67669999999998
345.714	219.58669999999998
345.942	215.1667
346.17	216.3567
346.397	213.9667
346.625	215.14669999999998
346.853	212.40669999999997
347.08	212.33669999999998
347.308	216.9167
347.535	217.8067
347.763	220.79670000000002
347.99	219.31669999999997
348.218	221.9667
348.445	222.3667
348.673	217.7667
348.9	213.92669999999998
349.128	211.73669999999998
349.355	211.2167
349.583	211.0767
349.81	210.89669999999998
350.037	213.2667
350.265	211.1867
350.492	212.2467
350.72	212.8267
350.947	218.22670000000002
351.174	223.6067
351.402	224.83669999999998
351.629	219.1267
351.856	217.8467
352.083	220.7567
352.311	223.2667
352.538	222.56669999999997
352.765	225.7067
352.992	226.49669999999998
353.22	224.9067
353.447	218.4167
353.674	216.06670000000003
353.901	214.3367
354.128	213.4467
354.355	211.2567
354.583	212.9567
354.81	211.7767
355.037	212.1867
355.264	209.4467
355.491	209.7567
355.718	208.2067
355.945	209.9367
356.172	211.22670000000002
356.399	213.2167
356.626	209.8067
356.853	209.5367
357.08	209.4567
357.307	208.3067
357.534	207.1767
357.761	208.8267
357.988	211.1867
358.215	213.5367
358.441	212.6667
358.668	210.98669999999998
358.895	209.51670000000001
359.122	209.89669999999998
359.349	209.5567
359.576	214.1167
359.802	220.8067
360.029	231.5567
360.256	229.04670000000002
360.483	219.1067
360.709	211.47670000000002
360.936	214.79670000000002
361.163	213.7567
361.39	213.58669999999998
361.616	214.24669999999998
361.843	209.8567
362.07	212.6967
362.296	213.4567
362.523	210.1267
362.749	209.0967
362.976	209.2167
363.203	211.22670000000002
363.429	207.9667
363.656	208.83669999999998
363.882	208.1667
364.109	210.0067
364.335	208.3767
364.562	207.9667
364.788	206.0867
365.015	209.5367
365.241	212.72670000000002
365.468	217.6867
365.694	216.0067
365.92	211.0567
366.147	206.5367
366.373	206.1767
366.599	205.6567
366.826	205.3667
367.052	204.81670000000003
367.278	209.2467
367.505	209.4667
367.731	208.8467
367.957	208.1167
368.184	209.6867
368.41	217.0967
368.636	226.0767
368.862	232.2167
369.089	221.42669999999998
369.315	212.3267
369.541	213.04670000000002
369.767	211.5767
369.993	212.9167
370.219	212.7167
370.445	212.3067
370.672	210.7667
370.898	213.2567
371.124	214.99669999999998
371.35	213.7867
371.576	214.24669999999998
371.802	215.40669999999997
372.028	214.1267
372.254	218.24669999999998
372.48	215.0267
372.706	218.5167
372.932	220.63670000000002
373.158	220.2867
373.384	218.56669999999997
373.61	216.72670000000002
373.835	218.56669999999997
374.061	217.0067
374.287	220.6667
374.513	221.74669999999998
374.739	224.6967
374.965	227.98669999999998
375.191	228.98669999999998
375.416	227.7567
375.642	222.54670000000002
375.868	225.49669999999998
376.094	220.0367
376.319	218.92669999999998
376.545	217.42669999999998
376.771	217.0967
376.997	215.1667
377.222	217.6967
377.448	218.13670000000002
377.674	215.6267
377.899	215.23669999999998
378.125	216.04670000000002
378.35	217.7167
378.576	218.1867
378.802	216.98669999999998
379.027	218.5167
379.253	219.81669999999997
379.478	216.0267
379.704	217.2167
379.929	219.5067
380.155	221.64669999999998
380.38	220.5167
380.606	222.8267
380.831	221.98669999999998
381.057	227.7667
381.282	223.0167
381.507	225.2167
381.733	227.5367
381.958	227.8567
382.184	230.39669999999998
382.409	232.5567
382.634	235.22670000000002
382.86	234.6067
383.085	237.6867
383.31	238.3467
383.535	243.2067
383.761	242.15669999999997
383.986	242.92669999999998
384.211	247.63670000000002
384.436	248.56669999999997
384.662	249.5767
384.887	257.1667
385.112	258.2767
385.337	261.8267
385.562	260.6167
385.787	261.8467
386.013	266.9867
386.238	270.4967
386.463	262.4867
386.688	267.8867
386.913	259.87669999999997
387.138	261.4867
387.363	257.3267
387.588	251.89669999999998
387.813	255.04670000000002
388.038	259.2167
388.263	267.7567
388.488	264.3667
388.713	251.24669999999998
388.938	247.54670000000002
389.163	247.5767
389.387	248.3767
389.612	244.8767
389.837	242.0967
390.062	242.8267
390.287	242.4567
390.512	243.0567
390.736	243.1967
390.961	247.0567
391.186	250.3467
391.411	257.94669999999996
391.636	258.5367
391.86	258.44669999999996
392.085	259.6467
392.31	254.5267
392.534	252.7567
392.759	252.31669999999997
392.984	248.33669999999998
393.208	247.22670000000002
393.433	248.23669999999998
393.658	245.3067
393.882	243.0767
394.107	245.3767
394.331	247.83669999999998
394.556	246.6167
394.78	252.88670000000002
395.005	252.74669999999998
395.229	250.04670000000002
395.454	254.6867
395.678	258.1067
395.903	260.0467
396.127	261.43670000000003
396.352	254.0067
396.576	246.33669999999998
396.801	248.4367
397.025	252.3067
397.249	253.7867
397.474	260.0267
397.698	258.7867
397.922	262.5567
398.147	264.0967
398.371	269.0267
398.595	273.3867
398.82	282.2567
399.044	297.9167
399.268	320.3967
399.492	351.1667
399.717	375.12669999999997
399.941	368.18670000000003
400.165	350.87669999999997
400.389	326.6667
400.613	302.9767
400.837	290.3567
401.062	285.9767
401.286	282.56669999999997
401.51	279.9267
401.734	280.8267
401.958	289.2767
402.182	309.4167
402.406	333.4767
402.63	308.4867
402.854	298.2867
403.078	295.7167
403.302	301.1667
403.526	307.1367
403.75	306.01669999999996
403.974	306.4167
404.198	306.3867
404.422	309.9267
404.645	307.19669999999996
404.869	309.2167
405.093	320.2767
405.317	329.7267
405.541	329.37669999999997
405.765	314.2467
405.988	319.2467
406.212	359.00669999999997
406.436	398.4667
406.66	347.2867
406.883	322.2567
407.107	336.67670000000004
407.331	352.2567
407.555	369.67670000000004
407.778	360.15670000000006
408.002	336.2167
408.226	323.01669999999996
408.449	320.2967
408.673	315.93670000000003
408.896	322.51669999999996
409.12	326.2267
409.344	312.81669999999997
409.567	300.37669999999997
409.791	304.4067
410.014	303.3067
410.238	300.56669999999997
410.461	299.1667
410.685	301.9067
410.908	308.6667
411.132	318.0467
411.355	312.3367
411.578	299.5867
411.802	290.2267
412.025	290.2167
412.249	296.18670000000003
412.472	303.1767
412.695	308.9167
412.919	292.9867
413.142	285.93670000000003
413.365	280.9267
413.589	282.4067
413.812	278.0767
414.035	279.1067
414.258	281.0867
414.482	280.0567
414.705	282.7467
414.928	282.0567
415.151	283.7967
415.374	285.1567
415.597	276.3567
415.821	275.9667
416.044	273.9067
416.267	275.19669999999996
416.49	273.2267
416.713	272.9667
416.936	277.9967
417.159	273.4167
417.382	277.2467
417.605	277.8267
417.828	285.87669999999997
418.051	286.2867
418.274	282.1067
418.497	276.56669999999997
418.72	283.1667
418.943	281.3667
419.166	292.5467
419.389	306.5867
419.611	300.93670000000003
419.834	295.1767
420.057	293.5067
420.28	286.6067
420.503	281.26669999999996
420.726	281.1767
420.948	285.5567
421.171	300.6467
421.394	297.8267
421.617	284.4167
421.839	281.0367
422.062	283.7567
422.285	293.12669999999997
422.507	315.0267
422.73	327.3067
422.953	308.2767
423.175	294.5367
423.398	296.2767
423.621	295.7167
423.843	303.0867
424.066	300.8867
424.288	297.5067
424.511	307.4267
424.733	323.1767
424.956	336.42670000000004
425.178	318.06669999999997
425.401	325.2067
425.623	321.56669999999997
425.846	290.7167
426.068	289.2867
426.291	283.9267
426.513	280.7367
426.735	283.2767
426.958	297.1167
427.18	328.4767
427.402	380.5267
427.625	395.8267
427.847	338.7767
428.069	309.2167
428.292	279.9167
428.514	266.68670000000003
428.736	260.4567
428.958	260.8367
429.181	256.9867
429.403	257.7367
429.625	261.9767
429.847	274.43670000000003
430.069	293.1667
430.292	277.3667
430.514	258.94669999999996
430.736	258.2167
430.958	255.4367
431.18	251.4167
431.402	253.8767
431.624	251.7067
431.846	256.6367
432.068	255.6967
432.29	259.2567
432.512	257.37669999999997
432.734	260.2367
432.956	256.8467
433.178	267.56669999999997
433.4	267.2467
433.622	259.93670000000003
433.844	260.9867
434.066	260.9667
434.287	262.8467
434.509	271.1167
434.731	276.6067
434.953	280.7567
435.175	283.0767
435.397	287.0767
435.618	285.81669999999997
435.84	299.9967
436.062	338.8167
436.284	328.7167
436.505	289.8267
436.727	278.1567
436.949	268.5267
437.17	262.06669999999997
437.392	256.62669999999997
437.614	264.51669999999996
437.835	282.7167
438.057	314.6667
438.278	327.32669999999996
438.5	324.8067
438.721	359.5767
438.943	315.1367
439.165	275.4567
439.386	268.9267
439.608	273.6567
439.829	281.1467
440.05	302.0367
440.272	321.56669999999997
440.493	282.7067
440.715	268.3467
440.936	265.8467
441.158	267.8267
441.379	271.0367
441.6	283.9767
441.822	291.12669999999997
442.043	303.6067
442.264	329.57669999999996
442.486	320.37669999999997
442.707	293.4167
442.928	295.12669999999997
443.149	313.3567
443.371	320.3367
443.592	323.37669999999997
443.813	355.8467
444.034	350.7767
444.255	311.8567
444.476	304.7467
444.698	312.1167
444.919	312.8467
445.14	350.00669999999997
445.361	329.76669999999996
445.582	320.4267
445.803	347.10670000000005
446.024	363.5267
446.245	354.6667
446.466	315.9167
446.687	277.62669999999997
446.908	266.94669999999996
447.129	260.7367
447.35	255.49669999999998
447.571	257.2367
447.792	251.99669999999998
448.013	259.3967
448.234	268.62669999999997
448.455	282.8967
448.675	325.3467
448.896	340.4367
449.117	288.87669999999997
449.338	296.5267
449.559	352.3067
449.779	359.4767
450.0	279.7967
450.221	258.0367
450.442	249.9567
450.662	250.15669999999997
450.883	257.9967
451.104	265.1367
451.324	248.7167
451.545	241.9367
451.766	238.6967
451.986	235.3267
452.207	236.3067
452.428	236.7167
452.648	243.1667
452.869	250.5567
453.089	252.3067
453.31	257.2867
453.53	239.38670000000002
453.751	236.24669999999998
453.971	242.67669999999998
454.192	249.5067
454.412	234.3067
454.633	229.67669999999998
454.853	231.06669999999997
455.073	229.9467
455.294	241.5067
455.514	263.9267
455.734	244.6667
455.955	227.4167
456.175	224.7667
456.395	222.2167
456.616	224.4567
456.836	224.8667
457.056	223.7067
457.276	218.8467
457.497	223.9667
457.717	224.0367
457.937	227.1667
458.157	229.4567
458.377	232.7767
458.598	252.1967
458.818	293.06669999999997
459.038	318.7867
459.258	293.1167
459.478	260.76669999999996
459.698	256.5067
459.918	261.4867
460.138	264.9067
460.358	271.2167
460.578	273.56669999999997
460.798	277.2567
461.018	274.8367
461.238	270.7067
461.458	271.0867
461.678	269.0067
461.898	275.2067
462.118	276.2567
462.338	286.1167
462.558	291.9867
462.777	299.3967
462.997	316.2867
463.217	330.6367
463.437	321.81669999999997
463.657	303.4667
463.876	299.2167
464.096	302.2867
464.316	301.1567
464.536	304.3067
464.755	297.62669999999997
464.975	299.19669999999996
465.195	335.99670000000003
465.414	329.7367
465.634	272.6667
465.854	258.5367
466.073	254.7567
466.293	251.5367
466.512	243.5067
466.732	240.31669999999997
466.951	241.90669999999997
467.171	245.22670000000002
467.391	247.72670000000002
467.61	253.8467
467.829	248.9167
468.049	249.33669999999998
468.268	248.3667
468.488	235.2667
468.707	231.89669999999998
468.927	233.31669999999997
469.146	231.89669999999998
469.365	236.0767
469.585	235.5267
469.804	245.83669999999998
470.023	251.0167
470.243	248.8467
470.462	256.7067
470.681	262.2067
470.901	250.22670000000002
471.12	247.7067
471.339	244.2667
471.558	242.47670000000002
471.777	241.54670000000002
471.997	242.29670000000002
472.216	259.56669999999997
472.435	286.43670000000003
472.654	245.23669999999998
472.873	236.8667
473.092	233.9567
473.311	231.8567
473.53	232.9567
473.749	239.0267
473.968	254.7667
474.187	287.6567
474.406	270.3467
474.625	244.8667
474.844	237.3467
475.063	234.0767
475.282	236.9667
475.501	236.3767
475.72	240.0067
475.939	238.7667
476.158	240.3467
476.377	239.73669999999998
476.596	240.89669999999998
476.814	246.8767
477.033	248.9567
477.252	246.90669999999997
477.471	252.0067
477.69	256.3867
477.908	258.4267
478.127	263.4167
478.346	265.2167
478.564	270.5867
478.783	274.2867
479.002	276.5067
479.22	277.26669999999996
479.439	282.6067
479.658	287.0467
479.876	286.7167
480.095	288.9767
480.313	302.7167
480.532	299.7267
480.751	297.0967
480.969	313.12669999999997
481.188	388.51669999999996
481.406	343.1167
481.624	285.51669999999996
481.843	273.7567
482.061	269.26669999999996
482.28	265.18670000000003
482.498	266.12669999999997
482.717	263.8967
482.935	264.7067
483.153	265.0567
483.372	262.26669999999996
483.59	263.6167
483.808	263.26669999999996
484.027	264.56669999999997
484.245	268.1667
484.463	269.1667
484.681	276.3267
484.9	271.7967
485.118	276.5967
485.336	275.5367
485.554	282.2367
485.772	283.9567
485.99	285.5767
486.209	288.1167
486.427	287.5867
486.645	291.5367
486.863	296.9267
487.081	289.2767
487.299	283.2167
487.517	282.2867
487.735	280.1367
487.953	278.7867
488.171	281.4967
488.389	281.3067
488.607	282.0867
488.825	277.4567
489.043	277.0567
489.261	280.7967
489.479	280.8667
489.696	281.2067
489.914	281.7967
490.132	284.44669999999996
490.35	286.5367
490.568	286.4267
490.786	290.7067
491.003	293.4767
491.221	295.87669999999997
491.439	301.93670000000003
491.657	304.9067
491.874	304.6467
492.092	304.2267
492.31	305.3267
492.527	306.3267
492.745	306.7467
492.963	311.5367
493.18	310.0267
493.398	313.7567
493.615	323.7067
493.833	319.81669999999997
494.05	314.1567
494.268	314.5367
494.485	314.26669999999996
494.703	310.87669999999997
494.92	312.9867
495.138	311.69669999999996
495.355	312.5367
495.573	314.0967
495.79	313.8467
496.008	317.37669999999997
496.225	315.0267
496.442	313.0067
496.66	319.2867
496.877	319.12669999999997
497.094	325.85670000000005
497.312	324.4567
497.529	328.5267
497.746	336.2067
497.963	342.8967
498.181	356.3267
498.398	364.9867
498.615	387.79670000000004
498.832	397.15670000000006
499.049	406.36670000000004
499.267	425.60670000000005
499.484	446.3267
499.701	470.83670000000006
499.918	493.51670000000007
500.135	516.2167000000001
500.352	534.2567
500.569	537.7367
500.786	535.2067
501.003	520.7067
501.22	499.2567
501.437	477.92670000000004
501.654	456.5267
501.871	439.85670000000005
502.088	411.0367
502.305	394.51670000000007
502.522	378.4667
502.739	367.18670000000003
502.956	356.5667
503.172	347.8967
503.389	339.4867
503.606	341.0267
503.823	335.0467
504.04	331.9067
504.256	329.5067
504.473	335.1667
504.69	337.1167
504.907	331.1467
505.123	316.4167
505.34	311.62669999999997
505.557	306.4767
505.773	301.1567
505.99	300.94669999999996
506.207	298.6567
506.423	295.6067
506.64	291.8367
506.856	292.9167
507.073	288.76669999999996
507.289	288.4167
507.506	289.3067
507.722	298.26669999999996
507.939	297.7367
508.155	285.5867
508.372	280.4267
508.588	276.8567
508.805	280.9767
509.021	280.6667
509.238	289.69669999999996
509.454	287.81669999999997
509.67	287.0967
509.887	286.69669999999996
510.103	302.6467
510.319	369.8667
510.536	811.7967000000001
510.752	2046.0867
510.968	702.6867000000001
511.184	312.9567
511.401	279.7467
511.617	270.76669999999996
511.833	268.06669999999997
512.049	267.3067
512.265	264.76669999999996
512.481	265.62669999999997
512.698	265.8067
512.914	264.6467
513.13	263.12669999999997
513.346	263.1767
513.562	264.2267
513.778	267.2267
513.994	267.7367
514.21	273.76669999999996
514.426	287.6667
514.642	301.37669999999997
514.858	305.26669999999996
515.074	339.92670000000004
515.29	570.8767
515.506	1302.1467
515.721	603.3666999999999
515.937	325.6467
516.153	296.8467
516.369	289.3367
516.585	288.3467
516.801	292.94669999999996
517.016	301.5567
517.232	305.7567
517.448	313.9167
517.664	317.3967
517.879	316.94669999999996
518.095	313.5067
518.311	310.8567
518.527	302.7467
518.742	295.76669999999996
518.958	288.94669999999996
519.173	285.1067
519.389	280.93670000000003
519.605	274.4767
519.82	275.6167
520.036	280.6567
520.251	294.0367
520.467	290.2067
520.682	285.06669999999997
520.898	282.0067
521.113	290.9267
521.329	312.37669999999997
521.544	369.7767
521.76	662.5867
521.975	2023.1267
522.19	1263.7367
522.406	427.0667
522.621	285.01669999999996
522.836	260.94669999999996
523.052	253.6267
523.267	249.3567
523.482	248.08669999999998
523.698	250.23669999999998
523.913	259.6367
524.128	250.33669999999998
524.343	241.6867
524.559	240.9467
524.774	236.6967
524.989	240.6667
525.204	245.6867
525.419	241.8667
525.634	234.4367
525.849	234.2567
526.064	235.65669999999997
526.28	234.04670000000002
526.495	231.4167
526.71	231.63670000000002
526.925	229.79670000000002
527.14	229.2667
527.355	229.9567
527.57	229.5067
527.785	232.0767
527.999	231.31669999999997
528.214	233.3567
528.429	235.4667
528.644	230.1067
528.859	230.5567
529.074	234.99669999999998
529.289	256.3267
529.503	298.2967
529.718	248.58669999999998
529.933	235.6967
530.148	230.0967
530.363	234.5267
530.577	229.67669999999998
530.792	229.14669999999998
531.007	230.0967
531.221	232.7067
531.436	230.29670000000002
531.651	231.7767
531.865	229.6167
532.08	229.40669999999997
532.295	230.64669999999998
532.509	230.7567
532.724	230.0767
532.938	230.9367
533.153	234.4467
533.367	232.42669999999998
533.582	233.13670000000002
533.796	227.8667
534.011	229.92669999999998
534.225	227.7667
534.44	226.4367
534.654	226.5267
534.868	224.4367
535.083	226.1867
535.297	227.42669999999998
535.511	230.89669999999998
535.726	234.39669999999998
535.94	229.5067
536.154	225.29670000000002
536.369	220.92669999999998
536.583	217.9667
536.797	222.1067
537.011	219.3667
537.225	219.24669999999998
537.44	220.8067
537.654	219.90669999999997
537.868	218.40669999999997
538.082	219.4167
538.296	217.89669999999998
538.51	217.7867
538.724	217.49669999999998
538.938	217.0267
539.153	218.6167
539.367	226.72670000000002
539.581	219.5167
539.795	214.31669999999997
540.009	216.38670000000002
540.222	216.31669999999997
540.436	215.42669999999998
540.65	215.31669999999997
540.864	217.4167
541.078	216.4467
541.292	218.7567
541.506	215.5967
541.72	214.39669999999998
541.934	212.3467
542.147	211.1067
542.361	207.9467
542.575	208.6867
542.789	212.56669999999997
543.002	209.8767
543.216	214.6967
543.43	217.17669999999998
543.644	216.0567
543.857	213.04670000000002
544.071	212.0167
544.285	216.83669999999998
544.498	213.1267
544.712	211.97670000000002
544.925	212.4467
545.139	212.33669999999998
545.352	213.22670000000002
545.566	212.8567
545.779	212.63670000000002
545.993	214.0167
546.206	212.38670000000002
546.42	211.8567
546.633	213.83669999999998
546.847	214.5967
547.06	212.3467
547.274	212.15669999999997
547.487	209.3667
547.7	210.4667
547.914	210.4367
548.127	212.7067
548.34	212.89669999999998
548.554	213.3567
548.767	213.0267
548.98	213.4667
549.193	213.58669999999998
549.407	213.97670000000002
549.62	215.74669999999998
549.833	214.92669999999998
550.046	212.4567
550.259	211.63670000000002
550.473	210.7767
550.686	211.8067
550.899	209.54670000000002
551.112	208.1667
551.325	208.3567
551.538	208.2867
551.751	209.2067
551.964	209.5967
552.177	213.8067
552.39	214.1067
552.603	217.64669999999998
552.816	220.65669999999997
553.029	222.63670000000002
553.242	224.7667
553.455	230.72670000000002
553.667	235.65669999999997
553.88	230.7667
554.093	222.97670000000002
554.306	217.54670000000002
554.519	215.92669999999998
554.732	212.5167
554.944	213.15669999999997
555.157	209.01670000000001
555.37	205.4267
555.583	206.1567
555.795	206.81670000000003
556.008	201.3767
556.221	200.4967
556.433	199.4667
556.646	196.3467
556.859	197.54670000000002
557.071	197.6867
557.284	194.1767
557.496	193.4167
557.709	192.23669999999998
557.921	191.3667
558.134	191.73669999999998
558.346	189.7767
558.559	193.01670000000001
558.771	189.3067
558.984	188.6567
559.196	186.23669999999998
559.409	186.7867
559.621	188.0067
559.833	185.6767
560.046	187.6967
560.258	188.54670000000002
560.47	186.8367
560.683	186.8267
560.895	186.7767
561.107	186.38670000000002
561.32	187.1867
561.532	186.2067
561.744	189.0567
561.956	188.9667
562.168	188.01670000000001
562.381	189.7867
562.593	189.0567
562.805	191.81670000000003
563.017	189.8367
563.229	188.6667
563.441	188.1567
563.653	189.7767
563.865	189.54670000000002
564.077	190.56670000000003
564.289	193.4167
564.501	195.0967
564.713	196.5067
564.925	200.6267
565.137	209.8667
565.349	203.9967
565.561	206.76670000000001
565.773	211.4367
565.985	214.23669999999998
566.197	220.54670000000002
566.408	228.39669999999998
566.62	239.24669999999998
566.832	249.40669999999997
567.044	249.72670000000002
567.255	251.0267
567.467	256.37669999999997
567.679	264.94669999999996
567.891	277.6667
568.102	274.6467
568.314	262.2867
568.526	246.88670000000002
568.737	234.9467
568.949	222.92669999999998
569.161	213.88670000000002
569.372	206.1667
569.584	201.2867
569.795	199.8767
570.007	216.48669999999998
570.218	313.0267
570.43	224.97670000000002
570.641	190.76670000000001
570.853	187.8367
571.064	191.0067
571.276	188.8667
571.487	184.3467
571.698	179.1567
571.91	178.1767
572.121	175.64669999999998
572.333	175.5967
572.544	172.1767
572.755	171.8667
572.966	171.7167
573.178	171.3067
573.389	172.23669999999998
573.6	169.0867
573.811	167.9167
574.023	166.1667
574.234	166.1167
574.445	168.1667
574.656	166.6267
574.867	167.63670000000002
575.078	166.7567
575.289	165.29670000000002
575.501	164.88670000000002
575.712	164.22670000000002
575.923	163.2567
576.134	163.4667
576.345	162.2167
576.556	162.7167
576.767	163.9067
576.978	163.1767
577.188	164.2067
577.399	163.1767
577.61	162.6967
577.821	167.1567
578.032	179.47670000000002
578.243	310.19669999999996
578.454	683.1567
578.665	254.56670000000003
578.875	167.5967
579.086	158.73669999999998
579.297	156.1067
579.508	155.6267
579.718	155.6667
579.929	155.9667
580.14	153.0267
580.35	152.1267
580.561	151.29670000000002
580.772	152.8467
580.982	152.1067
581.193	152.4167
581.403	152.97670000000002
581.614	149.98669999999998
581.825	152.8667
582.035	150.8267
582.246	153.38670000000002
582.456	151.2467
582.667	152.2467
582.877	151.9567
583.087	150.8467
583.298	150.2867
583.508	149.6567
583.719	149.1167
583.929	150.6767
584.139	148.9067
584.35	146.9167
584.56	150.0067
584.77	148.3067
584.981	148.0967
585.191	150.5367
585.401	149.3967
585.611	146.3567
585.821	150.54670000000002
586.032	149.0967
586.242	147.6067
586.452	149.6467
586.662	145.7867
586.872	144.98669999999998
587.082	147.3367
587.292	145.3967
587.502	144.4567
587.713	145.6867
587.923	147.6167
588.133	147.26670000000001
588.343	145.6967
588.553	144.8067
588.762	149.6067
588.972	149.8167
589.182	154.7467
589.392	150.4567
589.602	149.1067
589.812	151.7467
590.022	150.38670000000002
590.232	146.5367
590.441	146.8167
590.651	145.54670000000002
590.861	146.3067
591.071	146.5967
591.281	149.8567
591.49	148.9567
591.7	150.51670000000001
591.91	152.6767
592.119	150.7167
592.329	156.3667
592.539	158.8567
592.748	160.0767
592.958	161.5567
593.167	162.54670000000002
593.377	163.7767
593.587	167.76670000000001
593.796	162.8067
594.006	163.64669999999998
594.215	166.0767
594.424	161.7867
594.634	161.72670000000002
594.843	160.0667
595.053	156.1467
595.262	152.6567
595.472	152.47670000000002
595.681	150.6467
595.89	148.0667
596.1	146.1867
596.309	145.4567
596.518	145.98669999999998
596.727	143.8167
596.937	142.26670000000001
597.146	141.2867
597.355	142.38670000000002
597.564	139.9967
597.774	141.3567
597.983	136.9667
598.192	136.3367
598.401	137.9467
598.61	136.7467
598.819	136.6267
599.028	136.4267
599.237	137.6067
599.446	135.4467
599.655	135.9967
599.864	136.7467
600.073	134.9167
600.282	137.5567
600.491	136.0767
600.7	134.8167
600.909	135.3967
601.118	137.97670000000002
601.327	136.8367
601.536	135.2767
601.745	135.2567
601.953	134.9567
602.162	134.38670000000002
602.371	133.8767
602.58	131.1167
602.789	134.4567
602.997	132.8367
603.206	132.3167
603.415	131.9167
603.623	129.76670000000001
603.832	130.8267
604.041	129.97670000000002
604.249	130.76670000000001
604.458	130.48669999999998
604.666	130.26670000000001
604.875	128.9267
605.084	129.0867
605.292	129.54670000000002
605.501	129.01670000000001
605.709	127.62670000000001
605.918	129.23669999999998
606.126	129.8667
606.334	129.4467
606.543	127.70670000000001
606.751	129.1867
606.96	127.8467
607.168	128.4667
607.376	128.3367
607.585	128.0367
607.793	129.8067
608.001	127.86670000000001
608.21	127.5567
608.418	127.16669999999999
608.626	126.6967
608.834	128.4367
609.043	126.8867
609.251	127.62670000000001
609.459	126.7467
609.667	129.9667
609.875	127.8467
610.083	128.0267
610.291	126.95670000000001
610.499	127.4267
610.707	127.47670000000001
610.916	129.5067
611.124	127.3267
611.332	125.54670000000002
611.54	126.3867
611.748	127.0067
611.955	127.6767
612.163	126.4667
612.371	127.5267
612.579	123.7567
612.787	124.9067
612.995	126.7467
613.203	127.8567
613.411	124.47670000000001
613.618	125.36670000000001
613.826	126.0267
614.034	124.6367
614.242	125.8367
614.449	125.6067
614.657	125.2667
614.865	125.6967
615.072	127.2467
615.28	127.0667
615.488	129.0767
615.695	131.2467
615.903	135.4567
616.111	139.29670000000002
616.318	140.9167
616.526	136.3567
616.733	134.7567
616.941	129.7167
617.148	130.2767
617.356	128.6167
617.563	127.04670000000002
617.771	126.3167
617.978	124.6967
618.185	126.61670000000001
618.393	123.9967
618.6	124.7367
618.807	126.0267
619.015	123.9867
619.222	123.2567
619.429	124.0767
619.637	125.8467
619.844	125.0967
620.051	122.14670000000001
620.258	121.95670000000001
620.466	122.3067
620.673	120.28670000000001
620.88	119.4867
621.087	121.61670000000001
621.294	121.3567
621.501	120.66669999999999
621.708	121.3867
621.915	123.6567
622.122	118.0267
622.329	121.86670000000001
622.536	120.9867
622.743	117.89670000000001
622.95	118.7667
623.157	116.97670000000001
623.364	119.66669999999999
623.571	122.6767
623.778	118.4967
623.985	121.11670000000001
624.192	119.0267
624.399	118.4667
624.606	119.79670000000002
624.812	117.7567
625.019	117.14670000000001
625.226	118.2367
625.433	119.0667
625.639	117.0867
625.846	115.8867
626.053	117.5767
626.259	116.62670000000001
626.466	118.7367
626.673	116.3267
626.879	116.14670000000001
627.086	116.9267
627.293	118.0967
627.499	117.7567
627.706	116.5767
627.912	116.4967
628.119	115.29670000000002
628.325	116.0567
628.532	113.4667
628.738	114.79670000000002
628.945	115.0167
629.151	115.22670000000001
629.357	113.29670000000002
629.564	115.04670000000002
629.77	115.2667
629.976	113.78670000000001
630.183	112.47670000000001
630.389	114.2167
630.595	111.9367
630.802	113.4467
631.008	110.2567
631.214	112.4367
631.42	112.03670000000001
631.627	114.70670000000001
631.833	111.3167
632.039	109.3167
632.245	110.1467
632.451	111.8267
632.657	109.20670000000001
632.863	112.2267
633.069	110.8167
633.275	110.9367
633.481	109.1967
633.688	110.3367
633.893	112.5667
634.099	110.1067
634.305	108.78670000000001
634.511	109.36670000000001
634.717	109.04670000000002
634.923	108.1567
635.129	108.5167
635.335	107.5867
635.541	109.2567
635.747	107.5167
635.952	110.04670000000002
636.158	108.63669999999999
636.364	114.16669999999999
636.57	111.3567
636.775	109.2467
636.981	109.9067
637.187	107.3167
637.392	108.6967
637.598	107.9367
637.804	109.0767
638.009	107.5667
638.215	108.8467
638.421	106.53670000000001
638.626	106.7467
638.832	108.38669999999999
639.037	106.45670000000001
639.243	106.28670000000001
639.448	107.0867
639.654	109.0067
639.859	106.3967
640.065	105.05669999999999
640.27	110.55669999999999
640.475	106.5167
640.681	104.87670000000001
640.886	106.9467
641.091	106.5667
641.297	108.96669999999999
641.502	105.8167
641.707	108.3967
641.913	107.55669999999999
642.118	104.9867
642.323	105.0967
642.528	106.8467
642.733	106.62670000000001
642.939	106.7667
643.144	105.70670000000001
643.349	104.16669999999999
643.554	106.86670000000001
643.759	107.0967
643.964	104.2367
644.169	105.30669999999999
644.374	104.7367
644.579	106.0767
644.784	106.0867
644.989	105.28670000000001
645.194	106.61670000000001
645.399	106.5767
645.604	105.1767
645.809	107.78670000000001
646.014	108.2467
646.219	107.6467
646.423	104.79670000000002
646.628	105.79670000000002
646.833	105.2767
647.038	107.5967
647.243	106.3367
647.447	106.7767
647.652	107.7567
647.857	106.5967
648.062	111.0067
648.266	109.1467
648.471	113.1967
648.676	117.6567
648.88	115.1567
649.085	111.9367
649.289	112.5667
649.494	120.45670000000001
649.698	149.0267
649.903	118.6967
650.107	107.4767
650.312	107.63669999999999
650.516	104.6467
650.721	103.8167
650.925	103.1867
651.13	101.2367
651.334	100.1767
651.539	100.66669999999999
651.743	99.38669999999999
651.947	99.9267
652.152	100.1067
652.356	99.8267
652.56	99.2367
652.764	97.1467
652.969	97.28670000000001
653.173	95.62670000000001
653.377	95.9367
653.581	96.7167
653.785	95.4667
653.99	95.6067
654.194	94.55669999999999
654.398	95.5067
654.602	95.8367
654.806	100.66669999999999
655.01	111.70670000000001
655.214	102.4467
655.418	98.53670000000001
655.622	96.4767
655.826	97.4367
656.03	98.4767
656.234	102.62670000000001
656.438	106.4867
656.642	107.5167
656.846	100.6767
657.049	97.38669999999999
657.253	95.53670000000001
657.457	91.3567
657.661	90.0767
657.865	90.21669999999999
658.068	87.80669999999999
658.272	88.53670000000001
658.476	88.5767
658.68	87.4867
658.883	86.8567
659.087	85.7467
659.291	86.3967
659.494	87.20670000000001
659.698	86.05669999999999
659.901	86.7667
660.105	84.0967
660.309	84.8367
660.512	84.7667
660.716	84.4867
660.919	86.03670000000001
661.123	86.0767
661.326	84.6467
661.53	83.95670000000001
661.733	84.4467
661.936	84.1067
662.14	82.1467
662.343	82.2767
662.546	82.9967
662.75	82.5767
662.953	83.62670000000001
663.156	81.5167
663.36	83.13669999999999
663.563	82.6067
663.766	81.8967
663.969	82.4267
664.173	82.9467
664.376	80.1267
664.579	80.97670000000001
664.782	80.19669999999999
664.985	81.4267
665.188	81.4967
665.391	82.1467
665.594	80.3167
665.797	82.1867
666.0	82.0267
666.203	80.4867
666.406	80.8767
666.609	81.6067
666.812	82.6067
667.015	80.9367
667.218	83.9467
667.421	80.8767
667.624	82.12670000000001
667.827	83.7567
668.03	80.39670000000001
668.232	80.4067
668.435	81.5267
668.638	81.6767
668.841	83.0867
669.043	81.2667
669.246	82.2267
669.449	81.62670000000001
669.651	82.79670000000002
669.854	81.28670000000001
670.057	81.9967
670.259	81.0867
670.462	81.1867
670.665	81.5867
670.867	82.53670000000001
671.07	81.79670000000002
671.272	82.8267
671.475	84.70670000000001
671.677	81.9767
671.88	82.1567
672.082	81.4467
672.284	82.38669999999999
672.487	82.05669999999999
672.689	81.53670000000001
672.892	81.13669999999999
