223.165	-17.653
223.4	-17.653
223.635	-17.653
223.869	-18.293
224.104	-17.703
224.338	-15.623
224.573	-13.953
224.808	-11.943
225.042	-7.853
225.277	-6.042999999999999
225.511	-1.383
225.746	3.007
225.98	6.367
226.215	11.197
226.449	16.427
226.683	19.717
226.918	24.287
227.152	29.447
227.387	34.487
227.621	38.857
227.856	42.38700000000001
228.09	44.967000000000006
228.324	49.837
228.559	55.787
228.793	60.297000000000004
229.027	66.187
229.262	71.967
229.496	79.987
229.73	97.987
229.964	95.427
230.199	80.187
230.433	79.597
230.667	81.477
230.901	82.057
231.136	81.207
231.37	81.637
231.604	82.76700000000001
231.838	85.217
232.072	82.747
232.306	84.84700000000001
232.541	84.53699999999999
232.775	83.947
233.009	82.61699999999999
233.243	84.927
233.477	85.297
233.711	84.077
233.945	86.007
234.179	83.60700000000001
234.413	83.89699999999999
234.647	83.587
234.881	84.11699999999999
235.115	83.557
235.349	83.11699999999999
235.583	82.957
235.817	83.887
236.051	84.627
236.285	82.237
236.519	83.977
236.753	84.627
236.987	87.737
237.221	97.43700000000001
237.455	101.087
237.689	86.217
237.922	83.01700000000001
238.156	83.60700000000001
238.39	81.717
238.624	81.76700000000001
238.858	81.76700000000001
239.091	81.78699999999999
239.325	83.467
239.559	87.317
239.793	86.797
240.027	86.417
240.26	85.827
240.494	85.697
240.728	83.637
240.961	84.567
241.195	86.407
241.429	84.11699999999999
241.662	82.667
241.896	83.89699999999999
242.13	81.817
242.363	82.78699999999999
242.597	82.86699999999999
242.83	85.807
243.064	85.09700000000001
243.298	85.53699999999999
243.531	84.60700000000001
243.765	86.227
243.998	86.427
244.232	89.93700000000001
244.465	92.667
244.699	88.637
244.932	86.717
245.166	86.217
245.399	86.76700000000001
245.633	86.047
245.866	86.567
246.099	85.707
246.333	87.797
246.566	86.077
246.8	86.917
247.033	87.657
247.266	87.007
247.5	88.567
247.733	89.717
247.966	89.76700000000001
248.2	90.697
248.433	89.85700000000001
248.666	90.76700000000001
248.899	94.717
249.133	100.707
249.366	112.467
249.599	111.84700000000001
249.832	96.707
250.066	96.60700000000001
250.299	99.707
250.532	107.717
250.765	103.967
250.998	99.797
251.231	97.28699999999999
251.465	94.64699999999999
251.698	94.89699999999999
251.931	96.157
252.164	94.207
252.397	92.917
252.63	93.337
252.863	93.797
253.096	96.027
253.329	96.007
253.562	95.61699999999999
253.795	97.51700000000001
254.028	95.817
254.261	94.587
254.494	97.877
254.727	105.057
254.96	102.677
255.193	99.877
255.426	100.14699999999999
255.659	105.047
255.892	118.89699999999999
256.124	129.327
256.357	116.777
256.59	106.34700000000001
256.823	101.377
257.056	100.737
257.289	101.047
257.521	100.337
257.754	96.887
257.987	97.977
258.22	102.137
258.452	101.967
258.685	101.51700000000001
258.918	98.717
259.151	96.967
259.383	98.477
259.616	96.907
259.849	99.09700000000001
260.081	101.177
260.314	102.447
260.547	102.467
260.779	104.307
261.012	107.957
261.244	109.917
261.477	106.807
261.71	114.907
261.942	136.977
262.175	145.227
262.407	109.487
262.64	100.227
262.872	99.997
263.105	98.197
263.337	100.777
263.57	99.297
263.802	98.60700000000001
264.035	97.907
264.267	97.217
264.499	96.11699999999999
264.732	98.707
264.964	97.917
265.197	98.64699999999999
265.429	100.137
265.661	100.35700000000001
265.894	99.967
266.126	100.10700000000001
266.358	99.307
266.591	99.737
266.823	100.027
267.055	100.127
267.287	99.93700000000001
267.52	100.977
267.752	99.377
267.984	101.567
268.216	100.457
268.448	103.477
268.681	104.35700000000001
268.913	103.26700000000001
269.145	105.197
269.377	105.227
269.609	103.247
269.841	105.877
270.073	104.60700000000001
270.306	108.297
270.538	109.84700000000001
270.77	105.737
271.002	105.997
271.234	108.93700000000001
271.466	112.737
271.698	112.257
271.93	111.35700000000001
272.162	110.307
272.394	111.377
272.626	108.877
272.858	105.927
273.09	104.51700000000001
273.322	106.037
273.553	105.837
273.785	104.787
274.017	105.297
274.249	106.697
274.481	106.827
274.713	105.887
274.945	109.557
275.176	111.547
275.408	113.68700000000001
275.64	119.01700000000001
275.872	122.997
276.104	118.34700000000001
276.335	117.697
276.567	130.537
276.799	151.067
277.031	162.567
277.262	168.497
277.494	143.52700000000002
277.726	119.007
277.957	113.307
278.189	112.277
278.421	111.70700000000001
278.652	111.157
278.884	110.777
279.115	111.917
279.347	113.137
279.579	117.587
279.81	130.86700000000002
280.042	160.597
280.273	194.997
280.505	157.667
280.736	121.68700000000001
280.968	114.727
281.199	111.60700000000001
281.431	111.417
281.662	112.507
281.894	116.167
282.125	124.927
282.356	149.907
282.588	181.39700000000002
282.819	147.96699999999998
283.051	117.617
283.282	110.68700000000001
283.513	113.64699999999999
283.745	111.567
283.976	112.367
284.207	113.027
284.439	112.34700000000001
284.67	112.317
284.901	111.987
285.132	111.467
285.364	111.85700000000001
285.595	112.35700000000001
285.826	112.307
286.057	113.76700000000001
286.288	111.927
286.52	111.787
286.751	112.037
286.982	112.35700000000001
287.213	110.787
287.444	115.867
287.675	115.217
287.906	117.117
288.138	117.747
288.369	121.447
288.6	120.467
288.831	115.587
289.062	116.747
289.293	114.737
289.524	114.717
289.755	112.787
289.986	114.077
290.217	113.367
290.448	112.727
290.679	112.917
290.91	113.007
291.141	112.137
291.371	114.717
291.602	113.95700000000001
291.833	113.64699999999999
292.064	113.987
292.295	114.337
292.526	115.85700000000001
292.757	115.177
292.987	114.167
293.218	113.14699999999999
293.449	114.087
293.68	114.717
293.91	115.367
294.141	117.137
294.372	115.967
294.603	116.817
294.833	115.817
295.064	116.417
295.295	116.317
295.525	117.587
295.756	129.71699999999998
295.987	148.507
296.217	181.117
296.448	165.907
296.679	124.067
296.909	117.68700000000001
297.14	117.35700000000001
297.37	119.077
297.601	117.287
297.831	117.747
298.062	121.757
298.292	119.467
298.523	120.70700000000001
298.753	117.907
298.984	117.387
299.214	119.26700000000001
299.445	119.587
299.675	124.417
299.905	127.09700000000001
300.136	121.747
300.366	119.64699999999999
300.597	119.737
300.827	125.117
301.057	130.787
301.288	141.197
301.518	129.37699999999998
301.748	125.427
301.979	135.357
302.209	128.067
302.439	126.117
302.669	121.917
302.9	122.587
303.13	124.68700000000001
303.36	132.677
303.59	146.827
303.82	155.647
304.051	132.677
304.281	123.387
304.511	121.757
304.741	118.947
304.971	117.34700000000001
305.201	122.297
305.431	122.497
305.661	122.01700000000001
305.891	121.917
306.121	127.797
306.352	136.667
306.582	140.767
306.812	131.587
307.042	134.547
307.272	153.727
307.502	163.617
307.731	159.86700000000002
307.961	138.567
308.191	124.787
308.421	122.377
308.651	123.43700000000001
308.881	126.14699999999999
309.111	125.967
309.341	129.097
309.571	134.447
309.8	130.477
310.03	133.567
310.26	136.147
310.49	131.887
310.72	137.077
310.949	147.437
311.179	142.047
311.409	130.61700000000002
311.639	132.677
311.868	132.987
312.098	130.587
312.328	135.607
312.557	144.227
312.787	151.52700000000002
313.017	144.27700000000002
313.246	133.787
313.476	128.787
313.706	130.347
313.935	134.317
314.165	141.307
314.394	147.36700000000002
314.624	139.037
314.853	137.317
315.083	132.047
315.312	128.387
315.542	125.84700000000001
315.771	127.917
316.001	127.907
316.23	125.657
316.46	125.987
316.689	127.697
316.919	128.827
317.148	134.497
317.377	133.987
317.607	132.62699999999998
317.836	130.727
318.065	127.087
318.295	127.89699999999999
318.524	127.18700000000001
318.753	127.507
318.983	131.157
319.212	137.907
319.441	146.257
319.67	147.317
319.9	132.197
320.129	128.787
320.358	130.837
320.587	132.417
320.816	137.71699999999998
321.046	142.337
321.275	137.11700000000002
321.504	132.887
321.733	134.62699999999998
321.962	139.187
322.191	140.837
322.42	149.887
322.649	155.447
322.878	159.107
323.108	166.287
323.337	179.16699999999997
323.566	191.067
323.795	217.037
324.024	280.857
324.253	515.0070000000001
324.482	1052.217
324.71	2077.487
324.939	2704.7969999999996
325.168	1071.1870000000001
325.397	336.027
325.626	211.91699999999997
325.855	185.05700000000002
326.084	181.907
326.313	187.907
326.542	215.07699999999997
326.77	308.697
326.999	578.877
327.228	1142.847
327.457	2037.957
327.686	1657.157
327.914	551.127
328.143	432.617
328.372	482.727
328.6	318.647
328.829	215.027
329.058	223.027
329.287	230.237
329.515	209.797
329.744	245.877
329.972	370.957
330.201	639.987
330.43	891.5970000000001
330.658	481.87699999999995
330.887	297.747
331.115	225.877
331.344	171.787
331.572	167.18699999999998
331.801	172.07699999999997
332.03	169.55700000000002
332.258	159.857
332.486	152.657
332.715	157.78699999999998
332.943	161.547
333.172	170.477
333.4	177.867
333.629	201.147
333.857	250.867
334.085	367.337
334.314	625.567
334.542	1087.047
334.771	1057.997
334.999	364.407
335.227	206.927
335.455	172.547
335.684	162.32699999999997
335.912	155.757
336.14	152.837
336.369	154.417
336.597	158.947
336.825	154.837
337.053	144.667
337.281	142.977
337.51	141.137
337.738	142.947
337.966	142.167
338.194	148.167
338.422	147.077
338.65	140.317
338.878	139.707
339.106	135.227
339.334	136.03699999999998
339.562	136.987
339.79	134.887
340.018	135.087
340.246	136.667
340.474	140.71699999999998
340.702	139.277
340.93	134.267
341.158	135.737
341.386	140.797
341.614	142.28699999999998
341.842	139.817
342.07	135.547
342.298	135.197
342.526	133.337
342.754	131.027
342.981	130.837
343.209	132.157
343.437	142.067
343.665	135.71699999999998
343.893	140.227
344.12	140.907
344.348	136.237
344.576	136.357
344.804	136.557
345.031	145.417
345.259	148.37699999999998
345.487	140.107
345.714	138.257
345.942	133.46699999999998
346.17	134.21699999999998
346.397	133.167
346.625	134.567
346.853	133.447
347.08	132.71699999999998
347.308	137.327
347.535	142.677
347.763	145.767
347.99	140.227
348.218	146.737
348.445	152.71699999999998
348.673	145.647
348.9	139.18699999999998
349.128	135.197
349.355	131.977
349.583	131.537
349.81	131.947
350.037	134.517
350.265	132.87699999999998
350.492	133.837
350.72	135.957
350.947	141.21699999999998
351.174	151.597
351.402	156.757
351.629	146.657
351.856	142.447
352.083	147.96699999999998
352.311	152.28699999999998
352.538	156.827
352.765	156.567
352.992	156.827
353.22	152.837
353.447	145.337
353.674	141.757
353.901	134.737
354.128	133.687
354.355	132.61700000000002
354.583	135.917
354.81	136.287
355.037	133.437
355.264	130.197
355.491	130.807
355.718	127.787
355.945	131.137
356.172	130.907
356.399	131.047
356.626	130.897
356.853	129.427
357.08	128.907
357.307	128.047
357.534	127.26700000000001
357.761	130.507
357.988	131.697
358.215	133.447
358.441	131.747
358.668	129.86700000000002
358.895	128.247
359.122	129.537
359.349	131.62699999999998
359.576	135.457
359.802	150.247
360.029	172.467
360.256	171.767
360.483	149.827
360.709	131.917
360.936	133.987
361.163	137.53699999999998
361.39	140.167
361.616	139.417
361.843	133.447
362.07	136.677
362.296	141.517
362.523	136.707
362.749	136.667
362.976	132.507
363.203	132.497
363.429	128.077
363.656	131.007
363.882	129.357
364.109	130.247
364.335	133.067
364.562	131.147
364.788	131.287
365.015	134.727
365.241	141.597
365.468	150.557
365.694	151.087
365.92	141.687
366.147	130.847
366.373	129.62699999999998
366.599	130.02700000000002
366.826	128.057
367.052	129.007
367.278	130.727
367.505	130.317
367.731	134.287
367.957	132.057
368.184	133.307
368.41	142.777
368.636	158.337
368.862	166.59699999999998
369.089	154.797
369.315	137.487
369.541	133.397
369.767	132.917
369.993	132.327
370.219	133.137
370.445	129.837
370.672	127.53699999999999
370.898	128.107
371.124	127.487
371.35	129.567
371.576	129.68699999999998
371.802	128.747
372.028	129.827
372.254	128.167
372.48	129.067
372.706	126.68699999999998
372.932	128.957
373.158	129.607
373.384	132.357
373.61	133.577
373.835	132.657
374.061	129.947
374.287	135.96699999999998
374.513	133.43699999999998
374.739	133.797
374.965	134.067
375.191	132.887
375.416	132.027
375.642	131.487
375.868	132.827
376.094	132.147
376.319	129.807
376.545	132.257
376.771	130.507
376.997	132.397
377.222	132.167
377.448	132.387
377.674	129.927
377.899	132.03699999999998
378.125	132.347
378.35	131.997
378.576	129.177
378.802	130.207
379.027	131.62699999999998
379.253	131.707
379.478	131.297
379.704	133.767
379.929	133.777
380.155	135.43699999999998
380.38	134.557
380.606	136.567
380.831	133.857
381.057	138.87699999999998
381.282	135.407
381.507	137.267
381.733	138.507
381.958	138.027
382.184	139.767
382.409	142.12699999999998
382.634	144.43699999999998
382.86	143.067
383.085	143.527
383.31	144.297
383.535	144.507
383.761	143.057
383.986	144.907
384.211	143.647
384.436	143.87699999999998
384.662	146.637
384.887	149.987
385.112	151.897
385.337	154.46699999999998
385.562	153.707
385.787	154.407
386.013	162.50699999999998
386.238	168.43699999999998
386.463	158.207
386.688	158.077
386.913	152.547
387.138	153.947
387.363	150.947
387.588	148.057
387.813	148.327
388.038	154.147
388.263	160.737
388.488	158.487
388.713	144.417
388.938	142.917
389.163	141.43699999999998
389.387	142.497
389.612	140.137
389.837	139.757
390.062	140.18699999999998
390.287	137.807
390.512	138.657
390.736	139.707
390.961	141.047
391.186	142.267
391.411	143.677
391.636	143.177
391.86	140.637
392.085	140.857
392.31	139.387
392.534	140.117
392.759	140.697
392.984	139.157
393.208	140.427
393.433	147.367
393.658	142.96699999999998
393.882	137.747
394.107	136.517
394.331	138.18699999999998
394.556	137.207
394.78	141.37699999999998
395.005	139.71699999999998
395.229	137.457
395.454	142.37699999999998
395.678	141.497
395.903	143.457
396.127	144.96699999999998
396.352	141.917
396.576	140.017
396.801	142.207
397.025	143.067
397.249	139.637
397.474	144.267
397.698	143.78699999999998
397.922	142.357
398.147	145.697
398.371	145.167
398.595	146.847
398.82	148.257
399.044	154.997
399.268	161.677
399.492	173.137
399.717	181.237
399.941	177.967
400.165	177.717
400.389	170.067
400.613	159.62699999999998
400.837	153.707
401.062	152.167
401.286	151.897
401.51	153.927
401.734	155.337
401.958	168.017
402.182	201.607
402.406	247.68699999999998
402.63	203.317
402.854	168.427
403.078	159.267
403.302	156.507
403.526	158.03699999999998
403.75	160.827
403.974	160.407
404.198	160.307
404.422	163.82699999999997
404.645	165.337
404.869	172.197
405.093	188.067
405.317	208.607
405.541	207.637
405.765	185.857
405.988	201.547
406.212	268.727
406.436	353.12699999999995
406.66	257.457
406.883	186.41699999999997
407.107	178.817
407.331	184.127
407.555	192.527
407.778	185.55700000000002
408.002	171.067
408.226	167.09699999999998
408.449	164.067
408.673	163.747
408.896	167.32699999999997
409.12	171.407
409.344	162.697
409.567	156.777
409.791	157.797
410.014	161.337
410.238	158.897
410.461	158.857
410.685	161.547
410.908	163.707
411.132	172.767
411.355	170.337
411.578	159.907
411.802	154.857
412.025	157.697
412.249	170.837
412.472	184.277
412.695	205.297
412.919	178.037
413.142	163.887
413.365	158.527
413.589	155.347
413.812	152.767
414.035	152.577
414.258	155.357
414.482	152.697
414.705	152.417
414.928	152.87699999999998
415.151	153.317
415.374	153.87699999999998
415.597	149.617
415.821	150.207
416.044	151.96699999999998
416.267	151.397
416.49	148.647
416.713	148.137
416.936	150.617
417.159	150.12699999999998
417.382	153.117
417.605	159.497
417.828	167.447
418.051	159.067
418.274	152.427
418.497	148.737
418.72	149.237
418.943	149.28699999999998
419.166	154.307
419.389	161.497
419.611	159.53699999999998
419.834	160.157
420.057	160.817
420.28	165.277
420.503	161.137
420.726	158.227
420.948	160.157
421.171	167.41699999999997
421.394	164.147
421.617	154.307
421.839	151.87699999999998
422.062	154.177
422.285	156.007
422.507	168.817
422.73	180.027
422.953	165.587
423.175	156.617
423.398	155.96699999999998
423.621	155.907
423.843	158.027
424.066	155.28699999999998
424.288	157.227
424.511	161.887
424.733	174.017
424.956	188.087
425.178	176.25699999999998
425.401	179.247
425.623	176.207
425.846	158.887
426.068	159.057
426.291	158.007
426.513	154.807
426.735	155.207
426.958	164.747
427.18	187.427
427.402	242.867
427.625	309.717
427.847	280.057
428.069	256.697
428.292	180.197
428.514	153.587
428.736	146.28699999999998
428.958	144.927
429.181	142.46699999999998
429.403	141.357
429.625	145.96699999999998
429.847	154.977
430.069	168.817
430.292	155.46699999999998
430.514	141.667
430.736	140.757
430.958	141.567
431.18	138.267
431.402	138.327
431.624	140.53699999999998
431.846	138.46699999999998
432.068	139.677
432.29	143.157
432.512	141.957
432.734	142.137
432.956	145.137
433.178	154.827
433.4	154.62699999999998
433.622	145.37699999999998
433.844	145.087
434.066	145.327
434.287	146.497
434.509	146.987
434.731	149.597
434.953	149.827
435.175	150.767
435.397	153.427
435.618	156.407
435.84	169.427
436.062	202.857
436.284	194.34699999999998
436.505	164.777
436.727	163.197
436.949	148.637
437.17	143.657
437.392	142.96699999999998
437.614	151.71699999999998
437.835	175.657
438.057	203.957
438.278	195.18699999999998
438.5	184.967
438.721	209.357
438.943	178.117
439.165	150.767
439.386	148.307
439.608	151.997
439.829	165.157
440.05	200.627
440.272	234.907
440.493	169.317
440.715	149.43699999999998
440.936	147.677
441.158	147.317
441.379	149.497
441.6	157.747
441.822	162.867
442.043	167.517
442.264	186.907
442.486	180.147
442.707	161.46699999999998
442.928	176.55700000000002
443.149	218.737
443.371	222.277
443.592	197.567
443.813	201.82699999999997
444.034	194.817
444.255	163.767
444.476	156.827
444.698	158.43699999999998
444.919	161.737
445.14	204.967
445.361	198.07699999999997
445.582	198.18699999999998
445.803	238.787
446.024	241.82699999999997
446.245	232.567
446.466	194.227
446.687	153.357
446.908	147.347
447.129	144.507
447.35	142.96699999999998
447.571	148.557
447.792	146.527
448.013	157.207
448.234	168.947
448.455	166.397
448.675	190.787
448.896	203.867
449.117	166.857
449.338	173.957
449.559	213.157
449.779	221.877
450.0	157.387
450.221	143.297
450.442	143.987
450.662	149.96699999999998
450.883	170.05700000000002
451.104	178.897
451.324	154.907
451.545	140.46699999999998
451.766	137.237
451.986	135.317
452.207	137.927
452.428	141.46699999999998
452.648	149.927
452.869	166.957
453.089	175.487
453.31	181.147
453.53	145.337
453.751	141.617
453.971	159.317
454.192	176.817
454.412	147.497
454.633	136.247
454.853	133.587
455.073	136.057
455.294	141.557
455.514	158.847
455.734	143.78699999999998
455.955	131.71699999999998
456.175	129.917
456.395	129.107
456.616	129.657
456.836	129.727
457.056	129.917
457.276	129.21699999999998
457.497	132.227
457.717	131.62699999999998
457.937	134.03699999999998
458.157	135.407
458.377	142.177
458.598	168.817
458.818	240.607
459.038	268.28700000000003
459.258	200.68699999999998
459.478	150.247
459.698	142.897
459.918	142.847
460.138	143.597
460.358	144.227
460.578	147.93699999999998
460.798	153.267
461.018	152.087
461.238	145.607
461.458	144.18699999999998
461.678	144.757
461.898	147.28699999999998
462.118	145.797
462.338	149.927
462.558	151.177
462.777	154.557
462.997	165.927
463.217	172.867
463.437	169.00699999999998
463.657	160.517
463.876	156.917
464.096	160.597
464.316	163.567
464.536	167.477
464.755	165.857
464.975	182.067
465.195	274.307
465.414	277.447
465.634	165.727
465.854	147.267
466.073	143.667
466.293	141.517
466.512	140.097
466.732	137.68699999999998
466.951	141.617
467.171	146.177
467.391	153.727
467.61	175.487
467.829	203.16699999999997
468.049	363.327
468.268	519.247
468.488	209.637
468.707	150.747
468.927	139.797
469.146	137.517
469.365	138.827
469.585	142.46699999999998
469.804	153.96699999999998
470.023	157.62699999999998
470.243	152.087
470.462	162.75699999999998
470.681	180.68699999999998
470.901	152.247
471.12	145.457
471.339	148.927
471.558	153.997
471.777	171.497
471.997	244.747
472.216	642.057
472.435	1380.267
472.654	432.80699999999996
472.873	190.947
473.092	154.807
473.311	145.46699999999998
473.53	142.257
473.749	145.427
473.968	156.087
474.187	180.107
474.406	165.727
474.625	145.147
474.844	139.517
475.063	137.267
475.282	136.96699999999998
475.501	138.68699999999998
475.72	140.867
475.939	137.987
476.158	137.197
476.377	139.607
476.596	141.46699999999998
476.814	147.057
477.033	150.657
477.252	145.257
477.471	142.647
477.69	146.597
477.908	148.457
478.127	149.607
478.346	147.157
478.564	153.987
478.783	163.68699999999998
479.002	160.517
479.22	162.25699999999998
479.439	177.287
479.658	183.517
479.876	174.41699999999997
480.095	175.527
480.313	185.957
480.532	199.55700000000002
480.751	261.207
480.969	625.057
481.188	2248.727
481.406	1491.9669999999999
481.624	338.597
481.843	195.41699999999997
482.061	171.43699999999998
482.28	163.407
482.498	156.68699999999998
482.717	154.197
482.935	153.067
483.153	152.617
483.372	149.027
483.59	150.797
483.808	149.507
484.027	150.37699999999998
484.245	152.307
484.463	154.307
484.681	155.077
484.9	151.677
485.118	155.047
485.336	154.147
485.554	158.18699999999998
485.772	159.457
485.99	162.82699999999997
486.209	165.50699999999998
486.427	166.737
486.645	176.487
486.863	184.367
487.081	167.017
487.299	159.457
487.517	157.067
487.735	155.497
487.953	153.927
488.171	157.28699999999998
488.389	159.947
488.607	163.637
488.825	156.987
489.043	155.207
489.261	155.977
489.479	154.577
489.696	155.427
489.914	155.857
490.132	157.017
490.35	158.767
490.568	160.027
490.786	162.627
491.003	165.337
491.221	170.55700000000002
491.439	176.947
491.657	177.707
491.874	178.037
492.092	176.337
492.31	177.457
492.527	184.767
492.745	185.57699999999997
492.963	183.447
493.18	181.087
493.398	180.897
493.615	184.43699999999998
493.833	179.93699999999998
494.05	175.887
494.268	171.587
494.485	172.797
494.703	171.50699999999998
494.92	167.647
495.138	167.43699999999998
495.355	168.457
495.573	169.697
495.79	167.907
496.008	169.727
496.225	166.297
496.442	166.267
496.66	169.957
496.877	166.137
497.094	171.147
497.312	169.397
497.529	169.337
497.746	173.127
497.963	175.797
498.181	180.397
498.398	184.657
498.615	204.927
498.832	203.84699999999998
499.049	197.297
499.267	201.197
499.484	206.267
499.701	214.647
499.918	222.30700000000002
500.135	229.517
500.352	236.607
500.569	240.18699999999998
500.786	242.407
501.003	233.55700000000002
501.22	227.227
501.437	221.067
501.654	216.247
501.871	228.18699999999998
502.088	199.047
502.305	188.537
502.522	184.287
502.739	179.877
502.956	176.587
503.172	173.527
503.389	179.817
503.606	194.357
503.823	181.697
504.04	170.567
504.256	167.797
504.473	169.607
504.69	169.967
504.907	171.137
505.123	163.41699999999997
505.34	161.747
505.557	158.777
505.773	158.657
505.99	157.487
506.207	155.93699999999998
506.423	155.737
506.64	157.337
506.856	155.167
507.073	155.697
507.289	157.047
507.506	162.787
507.722	186.137
507.939	189.30700000000002
508.155	161.807
508.372	155.167
508.588	153.927
508.805	157.357
509.021	156.827
509.238	160.397
509.454	160.807
509.67	161.857
509.887	168.467
510.103	194.047
510.319	279.717
510.536	873.677
510.752	2871.327
510.968	861.9870000000001
511.184	229.93699999999998
511.401	180.427
511.617	167.147
511.833	171.537
512.049	166.677
512.265	159.007
512.481	154.057
512.698	151.647
512.914	151.167
513.13	151.277
513.346	151.157
513.562	154.277
513.778	155.407
513.994	159.887
514.21	168.537
514.426	193.337
514.642	223.047
514.858	207.717
515.074	264.917
515.29	668.4269999999999
515.506	2224.627
515.721	873.387
515.937	259.697
516.153	190.287
516.369	169.137
516.585	165.657
516.801	164.627
517.016	162.43699999999998
517.232	165.59699999999998
517.448	165.177
517.664	168.487
517.879	169.547
518.095	167.197
518.311	169.647
518.527	166.857
518.742	160.62699999999998
518.958	158.907
519.173	157.227
519.389	156.427
519.605	157.867
519.82	158.997
520.036	166.897
520.251	196.137
520.467	187.047
520.682	171.727
520.898	173.977
521.113	188.977
521.329	225.337
521.544	325.78700000000003
521.76	841.337
521.975	3615.777
522.19	2289.337
522.406	508.78700000000003
522.621	208.157
522.836	165.75699999999998
523.052	154.907
523.267	150.257
523.482	148.637
523.698	156.417
523.913	185.177
524.128	164.037
524.343	145.497
524.559	142.737
524.774	139.917
524.989	147.397
525.204	162.697
525.419	154.71699999999998
525.634	140.147
525.849	138.067
526.064	136.277
526.28	138.107
526.495	136.527
526.71	134.987
526.925	134.647
527.14	135.18699999999998
527.355	135.907
527.57	134.237
527.785	134.517
527.999	135.257
528.214	137.357
528.429	140.327
528.644	139.907
528.859	137.067
529.074	143.667
529.289	186.32699999999997
529.503	288.337
529.718	167.087
529.933	140.977
530.148	135.807
530.363	135.167
530.577	135.847
530.792	134.477
531.007	134.247
531.221	137.507
531.436	135.077
531.651	136.007
531.865	134.157
532.08	134.847
532.295	135.457
532.509	135.137
532.724	136.067
532.938	137.847
533.153	138.427
533.367	135.887
533.582	136.077
533.796	135.587
534.011	136.777
534.225	134.597
534.44	132.71699999999998
534.654	135.207
534.868	133.767
535.083	135.077
535.297	136.407
535.511	148.647
535.726	153.867
535.94	144.96699999999998
536.154	139.837
536.369	133.71699999999998
536.583	130.837
536.797	132.707
537.011	130.857
537.225	130.517
537.44	131.837
537.654	130.047
537.868	130.547
538.082	132.737
538.296	129.71699999999998
538.51	131.397
538.724	129.847
538.938	131.397
539.153	138.727
539.367	155.757
539.581	140.68699999999998
539.795	130.457
540.009	130.347
540.222	130.447
540.436	130.137
540.65	129.197
540.864	131.927
541.078	139.607
541.292	133.847
541.506	129.61700000000002
541.72	128.697
541.934	127.217
542.147	127.51700000000001
542.361	126.337
542.575	126.617
542.789	128.787
543.002	130.517
543.216	133.067
543.43	141.43699999999998
543.644	133.36700000000002
543.857	131.357
544.071	129.897
544.285	130.347
544.498	127.95700000000001
544.712	128.897
544.925	129.257
545.139	126.747
545.352	126.307
545.566	127.14699999999999
545.779	126.737
545.993	128.677
546.206	128.917
546.42	129.357
546.633	131.02700000000002
546.847	130.707
547.06	127.287
547.274	128.207
547.487	127.95700000000001
547.7	126.117
547.914	127.067
548.127	127.85700000000001
548.34	128.337
548.554	124.907
548.767	129.657
548.98	129.177
549.193	127.10700000000001
549.407	127.657
549.62	130.557
549.833	127.61699999999999
550.046	127.367
550.259	127.907
550.473	128.817
550.686	127.137
550.899	126.427
551.112	128.52700000000002
551.325	126.077
551.538	129.747
551.751	129.687
551.964	128.937
552.177	128.657
552.39	127.76700000000001
552.603	129.637
552.816	131.017
553.029	131.96699999999998
553.242	132.527
553.455	144.157
553.667	153.667
553.88	153.117
554.093	137.517
554.306	141.827
554.519	143.647
554.732	131.107
554.944	130.707
555.157	128.017
555.37	127.587
555.583	128.937
555.795	129.937
556.008	126.127
556.221	124.507
556.433	125.057
556.646	124.307
556.859	122.10700000000001
557.071	124.34700000000001
557.284	123.917
557.496	123.387
557.709	123.657
557.921	121.637
558.134	122.01700000000001
558.346	120.59700000000001
558.559	120.137
558.771	119.477
558.984	119.967
559.196	120.727
559.409	120.09700000000001
559.621	119.18700000000001
559.833	120.35700000000001
560.046	121.45700000000001
560.258	130.387
560.47	141.287
560.683	126.927
560.895	118.697
561.107	119.587
561.32	120.867
561.532	119.947
561.744	120.51700000000001
561.956	121.077
562.168	121.10700000000001
562.381	120.39699999999999
562.593	120.747
562.805	121.887
563.017	121.887
563.229	121.68700000000001
563.441	119.817
563.653	121.247
563.865	119.09700000000001
564.077	119.547
564.289	121.64699999999999
564.501	121.087
564.713	124.447
564.925	131.647
565.137	143.607
565.349	128.157
565.561	127.717
565.773	125.007
565.985	126.427
566.197	130.03699999999998
566.408	132.077
566.62	134.757
566.832	136.117
567.044	136.53699999999998
567.255	138.497
567.467	140.707
567.679	143.027
567.891	144.87699999999998
568.102	146.03699999999998
568.314	143.947
568.526	137.867
568.737	135.327
568.949	130.847
569.161	127.407
569.372	124.677
569.584	124.287
569.795	126.947
570.007	152.11700000000002
570.218	302.677
570.43	178.657
570.641	126.327
570.853	119.20700000000001
571.064	117.427
571.276	117.68700000000001
571.487	116.95700000000001
571.698	117.417
571.91	116.307
572.121	115.43700000000001
572.333	114.197
572.544	111.837
572.755	114.317
572.966	113.34700000000001
573.178	114.657
573.389	116.997
573.6	112.677
573.811	112.10700000000001
574.023	112.307
574.234	113.637
574.445	113.95700000000001
574.656	111.59700000000001
574.867	112.487
575.078	112.497
575.289	113.217
575.501	112.987
575.712	112.487
575.923	112.407
576.134	111.577
576.345	109.76700000000001
576.556	112.867
576.767	114.007
576.978	114.547
577.188	113.95700000000001
577.399	114.95700000000001
577.61	115.487
577.821	121.377
578.032	141.897
578.243	308.347
578.454	912.5369999999999
578.665	263.097
578.875	126.777
579.086	112.93700000000001
579.297	111.047
579.508	109.447
579.718	109.777
579.929	109.18700000000001
580.14	108.037
580.35	108.14699999999999
580.561	108.64699999999999
580.772	107.697
580.982	106.717
581.193	106.657
581.403	108.527
581.614	106.727
581.825	107.327
582.035	106.177
582.246	106.157
582.456	105.567
582.667	106.64699999999999
582.877	108.157
583.087	106.60700000000001
583.298	107.10700000000001
583.508	105.987
583.719	104.45700000000001
583.929	107.557
584.139	104.837
584.35	104.387
584.56	107.287
584.77	106.59700000000001
584.981	106.26700000000001
585.191	107.60700000000001
585.401	108.327
585.611	107.277
585.821	108.587
586.032	108.797
586.242	106.157
586.452	105.197
586.662	105.127
586.872	104.567
587.082	104.78699999999999
587.292	105.697
587.502	104.927
587.713	103.807
587.923	106.697
588.133	105.257
588.343	103.257
588.553	104.927
588.762	108.927
588.972	115.547
589.182	166.867
589.392	129.737
589.602	118.697
589.812	142.637
590.022	116.427
590.232	105.85700000000001
590.441	106.637
590.651	104.527
590.861	104.407
591.071	105.03699999999999
591.281	106.487
591.49	105.007
591.7	103.85700000000001
591.91	107.387
592.119	106.177
592.329	110.59700000000001
592.539	116.84700000000001
592.748	111.387
592.958	108.277
593.167	110.047
593.377	110.93700000000001
593.587	114.547
593.796	111.547
594.006	109.797
594.215	110.337
594.424	109.797
594.634	109.447
594.843	108.057
595.053	107.70700000000001
595.262	106.537
595.472	105.84700000000001
595.681	107.45700000000001
595.89	106.067
596.1	105.35700000000001
596.309	104.307
596.518	104.36699999999999
596.727	105.10700000000001
596.937	104.557
597.146	104.35700000000001
597.355	104.377
597.564	102.887
597.774	104.527
597.983	102.047
598.192	102.527
598.401	101.89699999999999
598.61	101.637
598.819	101.507
599.028	100.43700000000001
599.237	101.39699999999999
599.446	101.887
599.655	103.53699999999999
599.864	102.817
600.073	102.43700000000001
600.282	103.36699999999999
600.491	103.207
600.7	101.987
600.909	100.917
601.118	104.237
601.327	102.60700000000001
601.536	104.11699999999999
601.745	101.497
601.953	102.487
602.162	101.957
602.371	103.957
602.58	102.417
602.789	102.407
602.997	100.637
603.206	101.76700000000001
603.415	101.377
603.623	98.377
603.832	100.157
604.041	98.567
604.249	100.637
604.458	100.337
604.666	98.677
604.875	99.407
605.084	99.51700000000001
605.292	100.497
605.501	98.457
605.709	99.76700000000001
605.918	98.137
606.126	99.917
606.334	100.39699999999999
606.543	100.547
606.751	100.297
606.96	98.167
607.168	100.967
607.376	100.997
607.585	100.797
607.793	99.547
608.001	100.447
608.21	99.877
608.418	99.78699999999999
608.626	99.167
608.834	98.277
609.043	98.927
609.251	98.447
609.459	98.707
609.667	100.317
609.875	98.707
610.083	98.997
610.291	98.817
610.499	100.93700000000001
610.707	98.407
610.916	99.557
611.124	99.727
611.332	99.677
611.54	99.277
611.748	98.977
611.955	98.26700000000001
612.163	99.177
612.371	97.717
612.579	97.927
612.787	99.047
612.995	100.277
613.203	99.907
613.411	97.387
613.618	97.457
613.826	96.797
614.034	97.277
614.242	97.877
614.449	98.387
614.657	100.10700000000001
614.865	99.327
615.072	98.007
615.28	99.53699999999999
615.488	101.51700000000001
615.695	101.627
615.903	106.697
616.111	107.807
616.318	108.35700000000001
616.526	103.11699999999999
616.733	103.43700000000001
616.941	101.487
617.148	101.757
617.356	99.387
617.563	99.377
617.771	99.567
617.978	97.34700000000001
618.185	97.64699999999999
618.393	97.387
618.6	98.447
618.807	97.077
619.015	96.957
619.222	98.467
619.429	95.967
619.637	98.197
619.844	96.227
620.051	95.917
620.258	96.237
620.466	96.327
620.673	94.987
620.88	95.28699999999999
621.087	94.837
621.294	95.457
621.501	96.61699999999999
621.708	97.09700000000001
621.915	96.557
622.122	96.477
622.329	96.277
622.536	96.36699999999999
622.743	95.447
622.95	95.757
623.157	94.997
623.364	94.927
623.571	96.26700000000001
623.778	95.197
623.985	95.727
624.192	94.34700000000001
624.399	93.837
624.606	96.387
624.812	92.987
625.019	93.427
625.226	94.997
625.433	95.68700000000001
625.639	95.077
625.846	94.747
626.053	94.227
626.259	95.297
626.466	94.557
626.673	92.51700000000001
626.879	95.43700000000001
627.086	97.567
627.293	96.28699999999999
627.499	93.28699999999999
627.706	94.10700000000001
627.912	93.53699999999999
628.119	93.417
628.325	94.547
628.532	93.837
628.738	93.78699999999999
628.945	93.26700000000001
629.151	92.877
629.357	93.827
629.564	92.86699999999999
629.77	94.407
629.976	93.01700000000001
630.183	91.257
630.389	92.557
630.595	91.35700000000001
630.802	90.807
631.008	91.14699999999999
631.214	91.797
631.42	91.997
631.627	95.737
631.833	91.757
632.039	91.807
632.245	92.567
632.451	92.667
632.657	92.027
632.863	92.317
633.069	91.59700000000001
633.275	92.447
633.481	91.14699999999999
633.688	92.557
633.893	94.01700000000001
634.099	92.18700000000001
634.305	93.36699999999999
634.511	91.077
634.717	92.43700000000001
634.923	92.10700000000001
635.129	94.14699999999999
635.335	93.417
635.541	92.547
635.747	95.967
635.952	100.36699999999999
636.158	115.917
636.364	238.977
636.57	214.91699999999997
636.775	118.78699999999999
636.981	99.047
637.187	94.407
637.392	92.827
637.598	93.207
637.804	94.207
638.009	91.36699999999999
638.215	93.01700000000001
638.421	91.197
638.626	91.247
638.832	91.987
639.037	90.707
639.243	89.677
639.448	90.84700000000001
639.654	92.43700000000001
639.859	90.417
640.065	91.567
640.27	94.34700000000001
640.475	90.01700000000001
640.681	90.487
640.886	90.26700000000001
641.091	90.637
641.297	93.057
641.502	91.277
641.707	93.53699999999999
641.913	94.407
642.118	90.637
642.323	89.067
642.528	92.10700000000001
642.733	91.84700000000001
642.939	91.417
643.144	92.14699999999999
643.349	90.64699999999999
643.554	91.877
643.759	91.657
643.964	88.467
644.169	91.487
644.374	89.887
644.579	91.567
644.784	90.28699999999999
644.989	90.337
645.194	91.067
645.399	91.997
645.604	90.567
645.809	94.047
646.014	91.547
646.219	91.137
646.423	88.967
646.628	90.28699999999999
646.833	89.84700000000001
647.038	89.917
647.243	91.39699999999999
647.447	90.467
647.652	92.627
647.857	91.03699999999999
648.062	91.377
648.266	93.577
648.471	95.26700000000001
648.676	98.047
648.88	96.567
649.085	96.257
649.289	95.297
649.494	109.93700000000001
649.698	147.837
649.903	109.26700000000001
650.107	93.457
650.312	92.047
650.516	88.817
650.721	87.407
650.925	89.39699999999999
651.13	87.76700000000001
651.334	87.947
651.539	88.487
651.743	86.077
651.947	88.34700000000001
652.152	89.127
652.356	86.987
652.56	87.777
652.764	86.53699999999999
652.969	86.197
653.173	85.737
653.377	84.887
653.581	85.507
653.785	86.257
653.99	86.807
654.194	86.007
654.398	85.68700000000001
654.602	85.547
654.806	93.157
655.01	107.717
655.214	92.887
655.418	87.907
655.622	86.35700000000001
655.826	88.14699999999999
656.03	88.907
656.234	93.01700000000001
656.438	95.61699999999999
656.642	96.277
656.846	91.047
657.049	88.257
657.253	85.877
657.457	84.527
657.661	84.657
657.865	83.307
658.068	82.417
658.272	84.307
658.476	83.657
658.68	82.717
658.883	82.84700000000001
659.087	80.597
659.291	81.947
659.494	82.167
659.698	80.697
659.901	82.86699999999999
660.105	82.047
660.309	80.777
660.512	82.407
660.716	83.547
660.919	80.827
661.123	84.03699999999999
661.326	80.417
661.53	81.337
661.733	82.207
661.936	80.437
662.14	81.487
662.343	79.867
662.546	80.767
662.75	80.70700000000001
662.953	82.547
663.156	81.26700000000001
663.36	79.837
663.563	81.557
663.766	81.327
663.969	80.157
664.173	79.887
664.376	78.547
664.579	81.107
664.782	80.447
664.985	79.307
665.188	82.64699999999999
665.391	81.317
665.594	78.527
665.797	78.987
666.0	80.017
666.203	78.427
666.406	79.14699999999999
666.609	79.447
666.812	80.307
667.015	78.587
667.218	80.797
667.421	79.967
667.624	78.107
667.827	80.697
668.03	80.077
668.232	80.467
668.435	79.677
668.638	79.70700000000001
668.841	82.11699999999999
669.043	79.717
669.246	81.327
669.449	79.687
669.651	79.70700000000001
669.854	79.357
670.057	80.547
670.259	78.937
670.462	80.017
670.665	79.797
670.867	81.447
671.07	81.28699999999999
671.272	80.917
671.475	83.547
671.677	81.43700000000001
671.88	80.417
672.082	80.547
672.284	80.747
672.487	80.817
672.689	80.39699999999999
672.892	79.89699999999999
