223.165	-17.010199999999998
223.4	-17.010199999999998
223.635	-17.010199999999998
223.869	-20.3602
224.104	-18.790200000000002
224.338	-15.530199999999999
224.573	-13.530199999999999
224.808	-12.9302
225.042	-8.8002
225.277	-5.990200000000001
225.511	-2.6302
225.746	4.4698
225.98	7.2097999999999995
226.215	11.5898
226.449	15.659799999999999
226.683	20.5398
226.918	23.869799999999998
227.152	32.239799999999995
227.387	36.519800000000004
227.621	37.8498
227.856	44.0198
228.09	47.3698
228.324	50.0298
228.559	56.299800000000005
228.793	67.0398
229.027	88.3398
229.262	97.4698
229.496	109.3798
229.73	130.1798
229.964	130.1298
230.199	106.6698
230.433	103.1698
230.667	105.0698
230.901	104.6998
231.136	103.38980000000001
231.37	106.3998
231.604	104.8798
231.838	105.6598
232.072	106.1798
232.306	106.8798
232.541	106.0298
232.775	106.82979999999999
233.009	107.4698
233.243	108.3798
233.477	107.7798
233.711	110.3498
233.945	110.9098
234.179	111.2598
234.413	110.7598
234.647	109.80980000000001
234.881	108.93979999999999
235.115	110.68979999999999
235.349	110.3198
235.583	112.9698
235.817	114.8398
236.051	116.5898
236.285	113.5898
236.519	115.8198
236.753	121.6798
236.987	137.9898
237.221	171.33980000000003
237.455	178.81980000000001
237.689	134.5398
237.922	122.0298
238.156	119.60979999999999
238.39	118.10979999999999
238.624	116.6698
238.858	116.26979999999999
239.091	117.1198
239.325	118.63980000000001
239.559	121.7498
239.793	124.0098
240.027	127.85979999999999
240.26	134.5598
240.494	139.0598
240.728	137.3098
240.961	133.8998
241.195	129.7298
241.429	127.1298
241.662	124.8198
241.896	125.2498
242.13	125.3398
242.363	126.7498
242.597	127.5798
242.83	130.6198
243.064	129.4298
243.298	131.5798
243.531	129.9298
243.765	132.5998
243.998	133.0398
244.232	134.6998
244.465	140.2898
244.699	136.1398
244.932	135.31980000000001
245.166	135.15980000000002
245.399	135.0298
245.633	136.9798
245.866	138.4898
246.099	136.4898
246.333	137.8698
246.566	139.4298
246.8	140.3998
247.033	144.1998
247.266	146.6398
247.5	150.9898
247.733	154.9298
247.966	154.7998
248.2	155.6398
248.433	154.9498
248.666	159.8798
248.899	169.4698
249.133	178.7098
249.366	187.6098
249.599	181.1398
249.832	164.7998
250.066	164.06980000000001
250.299	170.8898
250.532	182.4398
250.765	190.0998
250.998	197.1998
251.231	189.7698
251.465	179.7398
251.698	173.81980000000001
251.931	173.56980000000001
252.164	170.75979999999998
252.397	171.33980000000003
252.63	177.1898
252.863	181.83980000000003
253.096	190.8698
253.329	195.5298
253.562	187.9298
253.795	185.4698
254.028	185.1198
254.261	187.53979999999999
254.494	202.32979999999998
254.727	225.46980000000002
254.96	230.41979999999998
255.193	210.7398
255.426	200.33980000000003
255.659	198.1498
255.892	209.06980000000001
256.124	221.12980000000002
256.357	212.5998
256.59	198.1998
256.823	189.4898
257.056	186.9298
257.289	186.9798
257.521	186.3898
257.754	185.2698
257.987	184.15980000000002
258.22	184.9398
258.452	184.7298
258.685	184.99980000000002
258.918	187.7398
259.151	188.6398
259.383	195.2698
259.616	195.6498
259.849	199.3698
260.081	210.7998
260.314	221.8498
260.547	216.2098
260.779	205.4398
261.012	200.53979999999999
261.244	198.4498
261.477	199.25979999999998
261.71	206.2998
261.942	226.4398
262.175	231.7998
262.407	204.7198
262.64	192.1098
262.872	194.6198
263.105	193.1198
263.337	194.31980000000001
263.57	193.66979999999998
263.802	195.6298
264.035	194.25979999999998
264.267	193.40980000000002
264.499	194.4898
264.732	197.28979999999999
264.964	196.32979999999998
265.197	197.40980000000002
265.429	198.0598
265.661	199.25979999999998
265.894	197.9398
266.126	201.99980000000002
266.358	200.5298
266.591	202.0998
266.823	207.3098
267.055	207.1298
267.287	208.4698
267.52	206.6798
267.752	207.3898
267.984	208.5298
268.216	211.16979999999998
268.448	215.6498
268.681	217.07979999999998
268.913	226.49980000000002
269.145	242.07979999999998
269.377	243.3998
269.609	235.50979999999998
269.841	236.28979999999999
270.073	245.4898
270.306	263.28979999999996
270.538	271.1398
270.77	260.6898
271.002	252.8498
271.234	250.1398
271.466	259.3698
271.698	270.28979999999996
271.93	267.3398
272.162	268.1298
272.394	264.5698
272.626	254.4698
272.858	243.9698
273.09	238.4298
273.322	237.94979999999998
273.553	234.1398
273.785	234.01979999999998
274.017	232.99980000000002
274.249	236.76979999999998
274.481	237.6898
274.713	237.7198
274.945	240.94979999999998
275.176	240.1298
275.408	239.81980000000001
275.64	240.2098
275.872	239.1898
276.104	243.90980000000002
276.335	248.78979999999999
276.567	261.21979999999996
276.799	280.4398
277.031	289.96979999999996
277.262	288.0698
277.494	276.7498
277.726	263.5798
277.957	255.9698
278.189	251.15980000000002
278.421	247.9798
278.652	247.5498
278.884	246.66979999999998
279.115	245.4698
279.347	247.6898
279.579	246.91979999999998
279.81	248.9598
280.042	251.4898
280.273	254.66979999999998
280.505	252.0498
280.736	249.4398
280.968	251.66979999999998
281.199	251.25979999999998
281.431	255.50979999999998
281.662	254.78979999999999
281.894	258.5098
282.125	268.6598
282.356	300.0998
282.588	329.83979999999997
282.819	296.6998
283.051	264.1598
283.282	257.3498
283.513	261.7598
283.745	265.4598
283.976	265.39979999999997
284.207	266.4298
284.439	264.8898
284.67	265.8798
284.901	265.2798
285.132	265.4198
285.364	266.2098
285.595	264.9898
285.826	265.1298
286.057	268.96979999999996
286.288	267.3598
286.52	269.1998
286.751	270.1198
286.982	271.21979999999996
287.213	270.4898
287.444	275.7498
287.675	278.8898
287.906	285.2698
288.138	289.1698
288.369	289.1398
288.6	289.53979999999996
288.831	281.0498
289.062	281.3798
289.293	279.6598
289.524	279.3798
289.755	277.78979999999996
289.986	276.9598
290.217	278.4798
290.448	277.78979999999996
290.679	279.1798
290.91	278.5598
291.141	276.1698
291.371	277.8498
291.602	278.4098
291.833	278.14979999999997
292.064	280.3698
292.295	279.4198
292.526	280.7698
292.757	280.6998
292.987	278.9498
293.218	279.6098
293.449	282.7498
293.68	282.7598
293.91	281.2298
294.141	281.9398
294.372	281.9398
294.603	283.78979999999996
294.833	283.5598
295.064	283.6598
295.295	285.78979999999996
295.525	289.1998
295.756	299.9398
295.987	319.8098
296.217	355.33979999999997
296.448	337.8498
296.679	296.3598
296.909	292.28979999999996
297.14	290.5598
297.37	295.5598
297.601	297.5798
297.831	296.0098
298.062	298.8698
298.292	300.0798
298.523	302.3198
298.753	301.7698
298.984	299.0598
299.214	300.3798
299.445	301.5498
299.675	305.8298
299.905	311.0898
300.136	305.9898
300.366	304.8898
300.597	306.0498
300.827	317.64979999999997
301.057	326.75980000000004
301.288	333.8498
301.518	320.8398
301.748	317.14979999999997
301.979	328.8498
302.209	322.8398
302.439	321.1998
302.669	318.8198
302.9	315.9398
303.13	314.3898
303.36	322.3598
303.59	330.15979999999996
303.82	337.18979999999993
304.051	323.5498
304.281	319.0998
304.511	316.5298
304.741	312.7098
304.971	311.9398
305.201	313.5798
305.431	313.3098
305.661	313.3098
305.891	314.7298
306.121	319.0298
306.352	328.9698
306.582	328.8898
306.812	315.5698
307.042	317.4298
307.272	318.7598
307.502	320.5598
307.731	318.5998
307.961	316.2698
308.191	316.7498
308.421	317.3898
308.651	318.4298
308.881	320.9598
309.111	322.5298
309.341	326.6398
309.571	334.8098
309.8	337.6498
310.03	343.8598
310.26	345.79979999999995
310.49	340.6298
310.72	352.4298
310.949	363.40979999999996
311.179	357.3998
311.409	343.3798
311.639	345.04979999999995
311.868	347.5198
312.098	348.8598
312.328	353.68979999999993
312.557	368.9198
312.787	374.9898
313.017	366.43979999999993
313.246	355.6098
313.476	347.3098
313.706	351.3498
313.935	358.5198
314.165	370.0998
314.394	372.82980000000003
314.624	365.65979999999996
314.853	359.72979999999995
315.083	352.1998
315.312	350.8098
315.542	348.7698
315.771	346.7198
316.001	343.7498
316.23	344.9198
316.46	344.3598
316.689	347.33979999999997
316.919	352.9198
317.148	356.3798
317.377	355.6798
317.607	352.2698
317.836	348.86979999999994
318.065	343.7198
318.295	342.3098
318.524	345.0998
318.753	345.9298
318.983	347.2198
319.212	351.9198
319.441	364.83979999999997
319.67	365.2898
319.9	351.1298
320.129	349.9198
320.358	350.72979999999995
320.587	354.65979999999996
320.816	361.3798
321.046	364.8498
321.275	362.9298
321.504	359.04979999999995
321.733	366.58979999999997
321.962	370.1698
322.191	379.33979999999997
322.42	390.3198
322.649	400.22979999999995
322.878	407.1698
323.108	417.1298
323.337	440.8998
323.566	461.90979999999996
323.795	504.9498
324.024	602.2898
324.253	933.5198
324.482	1663.3798000000002
324.71	2852.1897999999997
324.939	3423.3698000000004
325.168	1765.7397999999998
325.397	719.1998
325.626	523.2898
325.855	473.5198
326.084	459.00980000000004
326.313	471.29979999999995
326.542	504.1998
326.77	632.0398
326.999	983.2298
327.228	1735.0298
327.457	2814.5598000000005
327.686	2374.8298
327.914	908.1497999999999
328.143	623.4898
328.372	557.6197999999999
328.6	510.15979999999996
328.829	488.58979999999997
329.058	509.65979999999996
329.287	506.33979999999997
329.515	468.3098
329.744	458.0598
329.972	474.6998
330.201	516.7198000000001
330.43	555.2598
330.658	541.9798
330.887	556.2598
331.115	504.93979999999993
331.344	452.82980000000003
331.572	447.08979999999997
331.801	455.9698
332.03	455.8798
332.258	443.4898
332.486	442.1998
332.715	448.7398
332.943	460.18979999999993
333.172	473.4998
333.4	484.6398
333.629	507.0598
333.857	529.7998
334.085	538.5598
334.314	565.6698
334.542	612.9198
334.771	592.9098
334.999	506.6698
335.227	478.2398
335.455	462.8798
335.684	454.11979999999994
335.912	450.2198
336.14	447.5598
336.369	448.1698
336.597	451.04979999999995
336.825	442.5398
337.053	431.6698
337.281	425.79979999999995
337.51	420.4998
337.738	423.8498
337.966	419.6798
338.194	423.3498
338.422	417.6398
338.65	410.43979999999993
338.878	409.5298
339.106	403.3898
339.334	405.93979999999993
339.562	398.5698
339.79	394.47979999999995
340.018	397.4198
340.246	396.9898
340.474	400.2798
340.702	397.29979999999995
340.93	395.25980000000004
341.158	397.7798
341.386	400.0298
341.614	400.3898
341.842	396.4598
342.07	389.9698
342.298	390.5598
342.526	387.0298
342.754	388.3598
342.981	390.3098
343.209	395.6398
343.437	419.2698
343.665	429.7198
343.893	448.5598
344.12	448.72979999999995
344.348	431.2898
344.576	422.65979999999996
344.804	417.3598
345.031	416.4598
345.259	415.3598
345.487	404.2098
345.714	395.2398
345.942	387.3898
346.17	386.1998
346.397	382.1998
346.625	382.8898
346.853	381.75980000000004
347.08	380.58979999999997
347.308	389.57980000000003
347.535	395.2398
347.763	399.00980000000004
347.99	393.07980000000003
348.218	397.86979999999994
348.445	401.1698
348.673	390.75980000000004
348.9	382.4198
349.128	378.90979999999996
349.355	376.08979999999997
349.583	374.7398
349.81	373.3598
350.037	373.82980000000003
350.265	374.7398
350.492	373.9198
350.72	375.2198
350.947	383.9698
351.174	396.1398
351.402	399.4598
351.629	388.8598
351.856	389.6298
352.083	393.93979999999993
352.311	398.43979999999993
352.538	401.07980000000003
352.765	402.18979999999993
352.992	400.08979999999997
353.22	398.1998
353.447	387.5198
353.674	380.1298
353.901	372.57980000000003
354.128	373.32980000000003
354.355	370.82980000000003
354.583	373.7498
354.81	371.00980000000004
355.037	374.1698
355.264	368.2198
355.491	368.29979999999995
355.718	366.7798
355.945	368.58979999999997
356.172	368.3598
356.399	368.2798
356.626	370.1098
356.853	369.11979999999994
357.08	365.7898
357.307	367.7198
357.534	364.8598
357.761	370.32980000000003
357.988	375.5298
358.215	375.0298
358.441	378.68979999999993
358.668	377.75980000000004
358.895	377.00980000000004
359.122	374.2098
359.349	378.86979999999994
359.576	389.1398
359.802	409.3798
360.029	431.0298
360.256	428.7498
360.483	404.72979999999995
360.709	382.57980000000003
360.936	385.61979999999994
361.163	385.8898
361.39	387.32980000000003
361.616	386.0998
361.843	381.61979999999994
362.07	383.79979999999995
362.296	386.9498
362.523	380.5998
362.749	382.2098
362.976	377.18979999999993
363.203	375.0598
363.429	367.4698
363.656	374.8798
363.882	371.68980000000005
364.109	369.43980000000005
364.335	369.6098
364.562	370.6798
364.788	371.2798
365.015	372.9198
365.241	378.0298
365.468	387.1298
365.694	388.3998
365.92	378.1298
366.147	369.3498
366.373	368.9898
366.599	369.04980000000006
366.826	365.7798
367.052	364.9198
367.278	372.29980000000006
367.505	372.32980000000003
367.731	375.3798
367.957	373.4698
368.184	376.90979999999996
368.41	388.43979999999993
368.636	401.8198
368.862	410.25980000000004
369.089	393.6098
369.315	380.2798
369.541	379.8498
369.767	379.6998
369.993	381.1098
370.219	380.2098
370.445	379.3898
370.672	382.33979999999997
370.898	381.1798
371.124	385.57980000000003
371.35	388.7198
371.576	386.7898
371.802	382.7698
372.028	384.1998
372.254	384.54979999999995
372.48	390.47979999999995
372.706	395.5298
372.932	400.9498
373.158	394.0698
373.384	394.0998
373.61	391.2898
373.835	394.1398
374.061	392.8898
374.287	398.6098
374.513	403.9598
374.739	411.3598
374.965	418.3598
375.191	418.0298
375.416	413.0198
375.642	402.04979999999995
375.868	405.0398
376.094	400.7798
376.319	393.9598
376.545	393.9198
376.771	394.50980000000004
376.997	391.7098
377.222	391.8998
377.448	391.2898
377.674	391.0698
377.899	390.1698
378.125	391.2198
378.35	389.9598
378.576	389.3498
378.802	388.2798
379.027	391.0198
379.253	393.40979999999996
379.478	391.1298
379.704	392.2698
379.929	396.6098
380.155	397.9698
380.38	399.4498
380.606	401.75980000000004
380.831	398.2798
381.057	408.33979999999997
381.282	402.43979999999993
381.507	403.75980000000004
381.733	409.6998
381.958	410.54979999999995
382.184	416.1498
382.409	420.8998
382.634	426.0598
382.86	425.7498
383.085	430.68979999999993
383.31	434.4198
383.535	442.2098
383.761	444.2898
383.986	448.3498
384.211	453.1098
384.436	458.61979999999994
384.662	469.2698
384.887	480.7498
385.112	485.54979999999995
385.337	489.1798
385.562	486.7098
385.787	486.8898
386.013	496.7798
386.238	506.3898
386.463	490.8998
386.688	492.36979999999994
386.913	482.3498
387.138	489.50980000000004
387.363	482.3098
387.588	464.7398
387.813	467.0598
388.038	480.75980000000004
388.263	501.3098
388.488	494.5298
388.713	461.04979999999995
388.938	450.5298
389.163	451.0298
389.387	449.9898
389.612	440.00980000000004
389.837	445.4498
390.062	442.5598
390.287	442.5998
390.512	442.0298
390.736	447.1998
390.961	455.1798
391.186	460.0198
391.411	470.9998
391.636	478.86979999999994
391.86	484.29979999999995
392.085	486.4698
392.31	479.29979999999995
392.534	471.8098
392.759	468.65979999999996
392.984	463.1798
393.208	467.9198
393.433	482.3498
393.658	472.3898
393.882	456.82980000000003
394.107	457.2898
394.331	460.8498
394.556	460.86979999999994
394.78	468.5998
395.005	471.3198
395.229	469.0198
395.454	482.9498
395.678	488.97979999999995
395.903	490.50980000000004
396.127	494.3898
396.352	481.2798
396.576	469.29979999999995
396.801	471.4498
397.025	483.6498
397.249	482.0698
397.474	488.2898
397.698	489.8898
397.922	498.36979999999994
398.147	507.0598
398.371	512.7098
398.595	522.1398
398.82	541.7198000000001
399.044	580.0298
399.268	633.4998
399.492	708.8997999999999
399.717	753.2198000000001
399.941	734.0298
400.165	696.3697999999999
400.389	647.6398
400.613	590.2198000000001
400.837	559.4398
401.062	549.9598
401.286	542.2798
401.51	538.5098
401.734	539.6898
401.958	554.2498
402.182	585.9798
402.406	623.7298
402.63	595.9598
402.854	577.3398
403.078	578.5398
403.302	585.5398
403.526	593.3298
403.75	596.2098
403.974	602.3398
404.198	603.2798
404.422	610.8797999999999
404.645	608.6598
404.869	609.6098000000001
405.093	635.4898
405.317	662.1998
405.541	659.1998
405.765	619.5398
405.988	623.1197999999999
406.212	683.9098
406.436	748.6398
406.66	683.6998
406.883	638.2898
407.107	669.8598000000001
407.331	708.8198
407.555	746.2798
407.778	722.1598
408.002	665.9498
408.226	639.8998
408.449	630.5698
408.673	621.1498
408.896	632.8998
409.12	645.9698000000001
409.344	613.7298
409.567	587.0798
409.791	587.7998
410.014	582.7798
410.238	576.2498
410.461	580.4098
410.685	583.3998
410.908	594.7198000000001
411.132	610.9198
411.355	610.3298
411.578	580.2198000000001
411.802	562.0798
412.025	568.2598
412.249	581.4398
412.472	601.7998
412.695	618.1598
412.919	580.6998
413.142	559.4898
413.365	550.9698000000001
413.589	546.6098000000001
413.812	538.8298
414.035	534.3598000000001
414.258	535.8898
414.482	536.1598
414.705	540.9498
414.928	540.9498
415.151	539.9998
415.374	538.9998
415.597	534.0298
415.821	526.7898
416.044	526.8898
416.267	524.6998
416.49	520.8498
416.713	521.3697999999999
416.936	525.8198
417.159	524.3098
417.382	530.0798
417.605	532.9798
417.828	548.0398
418.051	554.5498
418.274	543.4498
418.497	530.9998
418.72	541.7198000000001
418.943	539.1498
419.166	568.7398
419.389	597.1998
419.611	588.0198
419.834	575.0498
420.057	569.8398
420.28	564.4598
420.503	552.8198
420.726	548.6197999999999
420.948	557.1498
421.171	586.5098
421.394	584.3198
421.617	547.8598000000001
421.839	543.2798
422.062	552.5798
422.285	564.8697999999999
422.507	615.9398
422.73	661.8598000000001
422.953	612.9398
423.175	574.3398
423.398	576.3098
423.621	572.7598
423.843	590.8998
424.066	583.8098
424.288	581.3398
424.511	597.7398
424.733	634.9998
424.956	670.4898
425.178	634.3598000000001
425.401	643.3498
425.623	632.4698000000001
425.846	560.7998
426.068	553.3598000000001
426.291	546.6798
426.513	544.4898
426.735	551.9698000000001
426.958	589.2098
427.18	651.1598
427.402	759.1497999999999
427.625	800.2498
427.847	678.6598
428.069	611.2598
428.292	548.1998
428.514	515.8898
428.736	501.6098
428.958	502.2798
429.181	491.58979999999997
429.403	490.9598
429.625	504.4198
429.847	530.1398
430.069	569.9798
430.292	536.4698000000001
430.514	492.9598
430.736	489.9298
430.958	486.1798
431.18	478.4898
431.402	479.1698
431.624	477.9198
431.846	482.4298
432.068	486.1298
432.29	491.7198
432.512	485.08979999999997
432.734	491.3998
432.956	489.40979999999996
433.178	504.7498
433.4	502.1298
433.622	487.8098
433.844	489.15979999999996
434.066	492.3598
434.287	498.54979999999995
434.509	512.3697999999999
434.731	529.4098
434.953	537.2598
435.175	545.7498
435.397	555.5998
435.618	552.5898
435.84	585.5998
436.062	659.4398
436.284	649.2698
436.505	553.9698000000001
436.727	532.2998
436.949	507.11979999999994
437.17	496.5198
437.392	488.2798
437.614	504.7498
437.835	546.6898
438.057	622.9798
438.278	662.0498
438.5	648.4498
438.721	719.6998
438.943	630.2198000000001
439.165	532.6698
439.386	520.9398
439.608	525.8598000000001
439.829	540.6398
440.05	582.1297999999999
440.272	626.4598
440.493	546.1498
440.715	517.3598000000001
440.936	510.5198
441.158	514.2898
441.379	523.0098
441.6	550.8998
441.822	567.6598
442.043	601.0098
442.264	656.2498
442.486	637.7598
442.707	571.2198000000001
442.928	567.6398
443.149	607.3298
443.371	623.7798
443.592	639.6197999999999
443.813	710.3098
444.034	698.7098
444.255	609.6297999999999
444.476	597.6998
444.698	607.1098000000001
444.919	618.7898
445.14	640.0798
445.361	626.3598000000001
445.582	630.4098
445.803	689.5298
446.024	731.2697999999999
446.245	704.1398
446.466	621.9998
446.687	536.3697999999999
446.908	514.4298
447.129	490.8798
447.35	482.8898
447.571	483.5198
447.792	475.7398
448.013	491.1098
448.234	512.4798
448.455	552.3398
448.675	646.4298
448.896	682.3598000000001
449.117	566.0898
449.338	587.0298
449.559	696.3598000000001
449.779	713.6098000000001
450.0	542.4198
450.221	486.2698
450.442	473.2198
450.662	472.8898
450.883	487.68979999999993
451.104	503.0998
451.324	475.3498
451.545	459.3798
451.766	448.65979999999996
451.986	438.7098
452.207	440.8098
452.428	441.3498
452.648	447.9998
452.869	462.32980000000003
453.089	470.36979999999994
453.31	478.83979999999997
453.53	446.4198
453.751	440.8198
453.971	450.58979999999997
454.192	465.0298
454.412	437.5398
454.633	427.8598
454.853	423.86979999999994
455.073	428.0598
455.294	459.65979999999996
455.514	501.68979999999993
455.734	461.8798
455.955	418.1098
456.175	412.7198
456.395	406.9198
456.616	405.6698
456.836	409.61979999999994
457.056	406.6398
457.276	400.8598
457.497	413.8498
457.717	412.3498
457.937	418.1098
458.157	425.40979999999996
458.377	433.4998
458.598	472.57980000000003
458.818	562.9198
459.038	620.7098
459.258	574.9698000000001
459.478	504.2098
459.698	490.58979999999997
459.918	496.79979999999995
460.138	506.1998
460.358	521.3697999999999
460.578	522.2698
460.798	530.2498
461.018	531.9398
461.238	519.7498
461.458	518.3697999999999
461.678	514.9598
461.898	524.3498
462.118	526.9698000000001
462.338	551.2898
462.558	561.6998
462.777	580.9698000000001
462.997	622.7598
463.217	648.0498
463.437	634.6898
463.657	595.7698
463.876	581.0898
464.096	587.1297999999999
464.316	586.5998
464.536	592.2698
464.755	579.6297999999999
464.975	585.5598
465.195	650.4098
465.414	650.8997999999999
465.634	530.5198
465.854	497.07980000000003
466.073	483.22979999999995
466.293	470.0298
466.512	454.5298
466.732	448.83979999999997
466.951	451.2698
467.171	453.2198
467.391	462.9198
467.61	475.0598
467.829	469.1698
468.049	467.5698
468.268	470.36979999999994
468.488	444.54979999999995
468.707	437.6298
468.927	434.2198
469.146	433.43979999999993
469.365	440.0398
469.585	441.2798
469.804	460.68979999999993
470.023	473.00980000000004
470.243	470.5598
470.462	481.00980000000004
470.681	500.0598
470.901	474.97979999999995
471.12	462.22979999999995
471.339	459.5598
471.558	458.79979999999995
471.777	453.18979999999993
471.997	450.18979999999993
472.216	487.18979999999993
472.435	553.8898
472.654	477.9598
472.873	448.0598
473.092	441.40979999999996
473.311	438.5598
473.53	439.5998
473.749	448.15979999999996
473.968	489.1798
474.187	568.2598
474.406	531.1598
474.625	458.7898
474.844	442.08979999999997
475.063	436.2198
475.282	438.8798
475.501	440.5298
475.72	446.7898
475.939	446.1398
476.158	447.9598
476.377	450.7098
476.596	450.32980000000003
476.814	464.0398
477.033	469.6398
477.252	472.50980000000004
477.471	474.93979999999993
477.69	485.4198
477.908	491.7798
478.127	499.5598
478.346	504.1798
478.564	514.9998
478.783	522.4298
479.002	529.7898
479.22	531.3398
479.439	544.1098000000001
479.658	558.3797999999999
479.876	554.1398
480.095	564.4298
480.313	595.3398
480.532	587.3797999999999
480.751	584.6498
480.969	615.6998
481.188	763.4298000000001
481.406	709.4598000000001
481.624	578.9398
481.843	539.6398
482.061	526.5598
482.28	517.3098
482.498	508.9898
482.717	507.97979999999995
482.935	504.6998
483.153	504.5598
483.372	502.7198
483.59	504.6698
483.808	502.6298
484.027	502.0598
484.245	513.4398
484.463	512.4498
484.681	519.6098000000001
484.9	523.0798
485.118	527.7998
485.336	529.4098
485.554	539.5598
485.772	546.3697999999999
485.99	546.9998
486.209	554.4998
486.427	553.8498
486.645	564.2598
486.863	571.9898
487.081	557.6698
487.299	547.6098000000001
487.517	542.0198
487.735	535.2198000000001
487.953	539.1698
488.171	540.9298
488.389	538.9598
488.607	543.2798
488.825	540.3098
489.043	536.6898
489.261	541.4298
489.479	545.3797999999999
489.696	548.4398
489.914	549.7198000000001
490.132	557.3498
490.35	564.2398
490.568	565.7598
490.786	573.5698
491.003	582.1698
491.221	591.1098000000001
491.439	600.6398
491.657	607.7698
491.874	608.1197999999999
492.092	608.1098000000001
492.31	616.1197999999999
492.527	619.6798
492.745	623.9898
492.963	626.7698
493.18	629.8398
493.398	633.5798
493.615	641.7998
493.833	639.7598
494.05	634.5898
494.268	630.6898
494.485	628.4898
494.703	624.9698000000001
494.92	625.9498
495.138	623.2998
495.355	626.4998
495.573	625.3098
495.79	625.3298
496.008	627.9298
496.225	623.0298
496.442	620.2098
496.66	627.4398
496.877	629.9598
497.094	641.6798
497.312	645.8998
497.529	658.5397999999999
497.746	671.4898
497.963	688.7098
498.181	715.6598
498.398	731.3298
498.615	772.8598000000001
498.832	804.1398
499.049	828.5598
499.267	868.4098
499.484	919.2398000000001
499.701	974.0698
499.918	1024.5498
500.135	1085.4098000000001
500.352	1124.6398
500.569	1133.5998
500.786	1126.9597999999999
501.003	1098.1498
501.22	1051.1098
501.437	998.3898
501.654	948.5298
501.871	915.8198
502.088	844.6998
502.305	798.0698
502.522	769.2998
502.739	740.9998
502.956	708.7198000000001
503.172	691.6398
503.389	676.8198
503.606	680.3098
503.823	664.3398
504.04	658.7198000000001
504.256	662.0798
504.473	666.7398
504.69	670.8398
504.907	656.4698000000001
505.123	625.2098
505.34	608.0798
505.557	597.3898
505.773	594.1598
505.99	583.5798
506.207	580.1898
506.423	575.9098
506.64	569.9298
506.856	560.6297999999999
507.073	558.0798
507.289	556.4798
507.506	560.5398
507.722	578.1698
507.939	580.7898
508.155	552.1798
508.372	540.6598
508.588	537.3198
508.805	536.2898
509.021	545.0398
509.238	555.3697999999999
509.454	556.3298
509.67	553.3198
509.887	548.0798
510.103	564.6398
510.319	653.7698
510.536	1275.7798
510.752	3271.4397999999997
510.968	1242.3098
511.184	589.5798
511.401	534.8398
511.617	520.1898
511.833	522.3797999999999
512.049	521.1998
512.265	514.3098
512.481	509.7498
512.698	503.25980000000004
512.914	505.6798
513.13	504.6798
513.346	501.79979999999995
513.562	504.7698
513.778	510.1398
513.994	516.3697999999999
514.21	526.0798
514.426	551.2298
514.642	590.6098000000001
514.858	596.8697999999999
515.074	659.4898000000001
515.29	1028.0798
515.506	2277.3898
515.721	1149.5898
515.937	636.1197999999999
516.153	577.7898
516.369	562.5498
516.585	559.6998
516.801	568.5598
517.016	580.6798
517.232	599.5398
517.448	607.8098
517.664	620.8797999999999
517.879	620.5298
518.095	616.4498
518.311	607.0198
518.527	588.2098
518.742	574.2998
518.958	557.2398
519.173	542.4598
519.389	534.9398
519.605	530.1698
519.82	526.8998
520.036	540.2598
520.251	561.3697999999999
520.467	561.5798
520.682	547.6798
520.898	548.3498
521.113	566.3598000000001
521.329	610.8697999999999
521.544	719.2698
521.76	1192.8098
521.975	3393.5398
522.19	2297.1298
522.406	815.9398
522.621	552.3098
522.836	502.0398
523.052	485.1998
523.267	473.07980000000003
523.482	463.3198
523.698	466.7098
523.913	487.0998
524.128	467.6398
524.343	450.11979999999994
524.559	443.8798
524.774	441.1298
524.989	443.7798
525.204	454.8798
525.419	447.75980000000004
525.634	434.3098
525.849	432.4298
526.064	427.7798
526.28	426.0398
526.495	423.5998
526.71	424.1698
526.925	423.4198
527.14	420.1698
527.355	420.2798
527.57	418.8998
527.785	420.0598
527.999	416.9298
528.214	422.8798
528.429	426.29979999999995
528.644	424.4498
528.859	421.4598
529.074	425.22979999999995
529.289	467.4998
529.503	560.7398
529.718	466.1798
529.933	435.18979999999993
530.148	425.75980000000004
530.363	422.5298
530.577	415.9198
530.792	418.54979999999995
531.007	418.1798
531.221	418.4598
531.436	417.18979999999993
531.651	417.50980000000004
531.865	417.2798
532.08	415.8498
532.295	414.93979999999993
532.509	411.7798
532.724	412.3498
532.938	416.2398
533.153	417.65979999999996
533.367	410.4298
533.582	415.68979999999993
533.796	411.9198
534.011	409.4898
534.225	408.65979999999996
534.44	404.4698
534.654	406.72979999999995
534.868	404.1398
535.083	403.29979999999995
535.297	406.86979999999994
535.511	416.6398
535.726	418.3898
535.94	412.6298
536.154	406.61979999999994
536.369	398.2798
536.583	391.4598
536.797	390.68979999999993
537.011	390.0598
537.225	388.9698
537.44	388.9898
537.654	388.2798
537.868	388.04979999999995
538.082	390.15979999999996
538.296	390.1798
538.51	387.6398
538.724	387.1498
538.938	385.54979999999995
539.153	387.75980000000004
539.367	403.3498
539.581	391.97979999999995
539.795	382.7898
540.009	381.6998
540.222	382.0398
540.436	383.1798
540.65	380.57980000000003
540.864	387.6798
541.078	392.1698
541.292	387.1298
541.506	379.75980000000004
541.72	376.5398
541.934	372.2498
542.147	375.54980000000006
542.361	370.3998
542.575	365.6098
542.789	372.90979999999996
543.002	375.36979999999994
543.216	381.57980000000003
543.43	383.97979999999995
543.644	376.8498
543.857	375.58979999999997
544.071	373.6798
544.285	379.33979999999997
544.498	375.3198
544.712	377.32980000000003
544.925	378.11979999999994
545.139	376.83979999999997
545.352	374.4498
545.566	375.9598
545.779	376.1098
545.993	377.1998
546.206	374.1498
546.42	372.82980000000003
546.633	372.9598
546.847	376.61979999999994
547.06	369.3598
547.274	372.2898
547.487	369.4698
547.7	370.3098
547.914	370.8198
548.127	371.90979999999996
548.34	374.0698
548.554	370.4898
548.767	373.2898
548.98	372.3998
549.193	372.3998
549.407	373.8098
549.62	379.36979999999994
549.833	378.4998
550.046	375.4598
550.259	372.5298
550.473	368.6998
550.686	369.3798
550.899	365.8998
551.112	364.4298
551.325	362.7698
551.538	365.08979999999997
551.751	363.47979999999995
551.964	367.15979999999996
552.177	373.0198
552.39	376.58979999999997
552.603	384.18979999999993
552.816	387.86979999999994
553.029	389.9198
553.242	398.8198
553.455	406.9898
553.667	417.3498
553.88	411.40979999999996
554.093	395.68979999999993
554.306	387.65979999999996
554.519	381.9298
554.732	371.8998
554.944	366.1398
555.157	360.9498
555.37	355.57980000000003
555.583	354.6098
555.795	351.8998
556.008	343.8198
556.221	339.9698
556.433	339.4198
556.646	335.8798
556.859	332.36979999999994
557.071	331.08979999999997
557.284	330.65979999999996
557.496	328.6698
557.709	327.29979999999995
557.921	324.3598
558.134	321.4398
558.346	320.9798
558.559	320.5598
558.771	316.9098
558.984	317.7998
559.196	316.1098
559.409	316.96979999999996
559.621	316.8098
559.833	315.96979999999996
560.046	315.1998
560.258	316.3298
560.47	315.6998
560.683	317.1598
560.895	309.7398
561.107	315.1398
561.32	313.4898
561.532	313.9798
561.744	315.3598
561.956	314.9498
562.168	317.1398
562.381	317.3098
562.593	317.8698
562.805	317.8698
563.017	318.2698
563.229	319.3198
563.441	316.9198
563.653	320.1398
563.865	320.5298
564.077	320.0498
564.289	325.4198
564.501	328.7398
564.713	333.0998
564.925	341.82980000000003
565.137	358.8598
565.349	349.08979999999997
565.561	353.6398
565.773	363.6498
565.985	375.61979999999994
566.197	388.25980000000004
566.408	414.0398
566.62	434.5998
566.832	454.1998
567.044	454.8098
567.255	456.75980000000004
567.467	470.8598
567.679	489.4198
567.891	511.0998
568.102	513.7798
568.314	486.3198
568.526	449.6098
568.737	423.8498
568.949	397.08979999999997
569.161	373.61979999999994
569.372	354.2498
569.584	347.9698
569.795	341.72979999999995
570.007	358.58979999999997
570.218	503.33979999999997
570.43	380.0198
570.641	326.3198
570.853	318.21979999999996
571.064	320.4798
571.276	318.21979999999996
571.487	309.0898
571.698	301.3798
571.91	294.0498
572.121	289.2998
572.333	284.8498
572.544	283.3098
572.755	281.2998
572.966	278.9598
573.178	275.9198
573.389	276.0298
573.6	274.2598
573.811	270.6698
574.023	269.7698
574.234	266.71979999999996
574.445	268.1898
574.656	267.4298
574.867	267.1698
575.078	266.0498
575.289	264.6398
575.501	262.3898
575.712	259.5698
575.923	262.1898
576.134	259.8598
576.345	256.5798
576.556	258.5298
576.767	257.6698
576.978	258.7098
577.188	257.8798
577.399	255.8098
577.61	254.5298
577.821	259.28979999999996
578.032	274.4598
578.243	442.3898
578.454	1034.5198
578.665	398.9498
578.875	262.5998
579.086	248.35979999999998
579.297	244.08980000000003
579.508	243.0298
579.718	241.6798
579.929	241.56980000000001
580.14	239.3798
580.35	236.2298
580.561	236.56980000000001
580.772	234.2198
580.982	236.25979999999998
581.193	234.0598
581.403	236.4898
581.614	233.4898
581.825	233.7698
582.035	232.1798
582.246	231.2798
582.456	230.25979999999998
582.667	230.5998
582.877	228.6798
583.087	228.7098
583.298	228.8498
583.508	229.75979999999998
583.719	229.74980000000002
583.929	230.00979999999998
584.139	227.1998
584.35	226.4898
584.56	229.65980000000002
584.77	227.62980000000002
584.981	225.3498
585.191	225.90980000000002
585.401	225.8498
585.611	226.4298
585.821	227.1098
586.032	224.91979999999998
586.242	225.00979999999998
586.452	223.87980000000002
586.662	223.7798
586.872	224.3098
587.082	224.75979999999998
587.292	223.41979999999998
587.502	222.2798
587.713	223.74980000000002
587.923	222.8598
588.133	224.3898
588.343	221.2198
588.553	222.2998
588.762	228.1398
588.972	246.1398
589.182	383.1998
589.392	286.8898
589.602	252.3698
589.812	323.7198
590.022	249.9898
590.232	225.74980000000002
590.441	225.75979999999998
590.651	223.7098
590.861	222.32979999999998
591.071	225.57979999999998
591.281	227.8598
591.49	227.24980000000002
591.7	229.9398
591.91	234.2998
592.119	236.50979999999998
592.329	245.1298
592.539	252.33980000000003
592.748	251.0998
592.958	253.0998
593.167	256.8598
593.377	259.03979999999996
593.587	265.7298
593.796	260.3898
594.006	262.6098
594.215	261.1298
594.424	261.9598
594.634	256.1298
594.843	251.1898
595.053	242.7298
595.262	238.5998
595.472	235.2298
595.681	230.5498
595.89	226.5398
596.1	222.6498
596.309	219.91979999999998
596.518	215.9498
596.727	216.1098
596.937	212.81980000000001
597.146	210.9498
597.355	208.28979999999999
597.564	206.24980000000002
597.774	204.90980000000002
597.983	202.33980000000003
598.192	201.7198
598.401	200.6298
598.61	199.4598
598.819	198.6398
599.028	198.8898
599.237	198.06980000000001
599.446	199.2998
599.655	198.1498
599.864	196.28979999999999
600.073	197.6998
600.282	199.4598
600.491	197.0598
600.7	196.8698
600.909	197.66979999999998
601.118	196.66979999999998
601.327	197.90980000000002
601.536	195.75979999999998
601.745	193.24980000000002
601.953	193.3498
602.162	193.06980000000001
602.371	193.5998
602.58	191.6298
602.789	191.5998
602.997	190.9498
603.206	191.28979999999999
603.415	186.9798
603.623	188.58980000000003
603.832	187.7198
604.041	186.4498
604.249	185.7198
604.458	184.3698
604.666	182.5198
604.875	184.9798
605.084	185.08980000000003
605.292	184.16979999999998
605.501	183.8798
605.709	182.56980000000001
605.918	183.2398
606.126	184.75979999999998
606.334	184.8698
606.543	184.1998
606.751	183.25979999999998
606.96	181.0598
607.168	182.1398
607.376	184.03979999999999
607.585	183.6998
607.793	181.1798
608.001	180.0998
608.21	179.83980000000003
608.418	181.2098
608.626	178.41979999999998
608.834	180.3798
609.043	178.8798
609.251	180.4798
609.459	179.4798
609.667	180.78979999999999
609.875	178.1198
610.083	178.7698
610.291	179.24980000000002
610.499	179.28979999999999
610.707	177.9498
610.916	179.2298
611.124	179.6798
611.332	177.6998
611.54	176.9498
611.748	175.8098
611.955	178.0298
612.163	177.3598
612.371	177.1298
612.579	176.24980000000002
612.787	174.9498
612.995	175.4698
613.203	176.9398
613.411	175.1398
613.618	175.9298
613.826	174.50979999999998
614.034	173.3098
614.242	174.4898
614.449	174.7298
614.657	175.4898
614.865	175.8898
615.072	176.1398
615.28	176.0298
615.488	176.78979999999999
615.695	180.07979999999998
615.903	184.4498
616.111	186.8598
616.318	189.6198
616.526	185.0998
616.733	183.82979999999998
616.941	179.33980000000003
617.148	179.9898
617.356	178.1098
617.563	175.9798
617.771	176.7098
617.978	174.6798
618.185	176.7398
618.393	173.5298
618.6	175.7198
618.807	175.0298
619.015	173.7798
619.222	171.3698
619.429	170.58980000000003
619.637	172.78979999999999
619.844	172.1098
620.051	169.7098
620.258	167.5298
620.466	166.2098
620.673	162.40980000000002
620.88	163.9598
621.087	165.4698
621.294	166.2698
621.501	164.9298
621.708	166.6798
621.915	166.7298
622.122	166.1198
622.329	167.1798
622.536	164.7398
622.743	161.8298
622.95	163.1298
623.157	163.33980000000003
623.364	161.7098
623.571	162.65980000000002
623.778	163.57979999999998
623.985	163.1398
624.192	159.0798
624.399	159.1398
624.606	162.4598
624.812	159.7298
625.019	158.8998
625.226	159.3098
625.433	159.9298
625.639	157.7398
625.846	158.2198
626.053	155.2298
626.259	157.0398
626.466	155.6998
626.673	154.8398
626.879	154.3498
627.086	155.8498
627.293	155.06980000000001
627.499	154.0198
627.706	154.2998
627.912	152.8598
628.119	153.9498
628.325	156.0898
628.532	152.8098
628.738	154.4698
628.945	151.56980000000001
629.151	149.75979999999998
629.357	150.4698
629.564	151.8798
629.77	150.6198
629.976	148.9898
630.183	148.8998
630.389	148.25979999999998
630.595	148.0398
630.802	148.2798
631.008	146.1398
631.214	146.1898
631.42	145.8298
631.627	149.7698
631.833	144.15980000000002
632.039	144.2898
632.245	143.8598
632.451	144.7898
632.657	145.0998
632.863	142.90980000000002
633.069	143.5398
633.275	143.5198
633.481	142.5298
633.688	141.8098
633.893	144.3598
634.099	142.2198
634.305	141.0498
634.511	141.9298
634.717	141.7998
634.923	140.50979999999998
635.129	140.8398
635.335	139.9998
635.541	139.1098
635.747	139.5398
635.952	138.2298
636.158	141.0198
636.364	149.2098
636.57	146.8298
636.775	142.25979999999998
636.981	140.06980000000001
637.187	139.2198
637.392	138.4398
637.598	139.06980000000001
637.804	138.8898
638.009	138.25979999999998
638.215	138.1198
638.421	136.2798
638.626	135.5398
638.832	138.0598
639.037	134.4898
639.243	135.9798
639.448	135.5598
639.654	136.6098
639.859	133.6798
640.065	132.7298
640.27	137.7698
640.475	136.2698
640.681	134.0498
640.886	135.31980000000001
641.091	133.7498
641.297	135.2998
641.502	134.0898
641.707	135.7898
641.913	133.8498
642.118	131.40980000000002
642.323	131.3398
642.528	133.2098
642.733	131.4498
642.939	131.2998
643.144	130.31980000000001
643.349	130.0298
643.554	130.0398
643.759	130.31980000000001
643.964	127.9498
644.169	133.3998
644.374	130.8598
644.579	131.9498
644.784	132.06980000000001
644.989	130.91979999999998
645.194	128.81980000000001
645.399	132.0898
645.604	129.6398
645.809	132.4698
646.014	132.9798
646.219	130.40980000000002
646.423	131.0998
646.628	129.81980000000001
646.833	131.3898
647.038	132.7198
647.243	133.4998
647.447	132.6498
647.652	133.0298
647.857	133.16979999999998
648.062	136.25979999999998
648.266	138.8098
648.471	140.9598
648.676	143.3398
648.88	140.9898
649.085	140.2298
649.289	139.4298
649.494	155.6198
649.698	199.3598
649.903	154.9898
650.107	135.3698
650.312	130.9998
650.516	126.7998
650.721	126.26979999999999
650.925	122.6498
651.13	120.6798
651.334	120.3298
651.539	120.4698
651.743	118.51979999999999
651.947	118.3198
652.152	119.5798
652.356	116.7198
652.56	118.4898
652.764	114.60979999999999
652.969	114.6698
653.173	113.2598
653.377	114.2798
653.581	112.13980000000001
653.785	112.9598
653.99	112.8198
654.194	113.9598
654.398	110.6698
654.602	111.72980000000001
654.806	120.0698
655.01	135.4798
655.214	118.38980000000001
655.418	113.8998
655.622	111.8798
655.826	114.3998
656.03	115.9198
656.234	120.8998
656.438	128.32979999999998
656.642	126.5098
656.846	118.05980000000001
657.049	112.3798
657.253	107.57979999999999
657.457	103.1198
657.661	101.63980000000001
657.865	98.8998
658.068	97.2098
658.272	96.2998
658.476	94.2598
658.68	93.22980000000001
658.883	93.6498
659.087	91.7898
659.291	92.8798
659.494	91.68979999999999
659.698	89.7098
659.901	90.7598
660.105	88.30980000000001
660.309	87.9998
660.512	88.93979999999999
660.716	88.4098
660.919	86.7598
661.123	90.2798
661.326	85.9198
661.53	85.3498
661.733	86.3398
661.936	85.72980000000001
662.14	84.2098
662.343	85.47980000000001
662.546	83.85979999999999
662.75	85.10979999999999
662.953	85.2198
663.156	83.2398
663.36	82.7098
663.563	82.6798
663.766	82.0298
663.969	81.30980000000001
664.173	82.3998
664.376	81.3798
664.579	81.18979999999999
664.782	81.7598
664.985	81.30980000000001
665.188	81.8798
665.391	81.43979999999999
665.594	80.4498
665.797	82.07979999999999
666.0	81.4298
666.203	81.5398
666.406	79.8498
666.609	81.7998
666.812	81.0798
667.015	81.26979999999999
667.218	83.5098
667.421	82.2098
667.624	79.85979999999999
667.827	83.76979999999999
668.03	80.9198
668.232	80.9098
668.435	82.9098
668.638	80.6198
668.841	82.0898
669.043	80.74980000000001
669.246	81.4898
669.449	81.8698
669.651	80.93979999999999
669.854	80.49980000000001
670.057	81.82979999999999
670.259	81.4498
670.462	80.7598
670.665	79.8798
670.867	81.82979999999999
671.07	80.3998
671.272	82.8698
671.475	84.0698
671.677	82.80980000000001
671.88	80.7598
672.082	81.3798
672.284	80.93979999999999
672.487	80.7898
672.689	80.99980000000001
672.892	80.3698
