223.165	-17.1164
223.4	-17.1164
223.635	-17.1164
223.869	-17.9164
224.104	-19.0764
224.338	-14.8164
224.573	-16.4164
224.808	-12.686399999999999
225.042	-7.436400000000001
225.277	-6.2964
225.511	-0.9964000000000001
225.746	1.8036
225.98	7.053599999999999
226.215	11.8736
226.449	15.803600000000001
226.683	20.963600000000003
226.918	25.753600000000002
227.152	29.503600000000002
227.387	34.2636
227.621	38.3636
227.856	43.7836
228.09	46.6936
228.324	49.593599999999995
228.559	56.7736
228.793	69.3436
229.027	106.09360000000001
229.262	117.19359999999999
229.496	133.2336
229.73	160.4136
229.964	162.3936
230.199	127.28359999999999
230.433	121.8736
230.667	122.2236
230.901	121.10359999999999
231.136	118.6636
231.37	121.7536
231.604	122.27359999999999
231.838	122.7336
232.072	121.2136
232.306	123.85359999999999
232.541	126.2336
232.775	124.6236
233.009	124.17360000000001
233.243	125.5836
233.477	125.8836
233.711	127.4936
233.945	127.9736
234.179	129.8036
234.413	128.7736
234.647	128.6136
234.881	130.1436
235.115	129.7636
235.349	130.87359999999998
235.583	132.5236
235.817	137.0436
236.051	141.37359999999998
236.285	138.9736
236.519	139.68359999999998
236.753	148.7636
236.987	174.5536
237.221	233.1536
237.455	245.8336
237.689	172.5136
237.922	153.2736
238.156	150.5636
238.39	144.3236
238.624	140.1536
238.858	140.2036
239.091	139.9836
239.325	143.0136
239.559	146.37359999999998
239.793	149.2936
240.027	155.5636
240.26	170.87359999999998
240.494	179.4236
240.728	174.7536
240.961	170.2536
241.195	162.27360000000002
241.429	157.3036
241.662	155.2636
241.896	155.1036
242.13	153.4436
242.363	154.5536
242.597	157.3636
242.83	162.29360000000003
243.064	160.84359999999998
243.298	162.0136
243.531	160.1536
243.765	164.47359999999998
243.998	163.3536
244.232	167.0036
244.465	173.0136
244.699	171.4936
244.932	172.79360000000003
245.166	171.5336
245.399	171.5936
245.633	171.5536
245.866	170.4936
246.099	173.8236
246.333	175.6836
246.566	174.65359999999998
246.8	179.90359999999998
247.033	183.38360000000003
247.266	186.9236
247.5	194.6036
247.733	201.04360000000003
247.966	200.2236
248.2	201.0736
248.433	202.0336
248.666	207.6436
248.899	224.5936
249.133	237.38360000000003
249.366	243.4436
249.599	231.0736
249.832	210.2636
250.066	210.11360000000002
250.299	211.6936
250.532	222.99360000000001
250.765	239.2536
250.998	264.4836
251.231	256.8436
251.465	239.0136
251.698	231.9136
251.931	229.1036
252.164	226.86360000000002
252.397	230.9136
252.63	236.45360000000002
252.863	243.6636
253.096	260.7736
253.329	267.9536
253.562	256.4636
253.795	250.5136
254.028	249.02360000000002
254.261	253.9736
254.494	276.1836
254.727	314.4736
254.96	327.04359999999997
255.193	295.97360000000003
255.426	267.9636
255.659	255.13360000000003
255.892	252.7836
256.124	248.9236
256.357	245.8136
256.59	243.4336
256.823	241.3536
257.056	241.1636
257.289	241.2536
257.521	247.21359999999999
257.754	246.6936
257.987	242.5736
258.22	245.87359999999998
258.452	243.7336
258.685	247.4036
258.918	246.87359999999998
259.151	254.5836
259.383	262.8936
259.616	263.2536
259.849	271.4936
260.081	289.97360000000003
260.314	311.3536
260.547	302.24359999999996
260.779	283.1836
261.012	272.90360000000004
261.244	269.0336
261.477	266.8236
261.71	271.5636
261.942	288.8136
262.175	297.3836
262.407	270.2336
262.64	259.2036
262.872	259.9336
263.105	259.47360000000003
263.337	261.3736
263.57	260.6936
263.802	261.15360000000004
264.035	259.8536
264.267	261.0236
264.499	262.3136
264.732	264.6836
264.964	262.6036
265.197	262.5736
265.429	265.3036
265.661	264.5936
265.894	265.5736
266.126	268.6936
266.358	270.4936
266.591	273.65360000000004
266.823	281.2936
267.055	283.90360000000004
267.287	285.3536
267.52	279.3536
267.752	281.6136
267.984	282.91360000000003
268.216	286.15360000000004
268.448	293.0736
268.681	299.0536
268.913	314.7136
269.145	336.4436
269.377	343.8336
269.609	334.0536
269.841	326.7236
270.073	343.3736
270.306	373.3936
270.538	394.2036
270.77	376.4036
271.002	357.8036
271.234	354.0836
271.466	371.9936
271.698	384.6936
271.93	386.7436
272.162	386.25359999999995
272.394	379.0136
272.626	360.54359999999997
272.858	342.9736
273.09	335.68359999999996
273.322	329.1436
273.553	326.1536
273.785	326.5536
274.017	324.2836
274.249	327.9836
274.481	327.85360000000003
274.713	330.2336
274.945	334.6736
275.176	332.1736
275.408	330.3136
275.64	329.8936
275.872	328.4036
276.104	332.4536
276.335	336.85360000000003
276.567	350.8136
276.799	376.4736
277.031	396.7336
277.262	402.6336
277.494	389.6736
277.726	369.43359999999996
277.957	356.07359999999994
278.189	351.11359999999996
278.421	344.2636
278.652	345.0936
278.884	339.9836
279.115	339.07359999999994
279.347	340.5936
279.579	340.29359999999997
279.81	339.6536
280.042	340.00359999999995
280.273	342.53360000000004
280.505	342.35360000000003
280.736	342.5636
280.968	345.43359999999996
281.199	346.0636
281.431	349.75359999999995
281.662	349.82359999999994
281.894	354.8136
282.125	365.8136
282.356	396.41360000000003
282.588	428.5536
282.819	394.3336
283.051	362.7236
283.282	356.2036
283.513	363.8836
283.745	367.3036
283.976	372.5836
284.207	372.5236
284.439	368.57359999999994
284.67	369.79359999999997
284.901	369.46360000000004
285.132	368.3736
285.364	365.96360000000004
285.595	370.60360000000003
285.826	370.9836
286.057	374.7636
286.288	371.82359999999994
286.52	375.35360000000003
286.751	373.96360000000004
286.982	376.5636
287.213	375.2636
287.444	381.5836
287.675	392.00359999999995
287.906	399.16360000000003
288.138	406.6736
288.369	403.9736
288.6	403.1536
288.831	395.82359999999994
289.062	393.79359999999997
289.293	390.8436
289.524	388.3136
289.755	388.8836
289.986	388.61359999999996
290.217	388.18359999999996
290.448	385.9836
290.679	390.7336
290.91	391.10360000000003
291.141	389.0936
291.371	392.5236
291.602	389.8336
291.833	387.7236
292.064	391.5636
292.295	393.8336
292.526	391.18359999999996
292.757	392.4836
292.987	388.9736
293.218	385.68359999999996
293.449	395.0636
293.68	392.4836
293.91	392.4736
294.141	394.3136
294.372	391.3436
294.603	395.6936
294.833	399.0536
295.064	398.6536
295.295	400.4836
295.525	402.4836
295.756	415.3936
295.987	430.6736
296.217	466.0836
296.448	450.1236
296.679	410.93359999999996
296.909	407.3836
297.14	408.78360000000004
297.37	416.1236
297.601	415.8336
297.831	416.3836
298.062	417.29359999999997
298.292	416.6736
298.523	425.8736
298.753	424.3136
298.984	421.6536
299.214	422.7036
299.445	423.9436
299.675	426.66360000000003
299.905	433.5636
300.136	428.57359999999994
300.366	425.7636
300.597	428.6736
300.827	444.04359999999997
301.057	456.0236
301.288	460.4836
301.518	451.4436
301.748	448.50359999999995
301.979	463.50359999999995
302.209	455.7736
302.439	454.53360000000004
302.669	447.93359999999996
302.9	445.86359999999996
303.13	444.6336
303.36	452.4836
303.59	457.4236
303.82	464.9836
304.051	454.1236
304.281	449.3936
304.511	442.4436
304.741	444.3036
304.971	442.2236
305.201	440.54359999999997
305.431	443.21360000000004
305.661	442.1436
305.891	440.8436
306.121	448.0236
306.352	456.82359999999994
306.582	455.2636
306.812	440.43359999999996
307.042	443.4836
307.272	442.8036
307.502	444.0636
307.731	443.6736
307.961	441.68359999999996
308.191	442.4036
308.421	440.7636
308.651	447.1736
308.881	445.43359999999996
309.111	454.86359999999996
309.341	456.8136
309.571	469.04359999999997
309.8	470.0536
310.03	479.8136
310.26	482.68359999999996
310.49	479.0536
310.72	493.9036
310.949	508.1336
311.179	503.1536
311.409	484.11359999999996
311.639	486.4436
311.868	487.3436
312.098	488.9236
312.328	502.25359999999995
312.557	522.3836
312.787	529.0236
313.017	515.5636000000001
313.246	503.9536
313.476	492.75359999999995
313.706	500.21360000000004
313.935	508.5136
314.165	521.1036
314.394	524.5536
314.624	514.8936
314.853	504.8736
315.083	497.96360000000004
315.312	494.35360000000003
315.542	492.2436
315.771	487.8936
316.001	486.78360000000004
316.23	488.57359999999994
316.46	488.28360000000004
316.689	495.61359999999996
316.919	495.7036
317.148	504.43359999999996
317.377	500.8336
317.607	496.5836
317.836	490.6436
318.065	483.96360000000004
318.295	485.6336
318.524	485.9736
318.753	486.9736
318.983	490.9836
319.212	493.36359999999996
319.441	505.4536
319.67	506.91360000000003
319.9	491.2436
320.129	492.4436
320.358	494.00359999999995
320.587	498.4736
320.816	504.79359999999997
321.046	513.5636000000001
321.275	509.4836
321.504	509.8936
321.733	511.7636
321.962	519.7436
322.191	531.6136
322.42	544.1936
322.649	556.9936
322.878	564.7636
323.108	577.0136
323.337	609.5336
323.566	630.3236
323.795	679.0036
324.024	783.0736
324.253	1117.5836
324.482	1865.2136
324.71	3020.3336
324.939	3494.6436
325.168	2116.0036
325.397	942.1236000000001
325.626	711.7936000000001
325.855	650.9336000000001
326.084	635.2536
326.313	642.5236
326.542	673.5536
326.77	801.5636
326.999	1139.5736
327.228	1885.8336
327.457	2965.9736000000003
327.686	2613.6436
327.914	1120.4836
328.143	807.3536
328.372	724.4236
328.6	683.4836
328.829	675.7236
329.058	698.7136
329.287	692.1336
329.515	643.8335999999999
329.744	616.9936
329.972	617.6536
330.201	632.0236
330.43	664.9636
330.658	702.9436
330.887	746.7936000000001
331.115	691.6336
331.344	636.0536
331.572	627.3836
331.801	640.3836
332.03	642.3836
332.258	629.3636
332.486	628.3436
332.715	638.4236000000001
332.943	653.5036
333.172	667.8836
333.4	684.6336
333.629	697.9236
333.857	709.9836
334.085	700.3836
334.314	688.5835999999999
334.542	691.8936
334.771	688.4936
334.999	666.1636
335.227	657.0436000000001
335.455	647.4936
335.684	642.5236
335.912	634.6636
336.14	631.4636
336.369	629.9136
336.597	640.6136
336.825	630.1336
337.053	618.2936
337.281	609.7536
337.51	604.3736
337.738	605.7236
337.966	597.7536
338.194	601.7636
338.422	593.5936
338.65	585.7036
338.878	584.8636
339.106	578.4236000000001
339.334	579.9236000000001
339.562	572.8335999999999
339.79	565.7336
340.018	567.3536
340.246	571.5636000000001
340.474	572.7436
340.702	569.0236
340.93	569.4936
341.158	567.1536
341.386	571.1436
341.614	574.9936
341.842	565.3736
342.07	559.7436
342.298	558.5736
342.526	555.1836
342.754	553.1036
342.981	555.9336
343.209	567.9136
343.437	599.5336
343.665	620.4136
343.893	647.2136
344.12	654.6936
344.348	626.4436
344.576	608.7836
344.804	603.9636
345.031	594.5736
345.259	594.6736000000001
345.487	573.7536
345.714	567.4736
345.942	554.2836
346.17	549.1336
346.397	548.1536
346.625	548.3536
346.853	543.7036
347.08	543.0735999999999
347.308	553.4536
347.535	560.9236000000001
347.763	565.8836
347.99	558.2336
348.218	563.0835999999999
348.445	566.1136
348.673	555.5835999999999
348.9	548.1636
349.128	541.8936
349.355	531.5136
349.583	532.6036
349.81	530.6136
350.037	529.5636000000001
350.265	533.8436
350.492	532.5835999999999
350.72	533.7936
350.947	542.3936
351.174	554.1236
351.402	561.2636
351.629	548.8536
351.856	547.4036
352.083	557.4636
352.311	558.4336
352.538	561.4836
352.765	559.2336
352.992	556.4536
353.22	547.7236
353.447	540.8636
353.674	534.9336
353.901	524.5236
354.128	523.2636
354.355	521.6636
354.583	524.6036
354.81	521.2236
355.037	522.9536
355.264	518.0536
355.491	517.9936
355.718	517.7836
355.945	518.7436
356.172	517.8736
356.399	520.7636
356.626	519.0936
356.853	519.7036
357.08	514.1936
357.307	518.2136
357.534	515.4336
357.761	518.5636000000001
357.988	523.0136
358.215	520.3936
358.441	520.7436
358.668	520.5436
358.895	525.9236000000001
359.122	530.3736
359.349	536.4936
359.576	551.4636
359.802	578.8236
360.029	601.8436
360.256	597.7036
360.483	573.0136
360.709	545.9536
360.936	547.4836
361.163	545.7736
361.39	548.4836
361.616	547.3636
361.843	541.2836
362.07	546.3436
362.296	548.9536
362.523	541.8136000000001
362.749	538.3236
362.976	533.9236000000001
363.203	532.3335999999999
363.429	522.1636
363.656	530.8136000000001
363.882	525.8636
364.109	524.7836
364.335	524.9936
364.562	525.1836
364.788	524.8036
365.015	529.7836
365.241	531.4336
365.468	538.5936
365.694	544.3036
365.92	535.8036
366.147	524.2636
366.373	524.7836
366.599	524.6236
366.826	519.6636
367.052	520.8136000000001
367.278	527.5835999999999
367.505	527.8736
367.731	532.2936
367.957	526.0835999999999
368.184	533.1636
368.41	546.8836
368.636	560.6036
368.862	570.9436
369.089	549.2136
369.315	539.1036
369.541	538.6636
369.767	540.1636
369.993	539.4236000000001
370.219	542.3636
370.445	540.6336
370.672	544.2936
370.898	544.2236
371.124	546.3836
371.35	553.4736
371.576	549.5936
371.802	549.4636
372.028	548.3436
372.254	550.9236000000001
372.48	555.9336
372.706	565.2736
372.932	568.5336
373.158	566.0136
373.384	562.5036
373.61	555.0236
373.835	561.2536
374.061	559.6536
374.287	569.7436
374.513	574.2836
374.739	589.4136
374.965	601.4336
375.191	598.5036
375.416	590.9736
375.642	581.3236
375.868	576.2336
376.094	570.0636000000001
376.319	563.2736
376.545	561.1436
376.771	557.9536
376.997	557.3636
377.222	554.5835999999999
377.448	555.0236
377.674	554.3936
377.899	551.4136
378.125	551.4636
378.35	551.4336
378.576	552.9236000000001
378.802	547.3436
379.027	550.4836
379.253	551.3335999999999
379.478	549.3636
379.704	552.9736
379.929	555.1936
380.155	558.0636000000001
380.38	557.5136
380.606	561.5835999999999
380.831	555.1736000000001
381.057	563.6836
381.282	560.1736000000001
381.507	561.1436
381.733	568.6836
381.958	569.5536
382.184	575.0436
382.409	580.0736
382.634	586.6436
382.86	586.7136
383.085	595.3536
383.31	602.7536
383.535	607.9536
383.761	609.5236
383.986	619.2836
384.211	627.6236
384.436	638.3836
384.662	643.6436
384.887	652.6136
385.112	650.7336
385.337	658.8335999999999
385.562	660.2136
385.787	662.2336
386.013	675.8836
386.238	677.6836000000001
386.463	669.7236
386.688	674.4236
386.913	654.6036
387.138	653.3936
387.363	653.0336
387.588	645.6736000000001
387.813	653.7636000000001
388.038	653.5936
388.263	660.1336
388.488	658.8036
388.713	652.5336
388.938	648.5936
389.163	646.5835999999999
389.387	651.3335999999999
389.612	638.8335999999999
389.837	642.8136000000001
390.062	636.9536
390.287	641.5536
390.512	642.4636
390.736	647.3536
390.961	660.2035999999999
391.186	670.0936
391.411	685.8236
391.636	695.7736
391.86	709.5835999999999
392.085	715.4636
392.31	700.0736
392.534	691.3936
392.759	679.4236
392.984	672.4336000000001
393.208	667.0835999999999
393.433	672.3836
393.658	666.2436
393.882	666.5336
394.107	671.0835999999999
394.331	674.9535999999999
394.556	673.8936
394.78	681.3636
395.005	684.1136
395.229	684.8436
395.454	705.1236000000001
395.678	713.6536000000001
395.903	719.5136000000001
396.127	726.2536
396.352	704.4636
396.576	680.1936
396.801	677.0936
397.025	688.5536
397.249	699.1136
397.474	714.2035999999999
397.698	716.6636
397.922	735.8736000000001
398.147	744.5136000000001
398.371	750.2636000000001
398.595	765.8136
398.82	796.3936
399.044	857.6936
399.268	939.1836000000001
399.492	1058.1636
399.717	1127.8935999999999
399.941	1105.2136
400.165	1039.1435999999999
400.389	966.5935999999999
400.613	875.8836
400.837	823.7136
401.062	806.6136
401.286	799.1036
401.51	792.3936
401.734	792.0736
401.958	813.2436
402.182	846.0036
402.406	875.4535999999999
402.63	853.3036
402.854	847.2936000000001
403.078	851.0336
403.302	867.8335999999999
403.526	878.7536
403.75	882.8436
403.974	889.1936
404.198	885.0336
404.422	894.8335999999999
404.645	886.8936
404.869	876.1236000000001
405.093	903.2836
405.317	919.7836
405.541	921.5336
405.765	885.0736
405.988	887.9736
406.212	949.8136
406.436	1011.1136
406.66	965.0736
406.883	933.5936
407.107	997.5835999999999
407.331	1057.4836
407.555	1117.8836000000001
407.778	1079.3436
408.002	991.9336000000001
408.226	945.7736
408.449	932.2536
408.673	919.2236
408.896	947.9936
409.12	966.7136
409.344	908.4136
409.567	865.8536
409.791	866.8236
410.014	855.0236
410.238	851.3736000000001
410.461	845.4436
410.685	854.5036
410.908	870.8236
411.132	902.1836000000001
411.355	900.9336000000001
411.578	853.0136000000001
411.802	822.3736000000001
412.025	818.5936
412.249	831.4736
412.472	829.9736
412.695	827.9236
412.919	797.3236
413.142	786.2136
413.365	783.1736
413.589	790.3936
413.812	778.3936
414.035	771.5236
414.258	774.4336000000001
414.482	781.5835999999999
414.705	786.8636
414.928	779.0236
415.151	782.7836
415.374	785.0436000000001
415.597	775.0936
415.821	763.9836
416.044	766.4535999999999
416.267	767.4936
416.49	761.3136
416.713	758.2436
416.936	768.3236
417.159	763.4736
417.382	772.0835999999999
417.605	773.3836
417.828	797.8036
418.051	811.0136000000001
418.274	796.2436
418.497	785.1836000000001
418.72	797.8936
418.943	788.7136
419.166	832.6536000000001
419.389	876.1836000000001
419.611	865.3736000000001
419.834	834.6836000000001
420.057	822.8636
420.28	801.3836
420.503	780.4836
420.726	786.9636
420.948	809.3936
421.171	860.6336
421.394	854.6736
421.617	801.2536
421.839	794.9136
422.062	807.8335999999999
422.285	825.8436
422.507	910.1036
422.73	974.6336
422.953	893.0736
423.175	850.2336
423.398	852.9336000000001
423.621	850.4736
423.843	878.8136
424.066	872.2336
424.288	861.7236
424.511	887.9535999999999
424.733	950.2536
424.956	1005.2736
425.178	945.1236000000001
425.401	968.0636
425.623	950.9636
425.846	835.6336
426.068	814.6336
426.291	804.6536000000001
426.513	802.3335999999999
426.735	819.5736
426.958	870.8836
427.18	968.3036
427.402	1129.0236
427.625	1144.3935999999999
427.847	952.3636
428.069	844.4535999999999
428.292	785.2836
428.514	755.1236000000001
428.736	737.2035999999999
428.958	738.3436
429.181	716.2336
429.403	718.9636
429.625	743.6136
429.847	780.5136000000001
430.069	852.3036
430.292	790.5436000000001
430.514	722.1536000000001
430.736	723.1036
430.958	712.3236
431.18	699.6136
431.402	701.8236
431.624	698.0536
431.846	710.8536
432.068	710.7436
432.29	722.7536
432.512	710.4436
432.734	723.7936000000001
432.956	718.9036000000001
433.178	732.9936
433.4	730.3136
433.622	714.1736
433.844	716.3936
434.066	718.9736
434.287	727.8536
434.509	751.0835999999999
434.731	776.5336
434.953	791.0536
435.175	810.0436000000001
435.397	821.9535999999999
435.618	814.3636
435.84	867.9336000000001
436.062	978.2035999999999
436.284	967.2736
436.505	817.3136
436.727	782.2936000000001
436.949	746.5236
437.17	727.2636000000001
437.392	718.6536000000001
437.614	747.2136
437.835	797.8136
438.057	920.0236
438.278	990.2936000000001
438.5	977.6136
438.721	1085.8036
438.943	941.9836
439.165	793.1536000000001
439.386	771.9636
439.608	777.8536
439.829	790.7836
440.05	845.3536
440.272	903.9436
440.493	802.0236
440.715	762.0236
440.936	754.1536000000001
441.158	756.7536
441.379	771.0835999999999
441.6	810.4236
441.822	839.1236000000001
442.043	890.4736
442.264	990.9436
442.486	950.9736
442.707	846.9736
442.928	832.4535999999999
443.149	875.8736000000001
443.371	899.2336
443.592	948.5736
443.813	1067.9536
444.034	1056.2136
444.255	915.7436
444.476	890.0036
444.698	912.2836
444.919	915.4736
445.14	926.5736
445.361	907.6536000000001
445.582	921.1136
445.803	1003.4535999999999
446.024	1082.5436
446.245	1036.3136
446.466	921.9236
446.687	799.2536
446.908	760.5336
447.129	725.9136
447.35	709.4936
447.571	706.5936
447.792	695.0736
448.013	714.0136000000001
448.234	739.7636000000001
448.455	814.0436000000001
448.675	967.1936
448.896	1021.2136
449.117	846.2035999999999
449.338	870.5536
449.559	1044.2936
449.779	1065.6236
450.0	807.0736
450.221	720.8736000000001
450.442	695.3036
450.662	690.7136
450.883	705.0236
451.104	719.9936
451.324	691.2736
451.545	671.4336000000001
451.766	654.7236
451.986	642.0336
452.207	639.5336
452.428	638.2936
452.648	645.3836
452.869	657.8536
453.089	670.1036
453.31	680.3236
453.53	645.9836
453.751	635.4436
453.971	645.0536
454.192	665.1536000000001
454.412	633.2436
454.633	622.7036
454.853	620.1136
455.073	625.6136
455.294	674.3236
455.514	741.7136
455.734	675.3335999999999
455.955	614.4536
456.175	600.2136
456.395	590.3136000000001
456.616	589.6736000000001
456.836	592.2636
457.056	588.2736
457.276	581.2236
457.497	598.7336
457.717	595.7136
457.937	608.0636000000001
458.157	616.5336
458.377	626.5236
458.598	677.2236
458.818	781.9836
459.038	875.9036000000001
459.258	836.9036000000001
459.478	738.5036
459.698	719.2136
459.918	723.0136000000001
460.138	742.0436000000001
460.358	767.1436
460.578	770.4436
460.798	779.4036000000001
461.018	777.9436
461.238	758.8335999999999
461.458	754.7436
461.678	752.4436
461.898	772.3335999999999
462.118	776.8536
462.338	813.2336
462.558	826.3936
462.777	856.6536000000001
462.997	917.1336
463.217	966.7736
463.437	941.0835999999999
463.657	877.9636
463.876	860.1236000000001
464.096	862.4936
464.316	864.3335999999999
464.536	872.4236
464.755	846.7636000000001
464.975	847.1436
465.195	903.3236
465.414	900.9636
465.634	768.1836000000001
465.854	728.4736
466.073	699.3536
466.293	682.5036
466.512	664.3436
466.732	648.5536
466.951	652.6236000000001
467.171	657.0336
467.391	666.7336
467.61	675.6636
467.829	665.5236
468.049	653.5936
468.268	635.2336
468.488	627.8936
468.707	623.8936
468.927	624.7236
469.146	623.1536
469.365	633.1236
469.585	633.9036
469.804	662.7136
470.023	679.0436000000001
470.243	675.8335999999999
470.462	688.4535999999999
470.681	707.1836000000001
470.901	685.5936
471.12	665.1736
471.339	662.5736
471.558	657.1536000000001
471.777	648.7336
471.997	636.1936
472.216	636.9136
472.435	645.4736
472.654	629.7536
472.873	620.4536
473.092	622.4936
473.311	620.8236
473.53	628.5036
473.749	641.7936
473.968	708.4136
474.187	838.6236000000001
474.406	775.7136
474.625	665.5736
474.844	635.3236
475.063	626.8936
475.282	628.6336
475.501	637.8335999999999
475.72	645.6536
475.939	640.9636
476.158	650.1736
476.377	650.3335999999999
476.596	651.9336000000001
476.814	671.4436
477.033	671.8036
477.252	676.5436000000001
477.471	684.9636
477.69	701.3436
477.908	708.9736
478.127	728.4936
478.346	734.5436000000001
478.564	744.4136
478.783	758.0136000000001
479.002	773.3736000000001
479.22	771.1736
479.439	786.9436
479.658	799.9936
479.876	805.4336000000001
480.095	825.5835999999999
480.313	872.7636000000001
480.532	853.0536
480.751	835.0436000000001
480.969	828.2136
481.188	843.5036
481.406	809.8036
481.624	766.5736
481.843	749.5536
482.061	740.6736
482.28	731.7536
482.498	725.9736
482.717	727.7736
482.935	721.6436
483.153	722.5835999999999
483.372	723.5636
483.59	723.7035999999999
483.808	723.7736
484.027	728.1236000000001
484.245	732.0536
484.463	737.8836
484.681	749.3036
484.9	751.6336
485.118	757.5936
485.336	761.1936
485.554	771.5336
485.772	780.1136
485.99	778.4836
486.209	787.2035999999999
486.427	789.0536
486.645	797.1836000000001
486.863	810.4836
487.081	797.9436
487.299	785.0336
487.517	781.4736
487.735	775.4036000000001
487.953	769.1436
488.171	773.1636
488.389	772.4936
488.607	780.1736
488.825	769.7836
489.043	778.7536
489.261	782.4336000000001
489.479	785.0136000000001
489.696	783.8936
489.914	793.4736
490.132	800.9535999999999
490.35	806.7636000000001
490.568	809.3936
490.786	824.6336
491.003	826.5036
491.221	840.7936000000001
491.439	855.9036000000001
491.657	863.2936000000001
491.874	864.6536000000001
492.092	869.4535999999999
492.31	871.7336
492.527	871.3236
492.745	877.9136
492.963	885.8436
493.18	886.5636
493.398	894.9436
493.615	915.4136
493.833	913.2136
494.05	902.8536
494.268	904.5636
494.485	902.5936
494.703	900.9236
494.92	903.8936
495.138	903.8536
495.355	907.5736
495.573	907.2436
495.79	906.6736
496.008	912.7936000000001
496.225	909.4535999999999
496.442	910.0835999999999
496.66	922.1436
496.877	924.0936
497.094	934.5036
497.312	951.2736
497.529	974.1036
497.746	996.0236
497.963	1013.6636
498.181	1063.4436
498.398	1089.1636
498.615	1141.8136
498.832	1185.2736
499.049	1232.8336
499.267	1299.5436
499.484	1380.3436000000002
499.701	1470.2336
499.918	1554.3236
500.135	1640.1435999999999
500.352	1703.5336000000002
500.569	1718.2235999999998
500.786	1704.3036
501.003	1652.9036
501.22	1584.6136
501.437	1505.9735999999998
501.654	1422.4836
501.871	1361.3736000000001
502.088	1268.8136
502.305	1200.8036
502.522	1143.5336
502.739	1108.7736
502.956	1060.3036
503.172	1024.8436
503.389	996.0935999999999
503.606	993.7536
503.823	982.9035999999999
504.04	972.4636
504.256	976.2635999999999
504.473	991.1136
504.69	996.1236000000001
504.907	969.6036
505.123	929.1036
505.34	897.7536
505.557	881.0236
505.773	872.5736
505.99	867.8536
506.207	861.5436000000001
506.423	856.0736
506.64	843.7136
506.856	831.1636
507.073	828.0236
507.289	821.1436
507.506	817.6736
507.722	841.9436
507.939	839.4336000000001
508.155	803.2436
508.372	789.0036
508.588	785.7136
508.805	785.2236
509.021	791.1536000000001
509.238	812.1736
509.454	817.4436
509.67	801.8335999999999
509.887	794.2136
510.103	804.2035999999999
510.319	885.8436
510.536	1447.5136
510.752	3080.7936
510.968	1341.0636000000002
511.184	804.7035999999999
511.401	762.6536000000001
511.617	743.0835999999999
511.833	735.0436000000001
512.049	729.9036000000001
512.265	725.7636000000001
512.481	728.8736000000001
512.698	724.4036000000001
512.914	726.2636000000001
513.13	725.4936
513.346	728.1636
513.562	731.0736
513.778	735.9436
513.994	743.1236000000001
514.21	758.1036
514.426	792.6336
514.642	832.1136
514.858	845.6736
515.074	914.8936
515.29	1283.0736
515.506	2336.9636
515.721	1307.2636
515.937	880.7035999999999
516.153	834.5336
516.369	816.6236000000001
516.585	820.6136
516.801	829.7736
517.016	853.7436
517.232	879.5536
517.448	898.1036
517.664	917.3836
517.879	917.0436000000001
518.095	905.8436
518.311	891.5136000000001
518.527	864.4836
518.742	839.4636
518.958	815.5436000000001
519.173	795.8836
519.389	788.5036
519.605	771.0436000000001
519.82	765.1936
520.036	780.8736000000001
520.251	804.5036
520.467	811.4636
520.682	797.8836
520.898	799.0636
521.113	819.9736
521.329	864.9636
521.544	985.4736
521.76	1458.9536
521.975	3374.4736000000003
522.19	2290.1335999999997
522.406	1015.1736
522.621	778.6036
522.836	724.1636
523.052	702.1636
523.267	678.2736
523.482	667.0036
523.698	666.3736000000001
523.913	679.7536
524.128	661.6436
524.343	643.9536
524.559	638.8136000000001
524.774	632.4036
524.989	636.6836
525.204	649.3236
525.419	638.4536
525.634	625.6936
525.849	619.9936
526.064	615.5636000000001
526.28	614.1436
526.495	606.6136
526.71	606.1636
526.925	602.9236000000001
527.14	606.3436
527.355	606.1336
527.57	600.9536
527.785	603.6836
527.999	602.1736000000001
528.214	605.3536
528.429	607.6636
528.644	606.4836
528.859	606.2936
529.074	611.6336
529.289	651.3036
529.503	745.1736
529.718	664.9136
529.933	628.4236000000001
530.148	613.3836
530.363	608.0436
530.577	599.6836
530.792	597.3536
531.007	598.1236
531.221	601.3436
531.436	596.2936
531.651	598.1736000000001
531.865	593.7236
532.08	594.1536
532.295	597.5236
532.509	591.8436
532.724	591.5436
532.938	595.3136000000001
533.153	597.5236
533.367	592.2136
533.582	594.4936
533.796	587.3536
534.011	586.1236
534.225	586.7536
534.44	580.0636000000001
534.654	579.7236
534.868	576.5236
535.083	578.4036
535.297	581.1436
535.511	589.1436
535.726	593.5736
535.94	588.5136
536.154	580.9336
536.369	572.0936
536.583	559.3236
536.797	561.0036
537.011	559.8536
537.225	553.5336
537.44	554.9336
537.654	555.8936
537.868	552.3936
538.082	556.4836
538.296	558.9836
538.51	552.7236
538.724	557.3036
538.938	552.2236
539.153	551.4736
539.367	570.0236
539.581	555.1036
539.795	543.2736
540.009	546.6236
540.222	544.0236
540.436	547.1236
540.65	547.6936
540.864	554.2536
541.078	559.4836
541.292	552.0636000000001
541.506	542.4236000000001
541.72	534.6636
541.934	527.3936
542.147	529.1436
542.361	527.0536
542.575	522.4536
542.789	525.9336
543.002	531.4536
543.216	539.4236000000001
543.43	547.4236000000001
543.644	539.0536
543.857	535.7736
544.071	539.1036
544.285	540.6036
544.498	536.9336
544.712	532.2636
544.925	534.4636
545.139	534.7336
545.352	534.6336
545.566	534.4436
545.779	532.1936
545.993	534.2536
546.206	534.2736
546.42	528.6636
546.633	530.0436
546.847	526.7136
547.06	523.4936
547.274	527.9136
547.487	524.1936
547.7	527.9436
547.914	526.9836
548.127	534.5436
548.34	533.7836
548.554	531.5436
548.767	528.3636
548.98	532.8536
549.193	535.4336
549.407	537.2336
549.62	541.2736
549.833	542.6936
550.046	535.0835999999999
550.259	531.4236000000001
550.473	524.1936
550.686	523.5636000000001
550.899	519.8235999999999
551.112	515.8436
551.325	514.8536
551.538	517.9236000000001
551.751	516.1636
551.964	523.0136
552.177	532.2836
552.39	533.8036
552.603	544.8436
552.816	555.5835999999999
553.029	561.3836
553.242	572.3335999999999
553.455	577.7436
553.667	588.4436
553.88	583.5736
554.093	563.5536
554.306	553.5936
554.519	542.3936
554.732	531.1636
554.944	522.5936
555.157	510.7736
555.37	505.5136
555.583	496.68359999999996
555.795	494.50359999999995
556.008	485.78360000000004
556.221	480.3836
556.433	473.61359999999996
556.646	474.2636
556.859	471.75359999999995
557.071	466.9436
557.284	463.6936
557.496	459.61359999999996
557.709	459.1236
557.921	456.61359999999996
558.134	454.4036
558.346	450.2636
558.559	449.75359999999995
558.771	447.7336
558.984	446.41360000000003
559.196	444.0536
559.409	442.3136
559.621	443.5936
559.833	441.85360000000003
560.046	441.18359999999996
560.258	441.1236
560.47	440.7736
560.683	440.43359999999996
560.895	438.7636
561.107	439.79359999999997
561.32	439.5536
561.532	439.1336
561.744	443.1736
561.956	442.6336
562.168	443.60360000000003
562.381	445.3336
562.593	445.0936
562.805	448.68359999999996
563.017	449.5936
563.229	447.9936
563.441	446.2736
563.653	448.5536
563.865	449.5136
564.077	453.2736
564.289	456.0836
564.501	463.3436
564.713	471.5936
564.925	481.8436
565.137	503.5236
565.349	497.6736
565.561	506.0936
565.773	518.7636
565.985	541.0436
566.197	563.2836
566.408	596.9736
566.62	629.7536
566.832	657.9836
567.044	664.1736
567.255	666.8636
567.467	686.4636
567.679	712.9336000000001
567.891	751.6336
568.102	753.3136
568.314	709.3936
568.526	652.0336
568.737	608.3836
568.949	572.5036
569.161	535.5636000000001
569.372	510.0836
569.584	491.0636
569.795	482.04359999999997
570.007	494.3336
570.218	614.2536
570.43	499.4536
570.641	453.3736
570.853	448.1336
571.064	452.1336
571.276	447.9736
571.487	433.0836
571.698	417.7636
571.91	411.79359999999997
572.121	403.4936
572.333	399.35360000000003
572.544	393.1736
572.755	384.57359999999994
572.966	381.7036
573.178	382.6736
573.389	381.9936
573.6	376.0936
573.811	371.11359999999996
574.023	372.2236
574.234	369.8036
574.445	370.8336
574.656	367.7036
574.867	369.5536
575.078	369.3936
575.289	365.7036
575.501	363.9536
575.712	355.4036
575.923	355.0136
576.134	356.6736
576.345	353.7236
576.556	354.9236
576.767	352.1736
576.978	354.8436
577.188	349.9036
577.399	347.82359999999994
577.61	346.4936
577.821	348.11359999999996
578.032	364.4236
578.243	531.6836
578.454	1038.3436
578.665	469.32359999999994
578.875	351.2336
579.086	335.41360000000003
579.297	333.0936
579.508	330.7036
579.718	327.6536
579.929	327.79359999999997
580.14	320.9836
580.35	320.2936
580.561	322.5636
580.772	321.8236
580.982	318.3836
581.193	319.6236
581.403	319.7336
581.614	317.17359999999996
581.825	316.9736
582.035	315.6236
582.246	314.1436
582.456	314.0236
582.667	312.9736
582.877	313.3436
583.087	312.7036
583.298	312.4736
583.508	311.3336
583.719	309.24359999999996
583.929	312.91360000000003
584.139	309.7936
584.35	305.3836
584.56	309.24359999999996
584.77	307.7836
584.981	305.8236
585.191	307.1036
585.401	306.4636
585.611	302.9336
585.821	306.2736
586.032	304.4536
586.242	303.3436
586.452	301.8136
586.662	298.0136
586.872	299.5036
587.082	298.2336
587.292	298.5036
587.502	298.9836
587.713	298.5936
587.923	298.9636
588.133	299.8036
588.343	297.3336
588.553	298.0536
588.762	300.15360000000004
588.972	298.7636
589.182	300.8536
589.392	299.91360000000003
589.602	298.92359999999996
589.812	301.1436
590.022	300.3436
590.232	299.1236
590.441	299.6336
590.651	303.17359999999996
590.861	302.24359999999996
591.071	303.5936
591.281	308.4636
591.49	310.8236
591.7	315.1936
591.91	320.66360000000003
592.119	320.6936
592.329	331.8336
592.539	342.36359999999996
592.748	344.7736
592.958	351.9236
593.167	354.2436
593.377	358.9436
593.587	365.86359999999996
593.796	362.3436
594.006	362.6436
594.215	366.41360000000003
594.424	361.9936
594.634	352.78360000000004
594.843	341.3736
595.053	331.85360000000003
595.262	325.96360000000004
595.472	319.2936
595.681	311.2236
595.89	305.4036
596.1	301.2036
596.309	296.4636
596.518	290.7736
596.727	289.1136
596.937	284.2736
597.146	280.1036
597.355	279.4636
597.564	275.1936
597.774	274.97360000000003
597.983	270.7636
598.192	269.1336
598.401	267.6336
598.61	266.5636
598.819	264.3036
599.028	263.67359999999996
599.237	259.7636
599.446	263.8036
599.655	260.8636
599.864	261.1436
600.073	257.8536
600.282	261.6836
600.491	259.6236
600.7	257.2036
600.909	257.5636
601.118	258.4836
601.327	257.8436
601.536	255.1736
601.745	253.5636
601.953	252.63360000000003
602.162	253.1836
602.371	251.71359999999999
602.58	249.8136
602.789	251.12359999999998
602.997	247.77360000000002
603.206	247.4236
603.415	246.49360000000001
603.623	245.4436
603.832	242.29360000000003
604.041	244.6436
604.249	241.6836
604.458	242.5836
604.666	240.54360000000003
604.875	241.3136
605.084	239.1436
605.292	238.5036
605.501	239.13360000000003
605.709	237.3236
605.918	239.0936
606.126	239.0636
606.334	236.87359999999998
606.543	236.1736
606.751	237.1736
606.96	234.7636
607.168	235.7836
607.376	235.2836
607.585	236.2536
607.793	235.8236
608.001	236.1636
608.21	233.4436
608.418	231.86360000000002
608.626	231.6536
608.834	232.36360000000002
609.043	231.21359999999999
609.251	234.0336
609.459	230.2836
609.667	231.0536
609.875	230.04360000000003
610.083	229.4836
610.291	229.1936
610.499	231.0536
610.707	231.74360000000001
610.916	231.0836
611.124	230.86360000000002
611.332	229.13360000000003
611.54	230.4436
611.748	230.13360000000003
611.955	227.9336
612.163	226.52360000000002
612.371	229.24360000000001
612.579	226.7636
612.787	228.95360000000002
612.995	228.4036
613.203	227.96359999999999
613.411	224.1936
613.618	225.88360000000003
613.826	224.3936
614.034	225.5536
614.242	223.74360000000001
614.449	224.4736
614.657	225.1736
614.865	227.4236
615.072	226.61360000000002
615.28	225.63360000000003
615.488	229.3236
615.695	232.8336
615.903	238.9236
616.111	240.6036
616.318	243.4336
616.526	239.04360000000003
616.733	239.4836
616.941	231.6936
617.148	232.1936
617.356	231.4436
617.563	228.9436
617.771	230.5136
617.978	225.5836
618.185	226.6536
618.393	224.5936
618.6	223.7236
618.807	223.04360000000003
619.015	223.6936
619.222	221.4036
619.429	221.1536
619.637	220.5136
619.844	218.6036
620.051	217.77360000000002
620.258	214.7636
620.466	215.1836
620.673	211.52360000000002
620.88	211.04360000000003
621.087	212.0536
621.294	213.7836
621.501	212.46359999999999
621.708	210.87359999999998
621.915	213.0736
622.122	210.9236
622.329	212.71359999999999
622.536	212.37359999999998
622.743	210.5036
622.95	208.77360000000002
623.157	206.86360000000002
623.364	207.0836
623.571	207.2336
623.778	205.8336
623.985	206.1836
624.192	204.63360000000003
624.399	200.8536
624.606	202.49360000000001
624.812	200.88360000000003
625.019	201.20360000000002
625.226	203.11360000000002
625.433	203.37359999999998
625.639	199.99360000000001
625.846	197.2836
626.053	197.86360000000002
626.259	198.62359999999998
626.466	198.87359999999998
626.673	198.6636
626.879	194.9836
627.086	199.3136
627.293	198.3236
627.499	195.4436
627.706	195.77360000000002
627.912	194.29360000000003
628.119	193.0936
628.325	193.79360000000003
628.532	191.71359999999999
628.738	191.52360000000002
628.945	190.4836
629.151	190.6036
629.357	190.5036
629.564	188.52360000000002
629.77	187.72359999999998
629.976	186.5336
630.183	186.20360000000002
630.389	184.46359999999999
630.595	184.8036
630.802	182.8036
631.008	182.6636
631.214	183.0136
631.42	182.71359999999999
631.627	184.9936
631.833	180.6636
632.039	179.8936
632.245	178.9336
632.451	179.2836
632.657	179.15359999999998
632.863	177.40359999999998
633.069	179.6636
633.275	176.5036
633.481	174.21359999999999
633.688	176.21359999999999
633.893	179.9836
634.099	173.71359999999999
634.305	174.5136
634.511	173.04360000000003
634.717	173.3936
634.923	172.1936
635.129	171.1836
635.335	171.40359999999998
635.541	172.8236
635.747	172.86360000000002
635.952	170.9436
636.158	171.7336
636.364	171.9136
636.57	172.0036
636.775	169.88360000000003
636.981	171.13360000000003
637.187	171.11360000000002
637.392	168.7436
637.598	168.2336
637.804	167.9936
638.009	169.3436
638.215	167.7536
638.421	166.1436
638.626	165.7536
638.832	165.56359999999998
639.037	164.3536
639.243	164.38360000000003
639.448	164.5336
639.654	165.29360000000003
639.859	161.4236
640.065	160.7236
640.27	163.9936
640.475	164.1736
640.681	161.7836
640.886	164.6836
641.091	162.2636
641.297	164.0136
641.502	160.0736
641.707	161.1036
641.913	160.24360000000001
642.118	159.2736
642.323	158.7236
642.528	161.46359999999999
642.733	158.7036
642.939	159.2936
643.144	158.6436
643.349	156.5636
643.554	158.3536
643.759	156.3536
643.964	155.8536
644.169	156.99360000000001
644.374	156.8236
644.579	158.0636
644.784	157.8236
644.989	157.4436
645.194	156.59359999999998
645.399	157.3136
645.604	157.0136
645.809	160.1036
646.014	159.83360000000002
646.219	158.6336
646.423	158.24360000000001
646.628	157.58360000000002
646.833	160.34359999999998
647.038	159.9736
647.243	159.9436
647.447	159.99360000000001
647.652	164.0736
647.857	162.4336
648.062	165.79360000000003
648.266	167.3936
648.471	171.8436
648.676	175.9936
648.88	173.20360000000002
649.085	170.40359999999998
649.289	171.0936
649.494	184.5836
649.698	221.0736
649.903	182.7836
650.107	162.8436
650.312	158.7536
650.516	151.46359999999999
650.721	148.24360000000001
650.925	145.6036
651.13	143.0536
651.334	141.8836
651.539	142.46359999999999
651.743	141.6036
651.947	140.7336
652.152	138.4436
652.356	136.7736
652.56	135.5636
652.764	132.9036
652.969	132.5436
653.173	130.46359999999999
653.377	130.1536
653.581	128.9736
653.785	130.0336
653.99	128.9836
654.194	128.4136
654.398	127.6336
654.602	127.84360000000001
654.806	131.9336
655.01	151.1336
655.214	135.0236
655.418	127.1536
655.622	126.2136
655.826	128.1536
656.03	127.8136
656.234	135.2836
656.438	137.6336
656.642	136.4036
656.846	130.1536
657.049	123.7936
657.253	118.09360000000001
657.457	115.1636
657.661	111.52359999999999
657.865	110.2036
658.068	107.67360000000001
658.272	103.3236
658.476	101.7936
658.68	100.7436
658.883	101.10359999999999
659.087	97.9036
659.291	98.9836
659.494	97.2136
659.698	94.0736
659.901	93.85359999999999
660.105	94.1636
660.309	93.76360000000001
660.512	92.5636
660.716	89.86359999999999
660.919	90.01360000000001
661.123	91.11359999999999
661.326	87.9836
661.53	88.10359999999999
661.733	89.3936
661.936	86.78359999999999
662.14	85.7436
662.343	84.9636
662.546	85.4636
662.75	86.03359999999999
662.953	86.5436
663.156	84.8236
663.36	82.92360000000001
663.563	85.28359999999999
663.766	82.94359999999999
663.969	83.8336
664.173	82.43360000000001
664.376	83.6636
664.579	80.7736
664.782	81.0336
664.985	81.6536
665.188	82.2036
665.391	82.9836
665.594	82.4736
665.797	81.2336
666.0	81.9636
666.203	79.9036
666.406	80.6736
666.609	82.3736
666.812	82.35359999999999
667.015	81.2136
667.218	84.2536
667.421	82.4936
667.624	81.5036
667.827	82.86359999999999
668.03	81.86359999999999
668.232	79.6136
668.435	82.84360000000001
668.638	80.8736
668.841	83.2136
669.043	80.3836
669.246	81.94359999999999
669.449	80.3536
669.651	82.5536
669.854	81.0236
670.057	81.3936
670.259	80.6136
670.462	81.84360000000001
670.665	80.0236
670.867	82.17360000000001
671.07	80.4336
671.272	83.8236
671.475	84.03359999999999
671.677	80.8936
671.88	81.4636
672.082	81.4136
672.284	81.3736
672.487	81.9836
672.689	80.8536
672.892	81.43360000000001
