223.165	-17.683799999999998
223.4	-17.683799999999998
223.635	-17.683799999999998
223.869	-19.4238
224.104	-19.8738
224.338	-15.0638
224.573	-15.1138
224.808	-12.0938
225.042	-7.3238
225.277	-5.9638
225.511	-1.7538
225.746	3.5761999999999996
225.98	7.3862000000000005
226.215	12.2862
226.449	16.156200000000002
226.683	19.3762
226.918	24.4562
227.152	31.046200000000002
227.387	35.0162
227.621	39.4362
227.856	43.7862
228.09	45.2562
228.324	50.906200000000005
228.559	57.156200000000005
228.793	64.2762
229.027	87.8862
229.262	96.0362
229.496	106.0562
229.73	128.1662
229.964	127.6262
230.199	105.8462
230.433	101.0362
230.667	103.4862
230.901	102.44619999999999
231.136	100.17620000000001
231.37	102.35620000000002
231.604	103.9862
231.838	105.6562
232.072	105.76620000000001
232.306	106.2162
232.541	106.44619999999999
232.775	107.0362
233.009	106.8162
233.243	105.6562
233.477	108.17620000000001
233.711	108.1662
233.945	108.3062
234.179	108.5562
234.413	109.34620000000001
234.647	108.52619999999999
234.881	109.0762
235.115	110.36619999999999
235.349	111.1462
235.583	112.11619999999999
235.817	114.68619999999999
236.051	113.9662
236.285	112.7362
236.519	114.0362
236.753	120.3462
236.987	133.4562
237.221	167.8062
237.455	177.3662
237.689	133.2962
237.922	122.5062
238.156	119.67620000000001
238.39	116.1262
238.624	114.5462
238.858	114.8962
239.091	116.7362
239.325	116.8362
239.559	120.2362
239.793	120.6662
240.027	124.17620000000001
240.26	133.68619999999999
240.494	136.1762
240.728	137.37619999999998
240.961	130.8562
241.195	127.77619999999999
241.429	125.44619999999999
241.662	122.6362
241.896	122.2062
242.13	123.4662
242.363	123.5862
242.597	124.0862
242.83	127.67620000000001
243.064	128.8862
243.298	128.83620000000002
243.531	126.6662
243.765	128.9162
243.998	129.4562
244.232	131.8662
244.465	136.4762
244.699	135.2362
244.932	132.9162
245.166	134.0662
245.399	134.5662
245.633	133.5462
245.866	134.8062
246.099	136.2862
246.333	136.4262
246.566	135.4762
246.8	138.5662
247.033	142.3662
247.266	142.3162
247.5	146.7262
247.733	153.0262
247.966	151.3662
248.2	149.9862
248.433	151.12619999999998
248.666	155.12619999999998
248.899	164.08620000000002
249.133	175.2362
249.366	180.9562
249.599	172.4762
249.832	157.9662
250.066	157.8862
250.299	159.5462
250.532	164.0262
250.765	175.8562
250.998	190.32619999999997
251.231	184.62619999999998
251.465	173.7362
251.698	169.1262
251.931	167.0662
252.164	167.5562
252.397	171.2062
252.63	173.2162
252.863	177.43619999999999
253.096	186.6362
253.329	192.8062
253.562	185.82619999999997
253.795	181.7062
254.028	181.6062
254.261	184.1162
254.494	198.4662
254.727	221.58620000000002
254.96	226.0462
255.193	206.50619999999998
255.426	191.9662
255.659	183.4862
255.892	184.2762
256.124	180.58620000000002
256.357	179.8562
256.59	177.1562
256.823	173.4262
257.056	177.9462
257.289	180.7762
257.521	179.2362
257.754	180.25619999999998
257.987	178.1362
258.22	181.4262
258.452	180.1162
258.685	180.8662
258.918	182.58620000000002
259.151	183.2362
259.383	190.7962
259.616	192.3962
259.849	196.6062
260.081	207.5662
260.314	219.1062
260.547	210.7162
260.779	202.4062
261.012	196.82619999999997
261.244	194.4762
261.477	195.4762
261.71	199.5362
261.942	212.84619999999998
262.175	217.87619999999998
262.407	198.16619999999998
262.64	187.57619999999997
262.872	188.43619999999999
263.105	188.2262
263.337	189.08620000000002
263.57	188.9762
263.802	192.4862
264.035	189.8662
264.267	189.87619999999998
264.499	189.8662
264.732	193.7762
264.964	192.75619999999998
265.197	192.6162
265.429	193.09619999999998
265.661	194.7862
265.894	193.6462
266.126	196.6762
266.358	197.2962
266.591	198.3162
266.823	204.4262
267.055	205.0162
267.287	204.9562
267.52	202.1562
267.752	204.5162
267.984	203.7162
268.216	205.4262
268.448	210.0562
268.681	214.93619999999999
268.913	223.18619999999999
269.145	236.7862
269.377	239.7262
269.609	234.2362
269.841	232.4462
270.073	239.8562
270.306	259.5762
270.538	270.2462
270.77	258.9062
271.002	247.2862
271.234	246.5562
271.466	255.9262
271.698	264.1762
271.93	264.8462
272.162	265.0162
272.394	261.4162
272.626	250.57619999999997
272.858	240.5562
273.09	236.32619999999997
273.322	233.99620000000002
273.553	230.8962
273.785	231.7762
274.017	230.7162
274.249	232.8162
274.481	234.1162
274.713	234.2062
274.945	237.18619999999999
275.176	234.2262
275.408	235.00619999999998
275.64	232.49620000000002
275.872	232.3962
276.104	235.1562
276.335	239.34619999999998
276.567	250.25619999999998
276.799	266.2962
277.031	277.46619999999996
277.262	279.3162
277.494	267.69620000000003
277.726	257.3862
277.957	250.57619999999997
278.189	245.2162
278.421	241.0662
278.652	240.9562
278.884	242.6162
279.115	240.0562
279.347	241.5662
279.579	240.58620000000002
279.81	240.07619999999997
280.042	243.6562
280.273	244.0662
280.505	244.0262
280.736	245.0562
280.968	244.50619999999998
281.199	245.34619999999998
281.431	246.93619999999999
281.662	248.0562
281.894	252.25619999999998
282.125	262.7562
282.356	285.4862
282.588	307.2762
282.819	280.9762
283.051	256.96619999999996
283.282	252.8562
283.513	258.2562
283.745	259.0362
283.976	260.64619999999996
284.207	261.70619999999997
284.439	262.6162
284.67	259.8862
284.901	260.8262
285.132	259.1562
285.364	259.9862
285.595	260.8362
285.826	260.5262
286.057	264.7562
286.288	260.6862
286.52	263.9962
286.751	261.3262
286.982	264.5762
287.213	266.2262
287.444	270.5062
287.675	273.3562
287.906	279.1262
288.138	283.3362
288.369	285.0762
288.6	281.3762
288.831	278.7562
289.062	275.0162
289.293	274.1162
289.524	272.3762
289.755	273.0962
289.986	273.9162
290.217	274.2762
290.448	272.95619999999997
290.679	273.8362
290.91	275.19620000000003
291.141	272.4162
291.371	275.3162
291.602	276.46619999999996
291.833	272.6662
292.064	275.7762
292.295	275.2462
292.526	277.4762
292.757	277.6562
292.987	273.69620000000003
293.218	273.1062
293.449	278.69620000000003
293.68	277.7462
293.91	277.19620000000003
294.141	277.8562
294.372	275.95619999999997
294.603	277.0562
294.833	281.5062
295.064	279.1162
295.295	281.0762
295.525	282.7962
295.756	291.8362
295.987	307.1162
296.217	334.4862
296.448	319.0962
296.679	289.0162
296.909	286.6662
297.14	287.8462
297.37	291.3662
297.601	292.8262
297.831	291.8162
298.062	291.3762
298.292	293.6862
298.523	297.8662
298.753	297.8262
298.984	297.5662
299.214	294.5662
299.445	297.2562
299.675	297.6862
299.905	305.1862
300.136	298.8562
300.366	298.69620000000003
300.597	301.5362
300.827	309.8062
301.057	318.64619999999996
301.288	323.96619999999996
301.518	313.7262
301.748	310.3662
301.979	324.1062
302.209	316.8162
302.439	315.8262
302.669	312.9362
302.9	309.6662
303.13	308.6062
303.36	315.7262
303.59	321.7262
303.82	326.0762
304.051	316.6562
304.281	313.7662
304.511	310.7362
304.741	309.8262
304.971	309.0862
305.201	311.7662
305.431	308.39619999999996
305.661	310.3662
305.891	307.3662
306.121	312.2462
306.352	318.46619999999996
306.582	321.9062
306.812	307.6862
307.042	310.5662
307.272	310.1762
307.502	310.1762
307.731	309.3162
307.961	310.1062
308.191	308.69620000000003
308.421	308.9762
308.651	314.0862
308.881	314.3862
309.111	316.6862
309.341	318.6562
309.571	327.0562
309.8	327.5862
310.03	332.5662
310.26	333.8162
310.49	333.0562
310.72	341.7462
310.949	350.0162
311.179	347.1362
311.409	337.3362
311.639	337.4362
311.868	338.0762
312.098	340.4762
312.328	346.9062
312.557	359.9062
312.787	364.8862
313.017	357.0562
313.246	349.2962
313.476	341.2962
313.706	345.8562
313.935	353.5062
314.165	358.7562
314.394	361.9762
314.624	356.5662
314.853	349.3262
315.083	346.2762
315.312	341.8262
315.542	339.0762
315.771	339.2462
316.001	338.0462
316.23	338.69620000000003
316.46	337.9862
316.689	340.87620000000004
316.919	344.3362
317.148	347.5862
317.377	348.6862
317.607	343.6362
317.836	341.6562
318.065	340.0862
318.295	338.8562
318.524	338.3462
318.753	335.7762
318.983	339.94620000000003
319.212	343.19620000000003
319.441	354.2962
319.67	353.4862
319.9	340.0562
320.129	341.7562
320.358	341.96619999999996
320.587	345.4562
320.816	350.3562
321.046	353.8562
321.275	352.3162
321.504	351.0262
321.733	355.28619999999995
321.962	359.4962
322.191	367.0562
322.42	374.5462
322.649	384.4862
322.878	388.8162
323.108	396.46619999999996
323.337	415.99620000000004
323.566	436.7562
323.795	471.67620000000005
324.024	551.6362
324.253	806.7361999999999
324.482	1379.1462
324.71	2348.5362
324.939	2798.9262
325.168	1505.6761999999999
325.397	647.3162
325.626	486.9162
325.855	444.8062
326.084	434.6862
326.313	441.0862
326.542	468.0062
326.77	567.6362
326.999	843.5062
327.228	1429.8362
327.457	2308.5262
327.686	1978.2662
327.914	796.2262
328.143	553.3762
328.372	491.2662
328.6	464.8262
328.829	459.6862
329.058	473.1862
329.287	470.7562
329.515	437.2162000000001
329.744	420.89619999999996
329.972	419.0262
330.201	427.2962
330.43	448.17620000000005
330.658	473.12620000000004
330.887	508.5462
331.115	471.7762
331.344	432.1862
331.572	425.60620000000006
331.801	434.28620000000006
332.03	435.49620000000004
332.258	428.7362
332.486	426.3062
332.715	433.8262
332.943	446.3062
333.172	453.9662000000001
333.4	466.8262
333.629	475.1662
333.857	486.63620000000003
334.085	474.7562
334.314	466.9062
334.542	463.2562
334.771	464.7362
334.999	452.8062
335.227	448.2362
335.455	442.2762
335.684	438.0162
335.912	433.3062
336.14	429.4762
336.369	428.9862
336.597	436.63620000000003
336.825	431.31620000000004
337.053	421.35620000000006
337.281	414.1662
337.51	413.1662
337.738	412.37620000000004
337.966	409.5062
338.194	411.3362
338.422	406.3062
338.65	401.2662
338.878	403.0762
339.106	397.28620000000006
339.334	398.1162
339.562	392.8062
339.79	387.28620000000006
340.018	390.88620000000003
340.246	389.03620000000006
340.474	392.31620000000004
340.702	391.31620000000004
340.93	388.19620000000003
341.158	391.14619999999996
341.386	390.4062
341.614	395.0062
341.842	388.89619999999996
342.07	383.53620000000006
342.298	383.8062
342.526	380.0762
342.754	379.7062
342.981	382.62620000000004
343.209	390.0062
343.437	412.5262
343.665	426.5262
343.893	443.67620000000005
344.12	448.12620000000004
344.348	429.8262
344.576	416.42620000000005
344.804	410.81620000000004
345.031	408.7762
345.259	404.7362
345.487	393.9162
345.714	387.5962
345.942	379.6162
346.17	378.99620000000004
346.397	376.78619999999995
346.625	377.8462
346.853	376.3462
347.08	372.6762
347.308	378.2762
347.535	384.1662
347.763	389.13620000000003
347.99	386.7362
348.218	390.6562
348.445	393.10620000000006
348.673	383.78619999999995
348.9	378.38620000000003
349.128	372.87620000000004
349.355	368.19620000000003
349.583	369.44620000000003
349.81	369.8462
350.037	368.0162
350.265	366.7662
350.492	368.6562
350.72	371.1662
350.947	376.7062
351.174	384.88620000000003
351.402	388.0662
351.629	379.0062
351.856	381.2662
352.083	385.4162
352.311	388.99620000000004
352.538	390.7062
352.765	388.1562
352.992	388.2362
353.22	383.2462
353.447	378.88620000000003
353.674	371.64619999999996
353.901	363.5962
354.128	362.1762
354.355	363.5962
354.583	366.7462
354.81	366.89619999999996
355.037	365.3162
355.264	361.3662
355.491	361.44620000000003
355.718	358.14619999999996
355.945	361.44620000000003
356.172	362.78619999999995
356.399	363.2762
356.626	361.21619999999996
356.853	361.87620000000004
357.08	358.3662
357.307	358.21619999999996
357.534	358.3462
357.761	360.78619999999995
357.988	364.2062
358.215	362.7562
358.441	361.9862
358.668	363.0762
358.895	363.4162
359.122	364.94620000000003
359.349	369.5562
359.576	380.62620000000004
359.802	399.2362
360.029	412.5062
360.256	409.44620000000003
360.483	392.3062
360.709	374.8262
360.936	377.5862
361.163	376.1062
361.39	378.99620000000004
361.616	378.6662
361.843	373.2462
362.07	376.8062
362.296	376.9762
362.523	371.53619999999995
362.749	372.69620000000003
362.976	365.5462
363.203	368.0262
363.429	361.7462
363.656	366.19620000000003
363.882	365.4562
364.109	364.2662
364.335	361.4162
364.562	365.88620000000003
364.788	364.78619999999995
365.015	368.9762
365.241	370.3162
365.468	376.8162
365.694	377.96619999999996
365.92	373.1562
366.147	364.6862
366.373	363.6662
366.599	363.7362
366.826	359.1162
367.052	360.37620000000004
367.278	364.9562
367.505	363.1862
367.731	369.2962
367.957	365.3262
368.184	369.7662
368.41	378.2062
368.636	392.06620000000004
368.862	399.7562
369.089	383.19620000000003
369.315	371.53619999999995
369.541	370.4362
369.767	374.1662
369.993	372.4962
370.219	372.2462
370.445	372.24620000000004
370.672	374.2062
370.898	374.88620000000003
371.124	378.4662000000001
371.35	382.1862
371.576	379.5462
371.802	381.2362
372.028	378.9562
372.254	382.3462
372.48	383.9062
372.706	388.67620000000005
372.932	391.2962
373.158	389.10620000000006
373.384	386.5262
373.61	387.5262
373.835	387.9762
374.061	387.9762
374.287	394.9562
374.513	395.5062
374.739	403.2362
374.965	411.9662000000001
375.191	413.7262
375.416	409.0962
375.642	399.37620000000004
375.868	397.19620000000003
376.094	391.8662
376.319	387.4862
376.545	389.1562
376.771	386.63620000000003
376.997	385.7762
377.222	387.3662
377.448	384.5562
377.674	380.28620000000006
377.899	382.9162
378.125	382.5462
378.35	380.0762
378.576	379.17620000000005
378.802	378.5962
379.027	382.9762
379.253	384.17620000000005
379.478	380.81620000000004
379.704	383.9862
379.929	384.67620000000005
380.155	384.8262
380.38	385.2762
380.606	387.62620000000004
380.831	385.87620000000004
381.057	390.9362
381.282	387.7962
381.507	390.2662
381.733	395.24620000000004
381.958	396.7262
382.184	399.8462
382.409	403.88620000000003
382.634	408.49620000000004
382.86	407.5262
383.085	414.0062
383.31	419.4762
383.535	423.12620000000004
383.761	421.9162
383.986	426.7962
384.211	433.5162
384.436	438.9362
384.662	446.8662
384.887	453.1662
385.112	452.94620000000003
385.337	455.1862
385.562	458.69620000000003
385.787	456.9862
386.013	468.6862
386.238	470.5462
386.463	463.5462
386.688	463.5862
386.913	454.2062
387.138	452.89619999999996
387.363	454.67620000000005
387.588	447.9362
387.813	450.62620000000004
388.038	453.35620000000006
388.263	458.8062
388.488	458.1162
388.713	449.8062
388.938	445.7362
389.163	446.37620000000004
389.387	447.24620000000004
389.612	439.28620000000006
389.837	440.9862
390.062	439.7062
390.287	439.53620000000006
390.512	439.94620000000003
390.736	446.2162000000001
390.961	452.31620000000004
391.186	456.81620000000004
391.411	471.60620000000006
391.636	475.9062
391.86	482.56620000000004
392.085	485.44620000000003
392.31	477.28620000000006
392.534	468.19620000000003
392.759	466.03620000000006
392.984	459.8462
393.208	465.8262
393.433	474.74620000000004
393.658	467.9162
393.882	455.1162
394.107	454.9862
394.331	460.19620000000003
394.556	458.14619999999996
394.78	465.3262
395.005	467.62620000000004
395.229	468.31620000000004
395.454	482.2562
395.678	486.94620000000003
395.903	487.81620000000004
396.127	491.5962
396.352	478.92620000000005
396.576	464.14619999999996
396.801	468.49620000000004
397.025	479.9562
397.249	479.7362
397.474	487.5962
397.698	486.6862
397.922	496.8662
398.147	503.7962
398.371	507.35620000000006
398.595	519.3062
398.82	539.6062000000001
399.044	578.3562000000001
399.268	633.4762
399.492	709.6261999999999
399.717	753.5862
399.941	733.2262
400.165	692.4061999999999
400.389	644.8462000000001
400.613	585.8762
400.837	555.9062
401.062	547.6562
401.286	539.3462000000001
401.51	535.6362
401.734	535.5562
401.958	553.1662
402.182	578.0062
402.406	606.1162
402.63	582.2562
402.854	570.8162
403.078	576.1462
403.302	586.2462
403.526	592.0262
403.75	596.4662000000001
403.974	603.1062000000001
404.198	596.1062000000001
404.422	603.6762
404.645	599.2962
404.869	591.6162
405.093	604.7862
405.317	611.3662
405.541	616.3762
405.765	595.8762
405.988	603.9362
406.212	657.3762
406.436	711.2162000000001
406.66	658.3762
406.883	628.2262
407.107	666.5761999999999
407.331	702.3062
407.555	737.8261999999999
407.778	715.2661999999999
408.002	658.3562000000001
408.226	632.5462
408.449	623.5262
408.673	614.2262
408.896	628.6862
409.12	640.8862
409.344	609.1762
409.567	583.0762
409.791	581.9362
410.014	578.3562000000001
410.238	569.9662000000001
410.461	573.5562
410.685	577.2062000000001
410.908	583.7862
411.132	606.8762
411.355	603.1162
411.578	570.9862
411.802	553.5762
412.025	551.5062
412.249	556.2962
412.472	556.9662000000001
412.695	551.8562000000001
412.919	539.9062
413.142	530.1662
413.365	528.2662
413.589	532.6362
413.812	526.5162
414.035	522.7662
414.258	526.0862
414.482	531.2362
414.705	533.0562
414.928	530.9862
415.151	529.1762
415.374	531.5962000000001
415.597	522.0562
415.821	516.9362
416.044	516.5862
416.267	519.6262
416.49	514.9962
416.713	514.6562
416.936	521.9062
417.159	519.0762
417.382	524.9962
417.605	521.6862
417.828	538.4262
418.051	547.3662
418.274	537.5162
418.497	528.3762
418.72	536.6462
418.943	535.5562
419.166	560.0362
419.389	590.6362
419.611	577.8462000000001
419.834	564.2762
420.057	554.7162000000001
420.28	540.1662
420.503	526.4662000000001
420.726	529.7762
420.948	543.7562
421.171	576.8762
421.394	572.7962
421.617	541.0262
421.839	535.9362
422.062	545.1662
422.285	558.3262
422.507	607.3662
422.73	648.6662
422.953	597.6062000000001
423.175	570.5862
423.398	571.7762
423.621	571.6862
423.843	585.5762
424.066	581.2062000000001
424.288	577.4962
424.511	593.9862
424.733	629.1062000000001
424.956	664.3162
425.178	623.9262
425.401	638.4262
425.623	628.9862
425.846	557.6362
426.068	547.5562
426.291	538.7062000000001
426.513	537.9262
426.735	547.4362
426.958	579.7562
427.18	637.7962
427.402	739.8462
427.625	760.4861999999999
427.847	633.0362
428.069	561.5062
428.292	528.0162
428.514	505.85620000000006
428.736	493.0862
428.958	495.63620000000003
429.181	481.62620000000004
429.403	483.4562
429.625	497.87620000000004
429.847	523.5462
430.069	563.4462
430.292	529.2662
430.514	484.60620000000006
430.736	488.92620000000005
430.958	481.88620000000003
431.18	474.10620000000006
431.402	473.99620000000004
431.624	472.9162
431.846	478.35620000000006
432.068	479.7162000000001
432.29	485.92620000000005
432.512	481.2962
432.734	489.7662
432.956	485.6862
433.178	494.7762
433.4	492.56620000000004
433.622	484.74620000000004
433.844	485.7762
434.066	488.2962
434.287	494.0262
434.509	509.5962
434.731	523.6062000000001
434.953	533.2662
435.175	541.3862
435.397	549.7862
435.618	544.7062000000001
435.84	576.0862
436.062	646.1662
436.284	637.0362
436.505	545.7762
436.727	524.1562
436.949	501.2162000000001
437.17	489.7162000000001
437.392	484.4562
437.614	500.13620000000003
437.835	534.1462
438.057	609.1762
438.278	648.4962
438.5	639.0862
438.721	705.6662
438.943	618.3662
439.165	527.0462
439.386	516.3962
439.608	521.2862
439.829	531.8962
440.05	572.5662
440.272	608.6462
440.493	537.9762
440.715	509.17620000000005
440.936	506.5262
441.158	510.13620000000003
441.379	518.1062000000001
441.6	544.9062
441.822	560.9462
442.043	591.5562
442.264	648.6162
442.486	624.7462
442.707	564.7662
442.928	559.9962
443.149	591.0662
443.371	608.1662
443.592	629.0262
443.813	699.5962
444.034	692.4361999999999
444.255	608.3762
444.476	593.2962
444.698	605.8862
444.919	612.9262
445.14	637.4162
445.361	616.8262
445.582	613.3762
445.803	667.0962
446.024	712.5962
446.245	688.3862
446.466	612.8262
446.687	531.5062
446.908	509.9862
447.129	488.1562
447.35	478.5462
447.571	478.3362
447.792	471.62620000000004
448.013	481.14619999999996
448.234	503.7762
448.455	543.3462000000001
448.675	633.8862
448.896	667.3862
449.117	556.0262
449.338	572.8962
449.559	679.7361999999999
449.779	696.1762
450.0	537.1362
450.221	482.3662
450.442	466.13620000000003
450.662	464.3662
450.883	474.64619999999996
451.104	486.5862
451.324	465.69620000000003
451.545	453.2762
451.766	443.12620000000004
451.986	435.81620000000004
452.207	433.8462
452.428	434.53620000000006
452.648	443.3062
452.869	448.7062
453.089	459.0562
453.31	467.1162
453.53	439.87620000000004
453.751	434.2062
453.971	443.6662
454.192	454.1862
454.412	430.64619999999996
454.633	423.56620000000004
454.853	423.6662
455.073	425.5862
455.294	455.44620000000003
455.514	493.6562
455.734	455.0162
455.955	414.4562
456.175	407.87620000000004
456.395	403.67620000000005
456.616	402.6662
456.836	404.9862
457.056	403.42620000000005
457.276	397.0762
457.497	410.8462
457.717	408.88620000000003
457.937	415.3462
458.157	418.6562
458.377	430.44620000000003
458.598	462.5262
458.818	538.3662
459.038	595.9762
459.258	563.3062
459.478	497.12620000000004
459.698	485.5762
459.918	490.9662000000001
460.138	503.8262
460.358	519.5262
460.578	521.0562
460.798	527.0162
461.018	529.4362
461.238	518.3062
461.458	515.2862
461.678	511.7062
461.898	522.7162000000001
462.118	526.2562
462.338	551.3262
462.558	559.4762
462.777	577.2962
462.997	620.1262
463.217	647.7162
463.437	632.7262
463.657	593.6662
463.876	577.8762
464.096	582.8962
464.316	588.4562000000001
464.536	589.8162
464.755	575.3462000000001
464.975	576.7062000000001
465.195	621.1562
465.414	617.5162
465.634	521.2562
465.854	490.2162000000001
466.073	478.06620000000004
466.293	465.5962
466.512	451.5862
466.732	445.06620000000004
466.951	447.67620000000005
467.171	450.3062
467.391	456.2562
467.61	464.9062
467.829	458.67620000000005
468.049	447.7362
468.268	435.0462
468.488	428.3462
468.707	426.6562
468.927	428.99620000000004
469.146	426.5262
469.365	430.8462
469.585	436.12620000000004
469.804	451.7062
470.023	464.9162
470.243	462.3062
470.462	472.5562
470.681	485.5262
470.901	468.0862
471.12	457.81620000000004
471.339	453.1162
471.558	448.7262
471.777	444.0562
471.997	436.4062
472.216	436.0462
472.435	439.6862
472.654	428.0962
472.873	425.5262
473.092	426.2962
473.311	425.3062
473.53	427.7562
473.749	440.2562
473.968	478.99620000000004
474.187	553.8662
474.406	517.5562
474.625	449.7762
474.844	433.3062
475.063	430.60620000000006
475.282	431.12620000000004
475.501	433.2962
475.72	438.78620000000006
475.939	439.10620000000006
476.158	440.8062
476.377	446.5562
476.596	443.6562
476.814	456.69620000000003
477.033	461.2162000000001
477.252	463.3462
477.471	466.0062
477.69	474.89619999999996
477.908	484.0862
478.127	494.4662000000001
478.346	496.37620000000004
478.564	507.7762
478.783	515.6562
479.002	524.0862
479.22	524.7562
479.439	535.2362
479.658	544.0262
479.876	544.5162
480.095	558.7562
480.313	586.9562000000001
480.532	573.3962
480.751	563.0162
480.969	559.2762
481.188	565.8562000000001
481.406	542.6162
481.624	522.0662
481.843	505.0762
482.061	499.5262
482.28	497.85620000000006
482.498	490.0262
482.717	489.0162
482.935	491.0462
483.153	490.13620000000003
483.372	489.13620000000003
483.59	489.7062
483.808	493.49620000000004
484.027	492.4162
484.245	497.9662000000001
484.463	498.5062
484.681	506.5862
484.9	504.94620000000003
485.118	513.3462000000001
485.336	515.4162
485.554	520.0362
485.772	527.0162
485.99	530.4562000000001
486.209	531.6362
486.427	532.7562
486.645	539.4362
486.863	546.8562000000001
487.081	538.4862
487.299	533.8762
487.517	526.4662000000001
487.735	522.9062
487.953	523.1762
488.171	524.6362
488.389	523.6062000000001
488.607	527.7562
488.825	522.4762
489.043	524.4762
489.261	527.4062
489.479	526.5762
489.696	531.1462
489.914	528.6362
490.132	535.9262
490.35	544.0562
490.568	543.9462
490.786	550.0762
491.003	555.1562
491.221	563.0162
491.439	569.9162
491.657	575.1362
491.874	581.5362
492.092	578.2662
492.31	581.1762
492.527	581.9162
492.745	586.2262
492.963	590.9862
493.18	593.3762
493.398	600.1062000000001
493.615	612.4862
493.833	607.8162
494.05	602.7662
494.268	607.5562
494.485	603.3162
494.703	602.5862
494.92	607.5462
495.138	604.3262
495.355	604.0962000000001
495.573	608.2362
495.79	607.4962
496.008	612.6462
496.225	606.3162
496.442	608.7462
496.66	615.5162
496.877	615.0362
497.094	624.9262
497.312	636.2262
497.529	647.6062
497.746	660.4162
497.963	675.0362
498.181	705.1162
498.398	723.3662
498.615	762.4861999999999
498.832	791.5062
499.049	820.5062
499.267	864.5761999999999
499.484	912.8962
499.701	973.6962
499.918	1024.8062
500.135	1082.7562
500.352	1124.1562
500.569	1129.0362
500.786	1119.4462
501.003	1089.1162
501.22	1045.2461999999998
501.437	993.6861999999999
501.654	938.5362
501.871	900.1861999999999
502.088	838.6062
502.305	793.6662
502.522	761.4861999999999
502.739	737.4762
502.956	704.2961999999999
503.172	681.6062
503.389	667.7862
503.606	666.8462
503.823	654.5962
504.04	647.5762
504.256	650.4662000000001
504.473	661.2562
504.69	665.8761999999999
504.907	651.4162
505.123	622.6862
505.34	606.2562
505.557	591.0062
505.773	585.4162
505.99	581.0062
506.207	572.6462
506.423	570.2462
506.64	563.8562000000001
506.856	557.9462
507.073	553.0862
507.289	552.3262
507.506	551.0662
507.722	567.8862
507.939	566.7662
508.155	541.5662
508.372	533.7062000000001
508.588	526.8962
508.805	528.9462
509.021	532.2762
509.238	547.1362
509.454	549.2662
509.67	541.5162
509.887	537.3662
510.103	554.1162
510.319	623.6762
510.536	1142.8262
510.752	2657.2662
510.968	1058.7862
511.184	560.7862
511.401	521.1762
511.617	503.2662
511.833	498.2662
512.049	495.0162
512.265	491.28620000000006
512.481	492.13620000000003
512.698	491.0762
512.914	491.78620000000006
513.13	493.4662000000001
513.346	492.4062
513.562	491.5262
513.778	496.81620000000004
513.994	503.3462
514.21	512.7562
514.426	536.9262
514.642	567.7362
514.858	573.2262
515.074	629.3762
515.29	932.2361999999999
515.506	1874.8562
515.721	988.2962000000001
515.937	607.2962
516.153	564.0262
516.369	553.4562000000001
516.585	555.2262
516.801	563.3962
517.016	577.0262
517.232	594.0262
517.448	608.1962
517.664	619.2262
517.879	616.4162
518.095	612.7362
518.311	603.3662
518.527	584.6062000000001
518.742	567.8062
518.958	552.5062
519.173	540.3062
519.389	530.1162
519.605	521.6462
519.82	518.7462
520.036	531.3662
520.251	547.2962
520.467	549.0762
520.682	537.1362
520.898	538.5062
521.113	551.4762
521.329	586.6762
521.544	678.6562000000001
521.76	1071.3762
521.975	2778.3561999999997
522.19	1855.3362
522.406	732.9662000000001
522.621	531.6262
522.836	491.62620000000004
523.052	475.10620000000006
523.267	464.7062
523.482	458.2062
523.698	456.5962
523.913	470.64619999999996
524.128	455.5262
524.343	441.7762
524.559	438.3062
524.774	433.4362
524.989	438.0562
525.204	448.3362
525.419	438.1162
525.634	429.3362
525.849	427.8462
526.064	426.3362
526.28	421.4362
526.495	417.85620000000006
526.71	418.8462
526.925	415.2562
527.14	415.89619999999996
527.355	414.8262
527.57	415.1862
527.785	416.5262
527.999	416.28620000000006
528.214	416.9162
528.429	420.7662
528.644	420.1562
528.859	418.1562
529.074	420.9362
529.289	453.60620000000006
529.503	529.2062000000001
529.718	457.74620000000004
529.933	431.3662
530.148	423.56620000000004
530.363	421.5162
530.577	414.92620000000005
530.792	412.5162
531.007	413.67620000000005
531.221	416.8362
531.436	415.7162000000001
531.651	413.4162
531.865	413.0562
532.08	413.2662
532.295	413.49620000000004
532.509	411.2662
532.724	410.5762
532.938	415.06620000000004
533.153	412.94620000000003
533.367	411.0262
533.582	412.7162000000001
533.796	410.7962
534.011	409.4062
534.225	407.6562
534.44	400.9362
534.654	403.99620000000004
534.868	403.87620000000004
535.083	403.42620000000005
535.297	405.4062
535.511	410.1162
535.726	413.2962
535.94	409.64619999999996
536.154	401.39619999999996
536.369	395.19620000000003
536.583	389.35620000000006
536.797	392.44620000000003
537.011	387.1562
537.225	383.9162
537.44	385.8462
537.654	388.10620000000006
537.868	387.0062
538.082	386.2962
538.296	387.44620000000003
538.51	386.5762
538.724	383.88620000000003
538.938	383.0562
539.153	385.7262
539.367	397.3462
539.581	387.7762
539.795	379.6562
540.009	381.14619999999996
540.222	380.4662000000001
540.436	381.0462
540.65	379.81620000000004
540.864	383.8462
541.078	387.2662
541.292	385.3262
541.506	378.56620000000004
541.72	373.9362
541.934	370.96619999999996
542.147	369.78619999999995
542.361	369.9862
542.575	365.4162
542.789	370.4562
543.002	371.38620000000003
543.216	375.0262
543.43	383.2362
543.644	375.9162
543.857	374.4262
544.071	373.2562
544.285	377.1562
544.498	373.5062
544.712	373.3062
544.925	375.6662
545.139	374.92620000000005
545.352	374.31620000000004
545.566	373.6662
545.779	373.60620000000006
545.993	373.6562
546.206	372.6662
546.42	369.3162
546.633	373.5662
546.847	373.88620000000003
547.06	368.4962
547.274	367.44620000000003
547.487	367.3062
547.7	369.63620000000003
547.914	370.3362
548.127	371.2062
548.34	370.2762
548.554	372.88620000000003
548.767	372.4162
548.98	370.96619999999996
549.193	371.5762
549.407	377.39619999999996
549.62	377.1562
549.833	379.1862
550.046	374.14619999999996
550.259	372.4562
550.473	366.6062
550.686	367.6062
550.899	367.2762
551.112	364.12620000000004
551.325	360.0062
551.538	363.4362
551.751	363.6862
551.964	366.9162
552.177	369.8662
552.39	372.99620000000004
552.603	380.0162
552.816	388.39619999999996
553.029	392.49620000000004
553.242	396.7762
553.455	405.81620000000004
553.667	413.28620000000006
553.88	407.06620000000004
554.093	391.53620000000006
554.306	384.5562
554.519	380.2062
554.732	372.9762
554.944	366.64619999999996
555.157	359.44620000000003
555.37	357.78619999999995
555.583	353.3862
555.795	350.8262
556.008	344.2362
556.221	338.8162
556.433	339.1162
556.646	336.14619999999996
556.859	332.4862
557.071	331.3362
557.284	327.4762
557.496	328.6362
557.709	326.0262
557.921	324.2462
558.134	322.6762
558.346	322.0762
558.559	322.0862
558.771	317.5262
558.984	317.71619999999996
559.196	315.7562
559.409	314.20619999999997
559.621	318.2662
559.833	314.5262
560.046	314.44620000000003
560.258	314.19620000000003
560.47	315.0762
560.683	315.4962
560.895	311.71619999999996
561.107	311.71619999999996
561.32	312.9862
561.532	315.5262
561.744	316.6062
561.956	317.4262
562.168	316.8762
562.381	318.1062
562.593	318.95619999999997
562.805	323.2362
563.017	318.21619999999996
563.229	319.7362
563.441	318.21619999999996
563.653	320.8262
563.865	321.5462
564.077	324.0062
564.289	326.6762
564.501	329.9562
564.713	336.2562
564.925	341.0762
565.137	355.9962
565.349	351.2062
565.561	357.6062
565.773	367.0462
565.985	378.6662
566.197	395.4762
566.408	414.0462
566.62	438.81620000000004
566.832	456.14619999999996
567.044	459.28620000000006
567.255	461.4762
567.467	477.6162
567.679	496.1162
567.891	520.0362
568.102	516.9462
568.314	490.2262
568.526	454.9562
568.737	426.9362
568.949	399.44620000000003
569.161	377.9162
569.372	361.5662
569.584	349.0462
569.795	343.2762
570.007	356.1062
570.218	471.63620000000003
570.43	367.2562
570.641	327.2662
570.853	320.3162
571.064	322.8762
571.276	319.5662
571.487	310.0262
571.698	305.5562
571.91	297.2762
572.121	291.9362
572.333	288.20619999999997
572.544	284.0362
572.755	282.19620000000003
572.966	279.3862
573.178	278.9362
573.389	275.94620000000003
573.6	274.39619999999996
573.811	270.8262
574.023	270.4062
574.234	269.5162
574.445	269.6262
574.656	269.5462
574.867	269.7462
575.078	270.6562
575.289	269.1862
575.501	267.0662
575.712	262.2562
575.923	263.7862
576.134	261.4862
576.345	259.6362
576.556	259.7462
576.767	260.19620000000003
576.978	260.3662
577.188	258.0362
577.399	257.5962
577.61	257.5962
577.821	260.0062
578.032	274.8262
578.243	423.7662
578.454	897.3062
578.665	373.8662
578.875	261.3062
579.086	249.0362
579.297	246.7062
579.508	243.8962
579.718	243.66619999999998
579.929	243.1362
580.14	240.7062
580.35	240.6162
580.561	240.5562
580.772	239.7962
580.982	238.7862
581.193	236.6562
581.403	236.87619999999998
581.614	235.68619999999999
581.825	235.18619999999999
582.035	233.84619999999998
582.246	234.5662
582.456	233.5462
582.667	234.34619999999998
582.877	233.1362
583.087	234.57619999999997
583.298	232.5562
583.508	231.57619999999997
583.719	231.2362
583.929	232.0262
584.139	230.9662
584.35	228.2762
584.56	230.7762
584.77	229.84619999999998
584.981	230.43619999999999
585.191	230.7762
585.401	226.4862
585.611	227.33620000000002
585.821	228.3662
586.032	227.3062
586.242	225.7162
586.452	226.6762
586.662	224.4262
586.872	223.5262
587.082	221.2962
587.292	223.16619999999998
587.502	224.6762
587.713	223.7062
587.923	224.0262
588.133	223.66619999999998
588.343	225.1962
588.553	222.7662
588.762	224.5362
588.972	225.5662
589.182	228.9062
589.392	225.3962
589.602	223.74620000000002
589.812	226.00619999999998
590.022	228.1962
590.232	224.57619999999997
590.441	226.0662
590.651	225.0262
590.861	224.7262
591.071	227.4462
591.281	231.5162
591.49	232.57619999999997
591.7	234.9862
591.91	238.9062
592.119	237.7662
592.329	245.74620000000002
592.539	255.4862
592.748	256.19620000000003
592.958	258.71619999999996
593.167	260.7962
593.377	264.46619999999996
593.587	271.5862
593.796	268.3362
594.006	268.46619999999996
594.215	269.3562
594.424	266.45619999999997
594.634	259.5162
594.843	254.83620000000002
595.053	246.91619999999998
595.262	243.3162
595.472	238.09619999999998
595.681	231.5362
595.89	228.1562
596.1	225.8562
596.309	221.1362
596.518	219.0262
596.727	218.43619999999999
596.937	216.82619999999997
597.146	211.9562
597.355	210.9462
597.564	209.3962
597.774	208.6162
597.983	205.91619999999998
598.192	205.2962
598.401	204.1462
598.61	202.84619999999998
598.819	202.9262
599.028	201.09619999999998
599.237	199.59619999999998
599.446	201.16619999999998
599.655	199.7062
599.864	200.3062
600.073	199.32619999999997
600.282	200.09619999999998
600.491	199.93619999999999
600.7	198.3562
600.909	198.4662
601.118	198.9562
601.327	200.2962
601.536	198.5462
601.745	197.2362
601.953	197.0462
602.162	194.57619999999997
602.371	193.91619999999998
602.58	192.58620000000002
602.789	193.1462
602.997	190.7962
603.206	191.7862
603.415	189.6462
603.623	188.0562
603.832	188.8162
604.041	188.6462
604.249	186.6762
604.458	187.43619999999999
604.666	186.68619999999999
604.875	187.6562
605.084	187.25619999999998
605.292	186.3962
605.501	186.84619999999998
605.709	186.43619999999999
605.918	184.18619999999999
606.126	185.09619999999998
606.334	187.2762
606.543	184.68619999999999
606.751	185.7362
606.96	183.7362
607.168	183.6962
607.376	182.1562
607.585	185.6762
607.793	182.5262
608.001	184.68619999999999
608.21	181.0362
608.418	182.0162
608.626	181.1062
608.834	183.12619999999998
609.043	179.7962
609.251	181.3662
609.459	181.1762
609.667	182.8062
609.875	180.18619999999999
610.083	179.3862
610.291	179.7062
610.499	181.4862
610.707	182.3162
610.916	181.4262
611.124	181.0362
611.332	179.0462
611.54	180.07619999999997
611.748	178.4562
611.955	179.2362
612.163	178.6462
612.371	178.50619999999998
612.579	178.07619999999997
612.787	177.8862
612.995	179.0162
613.203	180.4662
613.411	176.24620000000002
613.618	177.2662
613.826	177.8862
614.034	176.41619999999998
614.242	177.33620000000002
614.449	176.9062
614.657	177.8962
614.865	177.6062
615.072	179.1162
615.28	180.18619999999999
615.488	179.4762
615.695	181.8162
615.903	187.24620000000002
616.111	193.1462
616.318	193.6762
616.526	189.58620000000002
616.733	187.49620000000002
616.941	183.9762
617.148	184.1362
617.356	180.6562
617.563	181.82619999999997
617.771	180.6562
617.978	176.9562
618.185	179.3062
618.393	177.59619999999998
618.6	178.7862
618.807	177.3162
619.015	176.1162
619.222	175.1362
619.429	176.37619999999998
619.637	176.2162
619.844	173.5162
620.051	170.3662
620.258	170.9662
620.466	169.2962
620.673	167.5262
620.88	167.3962
621.087	166.9762
621.294	168.0562
621.501	168.5162
621.708	169.00619999999998
621.915	171.0262
622.122	169.3662
622.329	170.59619999999998
622.536	170.4062
622.743	165.8162
622.95	165.8062
623.157	163.4062
623.364	165.16619999999998
623.571	165.87619999999998
623.778	164.2862
623.985	165.0162
624.192	161.50619999999998
624.399	160.7262
624.606	164.0662
624.812	163.4062
625.019	161.4262
625.226	159.7862
625.433	163.4262
625.639	161.9062
625.846	161.3662
626.053	160.50619999999998
626.259	158.75619999999998
626.466	158.8662
626.673	158.43619999999999
626.879	158.91619999999998
627.086	160.3562
627.293	159.4262
627.499	158.37619999999998
627.706	158.37619999999998
627.912	157.8562
628.119	156.7162
628.325	156.8562
628.532	156.0262
628.738	156.1362
628.945	152.87619999999998
629.151	153.75619999999998
629.357	154.5262
629.564	154.4562
629.77	153.74620000000002
629.976	151.5362
630.183	151.8262
630.389	150.5662
630.595	150.5762
630.802	150.0462
631.008	150.2162
631.214	148.7962
631.42	150.8362
631.627	151.4662
631.833	146.9862
632.039	146.7662
632.245	146.87619999999998
632.451	147.34619999999998
632.657	147.2962
632.863	146.5162
633.069	145.7562
633.275	145.0262
633.481	143.43619999999999
633.688	143.58620000000002
633.893	147.99620000000002
634.099	144.0562
634.305	143.1562
634.511	143.4762
634.717	143.5062
634.923	142.9762
635.129	141.7962
635.335	142.3662
635.541	140.9162
635.747	142.74620000000002
635.952	140.3962
636.158	141.9662
636.364	143.8862
636.57	141.7262
636.775	141.4162
636.981	140.8962
637.187	140.7862
637.392	139.1162
637.598	140.6462
637.804	142.2962
638.009	140.58620000000002
638.215	140.6662
638.421	136.6162
638.626	137.9662
638.832	138.33620000000002
639.037	137.3962
639.243	136.8962
639.448	136.6662
639.654	139.1162
639.859	135.4762
640.065	134.2562
640.27	140.1362
640.475	136.9562
640.681	134.6562
640.886	137.0162
641.091	134.6662
641.297	138.49620000000002
641.502	134.08620000000002
641.707	135.3162
641.913	135.3662
642.118	133.4862
642.323	134.9762
642.528	135.43619999999999
642.733	134.5162
642.939	133.84619999999998
643.144	134.93619999999999
643.349	133.8062
643.554	134.1962
643.759	131.1762
643.964	131.7762
644.169	135.0762
644.374	132.3062
644.579	133.8562
644.784	133.8062
644.989	134.74620000000002
645.194	131.4662
645.399	131.1962
645.604	134.1062
645.809	136.0062
646.014	134.9262
646.219	134.3262
646.423	131.84619999999998
646.628	132.5062
646.833	134.62619999999998
647.038	133.8962
647.243	135.0462
647.447	135.5262
647.652	135.1462
647.857	136.8062
648.062	137.8862
648.266	139.4762
648.471	145.2062
648.676	147.09619999999998
648.88	145.5362
649.085	141.74620000000002
649.289	142.33620000000002
649.494	152.2262
649.698	186.4062
649.903	151.9662
650.107	136.0462
650.312	132.8862
650.516	127.9862
650.721	128.09619999999998
650.925	125.5362
651.13	123.5962
651.334	123.3862
651.539	121.2062
651.743	120.5062
651.947	120.2262
652.152	120.8762
652.356	119.2462
652.56	119.3962
652.764	116.4062
652.969	116.5662
653.173	115.36619999999999
653.377	113.9662
653.581	113.2962
653.785	112.5962
653.99	114.1662
654.194	113.7262
654.398	113.4162
654.602	111.5062
654.806	118.4162
655.01	131.1462
655.214	118.5662
655.418	113.17620000000001
655.622	110.26620000000001
655.826	112.7262
656.03	115.9062
656.234	118.5662
656.438	122.27619999999999
656.642	122.8762
656.846	115.0562
657.049	109.7862
657.253	106.3962
657.457	102.4762
657.661	101.9062
657.865	98.6462
658.068	98.0562
658.272	95.4862
658.476	95.5762
658.68	93.4762
658.883	93.2562
659.087	92.8362
659.291	92.8262
659.494	92.02619999999999
659.698	90.59620000000001
659.901	90.9562
660.105	88.4562
660.309	89.36619999999999
660.512	88.59620000000001
660.716	87.35620000000002
660.919	87.7862
661.123	88.5362
661.326	86.0462
661.53	86.3862
661.733	85.3962
661.936	85.7062
662.14	82.4962
662.343	84.2162
662.546	83.52619999999999
662.75	82.86619999999999
662.953	84.18620000000001
663.156	82.44619999999999
663.36	82.0362
663.563	83.3762
663.766	81.17620000000001
663.969	83.3962
664.173	79.8462
664.376	81.3862
664.579	81.5462
664.782	80.2462
664.985	82.2462
665.188	81.2262
665.391	81.2262
665.594	80.3162
665.797	80.70620000000001
666.0	80.8862
666.203	80.7962
666.406	80.25619999999999
666.609	81.69619999999999
666.812	82.69619999999999
667.015	80.7962
667.218	81.2962
667.421	81.03620000000001
667.624	80.4662
667.827	81.44619999999999
668.03	81.8962
668.232	80.1862
668.435	82.7162
668.638	80.3462
668.841	83.26620000000001
669.043	80.4762
669.246	82.0562
669.449	81.2062
669.651	81.3362
669.854	81.4762
670.057	82.0462
670.259	80.2962
670.462	80.7962
670.665	81.4162
670.867	81.59620000000001
671.07	81.8162
671.272	82.8262
671.475	83.9962
671.677	81.59620000000001
671.88	80.6862
672.082	80.5262
672.284	82.19619999999999
672.487	81.0462
672.689	80.20620000000001
672.892	80.50619999999999
