223.165	-18.154600000000002
223.4	-18.154600000000002
223.635	-18.154600000000002
223.869	-19.624599999999997
224.104	-19.124599999999997
224.338	-14.3346
224.573	-14.914600000000002
224.808	-13.8446
225.042	-8.3146
225.277	-6.1046000000000005
225.511	-3.9946
225.746	3.8053999999999997
225.98	8.1154
226.215	12.7754
226.449	16.3554
226.683	21.1054
226.918	25.7754
227.152	30.4754
227.387	35.5554
227.621	39.2654
227.856	44.9354
228.09	46.40539999999999
228.324	49.5054
228.559	56.5154
228.793	58.9654
229.027	63.0954
229.262	65.4654
229.496	72.0254
229.73	79.2154
229.964	78.8654
230.199	74.22540000000001
230.433	73.4654
230.667	78.4654
230.901	78.2454
231.136	78.7354
231.37	79.83539999999999
231.604	81.2054
231.838	80.3454
232.072	81.2654
232.306	80.8254
232.541	81.1754
232.775	80.6254
233.009	80.7554
233.243	82.1354
233.477	81.5654
233.711	82.19539999999999
233.945	80.3754
234.179	79.83539999999999
234.413	80.9554
234.647	80.33539999999999
234.881	80.1354
235.115	78.4054
235.349	79.2454
235.583	79.1754
235.817	79.3754
236.051	77.8154
236.285	77.7954
236.519	77.97540000000001
236.753	78.6254
236.987	79.22540000000001
237.221	81.7354
237.455	80.9154
237.689	77.1154
237.922	76.58539999999999
238.156	75.7754
238.39	75.9154
238.624	75.1554
238.858	77.0654
239.091	77.4254
239.325	77.3254
239.559	78.47540000000001
239.793	77.72540000000001
240.027	79.3654
240.26	76.4254
240.494	78.0154
240.728	76.2054
240.961	76.1754
241.195	79.0754
241.429	76.94539999999999
241.662	76.7454
241.896	77.2954
242.13	76.89540000000001
242.363	76.2954
242.597	74.0254
242.83	77.9654
243.064	77.2954
243.298	77.7654
243.531	77.0254
243.765	77.58539999999999
243.998	79.3254
244.232	81.60539999999999
244.465	84.5154
244.699	78.7554
244.932	77.0254
245.166	78.2454
245.399	77.6654
245.633	78.2854
245.866	78.5454
246.099	77.8854
246.333	78.9054
246.566	77.1554
246.8	80.1254
247.033	79.6854
247.266	77.14540000000001
247.5	78.64540000000001
247.733	78.6854
247.966	81.7654
248.2	80.64540000000001
248.433	78.8754
248.666	80.8454
248.899	82.0754
249.133	83.5554
249.366	93.25540000000001
249.599	91.8354
249.832	82.69539999999999
250.066	83.2354
250.299	78.89540000000001
250.532	80.72540000000001
250.765	79.8454
250.998	79.1054
251.231	80.6054
251.465	80.1354
251.698	79.3054
251.931	79.7154
252.164	81.4654
252.397	79.7154
252.63	78.58539999999999
252.863	79.4954
253.096	79.5654
253.329	81.77539999999999
253.562	80.8254
253.795	80.4354
254.028	81.3154
254.261	82.19539999999999
254.494	81.93539999999999
254.727	83.8754
254.96	80.8754
255.193	80.4154
255.426	81.0454
255.659	80.7154
255.892	84.3354
256.124	82.2154
256.357	82.3054
256.59	82.9254
256.823	81.72540000000001
257.056	82.18539999999999
257.289	83.2054
257.521	81.8254
257.754	81.93539999999999
257.987	81.1754
258.22	83.02539999999999
258.452	82.9554
258.685	81.1354
258.918	82.0754
259.151	82.2454
259.383	82.75540000000001
259.616	81.8354
259.849	81.4054
260.081	81.8354
260.314	82.6654
260.547	81.8354
260.779	82.6754
261.012	84.7954
261.244	85.0454
261.477	88.5354
261.71	87.6254
261.942	102.7454
262.175	103.69539999999999
262.407	86.8054
262.64	83.44539999999999
262.872	82.7154
263.105	82.6654
263.337	84.9254
263.57	82.9054
263.802	83.4554
264.035	84.6154
264.267	82.8754
264.499	81.6254
264.732	82.75540000000001
264.964	82.9954
265.197	83.3754
265.429	83.1754
265.661	83.5554
265.894	83.60539999999999
266.126	85.75540000000001
266.358	84.68539999999999
266.591	83.5554
266.823	83.3054
267.055	81.94539999999999
267.287	82.77539999999999
267.52	83.0654
267.752	84.3154
267.984	84.8854
268.216	83.6554
268.448	84.8254
268.681	83.3654
268.913	84.60539999999999
269.145	82.6154
269.377	84.7854
269.609	83.77539999999999
269.841	84.89540000000001
270.073	85.10539999999999
270.306	83.60539999999999
270.538	85.1654
270.77	82.8154
271.002	84.1754
271.234	85.1154
271.466	86.0654
271.698	83.8154
271.93	85.4154
272.162	85.94539999999999
272.394	86.2954
272.626	83.5154
272.858	85.1654
273.09	84.64540000000001
273.322	83.7354
273.553	83.9954
273.785	85.94539999999999
274.017	85.4554
274.249	85.2654
274.481	85.7854
274.713	86.47540000000001
274.945	86.0354
275.176	83.93539999999999
275.408	88.94539999999999
275.64	87.97540000000001
275.872	85.9654
276.104	88.2654
276.335	88.7354
276.567	92.5354
276.799	98.9854
277.031	97.1354
277.262	92.8654
277.494	89.27539999999999
277.726	86.5754
277.957	85.1154
278.189	84.8354
278.421	85.6254
278.652	86.8054
278.884	85.85539999999999
279.115	85.6254
279.347	87.00540000000001
279.579	87.5654
279.81	88.8754
280.042	91.1354
280.273	94.0454
280.505	89.44539999999999
280.736	86.44539999999999
280.968	85.77539999999999
281.199	87.0354
281.431	86.7054
281.662	88.5154
281.894	88.1654
282.125	95.02539999999999
282.356	106.64540000000001
282.588	122.5954
282.819	103.89540000000001
283.051	89.4854
283.282	86.94539999999999
283.513	89.2454
283.745	87.8754
283.976	85.0654
284.207	86.1254
284.439	87.6154
284.67	88.1154
284.901	86.9954
285.132	87.19539999999999
285.364	87.7654
285.595	87.5154
285.826	85.3254
286.057	89.3754
286.288	85.94539999999999
286.52	87.22540000000001
286.751	84.43539999999999
286.982	86.93539999999999
287.213	85.9254
287.444	87.19539999999999
287.675	86.8854
287.906	88.1354
288.138	88.1354
288.369	89.94539999999999
288.6	89.0454
288.831	85.8454
289.062	87.69539999999999
289.293	88.5354
289.524	88.0754
289.755	86.8054
289.986	86.5454
290.217	86.64540000000001
290.448	87.35539999999999
290.679	87.7854
290.91	90.19539999999999
291.141	86.5354
291.371	88.1254
291.602	87.9054
291.833	88.3054
292.064	88.7154
292.295	88.5154
292.526	87.4654
292.757	87.4954
292.987	88.77539999999999
293.218	88.7654
293.449	89.1554
293.68	87.52539999999999
293.91	86.0954
294.141	89.93539999999999
294.372	88.7854
294.603	88.35539999999999
294.833	87.6254
295.064	87.9954
295.295	90.2954
295.525	90.60539999999999
295.756	95.3354
295.987	106.14540000000001
296.217	120.9654
296.448	111.9954
296.679	93.0154
296.909	89.6754
297.14	89.4954
297.37	90.4254
297.601	87.9654
297.831	87.7054
298.062	89.89540000000001
298.292	88.25540000000001
298.523	88.4854
298.753	87.8454
298.984	87.4554
299.214	87.89540000000001
299.445	89.2954
299.675	91.0354
299.905	92.22540000000001
300.136	90.52539999999999
300.366	88.47540000000001
300.597	90.2454
300.827	90.50540000000001
301.057	94.97540000000001
301.288	95.9854
301.518	90.47540000000001
301.748	89.6554
301.979	100.5554
302.209	90.9254
302.439	89.00540000000001
302.669	89.64540000000001
302.9	87.2154
303.13	89.1254
303.36	94.0354
303.59	95.47540000000001
303.82	100.5354
304.051	93.1154
304.281	91.7154
304.511	91.47540000000001
304.741	88.0954
304.971	87.4854
305.201	88.3354
305.431	87.6654
305.661	88.97540000000001
305.891	89.1554
306.121	94.02539999999999
306.352	97.10539999999999
306.582	97.44539999999999
306.812	92.6254
307.042	91.89540000000001
307.272	95.35539999999999
307.502	97.6754
307.731	97.6154
307.961	93.0854
308.191	89.3254
308.421	90.22540000000001
308.651	90.5354
308.881	91.1654
309.111	91.6554
309.341	92.2654
309.571	96.19539999999999
309.8	93.3454
310.03	94.3754
310.26	92.6654
310.49	94.2054
310.72	95.00540000000001
310.949	97.7654
311.179	97.22540000000001
311.409	91.60539999999999
311.639	91.89540000000001
311.868	93.5554
312.098	92.6354
312.328	94.8854
312.557	97.8154
312.787	99.6154
313.017	96.44539999999999
313.246	93.4854
313.476	91.44539999999999
313.706	89.8854
313.935	93.1754
314.165	94.0654
314.394	96.97540000000001
314.624	94.8754
314.853	94.2454
315.083	93.52539999999999
315.312	91.6154
315.542	90.3054
315.771	91.3654
316.001	91.4254
316.23	92.22540000000001
316.46	88.4254
316.689	90.5354
316.919	89.8854
317.148	93.19539999999999
317.377	93.02539999999999
317.607	92.85539999999999
317.836	92.43539999999999
318.065	90.9854
318.295	90.6154
318.524	91.3754
318.753	92.7854
318.983	93.1254
319.212	96.5454
319.441	99.9854
319.67	98.6654
319.9	94.2154
320.129	93.4054
320.358	94.5854
320.587	92.3054
320.816	94.9654
321.046	97.44539999999999
321.275	96.4954
321.504	93.7154
321.733	95.5154
321.962	95.2154
322.191	96.72540000000001
322.42	99.0554
322.649	102.7854
322.878	105.7854
323.108	108.22540000000001
323.337	113.18539999999999
323.566	120.69539999999999
323.795	136.5554
324.024	180.08540000000002
324.253	329.2654
324.482	683.2954
324.71	1388.9854
324.939	1818.9253999999999
325.168	670.6154
325.397	212.4254
325.626	137.3254
325.855	121.5554
326.084	118.6154
326.313	123.2154
326.542	139.7754
326.77	204.4754
326.999	390.04540000000003
327.228	798.0554000000001
327.457	1440.2053999999998
327.686	1137.0054
327.914	321.6454
328.143	186.7054
328.372	161.3154
328.6	128.0354
328.829	111.7154
329.058	116.1754
329.287	117.18539999999999
329.515	107.00540000000001
329.744	108.7354
329.972	123.6654
330.201	161.1154
330.43	190.8554
330.658	142.5754
330.887	127.0354
331.115	112.52539999999999
331.344	98.3154
331.572	98.22540000000001
331.801	99.60539999999999
332.03	97.4854
332.258	95.6154
332.486	93.0154
332.715	93.3154
332.943	94.5954
333.172	96.7054
333.4	96.6654
333.629	105.25540000000001
333.857	112.0854
334.085	125.22540000000001
334.314	160.2054
334.542	220.15540000000001
334.771	207.7854
334.999	117.5354
335.227	97.72540000000001
335.455	96.3654
335.684	97.0354
335.912	97.0654
336.14	97.52539999999999
336.369	96.5154
336.597	97.8254
336.825	95.97540000000001
337.053	93.9254
337.281	92.5754
337.51	91.5854
337.738	93.6154
337.966	91.47540000000001
338.194	93.5154
338.422	93.97540000000001
338.65	92.9054
338.878	93.68539999999999
339.106	90.19539999999999
339.334	92.3754
339.562	91.0554
339.79	92.7354
340.018	90.3454
340.246	91.89540000000001
340.474	91.44539999999999
340.702	91.02539999999999
340.93	92.4254
341.158	91.0354
341.386	93.0654
341.614	93.8354
341.842	92.3654
342.07	90.6154
342.298	91.72540000000001
342.526	90.52539999999999
342.754	89.1654
342.981	88.7054
343.209	91.0854
343.437	98.8054
343.665	89.25540000000001
343.893	91.2954
344.12	93.4954
344.348	92.2954
344.576	90.52539999999999
344.804	91.7654
345.031	93.7954
345.259	95.0954
345.487	92.8754
345.714	91.6154
345.942	90.97540000000001
346.17	91.72540000000001
346.397	93.3154
346.625	93.3854
346.853	90.94539999999999
347.08	91.1254
347.308	94.93539999999999
347.535	95.4554
347.763	96.4054
347.99	96.9954
348.218	97.77539999999999
348.445	98.8454
348.673	96.4654
348.9	95.8154
349.128	94.1654
349.355	92.7854
349.583	92.5954
349.81	92.6754
350.037	93.1554
350.265	93.9954
350.492	92.9954
350.72	94.85539999999999
350.947	98.8054
351.174	102.5454
351.402	103.4254
351.629	99.7454
351.856	97.9254
352.083	98.7354
352.311	102.3754
352.538	102.1654
352.765	103.5654
352.992	107.4054
353.22	105.43539999999999
353.447	101.9054
353.674	98.1154
353.901	96.7354
354.128	96.0354
354.355	95.22540000000001
354.583	97.18539999999999
354.81	96.4654
355.037	94.6554
355.264	94.8454
355.491	93.6654
355.718	92.0354
355.945	94.9554
356.172	95.18539999999999
356.399	95.8854
356.626	93.1354
356.853	93.27539999999999
357.08	93.7954
357.307	92.2054
357.534	91.1154
357.761	92.5354
357.988	93.9054
358.215	94.8354
358.441	92.4654
358.668	91.35539999999999
358.895	92.0354
359.122	89.8154
359.349	87.8054
359.576	91.0454
359.802	94.7054
360.029	103.89540000000001
360.256	101.2654
360.483	94.8354
360.709	89.19539999999999
360.936	92.6354
361.163	92.0154
361.39	93.4054
361.616	92.1154
361.843	90.3354
362.07	93.2654
362.296	93.47540000000001
362.523	90.2054
362.749	90.4554
362.976	90.3154
363.203	93.68539999999999
363.429	89.18539999999999
363.656	89.9554
363.882	88.6254
364.109	90.22540000000001
364.335	91.44539999999999
364.562	90.0554
364.788	90.93539999999999
365.015	92.4054
365.241	95.68539999999999
365.468	102.22540000000001
365.694	99.14540000000001
365.92	93.0754
366.147	90.25540000000001
366.373	87.0554
366.599	88.8454
366.826	90.7154
367.052	89.1754
367.278	89.9954
367.505	89.6154
367.731	91.1254
367.957	88.97540000000001
368.184	91.1154
368.41	96.72540000000001
368.636	104.72540000000001
368.862	109.3254
369.089	102.3754
369.315	91.2854
369.541	90.47540000000001
369.767	89.7354
369.993	91.0454
370.219	90.22540000000001
370.445	88.3354
370.672	87.5854
370.898	88.75540000000001
371.124	88.7054
371.35	88.5454
371.576	87.5754
371.802	88.10539999999999
372.028	88.0754
372.254	89.8254
372.48	88.3354
372.706	89.4654
372.932	88.3454
373.158	89.64540000000001
373.384	92.1254
373.61	91.6654
373.835	91.5354
374.061	88.9654
374.287	91.2054
374.513	91.2054
374.739	89.0154
374.965	90.2954
375.191	87.9954
375.416	90.9854
375.642	90.68539999999999
375.868	91.5354
376.094	91.4654
376.319	89.39540000000001
376.545	87.6654
376.771	89.3854
376.997	90.6254
377.222	90.4554
377.448	91.4154
377.674	90.7054
377.899	89.22540000000001
378.125	88.85539999999999
378.35	90.8454
378.576	91.64540000000001
378.802	91.35539999999999
379.027	89.7454
379.253	91.94539999999999
379.478	92.3354
379.704	93.52539999999999
379.929	91.75540000000001
380.155	93.43539999999999
380.38	91.77539999999999
380.606	91.8754
380.831	93.3354
381.057	95.77539999999999
381.282	93.0554
381.507	92.3354
381.733	94.19539999999999
381.958	94.1654
382.184	95.2054
382.409	97.22540000000001
382.634	100.3754
382.86	96.8854
383.085	97.3254
383.31	99.0754
383.535	99.35539999999999
383.761	96.8154
383.986	96.6554
384.211	95.4254
384.436	95.0954
384.662	96.47540000000001
384.887	98.1154
385.112	98.2054
385.337	99.8254
385.562	100.14540000000001
385.787	99.9954
386.013	105.35539999999999
386.238	106.52539999999999
386.463	101.93539999999999
386.688	107.2054
386.913	99.8354
387.138	101.1254
387.363	98.9154
387.588	99.14540000000001
387.813	99.7654
388.038	101.2054
388.263	106.02539999999999
388.488	103.27539999999999
388.713	95.0354
388.938	94.6254
389.163	95.77539999999999
389.387	96.2054
389.612	93.8454
389.837	92.1254
390.062	93.9254
390.287	92.85539999999999
390.512	91.7054
390.736	90.7354
390.961	91.0354
391.186	95.18539999999999
391.411	95.60539999999999
391.636	91.3854
391.86	87.3154
392.085	88.2854
392.31	85.6254
392.534	86.8654
392.759	90.02539999999999
392.984	89.7354
393.208	96.18539999999999
393.433	109.2054
393.658	101.8654
393.882	87.27539999999999
394.107	87.44539999999999
394.331	87.8854
394.556	86.9554
394.78	88.5454
395.005	87.69539999999999
395.229	84.8254
395.454	88.3354
395.678	87.2654
395.903	88.3254
396.127	88.5554
396.352	88.1654
396.576	87.7654
396.801	94.5354
397.025	97.02539999999999
397.249	90.43539999999999
397.474	89.8154
397.698	89.1154
397.922	87.4254
398.147	85.94539999999999
398.371	86.6754
398.595	88.8654
398.82	86.85539999999999
399.044	85.3254
399.268	86.7054
399.492	86.3854
399.717	89.3054
399.941	89.8254
400.165	93.0854
400.389	89.7154
400.613	87.4854
400.837	86.4654
401.062	86.0954
401.286	87.85539999999999
401.51	90.2954
401.734	89.7054
401.958	95.5554
402.182	115.72540000000001
402.406	136.7854
402.63	108.2054
402.854	92.2854
403.078	89.4254
403.302	87.22540000000001
403.526	88.1154
403.75	88.4254
403.974	87.27539999999999
404.198	88.22540000000001
404.422	88.3354
404.645	87.60539999999999
404.869	89.3354
405.093	94.8454
405.317	97.9154
405.541	97.27539999999999
405.765	95.6554
405.988	107.2354
406.212	149.8054
406.436	187.58540000000002
406.66	126.43539999999999
406.883	96.18539999999999
407.107	92.0354
407.331	92.5754
407.555	92.8154
407.778	93.2654
408.002	89.47540000000001
408.226	87.4654
408.449	88.7454
408.673	88.8754
408.896	90.94539999999999
409.12	92.6354
409.344	90.5854
409.567	88.44539999999999
409.791	92.0454
410.014	92.85539999999999
410.238	90.7454
410.461	90.3354
410.685	91.7454
410.908	95.69539999999999
411.132	100.9554
411.355	97.14540000000001
411.578	91.94539999999999
411.802	88.6254
412.025	87.8454
412.249	90.69539999999999
412.472	93.10539999999999
412.695	98.1154
412.919	91.8054
413.142	89.2454
413.365	88.68539999999999
413.589	89.4154
413.812	87.7854
414.035	91.52539999999999
414.258	89.9654
414.482	92.00540000000001
414.705	89.8754
414.928	89.35539999999999
415.151	90.3354
415.374	91.8854
415.597	88.5954
415.821	89.2954
416.044	89.0454
416.267	88.3154
416.49	87.3654
416.713	87.43539999999999
416.936	90.3154
417.159	87.7154
417.382	87.14540000000001
417.605	89.2454
417.828	92.4654
418.051	90.3254
418.274	87.6654
418.497	87.2854
418.72	87.0654
418.943	88.0954
419.166	88.1654
419.389	88.64540000000001
419.611	88.5954
419.834	88.47540000000001
420.057	90.1354
420.28	87.60539999999999
420.503	87.4254
420.726	86.6154
420.948	87.50540000000001
421.171	90.3054
421.394	90.6654
421.617	88.9654
421.839	88.27539999999999
422.062	89.39540000000001
422.285	91.4554
422.507	95.8654
422.73	98.3054
422.953	93.22540000000001
423.175	90.6154
423.398	89.00540000000001
423.621	88.9954
423.843	87.2154
424.066	88.0754
424.288	86.2454
424.511	88.5654
424.733	91.8654
424.956	97.3654
425.178	94.85539999999999
425.401	94.8054
425.623	95.02539999999999
425.846	88.8354
426.068	92.39540000000001
426.291	89.5554
426.513	89.5354
426.735	89.7654
426.958	92.9854
427.18	99.5854
427.402	120.0954
427.625	142.5654
427.847	124.64540000000001
428.069	116.6254
428.292	91.4554
428.514	88.0354
428.736	85.8154
428.958	85.8654
429.181	86.1754
429.403	85.64540000000001
429.625	86.0154
429.847	89.1554
430.069	93.22540000000001
430.292	90.5754
430.514	86.25540000000001
430.736	85.7154
430.958	86.8054
431.18	86.0654
431.402	86.8354
431.624	85.3054
431.846	85.1354
432.068	88.4654
432.29	85.52539999999999
432.512	88.97540000000001
432.734	85.8454
432.956	89.8654
433.178	94.0554
433.4	96.3354
433.622	90.8654
433.844	89.14540000000001
434.066	91.5154
434.287	89.8254
434.509	86.8854
434.731	88.10539999999999
434.953	87.2954
435.175	87.89540000000001
435.397	89.2454
435.618	91.4954
435.84	97.4554
436.062	109.8754
436.284	104.7054
436.505	97.7154
436.727	96.5854
436.949	91.27539999999999
437.17	88.0454
437.392	86.3354
437.614	91.2154
437.835	99.14540000000001
438.057	104.93539999999999
438.278	99.0754
438.5	97.1654
438.721	108.1654
438.943	95.7454
439.165	88.6254
439.386	87.7354
439.608	91.5854
439.829	95.8754
440.05	111.27539999999999
440.272	125.4254
440.493	94.8654
440.715	89.2654
440.936	88.2054
441.158	87.94539999999999
441.379	87.9854
441.6	91.7154
441.822	91.5754
442.043	91.3454
442.264	95.2854
442.486	95.3454
442.707	91.1554
442.928	99.4854
443.149	118.0854
443.371	116.7054
443.592	98.7454
443.813	99.64540000000001
444.034	97.85539999999999
444.255	89.5154
444.476	88.1154
444.698	87.2854
444.919	87.3154
445.14	134.24540000000002
445.361	119.00540000000001
445.582	105.94539999999999
445.803	119.4654
446.024	118.50540000000001
446.245	119.0854
446.466	102.85539999999999
446.687	87.94539999999999
446.908	87.47540000000001
447.129	88.18539999999999
447.35	88.3654
447.571	91.1354
447.792	90.8854
448.013	94.52539999999999
448.234	99.18539999999999
448.455	95.8254
448.675	102.4954
448.896	104.93539999999999
449.117	96.4854
449.338	96.75540000000001
449.559	112.8254
449.779	114.64540000000001
450.0	92.3754
450.221	88.8154
450.442	89.6754
450.662	90.0554
450.883	98.9054
451.104	102.6654
451.324	93.3254
451.545	87.8254
451.766	85.3854
451.986	87.0854
452.207	89.22540000000001
452.428	91.6554
452.648	95.0354
452.869	102.7954
453.089	103.2354
453.31	105.7154
453.53	89.4054
453.751	88.2854
453.971	97.3354
454.192	101.0954
454.412	90.5454
454.633	88.97540000000001
454.853	87.3754
455.073	86.3754
455.294	89.02539999999999
455.514	93.5654
455.734	87.10539999999999
455.955	85.85539999999999
456.175	85.9854
456.395	86.2954
456.616	86.8254
456.836	86.6254
457.056	85.8154
457.276	85.0754
457.497	84.9654
457.717	86.19539999999999
457.937	86.27539999999999
458.157	86.5554
458.377	89.75540000000001
458.598	99.3254
458.818	128.3054
459.038	134.6454
459.258	106.0954
459.478	88.22540000000001
459.698	87.1354
459.918	87.0854
460.138	84.1654
460.358	85.9054
460.578	87.5654
460.798	88.9954
461.018	88.0954
461.238	86.7154
461.458	86.5954
461.678	85.4854
461.898	86.3454
462.118	87.10539999999999
462.338	85.0754
462.558	85.4954
462.777	85.1154
462.997	86.5854
463.217	87.0754
463.437	86.2854
463.657	85.3754
463.876	87.9554
464.096	87.43539999999999
464.316	90.89540000000001
464.536	91.8454
464.755	92.02539999999999
464.975	100.39540000000001
465.195	139.6454
465.414	132.7654
465.634	92.6754
465.854	87.8654
466.073	87.1654
466.293	87.7654
466.512	86.94539999999999
466.732	85.6654
466.951	87.2354
467.171	92.75540000000001
467.391	93.52539999999999
467.61	99.3754
467.829	98.5854
468.049	122.0454
468.268	135.40540000000001
468.488	92.9654
468.707	88.8754
468.927	85.6354
469.146	85.94539999999999
469.365	87.4554
469.585	88.69539999999999
469.804	92.7354
470.023	94.3154
470.243	90.4254
470.462	94.8254
470.681	101.72540000000001
470.901	89.5854
471.12	88.18539999999999
471.339	91.7354
471.558	89.5854
471.777	90.7454
471.997	104.5454
472.216	172.7354
472.435	267.4354
472.654	123.0554
472.873	91.3154
473.092	87.7954
473.311	87.3254
473.53	86.72540000000001
473.749	86.9954
473.968	91.85539999999999
474.187	96.5754
474.406	91.2054
474.625	87.18539999999999
474.844	87.4654
475.063	84.4954
475.282	87.0754
475.501	87.6654
475.72	90.43539999999999
475.939	86.93539999999999
476.158	87.5754
476.377	88.10539999999999
476.596	87.9254
476.814	89.4654
477.033	90.6754
477.252	88.4054
477.471	87.0354
477.69	89.0554
477.908	87.47540000000001
478.127	90.8154
478.346	88.3454
478.564	89.75540000000001
478.783	93.2054
479.002	91.25540000000001
479.22	92.1254
479.439	97.5454
479.658	99.5954
479.876	92.22540000000001
480.095	90.0354
480.313	93.6554
480.532	94.3154
480.751	105.7954
480.969	173.5254
481.188	439.1554
481.406	279.6554
481.624	110.14540000000001
481.843	93.2154
482.061	90.0954
482.28	89.3154
482.498	88.1254
482.717	88.39540000000001
482.935	89.3654
483.153	88.93539999999999
483.372	89.4254
483.59	89.4854
483.808	89.02539999999999
484.027	89.7054
484.245	89.9954
484.463	90.7154
484.681	93.5154
484.9	91.2854
485.118	93.2154
485.336	93.3054
485.554	95.2954
485.772	95.97540000000001
485.99	99.44539999999999
486.209	101.43539999999999
486.427	99.50540000000001
486.645	102.43539999999999
486.863	105.0754
487.081	98.1254
487.299	95.3154
487.517	94.14540000000001
487.735	90.7354
487.953	91.3454
488.171	93.18539999999999
488.389	92.5354
488.607	96.1654
488.825	90.4954
489.043	88.50540000000001
489.261	91.3354
489.479	88.14540000000001
489.696	88.39540000000001
489.914	88.2454
490.132	90.1354
490.35	90.3254
490.568	88.9854
490.786	89.72540000000001
491.003	90.1154
491.221	87.6154
491.439	90.93539999999999
491.657	91.8054
491.874	92.1654
492.092	89.60539999999999
492.31	91.4154
492.527	88.60539999999999
492.745	90.2154
492.963	90.7654
493.18	90.5954
493.398	91.8654
493.615	94.7654
493.833	93.10539999999999
494.05	89.60539999999999
494.268	89.0354
494.485	90.4654
494.703	87.8054
494.92	90.0554
495.138	88.5554
495.355	92.2054
495.573	92.02539999999999
495.79	88.94539999999999
496.008	92.8454
496.225	92.10539999999999
496.442	88.93539999999999
496.66	93.4954
496.877	89.6654
497.094	93.39540000000001
497.312	89.1654
497.529	90.3454
497.746	89.5154
497.963	89.19539999999999
498.181	90.14540000000001
498.398	92.8854
498.615	103.0454
498.832	100.2654
499.049	91.2654
499.267	91.47540000000001
499.484	89.8254
499.701	91.27539999999999
499.918	89.9654
500.135	90.14540000000001
500.352	90.2054
500.569	90.6554
500.786	92.14540000000001
501.003	90.6654
501.22	89.8354
501.437	90.5554
501.654	92.8254
501.871	100.0954
502.088	90.47540000000001
502.305	90.6554
502.522	89.7354
502.739	90.0654
502.956	90.7454
503.172	90.69539999999999
503.389	93.7354
503.606	99.8054
503.823	95.10539999999999
504.04	92.14540000000001
504.256	89.97540000000001
504.473	88.9154
504.69	88.3654
504.907	93.2054
505.123	88.94539999999999
505.34	89.1154
505.557	90.72540000000001
505.773	90.02539999999999
505.99	87.75540000000001
506.207	90.19539999999999
506.423	89.3454
506.64	89.60539999999999
506.856	89.8854
507.073	89.60539999999999
507.289	92.6654
507.506	94.43539999999999
507.722	103.00540000000001
507.939	102.7454
508.155	93.89540000000001
508.372	91.1154
508.588	92.64540000000001
508.805	92.97540000000001
509.021	92.94539999999999
509.238	96.1254
509.454	96.02539999999999
509.67	97.0954
509.887	104.72540000000001
510.103	117.6154
510.319	183.7254
510.536	600.5954
510.752	1781.5754000000002
510.968	505.3354
511.184	136.4854
511.401	102.68539999999999
511.617	95.75540000000001
511.833	91.94539999999999
512.049	91.3654
512.265	92.43539999999999
512.481	91.2354
512.698	89.9054
512.914	90.5554
513.13	92.5454
513.346	90.89540000000001
513.562	91.2454
513.778	94.50540000000001
513.994	95.0554
514.21	97.4054
514.426	109.7354
514.642	120.85539999999999
514.858	114.02539999999999
515.074	143.2054
515.29	360.8154
515.506	1117.1254
515.721	416.12539999999996
515.937	133.3854
516.153	104.4254
516.369	95.1154
516.585	94.0554
516.801	92.1554
517.016	94.7154
517.232	92.25540000000001
517.448	93.3454
517.664	93.1554
517.879	90.6654
518.095	92.0854
518.311	92.2854
518.527	92.68539999999999
518.742	91.97540000000001
518.958	91.19539999999999
519.173	93.4954
519.389	92.8854
519.605	93.2354
519.82	93.6554
520.036	99.02539999999999
520.251	111.4954
520.467	104.39540000000001
520.682	100.5154
520.898	102.1254
521.113	108.4854
521.329	121.3354
521.544	174.7654
521.76	450.6154
521.975	1845.0454000000002
522.19	1093.4353999999998
522.406	251.96540000000002
522.621	114.75540000000001
522.836	97.8754
523.052	94.2954
523.267	92.5454
523.482	92.1154
523.698	95.7954
523.913	112.75540000000001
524.128	98.68539999999999
524.343	91.94539999999999
524.559	93.8354
524.774	91.1754
524.989	94.18539999999999
525.204	100.9154
525.419	95.19539999999999
525.634	90.3254
525.849	90.5454
526.064	89.6754
526.28	93.5654
526.495	88.9554
526.71	91.0954
526.925	89.10539999999999
527.14	89.3054
527.355	87.8054
527.57	90.4854
527.785	89.9254
527.999	89.4154
528.214	92.14540000000001
528.429	92.8854
528.644	92.2654
528.859	91.93539999999999
529.074	93.25540000000001
529.289	113.8054
529.503	151.33540000000002
529.718	101.1154
529.933	89.9554
530.148	88.27539999999999
530.363	91.2854
530.577	88.8254
530.792	90.0354
531.007	89.02539999999999
531.221	92.18539999999999
531.436	88.7854
531.651	92.3654
531.865	90.5554
532.08	89.9654
532.295	92.7054
532.509	91.97540000000001
532.724	90.8354
532.938	94.4654
533.153	95.1254
533.367	92.2054
533.582	93.9054
533.796	91.4854
534.011	91.1154
534.225	90.4154
534.44	91.2154
534.654	92.2954
534.868	89.4854
535.083	92.0654
535.297	93.44539999999999
535.511	97.1354
535.726	98.6754
535.94	96.7354
536.154	92.8254
536.369	90.35539999999999
536.583	91.0154
536.797	91.3854
537.011	90.2854
537.225	90.1754
537.44	90.8854
537.654	92.0654
537.868	89.8354
538.082	90.8154
538.296	88.77539999999999
538.51	89.9054
538.724	88.7454
538.938	90.02539999999999
539.153	94.7654
539.367	100.0554
539.581	93.0754
539.795	90.1754
540.009	91.4554
540.222	90.7954
540.436	91.0854
540.65	89.6154
540.864	90.6354
541.078	92.9854
541.292	91.39540000000001
541.506	91.43539999999999
541.72	90.8254
541.934	90.39540000000001
542.147	89.6754
542.361	88.5954
542.575	88.5454
542.789	89.5854
543.002	89.3054
543.216	93.25540000000001
543.43	94.60539999999999
543.644	93.2054
543.857	93.1754
544.071	91.0954
544.285	92.50540000000001
544.498	91.39540000000001
544.712	90.2354
544.925	89.3854
545.139	89.35539999999999
545.352	89.1354
545.566	89.5954
545.779	89.68539999999999
545.993	90.1554
546.206	90.3454
546.42	89.50540000000001
546.633	90.4554
546.847	93.0554
547.06	89.0654
547.274	90.4254
547.487	90.8454
547.7	90.00540000000001
547.914	89.2054
548.127	89.3054
548.34	90.93539999999999
548.554	88.3354
548.767	90.6654
548.98	90.1654
549.193	90.3854
549.407	89.0554
549.62	88.6754
549.833	89.0454
550.046	88.27539999999999
550.259	87.8354
550.473	90.3454
550.686	90.1154
550.899	89.89540000000001
551.112	91.4554
551.325	89.8654
551.538	88.2954
551.751	90.75540000000001
551.964	90.5854
552.177	90.3454
552.39	89.00540000000001
552.603	90.3754
552.816	89.8054
553.029	90.93539999999999
553.242	89.7854
553.455	94.9554
553.667	100.9254
553.88	98.0754
554.093	92.9254
554.306	93.1654
554.519	92.22540000000001
554.732	91.44539999999999
554.944	92.6754
555.157	90.9654
555.37	90.4554
555.583	92.1354
555.795	92.9254
556.008	91.4954
556.221	92.3754
556.433	91.68539999999999
556.646	92.02539999999999
556.859	92.5754
557.071	91.3154
557.284	91.9154
557.496	90.5654
557.709	89.1154
557.921	92.2154
558.134	91.3654
558.346	90.2654
558.559	89.3254
558.771	88.7854
558.984	90.2354
559.196	89.5554
559.409	89.2454
559.621	90.6354
559.833	89.8754
560.046	88.60539999999999
560.258	89.5454
560.47	93.2454
560.683	88.4154
560.895	89.6654
561.107	90.35539999999999
561.32	88.6654
561.532	90.3754
561.744	91.27539999999999
561.956	93.4554
562.168	91.68539999999999
562.381	91.2954
562.593	90.7854
562.805	92.9654
563.017	93.3254
563.229	91.2154
563.441	88.9054
563.653	87.2654
563.865	86.97540000000001
564.077	89.0154
564.289	89.7954
564.501	90.9554
564.713	90.4654
564.925	92.8754
565.137	97.0754
565.349	92.0554
565.561	89.9654
565.773	88.6554
565.985	88.52539999999999
566.197	88.2454
566.408	87.6754
566.62	87.35539999999999
566.832	87.8254
567.044	87.9554
567.255	88.39540000000001
567.467	88.18539999999999
567.679	88.4154
567.891	87.9854
568.102	88.2354
568.314	87.39540000000001
568.526	88.52539999999999
568.737	88.4054
568.949	87.5654
569.161	87.2354
569.372	87.47540000000001
569.584	88.69539999999999
569.795	92.7954
570.007	109.8254
570.218	205.7254
570.43	122.2154
570.641	91.44539999999999
570.853	87.7654
571.064	88.6554
571.276	88.25540000000001
571.487	88.1254
571.698	86.1254
571.91	87.9554
572.121	88.94539999999999
572.333	87.85539999999999
572.544	87.3854
572.755	87.60539999999999
572.966	88.4054
573.178	87.7954
573.389	90.0654
573.6	89.0154
573.811	88.4854
574.023	89.1554
574.234	90.02539999999999
574.445	89.0354
574.656	88.2054
574.867	88.75540000000001
575.078	89.50540000000001
575.289	89.52539999999999
575.501	89.9954
575.712	89.8054
575.923	87.89540000000001
576.134	89.5554
576.345	89.43539999999999
576.556	90.8354
576.767	90.19539999999999
576.978	92.6754
577.188	90.0854
577.399	91.19539999999999
577.61	91.6654
577.821	96.93539999999999
578.032	108.4954
578.243	236.1754
578.454	604.2154
578.665	183.58540000000002
578.875	98.8454
579.086	91.39540000000001
579.297	88.3454
579.508	88.3254
579.718	90.5554
579.929	90.5954
580.14	87.3454
580.35	87.0154
580.561	88.5154
580.772	86.93539999999999
580.982	87.5954
581.193	88.6654
581.403	87.7054
581.614	87.50540000000001
581.825	86.8654
582.035	88.5154
582.246	87.75540000000001
582.456	85.94539999999999
582.667	86.7154
582.877	89.2054
583.087	86.44539999999999
583.298	87.8754
583.508	88.6354
583.719	86.1554
583.929	89.8454
584.139	87.4254
584.35	86.94539999999999
584.56	90.64540000000001
584.77	87.3354
584.981	87.7954
585.191	87.8054
585.401	86.7154
585.611	88.39540000000001
585.821	89.7454
586.032	88.9554
586.242	87.8054
586.452	88.2454
586.662	86.3054
586.872	86.1654
587.082	86.7854
587.292	86.5154
587.502	86.14540000000001
587.713	85.8254
587.923	87.7454
588.133	86.97540000000001
588.343	85.3354
588.553	86.5654
588.762	89.97540000000001
588.972	88.5354
589.182	92.9254
589.392	88.85539999999999
589.602	87.5354
589.812	88.2454
590.022	90.6354
590.232	86.6754
590.441	87.8354
590.651	86.4054
590.861	86.14540000000001
591.071	87.35539999999999
591.281	89.14540000000001
591.49	85.3854
591.7	85.7654
591.91	88.9954
592.119	85.4254
592.329	89.7654
592.539	90.93539999999999
592.748	89.0654
592.958	86.0454
593.167	86.0554
593.377	86.5754
593.587	93.6554
593.796	89.0454
594.006	86.8254
594.215	86.6354
594.424	85.6254
594.634	85.9054
594.843	87.4954
595.053	87.6154
595.262	87.6154
595.472	87.3054
595.681	87.8054
595.89	87.5654
596.1	87.60539999999999
596.309	87.3254
596.518	86.25540000000001
596.727	88.60539999999999
596.937	87.60539999999999
597.146	87.5154
597.355	88.1154
597.564	86.35539999999999
597.774	88.52539999999999
597.983	86.8254
598.192	85.44539999999999
598.401	87.3054
598.61	85.5954
598.819	87.1254
599.028	86.9154
599.237	87.3654
599.446	86.0854
599.655	87.6754
599.864	88.9154
600.073	87.5754
600.282	89.9654
600.491	88.77539999999999
600.7	87.52539999999999
600.909	87.72540000000001
601.118	89.5754
601.327	90.8254
601.536	88.2454
601.745	88.7954
601.953	88.47540000000001
602.162	89.52539999999999
602.371	88.9554
602.58	87.5354
602.789	87.6154
602.997	87.10539999999999
603.206	88.8454
603.415	86.77539999999999
603.623	84.7954
603.832	88.5654
604.041	86.9554
604.249	86.3254
604.458	87.9554
604.666	86.1654
604.875	86.0154
605.084	85.4054
605.292	87.1154
605.501	86.8754
605.709	87.5154
605.918	87.7954
606.126	88.6654
606.334	86.9954
606.543	87.5654
606.751	89.43539999999999
606.96	86.6254
607.168	85.8454
607.376	88.10539999999999
607.585	88.52539999999999
607.793	88.0554
608.001	87.3654
608.21	86.2954
608.418	85.5454
608.626	86.8854
608.834	86.1754
609.043	87.3054
609.251	88.2954
609.459	88.4854
609.667	88.39540000000001
609.875	86.5954
610.083	85.9054
610.291	86.35539999999999
610.499	86.8254
610.707	86.4554
610.916	86.5154
611.124	88.2854
611.332	86.9054
611.54	85.69539999999999
611.748	86.3254
611.955	85.7154
612.163	86.60539999999999
612.371	87.0154
612.579	86.14540000000001
612.787	87.0454
612.995	89.7654
613.203	89.0754
613.411	85.68539999999999
613.618	85.9554
613.826	87.5154
614.034	86.39540000000001
614.242	88.39540000000001
614.449	88.1654
614.657	87.2354
614.865	88.35539999999999
615.072	89.6154
615.28	87.75540000000001
615.488	89.4154
615.695	91.35539999999999
615.903	95.72540000000001
616.111	98.0654
616.318	99.7854
616.526	92.5454
616.733	93.4254
616.941	90.0354
617.148	89.97540000000001
617.356	88.0954
617.563	87.0154
617.771	88.3654
617.978	86.5854
618.185	87.3654
618.393	87.1654
618.6	87.5154
618.807	85.52539999999999
619.015	87.1754
619.222	86.0454
619.429	86.22540000000001
619.637	88.0954
619.844	87.02539999999999
620.051	86.3054
620.258	86.69539999999999
620.466	85.85539999999999
620.673	85.7154
620.88	86.5954
621.087	85.9054
621.294	86.68539999999999
621.501	85.6654
621.708	85.4054
621.915	86.9854
622.122	85.00540000000001
622.329	86.9654
622.536	86.64540000000001
622.743	86.2954
622.95	85.8854
623.157	84.6354
623.364	85.3754
623.571	85.64540000000001
623.778	86.6154
623.985	87.0954
624.192	85.94539999999999
624.399	86.5954
624.606	88.3854
624.812	86.00540000000001
625.019	85.85539999999999
625.226	85.8654
625.433	87.10539999999999
625.639	85.3354
625.846	84.89540000000001
626.053	84.2854
626.259	85.7154
626.466	86.1354
626.673	85.8854
626.879	84.69539999999999
627.086	87.6654
627.293	87.89540000000001
627.499	85.7154
627.706	86.6554
627.912	84.9054
628.119	84.9554
628.325	87.02539999999999
628.532	86.2354
628.738	84.9554
628.945	84.4254
629.151	86.1654
629.357	84.8454
629.564	85.8254
629.77	85.9254
629.976	85.4554
630.183	84.75540000000001
630.389	85.1754
630.595	85.3854
630.802	85.39540000000001
631.008	84.6654
631.214	84.9554
631.42	86.3354
631.627	89.00540000000001
631.833	84.2954
632.039	84.4854
632.245	85.4254
632.451	84.8454
632.657	84.89540000000001
632.863	85.44539999999999
633.069	86.2454
633.275	85.68539999999999
633.481	83.60539999999999
633.688	85.9854
633.893	86.89540000000001
634.099	86.3754
634.305	86.0554
634.511	85.5654
634.717	85.1154
634.923	84.4254
635.129	84.2354
635.335	84.8254
635.541	84.7354
635.747	87.2154
635.952	85.3354
636.158	87.8154
636.364	108.8254
636.57	98.9254
636.775	87.19539999999999
636.981	85.4254
637.187	85.2354
637.392	83.8054
637.598	85.4854
637.804	84.1154
638.009	86.1554
638.215	85.7054
638.421	85.2454
638.626	83.5354
638.832	85.7654
639.037	85.3854
639.243	84.44539999999999
639.448	83.75540000000001
639.654	87.4854
639.859	83.25540000000001
640.065	83.9554
640.27	88.1354
640.475	85.2454
640.681	84.3654
640.886	85.3054
641.091	83.18539999999999
641.297	87.8054
641.502	84.5454
641.707	88.35539999999999
641.913	86.64540000000001
642.118	85.2154
642.323	84.0154
642.528	87.6754
642.733	87.0354
642.939	86.4154
643.144	85.7054
643.349	85.3354
643.554	87.02539999999999
643.759	85.69539999999999
643.964	86.0154
644.169	86.1254
644.374	84.9954
644.579	87.4554
644.784	84.6654
644.989	85.9054
645.194	85.7054
645.399	86.8054
645.604	86.2054
645.809	88.10539999999999
646.014	87.6754
646.219	86.8854
646.423	85.1354
646.628	84.2954
646.833	87.3254
647.038	85.10539999999999
647.243	86.1654
647.447	85.3254
647.652	86.6254
647.857	84.8254
648.062	86.4554
648.266	88.4954
648.471	88.8454
648.676	93.10539999999999
648.88	91.9854
649.085	90.72540000000001
649.289	90.5954
649.494	98.0754
649.698	123.2854
649.903	98.3454
650.107	88.8154
650.312	88.8654
650.516	86.8754
650.721	85.22540000000001
650.925	83.85539999999999
651.13	83.69539999999999
651.334	84.2354
651.539	83.8854
651.743	85.19539999999999
651.947	83.3654
652.152	84.14540000000001
652.356	83.9954
652.56	86.19539999999999
652.764	82.3054
652.969	82.2354
653.173	83.69539999999999
653.377	84.0554
653.581	82.4654
653.785	83.6154
653.99	83.4654
654.194	84.39540000000001
654.398	85.1654
654.602	85.2954
654.806	89.0854
655.01	100.19539999999999
655.214	88.2054
655.418	85.5754
655.622	83.8854
655.826	84.8854
656.03	86.5954
656.234	90.9854
656.438	93.5854
656.642	93.00540000000001
656.846	88.6254
657.049	85.4854
657.253	86.3054
657.457	84.64540000000001
657.661	84.3354
657.865	83.8654
658.068	83.6154
658.272	83.7054
658.476	80.3654
658.68	83.2954
658.883	83.1654
659.087	82.6554
659.291	83.93539999999999
659.494	83.9654
659.698	82.0454
659.901	81.1654
660.105	82.35539999999999
660.309	81.69539999999999
660.512	83.39540000000001
660.716	83.9854
660.919	81.9154
661.123	84.5154
661.326	81.69539999999999
661.53	83.7154
661.733	82.0654
661.936	85.2654
662.14	81.35539999999999
662.343	82.8654
662.546	81.8454
662.75	83.25540000000001
662.953	84.2054
663.156	83.5654
663.36	81.9654
663.563	82.3754
663.766	82.44539999999999
663.969	82.4254
664.173	82.6754
664.376	81.0354
664.579	81.4054
664.782	81.72540000000001
664.985	80.97540000000001
665.188	81.77539999999999
665.391	83.8454
665.594	80.19539999999999
665.797	81.7854
666.0	81.08539999999999
666.203	81.27539999999999
666.406	81.7854
666.609	81.5954
666.812	82.43539999999999
667.015	82.4254
667.218	82.1354
667.421	82.4954
667.624	81.0754
667.827	82.1754
668.03	81.25540000000001
668.232	81.2054
668.435	81.4654
668.638	82.0354
668.841	83.4654
669.043	80.9254
669.246	82.3354
669.449	82.2354
669.651	82.85539999999999
669.854	82.3254
670.057	82.3754
670.259	82.77539999999999
670.462	81.9954
670.665	80.8654
670.867	81.2654
671.07	82.50540000000001
671.272	83.0154
671.475	83.93539999999999
671.677	81.4554
671.88	82.2954
672.082	80.83539999999999
672.284	82.2454
672.487	82.3754
672.689	80.33539999999999
672.892	80.5554
