223.165	-17.919
223.4	-17.919
223.635	-17.919
223.869	-18.689
224.104	-18.359
224.338	-15.449
224.573	-14.609
224.808	-12.039000000000001
225.042	-9.009
225.277	-5.969
225.511	-2.659
225.746	3.491
225.98	5.841
226.215	12.450999999999999
226.449	16.441
226.683	20.101
226.918	25.661
227.152	30.721
227.387	35.181
227.621	39.131
227.856	45.021
228.09	46.821000000000005
228.324	51.111000000000004
228.559	54.141
228.793	70.931
229.027	108.981
229.262	119.411
229.496	133.681
229.73	160.52100000000002
229.964	161.52100000000002
230.199	129.731
230.433	122.411
230.667	124.791
230.901	122.401
231.136	122.651
231.37	123.78099999999999
231.604	123.991
231.838	124.121
232.072	125.491
232.306	127.28099999999999
232.541	127.791
232.775	127.071
233.009	129.071
233.243	128.671
233.477	128.071
233.711	130.501
233.945	132.001
234.179	132.301
234.413	132.041
234.647	133.261
234.881	130.871
235.115	132.251
235.349	135.801
235.583	137.191
235.817	140.741
236.051	143.201
236.285	141.031
236.519	142.821
236.753	153.571
236.987	177.201
237.221	228.601
237.455	241.30100000000002
237.689	175.68099999999998
237.922	154.901
238.156	152.951
238.39	147.96099999999998
238.624	146.33100000000002
238.858	146.031
239.091	147.391
239.325	150.101
239.559	153.981
239.793	154.731
240.027	161.681
240.26	174.871
240.494	182.191
240.728	180.561
240.961	173.34099999999998
241.195	165.80100000000002
241.429	162.571
241.662	161.591
241.896	161.431
242.13	162.821
242.363	162.241
242.597	166.441
242.83	170.101
243.064	170.711
243.298	169.231
243.531	171.171
243.765	172.05100000000002
243.998	175.14100000000002
244.232	174.451
244.465	179.771
244.699	179.871
244.932	180.09099999999998
245.166	177.30100000000002
245.399	180.711
245.633	181.491
245.866	182.601
246.099	183.401
246.333	184.59099999999998
246.566	187.031
246.8	188.921
247.033	191.921
247.266	195.921
247.5	201.761
247.733	208.881
247.966	212.701
248.2	210.05100000000002
248.433	211.261
248.666	218.371
248.899	233.701
249.133	247.491
249.366	255.00099999999998
249.599	242.09099999999998
249.832	228.83100000000002
250.066	236.68099999999998
250.299	253.33100000000002
250.532	283.141
250.765	295.12100000000004
250.998	296.55100000000004
251.231	278.681
251.465	255.121
251.698	248.66099999999997
251.931	243.381
252.164	243.311
252.397	244.14100000000002
252.63	250.541
252.863	258.131
253.096	273.831
253.329	280.411
253.562	269.981
253.795	262.031
254.028	263.19100000000003
254.261	267.341
254.494	290.231
254.727	328.621
254.96	338.231
255.193	312.011
255.426	297.461
255.659	304.991
255.892	346.901
256.124	389.891
256.357	363.86100000000005
256.59	319.421
256.823	293.111
257.056	282.521
257.289	274.921
257.521	275.671
257.754	271.381
257.987	267.261
258.22	267.611
258.452	266.271
258.685	265.901
258.918	268.491
259.151	273.80100000000004
259.383	280.151
259.616	279.151
259.849	287.821
260.081	305.281
260.314	325.951
260.547	314.861
260.779	296.711
261.012	290.221
261.244	281.701
261.477	283.471
261.71	286.321
261.942	302.101
262.175	306.581
262.407	287.471
262.64	273.69100000000003
262.872	275.791
263.105	275.611
263.337	276.461
263.57	277.411
263.802	280.111
264.035	276.011
264.267	279.841
264.499	278.961
264.732	282.901
264.964	281.171
265.197	282.021
265.429	284.131
265.661	282.87100000000004
265.894	285.55100000000004
266.126	289.19100000000003
266.358	290.891
266.591	293.94100000000003
266.823	301.461
267.055	300.951
267.287	303.19100000000003
267.52	298.261
267.752	301.251
267.984	302.931
268.216	305.521
268.448	311.961
268.681	320.151
268.913	332.901
269.145	352.441
269.377	358.831
269.609	346.881
269.841	347.36100000000005
270.073	360.72100000000006
270.306	388.841
270.538	407.051
270.77	388.511
271.002	372.901
271.234	372.121
271.466	389.261
271.698	399.351
271.93	400.671
272.162	401.93100000000004
272.394	393.22100000000006
272.626	375.091
272.858	361.25100000000003
273.09	353.771
273.322	352.731
273.553	344.531
273.785	347.411
274.017	346.391
274.249	350.121
274.481	352.571
274.713	353.711
274.945	359.901
275.176	356.121
275.408	358.201
275.64	358.601
275.872	359.211
276.104	361.661
276.335	366.661
276.567	381.61100000000005
276.799	404.981
277.031	432.191
277.262	439.47100000000006
277.494	423.071
277.726	396.411
277.957	386.421
278.189	378.991
278.421	373.601
278.652	372.781
278.884	372.261
279.115	371.871
279.347	374.50100000000003
279.579	372.50100000000003
279.81	381.101
280.042	385.511
280.273	393.591
280.505	388.68100000000004
280.736	381.68100000000004
280.968	382.301
281.199	381.081
281.431	380.75100000000003
281.662	382.031
281.894	386.991
282.125	398.671
282.356	428.261
282.588	454.29100000000005
282.819	423.851
283.051	393.881
283.282	390.101
283.513	395.061
283.745	399.321
283.976	404.391
284.207	403.691
284.439	398.801
284.67	399.991
284.901	403.561
285.132	401.451
285.364	399.391
285.595	403.131
285.826	403.36100000000005
286.057	410.321
286.288	407.091
286.52	408.771
286.751	408.811
286.982	413.741
287.213	412.121
287.444	419.151
287.675	424.601
287.906	434.961
288.138	436.391
288.369	438.281
288.6	438.341
288.831	430.281
289.062	427.72100000000006
289.293	426.621
289.524	424.281
289.755	423.561
289.986	421.961
290.217	422.951
290.448	422.961
290.679	423.521
290.91	426.811
291.141	421.711
291.371	425.841
291.602	427.151
291.833	419.671
292.064	425.551
292.295	425.831
292.526	427.281
292.757	425.841
292.987	426.241
293.218	422.68100000000004
293.449	430.511
293.68	428.621
293.91	427.171
294.141	428.651
294.372	427.071
294.603	432.271
294.833	433.97100000000006
295.064	434.161
295.295	435.871
295.525	436.551
295.756	447.351
295.987	464.561
296.217	502.711
296.448	481.93100000000004
296.679	446.961
296.909	442.351
297.14	446.591
297.37	450.47100000000006
297.601	455.031
297.831	452.671
298.062	455.401
298.292	456.711
298.523	464.061
298.753	463.641
298.984	458.241
299.214	460.161
299.445	461.481
299.675	464.97100000000006
299.905	474.621
300.136	464.391
300.366	464.521
300.597	471.231
300.827	484.141
301.057	494.43100000000004
301.288	501.801
301.518	491.171
301.748	492.021
301.979	508.131
302.209	498.571
302.439	497.121
302.669	490.881
302.9	486.18100000000004
303.13	486.551
303.36	495.43100000000004
303.59	501.661
303.82	509.531
304.051	499.781
304.281	492.93100000000004
304.511	487.311
304.741	486.051
304.971	483.161
305.201	481.43100000000004
305.431	482.61100000000005
305.661	484.351
305.891	481.351
306.121	486.711
306.352	499.911
306.582	496.341
306.812	485.121
307.042	489.771
307.272	497.75100000000003
307.502	497.50100000000003
307.731	498.371
307.961	493.811
308.191	487.601
308.421	488.821
308.651	492.47100000000006
308.881	491.551
309.111	497.161
309.341	497.261
309.571	510.951
309.8	515.591
310.03	522.491
310.26	528.331
310.49	524.7610000000001
310.72	540.2810000000001
310.949	552.561
311.179	543.751
311.409	527.391
311.639	531.981
311.868	535.001
312.098	537.121
312.328	548.471
312.557	566.251
312.787	573.481
313.017	560.201
313.246	546.7810000000001
313.476	540.671
313.706	548.431
313.935	559.5310000000001
314.165	571.071
314.394	573.5310000000001
314.624	563.871
314.853	554.5509999999999
315.083	548.641
315.312	545.161
315.542	540.981
315.771	537.341
316.001	534.141
316.23	538.5509999999999
316.46	537.321
316.689	542.961
316.919	544.201
317.148	550.751
317.377	549.6510000000001
317.607	546.421
317.836	541.251
318.065	537.061
318.295	536.6510000000001
318.524	536.3009999999999
318.753	537.251
318.983	541.731
319.212	541.331
319.441	555.611
319.67	556.251
319.9	540.601
320.129	540.021
320.358	542.6510000000001
320.587	546.431
320.816	557.421
321.046	561.881
321.275	560.091
321.504	558.3009999999999
321.733	564.161
321.962	570.271
322.191	583.831
322.42	597.661
322.649	611.381
322.878	618.521
323.108	631.821
323.337	663.771
323.566	686.851
323.795	732.601
324.024	837.9209999999999
324.253	1169.321
324.482	1898.411
324.71	3021.731
324.939	3465.6910000000003
325.168	2098.771
325.397	977.961
325.626	768.721
325.855	712.2310000000001
326.084	697.3109999999999
326.313	702.521
326.542	737.851
326.77	868.781
326.999	1202.101
327.228	1928.851
327.457	2955.311
327.686	2610.531
327.914	1208.901
328.143	957.521
328.372	914.221
328.6	821.581
328.829	779.771
329.058	800.911
329.287	804.461
329.515	769.861
329.744	779.391
329.972	857.591
330.201	990.041
330.43	1080.711
330.658	942.531
330.887	885.3009999999999
331.115	804.891
331.344	737.471
331.572	723.861
331.801	735.861
332.03	732.5509999999999
332.258	723.2610000000001
332.486	726.851
332.715	742.6510000000001
332.943	766.9010000000001
333.172	791.091
333.4	818.3710000000001
333.629	856.591
333.857	911.161
334.085	985.521
334.314	1123.1709999999998
334.542	1306.3709999999999
334.771	1226.791
334.999	918.141
335.227	821.841
335.455	779.161
335.684	752.611
335.912	741.611
336.14	724.3009999999999
336.369	718.681
336.597	724.5110000000001
336.825	712.611
337.053	695.201
337.281	684.5609999999999
337.51	677.021
337.738	677.1709999999999
337.966	670.221
338.194	670.9010000000001
338.422	658.661
338.65	648.831
338.878	649.521
339.106	643.581
339.334	644.861
339.562	634.201
339.79	627.381
340.018	626.641
340.246	629.3009999999999
340.474	634.191
340.702	629.641
340.93	628.821
341.158	628.2909999999999
341.386	628.741
341.614	631.121
341.842	624.841
342.07	618.371
342.298	617.691
342.526	614.931
342.754	611.321
342.981	616.901
343.209	630.331
343.437	660.571
343.665	687.0609999999999
343.893	715.911
344.12	720.9010000000001
344.348	690.931
344.576	671.141
344.804	663.251
345.031	654.131
345.259	651.221
345.487	635.151
345.714	621.911
345.942	606.611
346.17	605.491
346.397	601.261
346.625	602.321
346.853	596.901
347.08	596.841
347.308	603.471
347.535	615.351
347.763	618.591
347.99	612.811
348.218	614.731
348.445	622.561
348.673	607.861
348.9	602.331
349.128	593.961
349.355	584.0509999999999
349.583	586.241
349.81	588.151
350.037	585.061
350.265	582.161
350.492	584.951
350.72	587.0310000000001
350.947	594.661
351.174	607.561
351.402	614.191
351.629	602.871
351.856	602.701
352.083	610.911
352.311	614.451
352.538	615.171
352.765	611.731
352.992	608.971
353.22	601.821
353.447	593.061
353.674	587.091
353.901	579.751
354.128	576.451
354.355	576.041
354.583	577.901
354.81	577.771
355.037	575.861
355.264	573.481
355.491	573.091
355.718	572.2909999999999
355.945	573.791
356.172	579.651
356.399	576.671
356.626	574.721
356.853	576.481
357.08	569.881
357.307	574.001
357.534	572.391
357.761	575.841
357.988	581.511
358.215	578.861
358.441	583.311
358.668	583.071
358.895	586.191
359.122	586.961
359.349	592.771
359.576	607.321
359.802	632.591
360.029	656.0509999999999
360.256	655.591
360.483	626.0310000000001
360.709	600.631
360.936	601.0409999999999
361.163	601.431
361.39	603.011
361.616	603.241
361.843	593.411
362.07	600.5310000000001
362.296	602.411
362.523	593.001
362.749	596.131
362.976	590.101
363.203	586.7810000000001
363.429	579.331
363.656	583.521
363.882	578.571
364.109	580.441
364.335	578.2810000000001
364.562	580.021
364.788	579.5310000000001
365.015	583.661
365.241	586.441
365.468	596.111
365.694	597.5509999999999
365.92	584.921
366.147	580.331
366.373	581.411
366.599	579.841
366.826	576.431
367.052	575.001
367.278	583.681
367.505	582.001
367.731	585.7810000000001
367.957	585.081
368.184	588.971
368.41	602.271
368.636	615.601
368.862	623.901
369.089	608.061
369.315	596.401
369.541	593.211
369.767	598.561
369.993	599.5409999999999
370.219	596.2810000000001
370.445	597.251
370.672	600.591
370.898	601.5409999999999
371.124	608.2810000000001
371.35	610.771
371.576	610.921
371.802	607.161
372.028	608.641
372.254	610.7909999999999
372.48	619.871
372.706	628.981
372.932	630.2909999999999
373.158	625.5310000000001
373.384	621.441
373.61	616.421
373.835	619.501
374.061	617.501
374.287	629.971
374.513	638.0409999999999
374.739	653.4010000000001
374.965	663.321
375.191	665.1210000000001
375.416	656.601
375.642	640.211
375.868	638.591
376.094	626.181
376.319	622.8009999999999
376.545	618.431
376.771	618.951
376.997	614.5310000000001
377.222	618.231
377.448	615.441
377.674	612.351
377.899	608.961
378.125	612.111
378.35	610.341
378.576	610.481
378.802	607.401
379.027	615.181
379.253	613.7909999999999
379.478	610.601
379.704	613.381
379.929	617.691
380.155	620.471
380.38	620.2810000000001
380.606	625.181
380.831	619.471
381.057	629.121
381.282	624.491
381.507	625.971
381.733	635.5310000000001
381.958	637.811
382.184	642.821
382.409	652.6709999999999
382.634	658.8710000000001
382.86	658.881
383.085	665.8710000000001
383.31	675.361
383.535	683.201
383.761	688.241
383.986	694.8009999999999
384.211	705.791
384.436	717.7610000000001
384.662	726.391
384.887	739.501
385.112	740.751
385.337	748.8710000000001
385.562	751.931
385.787	750.9010000000001
386.013	764.841
386.238	767.071
386.463	757.6210000000001
386.688	758.341
386.913	744.531
387.138	748.091
387.363	740.241
387.588	725.041
387.813	734.641
388.038	740.631
388.263	756.591
388.488	752.601
388.713	726.771
388.938	720.131
389.163	715.281
389.387	715.9209999999999
389.612	706.321
389.837	709.8109999999999
390.062	709.031
390.287	710.891
390.512	708.9810000000001
390.736	718.941
390.961	728.951
391.186	741.191
391.411	760.021
391.636	773.541
391.86	787.291
392.085	793.6709999999999
392.31	780.531
392.534	766.531
392.759	760.181
392.984	757.881
393.208	768.531
393.433	803.3009999999999
393.658	785.721
393.882	746.571
394.107	743.8009999999999
394.331	747.691
394.556	750.1510000000001
394.78	760.611
395.005	761.8109999999999
395.229	760.751
395.454	783.391
395.678	797.8109999999999
395.903	793.661
396.127	801.4010000000001
396.352	778.7610000000001
396.576	762.9209999999999
396.801	777.2610000000001
397.025	800.181
397.249	789.491
397.474	798.251
397.698	801.541
397.922	814.491
398.147	826.9810000000001
398.371	839.591
398.595	852.7310000000001
398.82	889.181
399.044	957.161
399.268	1049.321
399.492	1176.181
399.717	1253.061
399.941	1220.731
400.165	1151.371
400.389	1063.951
400.613	971.5509999999999
400.837	919.571
401.062	899.351
401.286	885.821
401.51	885.4010000000001
401.734	881.391
401.958	902.831
402.182	928.641
402.406	962.751
402.63	946.381
402.854	944.9010000000001
403.078	948.631
403.302	965.991
403.526	980.461
403.75	986.4810000000001
403.974	992.9010000000001
404.198	993.461
404.422	1012.141
404.645	1015.221
404.869	1024.711
405.093	1080.021
405.317	1129.161
405.541	1119.971
405.765	1030.581
405.988	1011.571
406.212	1057.691
406.436	1106.601
406.66	1072.3609999999999
406.883	1039.5910000000001
407.107	1104.381
407.331	1167.021
407.555	1227.511
407.778	1186.441
408.002	1097.071
408.226	1050.5910000000001
408.449	1037.411
408.673	1023.4810000000001
408.896	1042.521
409.12	1055.1709999999998
409.344	1002.961
409.567	966.0509999999999
409.791	963.4810000000001
410.014	953.631
410.238	948.571
410.461	949.571
410.685	956.9810000000001
410.908	967.271
411.132	995.6210000000001
411.355	989.541
411.578	950.321
411.802	927.5509999999999
412.025	937.741
412.249	982.591
412.472	1028.451
412.695	1079.071
412.919	998.031
413.142	946.6210000000001
413.365	917.381
413.589	909.0110000000001
413.812	890.631
414.035	880.071
414.258	883.161
414.482	887.6210000000001
414.705	893.1709999999999
414.928	884.3109999999999
415.151	882.631
415.374	882.491
415.597	869.3109999999999
415.821	861.681
416.044	860.451
416.267	858.601
416.49	851.441
416.713	851.411
416.936	863.351
417.159	861.291
417.382	873.3710000000001
417.605	879.6510000000001
417.828	895.441
418.051	905.821
418.274	887.881
418.497	874.891
418.72	890.701
418.943	884.631
419.166	935.611
419.389	982.3710000000001
419.611	973.251
419.834	957.2610000000001
420.057	955.831
420.28	954.4209999999999
420.503	936.4810000000001
420.726	921.2310000000001
420.948	928.781
421.171	966.591
421.394	955.021
421.617	898.451
421.839	891.841
422.062	897.641
422.285	923.541
422.507	1005.1510000000001
422.73	1076.571
422.953	996.4209999999999
423.175	938.631
423.398	943.111
423.621	938.971
423.843	967.0110000000001
424.066	958.681
424.288	948.141
424.511	975.841
424.733	1031.931
424.956	1084.911
425.178	1022.661
425.401	1042.301
425.623	1024.521
425.846	908.631
426.068	893.751
426.291	884.431
426.513	880.501
426.735	895.611
426.958	951.5609999999999
427.18	1046.301
427.402	1204.531
427.625	1241.911
427.847	1101.701
428.069	1036.351
428.292	909.961
428.514	845.091
428.736	820.571
428.958	818.8009999999999
429.181	796.721
429.403	797.7610000000001
429.625	818.0509999999999
429.847	851.381
430.069	915.8710000000001
430.292	858.471
430.514	795.861
430.736	793.3009999999999
430.958	784.721
431.18	772.531
431.402	778.941
431.624	774.0110000000001
431.846	783.701
432.068	783.721
432.29	796.7310000000001
432.512	781.521
432.734	796.291
432.956	790.211
433.178	807.161
433.4	801.081
433.622	788.4010000000001
433.844	792.111
434.066	795.1210000000001
434.287	805.881
434.509	833.271
434.731	858.4010000000001
434.953	871.891
435.175	883.711
435.397	900.681
435.618	887.2310000000001
435.84	942.0509999999999
436.062	1044.531
436.284	1029.521
436.505	883.031
436.727	848.6210000000001
436.949	814.8109999999999
437.17	795.411
437.392	787.941
437.614	810.791
437.835	863.0609999999999
438.057	978.961
438.278	1048.881
438.5	1035.651
438.721	1141.491
438.943	997.521
439.165	855.071
439.386	833.961
439.608	845.611
439.829	861.741
440.05	916.471
440.272	966.461
440.493	870.771
440.715	833.841
440.936	826.3109999999999
441.158	832.721
441.379	847.321
441.6	891.891
441.822	917.961
442.043	966.181
442.264	1060.3410000000001
442.486	1018.2610000000001
442.707	924.091
442.928	910.571
443.149	948.611
443.371	971.9010000000001
443.592	1024.071
443.813	1140.661
444.034	1127.351
444.255	994.851
444.476	970.691
444.698	997.221
444.919	1004.081
445.14	1021.181
445.361	991.941
445.582	1000.0609999999999
445.803	1080.461
446.024	1151.201
446.245	1106.201
446.466	988.1510000000001
446.687	864.4010000000001
446.908	830.141
447.129	792.101
447.35	773.181
447.571	771.6210000000001
447.792	761.581
448.013	776.8009999999999
448.234	803.1210000000001
448.455	876.7310000000001
448.675	1025.8909999999998
448.896	1071.631
449.117	894.6709999999999
449.338	926.201
449.559	1097.431
449.779	1115.251
450.0	861.341
450.221	780.661
450.442	754.281
450.662	751.391
450.883	765.041
451.104	778.431
451.324	750.7610000000001
451.545	731.5509999999999
451.766	713.471
451.986	701.451
452.207	699.381
452.428	699.351
452.648	709.1210000000001
452.869	717.661
453.089	725.3710000000001
453.31	739.161
453.53	708.241
453.751	697.641
453.971	707.2310000000001
454.192	723.861
454.412	687.881
454.633	682.8109999999999
454.853	680.211
455.073	685.681
455.294	733.091
455.514	796.8009999999999
455.734	730.4010000000001
455.955	667.701
456.175	654.461
456.395	649.571
456.616	646.601
456.836	650.4810000000001
457.056	647.431
457.276	641.351
457.497	663.031
457.717	657.7310000000001
457.937	669.861
458.157	677.771
458.377	688.741
458.598	743.501
458.818	846.0110000000001
459.038	940.881
459.258	901.191
459.478	808.591
459.698	794.111
459.918	801.431
460.138	823.211
460.358	847.381
460.578	852.331
460.798	862.701
461.018	858.441
461.238	844.3109999999999
461.458	842.361
461.678	838.531
461.898	859.191
462.118	866.201
462.338	905.9209999999999
462.558	922.431
462.777	955.531
462.997	1028.401
463.217	1076.401
463.437	1050.211
463.657	981.0110000000001
463.876	957.7610000000001
464.096	965.641
464.316	966.5509999999999
464.536	970.241
464.755	937.851
464.975	938.241
465.195	992.091
465.414	981.5110000000001
465.634	846.4209999999999
465.854	803.951
466.073	774.501
466.293	759.831
466.512	739.821
466.732	728.3009999999999
466.951	729.331
467.171	730.951
467.391	742.681
467.61	753.881
467.829	754.1510000000001
468.049	797.461
468.268	824.501
468.488	740.091
468.707	713.6510000000001
468.927	708.7610000000001
469.146	701.341
469.365	710.6709999999999
469.585	711.281
469.804	740.131
470.023	759.451
470.243	753.271
470.462	771.0110000000001
470.681	787.141
470.901	770.041
471.12	748.541
471.339	742.791
471.558	740.931
471.777	736.641
471.997	754.461
472.216	893.591
472.435	1128.281
472.654	870.411
472.873	765.5110000000001
473.092	739.241
473.311	725.4010000000001
473.53	722.691
473.749	733.291
473.968	797.411
474.187	912.2310000000001
474.406	846.251
474.625	742.641
474.844	713.891
475.063	703.9010000000001
475.282	706.381
475.501	715.1709999999999
475.72	719.8109999999999
475.939	719.631
476.158	724.951
476.377	728.971
476.596	725.6210000000001
476.814	748.241
477.033	752.961
477.252	760.5509999999999
477.471	774.7310000000001
477.69	786.391
477.908	799.691
478.127	821.791
478.346	824.891
478.564	840.411
478.783	852.591
479.002	867.0110000000001
479.22	866.851
479.439	884.341
479.658	898.521
479.876	905.081
480.095	934.331
480.313	986.521
480.532	979.641
480.751	991.661
480.969	1120.981
481.188	1642.541
481.406	1468.941
481.624	1061.451
481.843	955.571
482.061	905.381
482.28	877.571
482.498	859.721
482.717	846.531
482.935	841.6709999999999
483.153	834.361
483.372	827.931
483.59	830.251
483.808	828.521
484.027	833.1510000000001
484.245	840.211
484.463	837.681
484.681	853.8109999999999
484.9	853.9810000000001
485.118	862.601
485.336	867.291
485.554	878.0110000000001
485.772	886.451
485.99	886.771
486.209	896.321
486.427	898.851
486.645	903.581
486.863	920.241
487.081	902.081
487.299	890.641
487.517	885.711
487.735	881.201
487.953	881.241
488.171	883.891
488.389	886.4810000000001
488.607	885.181
488.825	883.721
489.043	887.1709999999999
489.261	893.141
489.479	896.431
489.696	903.381
489.914	913.4010000000001
490.132	923.5609999999999
490.35	933.2310000000001
490.568	947.4010000000001
490.786	960.441
491.003	975.291
491.221	1001.661
491.439	1020.771
491.657	1029.261
491.874	1033.891
492.092	1041.9209999999998
492.31	1049.521
492.527	1058.9209999999998
492.745	1077.261
492.963	1078.841
493.18	1079.791
493.398	1081.831
493.615	1099.101
493.833	1081.771
494.05	1067.071
494.268	1064.791
494.485	1060.221
494.703	1052.741
494.92	1052.901
495.138	1046.851
495.355	1045.681
495.573	1043.8410000000001
495.79	1040.9209999999998
496.008	1043.811
496.225	1037.811
496.442	1037.211
496.66	1044.231
496.877	1044.831
497.094	1058.251
497.312	1069.4209999999998
497.529	1097.771
497.746	1115.771
497.963	1143.491
498.181	1195.6709999999998
498.398	1218.3909999999998
498.615	1280.1409999999998
498.832	1329.941
499.049	1385.971
499.267	1457.671
499.484	1544.731
499.701	1641.1509999999998
499.918	1725.091
500.135	1817.591
500.352	1884.251
500.569	1904.131
500.786	1888.561
501.003	1838.4609999999998
501.22	1762.471
501.437	1676.751
501.654	1583.701
501.871	1515.5810000000001
502.088	1414.191
502.305	1341.601
502.522	1278.281
502.739	1235.831
502.956	1183.211
503.172	1144.751
503.389	1112.481
503.606	1107.621
503.823	1092.701
504.04	1081.131
504.256	1086.151
504.473	1101.581
504.69	1104.651
504.907	1074.341
505.123	1029.751
505.34	997.881
505.557	974.451
505.773	962.701
505.99	957.971
506.207	947.9010000000001
506.423	936.821
506.64	924.991
506.856	912.411
507.073	908.0609999999999
507.289	903.181
507.506	902.5609999999999
507.722	924.501
507.939	923.601
508.155	885.181
508.372	871.4810000000001
508.588	866.741
508.805	863.0509999999999
509.021	870.321
509.238	893.0609999999999
509.454	890.531
509.67	874.571
509.887	864.331
510.103	877.5110000000001
510.319	946.191
510.536	1471.411
510.752	2979.161
510.968	1374.6809999999998
511.184	880.751
511.401	847.381
511.617	844.001
511.833	864.141
512.049	868.1709999999999
512.265	850.351
512.481	841.3710000000001
512.698	825.431
512.914	822.271
513.13	817.351
513.346	814.641
513.562	815.221
513.778	815.291
513.994	819.781
514.21	836.751
514.426	867.891
514.642	907.1709999999999
514.858	920.3109999999999
515.074	992.611
515.29	1333.321
515.506	2308.551
515.721	1359.2409999999998
515.937	961.331
516.153	915.331
516.369	899.351
516.585	908.681
516.801	923.021
517.016	943.951
517.232	976.6510000000001
517.448	995.7310000000001
517.664	1016.4810000000001
517.879	1009.741
518.095	1003.101
518.311	985.581
518.527	956.181
518.742	927.111
518.958	901.141
519.173	879.751
519.389	866.291
519.605	847.381
519.82	838.3109999999999
520.036	855.291
520.251	874.991
520.467	879.861
520.682	866.271
520.898	867.3710000000001
521.113	881.181
521.329	927.491
521.544	1044.991
521.76	1499.5810000000001
521.975	3259.4410000000003
522.19	2262.761
522.406	1066.651
522.621	841.8009999999999
522.836	790.691
523.052	761.411
523.267	743.631
523.482	734.941
523.698	733.041
523.913	740.711
524.128	725.931
524.343	708.861
524.559	704.391
524.774	694.821
524.989	696.611
525.204	709.5509999999999
525.419	705.291
525.634	686.161
525.849	683.541
526.064	680.331
526.28	679.201
526.495	672.381
526.71	670.721
526.925	669.341
527.14	668.181
527.355	667.5609999999999
527.57	665.9810000000001
527.785	666.581
527.999	663.361
528.214	668.031
528.429	672.491
528.644	668.221
528.859	668.821
529.074	672.251
529.289	711.4209999999999
529.503	805.821
529.718	727.471
529.933	687.861
530.148	675.6709999999999
530.363	673.2610000000001
530.577	666.4010000000001
530.792	661.751
531.007	658.1210000000001
531.221	664.431
531.436	661.861
531.651	661.471
531.865	661.3109999999999
532.08	660.271
532.295	659.351
532.509	658.581
532.724	653.601
532.938	659.0609999999999
533.153	661.471
533.367	654.441
533.582	653.471
533.796	649.4209999999999
534.011	651.241
534.225	651.5509999999999
534.44	640.8009999999999
534.654	645.3009999999999
534.868	639.631
535.083	641.3009999999999
535.297	643.971
535.511	647.981
535.726	654.431
535.94	650.591
536.154	639.381
536.369	632.011
536.583	619.871
536.797	621.001
537.011	620.571
537.225	613.081
537.44	614.721
537.654	616.001
537.868	611.131
538.082	615.741
538.296	613.7909999999999
538.51	609.221
538.724	615.111
538.938	608.201
539.153	606.571
539.367	624.641
539.581	610.3009999999999
539.795	602.121
540.009	599.361
540.222	601.761
540.436	602.871
540.65	607.111
540.864	608.641
541.078	613.581
541.292	607.501
541.506	599.161
541.72	592.641
541.934	586.271
542.147	586.2810000000001
542.361	582.171
542.575	581.5509999999999
542.789	581.671
543.002	587.041
543.216	593.7810000000001
543.43	599.841
543.644	593.871
543.857	591.101
544.071	593.8009999999999
544.285	597.7810000000001
544.498	593.001
544.712	591.971
544.925	593.131
545.139	592.321
545.352	593.151
545.566	591.2909999999999
545.779	591.0310000000001
545.993	588.991
546.206	591.261
546.42	586.131
546.633	588.361
546.847	587.981
547.06	582.741
547.274	586.291
547.487	581.441
547.7	584.511
547.914	588.231
548.127	592.8009999999999
548.34	595.191
548.554	587.901
548.767	589.091
548.98	589.421
549.193	593.261
549.407	597.061
549.62	601.501
549.833	600.361
550.046	591.961
550.259	588.391
550.473	577.181
550.686	581.471
550.899	578.101
551.112	573.871
551.325	571.351
551.538	578.841
551.751	575.621
551.964	580.721
552.177	585.641
552.39	590.931
552.603	605.001
552.816	614.7909999999999
553.029	621.251
553.242	632.381
553.455	638.981
553.667	650.001
553.88	644.211
554.093	621.8009999999999
554.306	612.081
554.519	600.581
554.732	585.821
554.944	577.251
555.157	569.111
555.37	559.641
555.583	554.571
555.795	548.581
556.008	538.8009999999999
556.221	531.521
556.433	525.601
556.646	521.131
556.859	519.831
557.071	514.341
557.284	510.801
557.496	505.941
557.709	505.701
557.921	502.781
558.134	499.421
558.346	495.991
558.559	496.86100000000005
558.771	495.021
558.984	493.54100000000005
559.196	489.00100000000003
559.409	491.671
559.621	491.161
559.833	488.101
560.046	489.621
560.258	488.831
560.47	493.591
560.683	491.031
560.895	485.691
561.107	485.97100000000006
561.32	483.18100000000004
561.532	487.22100000000006
561.744	484.441
561.956	484.79100000000005
562.168	486.75100000000003
562.381	489.531
562.593	489.711
562.805	494.321
563.017	493.411
563.229	492.22100000000006
563.441	494.61100000000005
563.653	498.571
563.865	496.851
564.077	500.121
564.289	503.411
564.501	514.381
564.713	521.911
564.925	534.241
565.137	554.701
565.349	548.721
565.561	560.901
565.773	576.991
565.985	599.151
566.197	623.8009999999999
566.408	656.241
566.62	698.6510000000001
566.832	734.111
567.044	736.4209999999999
567.255	741.391
567.467	762.431
567.679	793.631
567.891	838.001
568.102	832.411
568.314	785.0609999999999
568.526	721.081
568.737	672.521
568.949	630.311
569.161	594.061
569.372	561.701
569.584	542.211
569.795	528.431
570.007	536.4010000000001
570.218	645.431
570.43	542.721
570.641	499.461
570.853	495.311
571.064	497.321
571.276	492.36100000000005
571.487	477.50100000000003
571.698	462.651
571.91	452.601
572.121	444.011
572.333	438.761
572.544	429.421
572.755	425.271
572.966	422.97100000000006
573.178	418.371
573.389	415.511
573.6	412.071
573.811	407.521
574.023	407.86100000000005
574.234	406.43100000000004
574.445	405.441
574.656	402.311
574.867	403.891
575.078	403.771
575.289	399.47100000000006
575.501	396.04100000000005
575.712	391.981
575.923	388.661
576.134	389.591
576.345	385.86100000000005
576.556	387.521
576.767	384.071
576.978	385.211
577.188	384.061
577.399	381.021
577.61	379.811
577.821	382.571
578.032	393.941
578.243	538.891
578.454	988.321
578.665	486.54100000000005
578.875	379.18100000000004
579.086	364.93100000000004
579.297	360.411
579.508	358.821
579.718	357.771
579.929	356.831
580.14	351.851
580.35	350.241
580.561	350.851
580.772	350.551
580.982	349.421
581.193	345.331
581.403	346.961
581.614	345.771
581.825	345.051
582.035	343.881
582.246	342.891
582.456	341.50100000000003
582.667	344.68100000000004
582.877	343.021
583.087	338.811
583.298	339.711
583.508	340.301
583.719	336.801
583.929	338.781
584.139	336.43100000000004
584.35	333.621
584.56	335.481
584.77	334.591
584.981	332.601
585.191	334.241
585.401	332.54100000000005
585.611	332.141
585.821	332.521
586.032	332.241
586.242	329.271
586.452	328.641
586.662	325.801
586.872	327.621
587.082	327.921
587.292	326.091
587.502	324.061
587.713	324.621
587.923	325.781
588.133	325.26099999999997
588.343	326.311
588.553	328.141
588.762	331.651
588.972	356.551
589.182	509.75100000000003
589.392	396.731
589.602	368.921
589.812	441.72100000000006
590.022	357.701
590.232	330.79100000000005
590.441	331.531
590.651	330.051
590.861	329.231
591.071	331.601
591.281	337.801
591.49	339.511
591.7	344.621
591.91	348.97100000000006
592.119	351.351
592.329	359.571
592.539	372.281
592.748	377.051
592.958	384.661
593.167	386.211
593.377	391.211
593.587	401.071
593.796	396.941
594.006	396.561
594.215	398.211
594.424	394.281
594.634	384.841
594.843	372.341
595.053	362.991
595.262	355.631
595.472	345.511
595.681	336.871
595.89	329.731
596.1	327.43100000000004
596.309	321.071
596.518	317.541
596.727	313.30100000000004
596.937	309.94100000000003
597.146	307.661
597.355	304.991
597.564	299.751
597.774	297.391
597.983	293.251
598.192	292.671
598.401	292.641
598.61	290.381
598.819	290.461
599.028	284.791
599.237	285.821
599.446	285.12100000000004
599.655	287.30100000000004
599.864	285.161
600.073	282.431
600.282	283.281
600.491	280.80100000000004
600.7	282.241
600.909	281.841
601.118	281.511
601.327	280.451
601.536	276.811
601.745	277.071
601.953	278.081
602.162	276.881
602.371	274.321
602.58	272.511
602.789	275.381
602.997	271.831
603.206	272.511
603.415	268.031
603.623	265.381
603.832	264.471
604.041	265.531
604.249	265.37100000000004
604.458	263.751
604.666	261.37100000000004
604.875	262.631
605.084	260.081
605.292	261.141
605.501	260.071
605.709	259.491
605.918	257.981
606.126	261.701
606.334	257.421
606.543	258.111
606.751	258.12100000000004
606.96	255.291
607.168	257.631
607.376	255.57100000000003
607.585	257.271
607.793	256.571
608.001	257.87100000000004
608.21	256.631
608.418	256.381
608.626	254.14100000000002
608.834	254.23100000000002
609.043	254.561
609.251	253.32100000000003
609.459	251.921
609.667	251.791
609.875	250.421
610.083	252.371
610.291	253.30100000000002
610.499	252.64100000000002
610.707	252.611
610.916	251.221
611.124	251.871
611.332	250.741
611.54	248.901
611.748	249.48100000000002
611.955	249.30100000000002
612.163	248.241
612.371	248.25099999999998
612.579	245.771
612.787	247.791
612.995	247.311
613.203	248.07100000000003
613.411	244.93099999999998
613.618	244.371
613.826	243.89100000000002
614.034	243.33100000000002
614.242	243.93099999999998
614.449	243.151
614.657	242.84099999999998
614.865	243.57100000000003
615.072	245.171
615.28	243.461
615.488	246.111
615.695	250.721
615.903	254.621
616.111	256.351
616.318	260.771
616.526	255.64100000000002
616.733	253.871
616.941	248.80100000000002
617.148	249.351
617.356	247.68099999999998
617.563	247.30100000000002
617.771	246.861
617.978	242.471
618.185	244.201
618.393	239.711
618.6	242.401
618.807	242.64100000000002
619.015	242.401
619.222	238.601
619.429	236.781
619.637	239.07100000000003
619.844	237.651
620.051	235.291
620.258	233.75099999999998
620.466	227.971
620.673	224.59099999999998
620.88	223.511
621.087	226.55100000000002
621.294	228.961
621.501	228.14100000000002
621.708	229.64100000000002
621.915	228.471
622.122	227.75099999999998
622.329	226.171
622.536	227.011
622.743	222.171
622.95	223.421
623.157	222.48100000000002
623.364	222.93099999999998
623.571	221.09099999999998
623.778	220.381
623.985	219.921
624.192	216.68099999999998
624.399	217.971
624.606	217.541
624.812	216.41099999999997
625.019	214.91099999999997
625.226	215.421
625.433	218.261
625.639	212.861
625.846	212.791
626.053	211.211
626.259	211.531
626.466	211.16099999999997
626.673	210.33100000000002
626.879	209.83100000000002
627.086	211.30100000000002
627.293	209.651
627.499	208.381
627.706	209.041
627.912	207.48100000000002
628.119	205.64100000000002
628.325	205.961
628.532	205.131
628.738	204.33100000000002
628.945	203.041
629.151	202.59099999999998
629.357	200.561
629.564	199.171
629.77	200.651
629.976	199.791
630.183	198.371
630.389	198.221
630.595	195.39100000000002
630.802	196.601
631.008	194.761
631.214	194.601
631.42	194.701
631.627	198.521
631.833	193.30100000000002
632.039	191.271
632.245	189.561
632.451	191.021
632.657	189.701
632.863	189.111
633.069	189.34099999999998
633.275	188.481
633.481	186.30100000000002
633.688	186.721
633.893	190.011
634.099	187.191
634.305	186.761
634.511	184.50099999999998
634.717	185.311
634.923	183.131
635.129	183.14100000000002
635.335	184.371
635.541	183.701
635.747	186.131
635.952	185.55100000000002
636.158	187.071
636.364	215.361
636.57	212.80100000000002
636.775	194.82100000000003
636.981	187.781
637.187	185.121
637.392	184.981
637.598	183.521
637.804	183.691
638.009	182.121
638.215	180.571
638.421	178.171
638.626	177.58100000000002
638.832	177.271
639.037	173.901
639.243	174.291
639.448	175.031
639.654	176.221
639.859	172.121
640.065	173.18099999999998
640.27	177.731
640.475	172.05100000000002
640.681	172.971
640.886	174.371
641.091	171.621
641.297	173.50099999999998
641.502	169.371
641.707	172.30100000000002
641.913	171.101
642.118	169.83100000000002
642.323	167.55100000000002
642.528	170.861
642.733	167.371
642.939	166.861
643.144	167.031
643.349	166.401
643.554	167.151
643.759	165.611
643.964	164.031
644.169	166.851
644.374	164.55100000000002
644.579	165.961
644.784	164.66099999999997
644.989	164.75099999999998
645.194	165.761
645.399	165.101
645.604	163.041
645.809	168.961
646.014	169.511
646.219	167.09099999999998
646.423	165.101
646.628	163.921
646.833	166.691
647.038	168.131
647.243	168.68099999999998
647.447	167.771
647.652	170.30100000000002
647.857	170.05100000000002
648.062	172.39100000000002
648.266	175.33100000000002
648.471	180.111
648.676	182.811
648.88	179.58100000000002
649.085	177.871
649.289	177.021
649.494	190.711
649.698	226.451
649.903	188.151
650.107	168.75099999999998
650.312	164.771
650.516	156.061
650.721	156.631
650.925	153.381
651.13	152.301
651.334	150.071
651.539	148.391
651.743	146.191
651.947	146.551
652.152	144.781
652.356	142.431
652.56	144.561
652.764	138.991
652.969	140.281
653.173	137.091
653.377	134.631
653.581	135.251
653.785	133.941
653.99	135.751
654.194	133.83100000000002
654.398	134.231
654.602	134.351
654.806	138.83100000000002
655.01	157.001
655.214	140.231
655.418	133.281
655.622	132.251
655.826	134.261
656.03	138.551
656.234	142.451
656.438	149.311
656.642	147.08100000000002
656.846	138.371
657.049	130.191
657.253	123.171
657.457	118.51100000000001
657.661	115.311
657.865	113.76100000000001
658.068	111.291
658.272	107.401
658.476	105.471
658.68	104.171
658.883	101.821
659.087	101.19099999999999
659.291	99.35099999999998
659.494	96.641
659.698	95.85099999999998
659.901	96.09100000000001
660.105	96.291
660.309	96.19099999999999
660.512	91.85099999999998
660.716	94.301
660.919	92.501
661.123	92.85099999999998
661.326	89.51100000000001
661.53	89.60099999999998
661.733	88.85099999999998
661.936	89.451
662.14	85.77099999999999
662.343	86.961
662.546	85.93100000000001
662.75	84.251
662.953	84.84100000000001
663.156	83.701
663.36	83.971
663.563	82.77099999999999
663.766	80.151
663.969	82.76100000000001
664.173	82.18100000000001
664.376	82.76100000000001
664.579	81.541
664.782	81.641
664.985	82.551
665.188	82.391
665.391	83.301
665.594	80.551
665.797	82.10099999999998
666.0	81.35099999999998
666.203	81.241
666.406	79.681
666.609	81.451
666.812	82.331
667.015	80.111
667.218	82.561
667.421	82.311
667.624	81.131
667.827	80.781
668.03	80.761
668.232	79.871
668.435	81.59100000000001
668.638	80.531
668.841	82.971
669.043	80.521
669.246	81.031
669.449	82.36099999999999
669.651	82.451
669.854	80.891
670.057	82.251
670.259	80.431
670.462	81.59100000000001
670.665	81.551
670.867	83.391
671.07	81.621
671.272	83.121
671.475	84.961
671.677	82.19099999999999
671.88	81.911
672.082	81.27099999999999
672.284	82.041
672.487	80.641
672.689	81.411
672.892	81.501
