223.165	-17.3512
223.4	-17.3512
223.635	-17.3512
223.869	-19.1112
224.104	-19.2912
224.338	-16.0712
224.573	-15.1812
224.808	-13.1412
225.042	-9.7212
225.277	-5.6612
225.511	-2.2912
225.746	3.8388
225.98	8.7188
226.215	12.6288
226.449	16.468799999999998
226.683	20.0188
226.918	25.3688
227.152	30.7688
227.387	35.4388
227.621	38.5588
227.856	45.4988
228.09	46.718799999999995
228.324	51.0688
228.559	56.1588
228.793	68.5588
229.027	99.4188
229.262	109.3388
229.496	120.5588
229.73	144.9588
229.964	145.9688
230.199	118.76880000000001
230.433	113.43880000000001
230.667	116.44879999999999
230.901	115.0888
231.136	112.27879999999999
231.37	114.2188
231.604	116.76880000000001
231.838	117.26880000000001
232.072	117.3988
232.306	118.8688
232.541	118.3188
232.775	119.3188
233.009	120.94879999999999
233.243	119.60879999999999
233.477	119.8288
233.711	122.60880000000002
233.945	124.7088
234.179	123.3988
234.413	124.7088
234.647	123.3288
234.881	121.5888
235.115	123.8888
235.349	124.3888
235.583	127.2988
235.817	128.8688
236.051	132.2988
236.285	129.1588
236.519	129.9288
236.753	137.3188
236.987	155.5188
237.221	200.3488
237.455	214.2588
237.689	156.74880000000002
237.922	140.1388
238.156	138.99880000000002
238.39	134.12879999999998
238.624	131.4688
238.858	133.8688
239.091	134.3888
239.325	134.25879999999998
239.559	137.62879999999998
239.793	137.9288
240.027	144.62879999999998
240.26	157.0588
240.494	162.31879999999998
240.728	160.4688
240.961	156.6888
241.195	150.25879999999998
241.429	148.6688
241.662	143.8588
241.896	146.03879999999998
242.13	145.7388
242.363	145.7088
242.597	147.3688
242.83	153.6588
243.064	150.5788
243.298	152.9188
243.531	151.6188
243.765	152.8988
243.998	155.3188
244.232	158.0888
244.465	161.7288
244.699	160.6888
244.932	161.3288
245.166	160.49880000000002
245.399	161.3388
245.633	159.6688
245.866	160.8088
246.099	160.4588
246.333	165.0588
246.566	164.28879999999998
246.8	166.9688
247.033	171.37879999999998
247.266	173.8388
247.5	179.54880000000003
247.733	184.6088
247.966	184.79880000000003
248.2	184.31879999999998
248.433	185.9688
248.666	192.2588
248.899	204.5888
249.133	215.3988
249.366	223.4488
249.599	212.1788
249.832	196.4988
250.066	199.9288
250.299	209.45880000000002
250.532	226.45880000000002
250.765	238.9188
250.998	246.2688
251.231	238.6488
251.465	220.87879999999998
251.698	216.22879999999998
251.931	211.1988
252.164	210.52880000000002
252.397	211.0888
252.63	218.1488
252.863	226.0588
253.096	237.04880000000003
253.329	242.2188
253.562	232.29880000000003
253.795	227.36880000000002
254.028	227.45880000000002
254.261	231.12879999999998
254.494	247.1688
254.727	279.8688
254.96	287.3788
255.193	266.8588
255.426	251.18880000000001
255.659	248.3288
255.892	266.5088
256.124	285.1888
256.357	273.6388
256.59	251.8488
256.823	237.45880000000002
257.056	231.8388
257.289	231.0088
257.521	231.5588
257.754	229.38879999999997
257.987	227.43880000000001
258.22	228.3288
258.452	226.18880000000001
258.685	226.9488
258.918	230.1988
259.151	234.65879999999999
259.383	241.03879999999998
259.616	240.8288
259.849	245.90879999999999
260.081	261.7188
260.314	275.5988
260.547	268.9688
260.779	253.27880000000002
261.012	248.6488
261.244	244.2688
261.477	243.4188
261.71	248.0188
261.942	262.6888
262.175	266.3188
262.407	246.68880000000001
262.64	237.2688
262.872	238.1988
263.105	236.3488
263.337	238.56879999999998
263.57	238.3288
263.802	239.97879999999998
264.035	239.79880000000003
264.267	241.87879999999998
264.499	238.9488
264.732	242.5788
264.964	241.6688
265.197	242.38879999999997
265.429	243.5088
265.661	243.06879999999998
265.894	245.06879999999998
266.126	247.3588
266.358	247.6988
266.591	251.87879999999998
266.823	257.9688
267.055	260.3688
267.287	259.6288
267.52	255.22879999999998
267.752	259.0288
267.984	259.0288
268.216	259.3088
268.448	266.6488
268.681	272.0088
268.913	281.6388
269.145	299.7788
269.377	305.6188
269.609	296.5488
269.841	294.8488
270.073	304.8788
270.306	328.15880000000004
270.538	341.1888
270.77	330.2688
271.002	318.6588
271.234	312.8188
271.466	327.5088
271.698	337.92879999999997
271.93	337.7188
272.162	338.5288
272.394	331.6088
272.626	318.92879999999997
272.858	305.7388
273.09	301.3888
273.322	300.0488
273.553	292.9788
273.785	294.2788
274.017	294.8888
274.249	296.5488
274.481	294.92879999999997
274.713	297.49879999999996
274.945	301.4088
275.176	302.42879999999997
275.408	300.7588
275.64	299.9088
275.872	299.0788
276.104	302.6988
276.335	306.9488
276.567	317.1488
276.799	337.1288
277.031	353.3788
277.262	358.2188
277.494	348.67879999999997
277.726	333.6888
277.957	319.7088
278.189	316.8988
278.421	312.2888
278.652	311.1488
278.884	311.74879999999996
279.115	308.9588
279.347	312.1388
279.579	311.7188
279.81	312.8588
280.042	314.74879999999996
280.273	319.2988
280.505	318.4088
280.736	318.3988
280.968	315.67879999999997
281.199	317.7888
281.431	318.4688
281.662	320.0588
281.894	324.2988
282.125	332.33880000000005
282.356	357.3688
282.588	380.92879999999997
282.819	354.9488
283.051	328.48879999999997
283.282	325.6088
283.513	330.2088
283.745	334.73879999999997
283.976	336.22880000000004
284.207	338.7188
284.439	336.9388
284.67	335.2988
284.901	335.5688
285.132	335.9688
285.364	333.5788
285.595	335.7088
285.826	335.6088
286.057	339.99879999999996
286.288	337.1688
286.52	340.5188
286.751	341.0288
286.982	342.8788
287.213	342.8588
287.444	346.24879999999996
287.675	352.0088
287.906	360.08880000000005
288.138	366.5288
288.369	364.8188
288.6	363.1388
288.831	357.55879999999996
289.062	355.8888
289.293	354.97880000000004
289.524	354.8988
289.755	352.0488
289.986	353.2588
290.217	353.2188
290.448	351.7688
290.679	354.7588
290.91	356.1188
291.141	353.97880000000004
291.371	352.1488
291.602	354.22880000000004
291.833	352.2588
292.064	354.3788
292.295	355.1888
292.526	356.6188
292.757	354.0388
292.987	352.5988
293.218	352.6188
293.449	357.73879999999997
293.68	356.9488
293.91	356.47880000000004
294.141	357.0688
294.372	356.3888
294.603	357.0988
294.833	360.9188
295.064	363.23879999999997
295.295	362.0688
295.525	363.6488
295.756	375.6488
295.987	387.2988
296.217	418.17879999999997
296.448	403.05879999999996
296.679	373.0988
296.909	367.7188
297.14	367.9588
297.37	373.8688
297.601	374.7988
297.831	375.6988
298.062	375.0188
298.292	379.1288
298.523	382.1088
298.753	382.65880000000004
298.984	378.99879999999996
299.214	380.33880000000005
299.445	384.0088
299.675	385.5688
299.905	391.4488
300.136	388.6288
300.366	385.8688
300.597	389.2588
300.827	400.9388
301.057	408.8588
301.288	414.7888
301.518	405.9188
301.748	406.3988
301.979	418.4588
302.209	408.8988
302.439	410.2088
302.669	401.3988
302.9	402.33880000000005
303.13	399.97880000000004
303.36	406.6688
303.59	411.7988
303.82	421.1288
304.051	410.0988
304.281	404.8288
304.511	398.65880000000004
304.741	399.2588
304.971	398.9688
305.201	402.6188
305.431	398.2188
305.661	399.9388
305.891	398.9188
306.121	401.05879999999996
306.352	412.1988
306.582	410.22880000000004
306.812	398.4588
307.042	398.8588
307.272	401.48879999999997
307.502	405.1488
307.731	406.0688
307.961	402.2788
308.191	398.55879999999996
308.421	400.7788
308.651	404.4488
308.881	405.0388
309.111	405.5488
309.341	407.47880000000004
309.571	417.67879999999997
309.8	421.1888
310.03	429.4688
310.26	430.2988
310.49	429.5788
310.72	440.2788
310.949	448.7988
311.179	444.7188
311.409	430.8588
311.639	431.1188
311.868	435.98879999999997
312.098	439.80879999999996
312.328	445.9688
312.557	457.7688
312.787	465.7688
313.017	456.2588
313.246	450.7688
313.476	439.22880000000004
313.706	446.3588
313.935	456.4388
314.165	464.0988
314.394	464.0488
314.624	458.5488
314.853	451.7188
315.083	449.17879999999997
315.312	445.8488
315.542	442.3888
315.771	438.2788
316.001	437.72880000000004
316.23	438.7588
316.46	434.7688
316.689	439.4488
316.919	446.1388
317.148	447.1988
317.377	447.33880000000005
317.607	443.6888
317.836	439.22880000000004
318.065	435.9488
318.295	436.9488
318.524	437.49879999999996
318.753	438.0388
318.983	440.3888
319.212	441.48879999999997
319.441	453.2788
319.67	453.48879999999997
319.9	442.6488
320.129	443.22880000000004
320.358	442.5388
320.587	447.8188
320.816	453.8688
321.046	459.8288
321.275	456.24879999999996
321.504	456.3588
321.733	455.6988
321.962	465.72880000000004
322.191	475.3788
322.42	485.2988
322.649	494.7588
322.878	502.2788
323.108	513.2688
323.337	535.3788000000001
323.566	555.5388
323.795	593.8488000000001
324.024	684.8088
324.253	973.0988
324.482	1632.1188
324.71	2784.2688000000003
324.939	3361.5887999999995
325.168	1770.1388
325.397	810.5487999999999
325.626	625.0388
325.855	575.6388
326.084	565.6888
326.313	572.6488
326.542	601.1188
326.77	710.7687999999999
326.999	1019.3788
327.228	1695.5687999999998
327.457	2752.7988
327.686	2376.2488
327.914	995.0388
328.143	728.7188000000001
328.372	671.0288
328.6	618.5988000000001
328.829	602.4388
329.058	620.4488
329.287	615.7388000000001
329.515	585.3088
329.744	576.2188
329.972	600.4788
330.201	645.8788000000001
330.43	686.7687999999999
330.658	661.5187999999999
330.887	667.6688
331.115	619.1488
331.344	573.1688
331.572	566.6788
331.801	578.1488
332.03	575.8488000000001
332.258	567.7688
332.486	568.8988
332.715	582.6688
332.943	595.9888000000001
333.172	613.9988
333.4	630.6188
333.629	654.0388
333.857	675.6788
334.085	693.0388
334.314	729.2987999999999
334.542	781.0488000000001
334.771	755.6888000000001
334.999	652.9388000000001
335.227	618.3288
335.455	601.5888
335.684	588.7688
335.912	581.9788
336.14	577.6988
336.369	571.2288
336.597	575.7888
336.825	568.8188
337.053	560.1388
337.281	549.9588
337.51	544.4588
337.738	544.9788
337.966	540.2488
338.194	539.5088
338.422	530.4688
338.65	522.4088
338.878	521.2388000000001
339.106	519.6388
339.334	521.4488
339.562	512.5988000000001
339.79	506.3288
340.018	509.1188
340.246	506.83880000000005
340.474	511.42879999999997
340.702	510.24879999999996
340.93	507.33880000000005
341.158	509.6188
341.386	508.3788
341.614	509.4188
341.842	506.74879999999996
342.07	501.0388
342.298	500.4588
342.526	495.3988
342.754	496.4388
342.981	496.6388
343.209	509.3888
343.437	539.2888
343.665	558.7488
343.893	581.3188
344.12	588.5588
344.348	560.5688
344.576	542.1288000000001
344.804	537.3488000000001
345.031	528.2488
345.259	526.1988
345.487	511.2388
345.714	504.4388
345.942	494.4688
346.17	490.65880000000004
346.397	491.65880000000004
346.625	488.1188
346.853	484.5388
347.08	483.1688
347.308	490.6488
347.535	497.23879999999997
347.763	503.3088
347.99	495.7188
348.218	501.65880000000004
348.445	503.6688
348.673	492.97880000000004
348.9	487.40880000000004
349.128	482.5688
349.355	476.9488
349.583	478.40880000000004
349.81	475.6888
350.037	475.83880000000005
350.265	474.55879999999996
350.492	477.08880000000005
350.72	479.4688
350.947	484.58880000000005
351.174	496.17879999999997
351.402	499.1888
351.629	487.8988
351.856	490.0988
352.083	496.8988
352.311	499.15880000000004
352.538	501.58880000000005
352.765	496.98879999999997
352.992	498.49879999999996
353.22	489.3288
353.447	483.1688
353.674	476.22880000000004
353.901	472.5788
354.128	469.3688
354.355	470.6888
354.583	472.3488
354.81	471.6988
355.037	473.5188
355.264	468.5188
355.491	464.8988
355.718	466.42879999999997
355.945	468.74879999999996
356.172	469.48879999999997
356.399	470.92879999999997
356.626	469.65880000000004
356.853	468.48879999999997
357.08	463.5688
357.307	463.6688
357.534	464.6088
357.761	469.08880000000005
357.988	472.8688
358.215	473.1288
358.441	472.9388
358.668	470.72880000000004
358.895	472.3888
359.122	475.1688
359.349	480.1388
359.576	488.4488
359.802	511.3788
360.029	528.0688
360.256	527.0888
360.483	502.8588
360.709	484.99879999999996
360.936	487.0488
361.163	487.8888
361.39	489.33880000000005
361.616	487.4188
361.843	480.9188
362.07	485.58880000000005
362.296	484.7088
362.523	481.3988
362.749	482.7088
362.976	476.83880000000005
363.203	474.47880000000004
363.429	471.7688
363.656	471.92879999999997
363.882	470.2588
364.109	468.7788
364.335	470.4688
364.562	468.55879999999996
364.788	467.99879999999996
365.015	473.2788
365.241	477.0388
365.468	482.3188
365.694	482.8488
365.92	479.74879999999996
366.147	469.73879999999997
366.373	470.0288
366.599	470.0188
366.826	466.8288
367.052	465.6988
367.278	471.1988
367.505	473.2588
367.731	475.65880000000004
367.957	474.5288
368.184	477.5388
368.41	488.42879999999997
368.636	499.5288
368.862	511.2788
369.089	493.97880000000004
369.315	483.4488
369.541	479.5288
369.767	482.83880000000005
369.993	485.99879999999996
370.219	485.08880000000005
370.445	487.2088
370.672	487.0088
370.898	486.6188
371.124	491.8688
371.35	498.7588
371.576	494.6388
371.802	494.8188
372.028	491.7788
372.254	496.24879999999996
372.48	499.99879999999996
372.706	508.5088
372.932	513.8288
373.158	507.6188
373.384	506.9688
373.61	499.5488
373.835	502.6688
374.061	503.3588
374.287	512.1788
374.513	518.9088
374.739	528.0688
374.965	537.8188
375.191	537.8888
375.416	530.5688
375.642	516.6988
375.868	516.8088
376.094	510.9888
376.319	505.3988
376.545	505.5788
376.771	503.2688
376.997	498.24879999999996
377.222	498.24879999999996
377.448	497.2188
377.674	497.0788
377.899	493.5488
378.125	496.3088
378.35	493.73879999999997
378.576	493.1488
378.802	492.2188
379.027	497.3488
379.253	498.3788
379.478	493.6288
379.704	498.6388
379.929	502.3088
380.155	501.40880000000004
380.38	501.8288
380.606	505.9588
380.831	502.2188
381.057	509.91880000000003
381.282	505.4188
381.507	506.33880000000005
381.733	514.7988
381.958	513.6988
382.184	522.4588
382.409	528.0588
382.634	534.2488
382.86	534.3588
383.085	539.9688
383.31	547.3688
383.535	549.7288
383.761	552.7588
383.986	562.9588
384.211	570.0488
384.436	578.7788
384.662	585.8088
384.887	596.8188
385.112	594.7888
385.337	603.0788
385.562	605.0188
385.787	605.8488000000001
386.013	615.7388000000001
386.238	618.5488
386.463	610.8588
386.688	612.5788
386.913	597.5588
387.138	600.0888
387.363	594.2588
387.588	585.6488
387.813	592.9188
388.038	597.0088
388.263	605.2688
388.488	608.1088
388.713	589.1388
388.938	583.1288000000001
389.163	582.2688
389.387	580.5088
389.612	574.3188
389.837	575.6988
390.062	572.0388
390.287	575.0088
390.512	573.3288
390.736	581.3088
390.961	591.6888
391.186	599.5888
391.411	613.0888
391.636	623.8888
391.86	634.0088
392.085	640.4288
392.31	628.0688
392.534	616.6888
392.759	609.5388
392.984	605.0088
393.208	603.1188
393.433	612.6588
393.658	606.5588
393.882	594.6188
394.107	598.3588
394.331	604.7988
394.556	600.9788
394.78	611.7488
395.005	611.4288
395.229	612.1388
395.454	629.0688
395.678	638.3188
395.903	642.7088
396.127	646.9388
396.352	626.9788
396.576	611.0888
396.801	609.7488
397.025	622.8788000000001
397.249	627.0988000000001
397.474	640.1288000000001
397.698	642.1188
397.922	652.2388
398.147	662.2088
398.371	667.4087999999999
398.595	683.0888
398.82	713.9188
399.044	767.3288000000001
399.268	842.4388000000001
399.492	945.0787999999999
399.717	1012.1587999999999
399.941	982.4588
400.165	921.8688
400.389	854.5088
400.613	777.2888
400.837	734.2888
401.062	718.2888
401.286	710.7987999999999
401.51	707.2088
401.734	706.5788000000001
401.958	724.8888000000001
402.182	749.3588000000001
402.406	782.0388
402.63	761.9588
402.854	758.3588000000001
403.078	763.1088000000001
403.302	776.4788
403.526	788.5588
403.75	794.3088
403.974	798.3788
404.198	797.2188000000001
404.422	808.7288
404.645	804.5088
404.869	806.7687999999999
405.093	841.6888000000001
405.317	872.1488
405.541	866.6788
405.765	812.3488
405.988	803.7788
406.212	849.3988
406.436	902.4988000000001
406.66	858.7288
406.883	829.8588000000001
407.107	886.8388
407.331	935.4788
407.555	982.4687999999999
407.778	953.1288
408.002	879.8488
408.226	842.7987999999999
408.449	832.1488
408.673	816.3488
408.896	833.9788
409.12	850.2288
409.344	806.6888000000001
409.567	774.3388
409.791	773.5487999999999
410.014	762.3988
410.238	756.8888000000001
410.461	759.8888000000001
410.685	769.4388000000001
410.908	775.0088
411.132	805.0487999999999
411.355	795.6688
411.578	763.1488
411.802	740.4688000000001
412.025	744.2288
412.249	767.7088
412.472	794.8088
412.695	818.6488
412.919	765.6388000000001
413.142	736.4788
413.365	725.4388000000001
413.589	720.3888000000001
413.812	706.4888
414.035	698.1788
414.258	702.4788
414.482	705.2288
414.705	711.4087999999999
414.928	706.8088
415.151	704.3888000000001
415.374	706.8188
415.597	693.9588
415.821	687.0588
416.044	692.0988
416.267	689.4288
416.49	683.6288
416.713	680.1388000000001
416.936	690.0088
417.159	687.2687999999999
417.382	696.4288
417.605	698.7288
417.828	714.4188
418.051	724.6188
418.274	713.1688
418.497	699.7088
418.72	711.0288
418.943	708.3588000000001
419.166	748.5788000000001
419.389	789.9588
419.611	780.1288
419.834	759.4488
420.057	751.7488000000001
420.28	745.8188
420.503	729.4388000000001
420.726	722.4988000000001
420.948	732.3388
421.171	769.4188
421.394	766.1188
421.617	715.6688
421.839	712.5888
422.062	719.8188
422.285	738.6088000000001
422.507	802.6488
422.73	853.0688
422.953	791.1688
423.175	755.1188
423.398	755.0988
423.621	755.4888
423.843	776.0288
424.066	774.1888000000001
424.288	764.4588
424.511	786.4488
424.733	832.9988000000001
424.956	874.4388000000001
425.178	828.5988
425.401	841.7788
425.623	828.7687999999999
425.846	733.6488
426.068	724.2388
426.291	713.0988
426.513	712.2188000000001
426.735	720.9788
426.958	761.9488
427.18	841.9788
427.402	969.3588
427.625	991.1088
427.847	857.3588000000001
428.069	790.9688000000001
428.292	713.9288
428.514	669.8688
428.736	657.8688
428.958	657.0788000000001
429.181	639.3388
429.403	638.5088
429.625	657.4988000000001
429.847	684.1488
430.069	742.9688000000001
430.292	695.2288
430.514	639.0988000000001
430.736	640.9288
430.958	632.9088
431.18	621.8188
431.402	625.8588
431.624	622.2688
431.846	632.7788
432.068	633.4288
432.29	644.6388
432.512	634.8988
432.734	642.6888
432.956	639.3688
433.178	652.3488
433.4	647.0088
433.622	638.1588
433.844	642.8188
434.066	643.3588
434.287	651.3488
434.509	671.2488000000001
434.731	694.9488
434.953	704.6888000000001
435.175	716.6888000000001
435.397	725.8288000000001
435.618	717.6488
435.84	757.2188000000001
436.062	845.5788000000001
436.284	829.4188
436.505	714.8488
436.727	687.4888
436.949	657.1388000000001
437.17	642.5588
437.392	636.7288
437.614	658.1288
437.835	697.4788
438.057	789.0988
438.278	845.4188
438.5	835.5288
438.721	924.3488
438.943	812.3688
439.165	693.2288
439.386	676.9288
439.608	683.9388000000001
439.829	693.2788
440.05	738.0688
440.272	780.3088
440.493	702.7888
440.715	670.1788
440.936	666.3288000000001
441.158	670.2488000000001
441.379	681.5888
441.6	714.0888
441.822	740.9188
442.043	779.8888000000001
442.264	853.6488
442.486	822.2687999999999
442.707	742.9688000000001
442.928	732.6988
443.149	771.7788
443.371	784.6388000000001
443.592	824.9288
443.813	922.3188
444.034	910.0688
444.255	804.9188
444.476	785.3688
444.698	800.9988000000001
444.919	816.4388000000001
445.14	828.1688
445.361	803.3988
445.582	803.8188
445.803	863.5988
446.024	920.0788000000001
446.245	888.1188
446.466	797.4087999999999
446.687	699.8288000000001
446.908	669.0388
447.129	640.2788
447.35	627.8588
447.571	626.9388
447.792	615.5288
448.013	632.1388
448.234	648.4788
448.455	704.8288000000001
448.675	826.2088
448.896	867.5487999999999
449.117	728.7088
449.338	750.9688000000001
449.559	889.2088
449.779	903.6688
450.0	700.9388000000001
450.221	633.5088
450.442	613.8288
450.662	608.3088
450.883	621.5288
451.104	630.3688
451.324	610.7388000000001
451.545	593.8688
451.766	580.5588
451.986	570.2488
452.207	569.0288
452.428	569.4088
452.648	574.6088
452.869	583.4088
453.089	590.5088
453.31	601.4088
453.53	572.8988
453.751	563.4088
453.971	572.7988
454.192	585.2388000000001
454.412	558.9788
454.633	552.4288
454.853	549.5088
455.073	552.9588
455.294	591.2888
455.514	646.3188
455.734	593.9488
455.955	539.6188
456.175	534.5788
456.395	527.2488
456.616	526.8988
456.836	527.3988
457.056	523.1088
457.276	516.4088
457.497	533.7888
457.717	530.2788
457.937	540.5188
458.157	544.9088
458.377	560.3588
458.598	599.4288
458.818	679.3988
459.038	754.7088
459.258	723.9087999999999
459.478	648.1288000000001
459.698	635.7288
459.918	646.6488
460.138	664.9588
460.358	683.8788
460.578	687.4288
460.798	696.6688
461.018	695.0388
461.238	675.8088
461.458	677.1788
461.678	672.8488
461.898	691.0588
462.118	693.7188000000001
462.338	727.0588
462.558	740.8888000000001
462.777	765.2188000000001
462.997	822.7288
463.217	866.1088000000001
463.437	844.8388
463.657	788.4188
463.876	769.9188
464.096	773.6088000000001
464.316	772.5388
464.536	779.0988
464.755	754.2788
464.975	749.8988
465.195	791.9588
465.414	781.3788
465.634	673.3188
465.854	639.1988
466.073	619.8088
466.293	606.5488
466.512	593.0588
466.732	579.9788
466.951	581.7688
467.171	585.9388
467.391	595.9288
467.61	599.4488
467.829	594.0288
468.049	600.1988
468.268	599.3588
468.488	576.0888
468.707	566.6388
468.927	563.8888
469.146	562.6688
469.365	568.7788
469.585	572.6188
469.804	595.1988
470.023	606.1788
470.243	602.8888
470.462	616.5588
470.681	630.8888
470.901	610.6488
471.12	597.7388000000001
471.339	593.6588
471.558	591.0488
471.777	585.8788000000001
471.997	584.5588
472.216	623.2688
472.435	689.6587999999999
472.654	614.5288
472.873	582.3088
473.092	573.5188
473.311	567.3288
473.53	568.0588
473.749	579.2888
473.968	629.3888
474.187	726.7088
474.406	676.1288
474.625	594.9188
474.844	572.4988
475.063	566.0688
475.282	567.4488
475.501	572.1588
475.72	577.9488
475.939	576.2588
476.158	582.4388
476.377	582.5788
476.596	582.6388
476.814	598.7088
477.033	602.3488000000001
477.252	606.6088
477.471	616.0388
477.69	628.0088
477.908	638.2288
478.127	651.8488
478.346	659.3788
478.564	666.8488
478.783	678.8288000000001
479.002	694.5588
479.22	691.8488
479.439	702.1288
479.658	716.5288
479.876	719.0487999999999
480.095	736.0288
480.313	776.8288000000001
480.532	770.2488000000001
480.751	764.7788
480.969	792.5187999999999
481.188	948.9388000000001
481.406	886.2388000000001
481.624	749.3588000000001
481.843	708.1788
482.061	682.6888000000001
482.28	674.3488
482.498	664.3088
482.717	659.9688000000001
482.935	656.7088
483.153	652.6587999999999
483.372	651.9188
483.59	654.3488
483.808	653.9288
484.027	658.3488
484.245	661.4588
484.463	665.4688000000001
484.681	679.1288
484.9	677.9388000000001
485.118	684.0888
485.336	687.8188
485.554	697.5988
485.772	702.7788
485.99	705.1587999999999
486.209	710.6288
486.427	713.9087999999999
486.645	716.2987999999999
486.863	727.1288
487.081	716.3588000000001
487.299	707.5288
487.517	704.4688000000001
487.735	699.1188
487.953	697.4288
488.171	696.9488
488.389	701.4087999999999
488.607	704.5088
488.825	698.8088
489.043	700.5487999999999
489.261	710.3988
489.479	708.8988
489.696	714.9488
489.914	719.8588000000001
490.132	727.8888000000001
490.35	729.9988000000001
490.568	739.5788000000001
490.786	747.0988
491.003	756.7788
491.221	772.8488
491.439	786.0588
491.657	793.6388000000001
491.874	799.0487999999999
492.092	801.0588
492.31	807.0688
492.527	807.8988
492.745	814.7987999999999
492.963	822.1888000000001
493.18	824.6587999999999
493.398	827.2588
493.615	840.4888
493.833	839.5788000000001
494.05	828.7888
494.268	825.6988
494.485	825.1288
494.703	822.3388
494.92	821.7588
495.138	818.1388000000001
495.355	820.6488
495.573	820.9288
495.79	817.2588
496.008	824.5688
496.225	818.9888
496.442	817.9288
496.66	830.0187999999999
496.877	828.5487999999999
497.094	839.1088000000001
497.312	846.3888000000001
497.529	865.4988000000001
497.746	879.3188
497.963	898.5088
498.181	940.5988
498.398	965.8188
498.615	1013.7488
498.832	1056.4987999999998
499.049	1099.4388
499.267	1159.7087999999999
499.484	1233.0788
499.701	1317.3788000000002
499.918	1394.6288000000002
500.135	1482.5488
500.352	1546.7688
500.569	1558.8487999999998
500.786	1548.4587999999999
501.003	1497.7887999999998
501.22	1428.6388
501.437	1348.4188
501.654	1264.8388
501.871	1208.6888
502.088	1125.6688
502.305	1065.4687999999999
502.522	1016.5888
502.739	983.1988
502.956	940.8988
503.172	906.9188
503.389	882.6588
503.606	878.4388000000001
503.823	866.7088
504.04	861.1188
504.256	866.4888
504.473	878.0688
504.69	887.8388
504.907	860.0588
505.123	818.7788
505.34	797.7588
505.557	779.5288
505.773	772.5588
505.99	764.7188000000001
506.207	755.2788
506.423	751.5688
506.64	736.9488
506.856	727.0388
507.073	727.7987999999999
507.289	725.1388000000001
507.506	722.1388000000001
507.722	737.3388
507.939	737.3188
508.155	708.9688000000001
508.372	699.3488
508.588	692.4388000000001
508.805	692.1288
509.021	692.5088
509.238	709.6788
509.454	710.9788
509.67	704.2788
509.887	696.4388000000001
510.103	709.0487999999999
510.319	780.7888
510.536	1277.9188000000001
510.752	2703.8788
510.968	1172.5188
511.184	713.6788
511.401	676.1688
511.617	664.0288
511.833	675.1988
512.049	674.8088
512.265	665.9288
512.481	660.5088
512.698	655.0888
512.914	650.4087999999999
513.13	647.5288
513.346	645.0788
513.562	651.1488
513.778	651.3688
513.994	655.0588
514.21	665.0588
514.426	691.7188000000001
514.642	719.8688
514.858	729.8088
515.074	788.7588
515.29	1090.4488000000001
515.506	1980.6188
515.721	1114.5388
515.937	767.4188
516.153	725.0888
516.369	720.0588
516.585	721.8088
516.801	737.6988
517.016	758.0788000000001
517.232	779.8088
517.448	798.4087999999999
517.664	816.8288000000001
517.879	816.3588000000001
518.095	808.1587999999999
518.311	792.5688
518.527	764.0588
518.742	745.1888000000001
518.958	722.4788
519.173	702.5988
519.389	691.1388000000001
519.605	678.5187999999999
519.82	672.6988
520.036	682.9288
520.251	699.5487999999999
520.467	702.5688
520.682	692.4188
520.898	689.1488
521.113	703.4488
521.329	740.0888
521.544	831.6988
521.76	1229.2188
521.975	2859.8487999999998
522.19	1925.7988
522.406	864.8988
522.621	670.0788000000001
522.836	629.2388000000001
523.052	612.2388000000001
523.267	595.6788
523.482	592.1788
523.698	590.4188
523.913	602.5988000000001
524.128	585.5388
524.343	569.8388
524.559	569.9888000000001
524.774	563.1488
524.989	562.4288
525.204	573.1988
525.419	565.5988000000001
525.634	554.5488
525.849	550.5388
526.064	548.9888000000001
526.28	548.0688
526.495	541.2788
526.71	541.8188
526.925	540.2188
527.14	540.2688
527.355	537.6088
527.57	538.0888
527.785	541.6788
527.999	538.4988
528.214	541.1888
528.429	540.2688
528.644	540.6388
528.859	542.2488
529.074	545.4688
529.289	575.2788
529.503	649.0487999999999
529.718	584.8488000000001
529.933	554.1388
530.148	545.2388000000001
530.363	540.5788
530.577	538.3988
530.792	536.2688
531.007	534.5588
531.221	539.4388
531.436	534.4588
531.651	539.4488
531.865	536.6188
532.08	534.2388000000001
532.295	532.8988
532.509	531.7088
532.724	531.8988
532.938	532.9288
533.153	535.7288
533.367	533.2588
533.582	529.1488
533.796	525.3688
534.011	527.3188
534.225	528.3188
534.44	519.3088
534.654	522.2388000000001
534.868	520.3888
535.083	523.4088
535.297	520.9388
535.511	524.2188
535.726	529.6888
535.94	524.9988
536.154	516.7488
536.369	509.8188
536.583	500.67879999999997
536.797	502.66880000000003
537.011	499.6988
537.225	498.5288
537.44	498.3888
537.654	497.5488
537.868	496.3588
538.082	498.5588
538.296	498.90880000000004
538.51	494.7888
538.724	498.1488
538.938	493.6188
539.153	492.6688
539.367	505.3288
539.581	494.3688
539.795	486.9588
540.009	487.0188
540.222	484.5188
540.436	490.0188
540.65	487.92879999999997
540.864	496.2888
541.078	497.2688
541.292	490.9588
541.506	486.0388
541.72	478.5788
541.934	471.3588
542.147	474.7588
542.361	472.2588
542.575	474.1088
542.789	473.2788
543.002	477.1188
543.216	481.6388
543.43	488.3188
543.644	480.8488
543.857	479.6288
544.071	478.6888
544.285	484.6988
544.498	479.6088
544.712	480.3288
544.925	480.17879999999997
545.139	480.6388
545.352	481.4388
545.566	482.80879999999996
545.779	480.5988
545.993	481.7688
546.206	482.1288
546.42	479.5088
546.633	476.6688
546.847	477.4588
547.06	474.7788
547.274	476.1388
547.487	474.2688
547.7	474.6888
547.914	474.98879999999997
548.127	480.6688
548.34	479.8788
548.554	477.48879999999997
548.767	477.5988
548.98	479.8988
549.193	480.6288
549.407	481.9388
549.62	485.55879999999996
549.833	486.41880000000003
550.046	483.23879999999997
550.259	478.0288
550.473	470.1688
550.686	470.5788
550.899	467.4588
551.112	465.15880000000004
551.325	462.6288
551.538	466.47880000000004
551.751	465.9588
551.964	470.9688
552.177	477.2888
552.39	478.9688
552.603	488.0688
552.816	499.74879999999996
553.029	505.2088
553.242	510.40880000000004
553.455	520.7988
553.667	529.9388
553.88	523.8288
554.093	505.7188
554.306	495.6688
554.519	486.8988
554.732	477.7988
554.944	468.98879999999997
555.157	461.6188
555.37	457.0388
555.583	451.8288
555.795	447.73879999999997
556.008	438.73879999999997
556.221	432.8488
556.433	425.9588
556.646	427.08880000000005
556.859	422.2688
557.071	421.9588
557.284	416.0188
557.496	415.33880000000005
557.709	412.1388
557.921	414.23879999999997
558.134	409.3988
558.346	405.9488
558.559	408.5488
558.771	403.65880000000004
558.984	403.1488
559.196	400.90880000000004
559.409	401.4388
559.621	402.30879999999996
559.833	400.2688
560.046	397.9188
560.258	399.73879999999997
560.47	400.55879999999996
560.683	399.6988
560.895	396.1488
561.107	398.33880000000005
561.32	393.24879999999996
561.532	395.3488
561.744	398.33880000000005
561.956	399.2088
562.168	397.9588
562.381	401.1088
562.593	401.3588
562.805	404.0188
563.017	404.8688
563.229	403.72880000000004
563.441	400.9388
563.653	403.1388
563.865	403.8288
564.077	410.3188
564.289	410.5388
564.501	416.1188
564.713	424.40880000000004
564.925	434.9188
565.137	449.4688
565.349	444.3188
565.561	452.47880000000004
565.773	466.72880000000004
565.985	485.4188
566.197	506.0188
566.408	535.6988
566.62	568.8088
566.832	594.6488
567.044	597.1788
567.255	601.3788000000001
567.467	612.5688
567.679	644.9888000000001
567.891	677.6587999999999
568.102	680.5788000000001
568.314	641.2088
568.526	588.1688
568.737	548.7288
568.949	510.8288
569.161	483.3988
569.372	456.2788
569.584	442.72880000000004
569.795	430.58880000000005
570.007	441.5088
570.218	544.0287999999999
570.43	444.6388
570.641	409.9388
570.853	404.6988
571.064	407.05879999999996
571.276	402.48879999999997
571.487	393.0288
571.698	380.2688
571.91	372.1988
572.121	366.0788
572.333	362.5088
572.544	353.48879999999997
572.755	350.99879999999996
572.966	350.30879999999996
573.178	347.3488
573.389	347.0188
573.6	341.2088
573.811	338.40880000000004
574.023	336.90880000000004
574.234	335.6188
574.445	337.48879999999997
574.656	336.7188
574.867	332.22880000000004
575.078	332.9388
575.289	331.98879999999997
575.501	328.4688
575.712	326.2188
575.923	324.72880000000004
576.134	323.5588
576.345	322.0388
576.556	321.3388
576.767	318.9588
576.978	318.1188
577.188	316.6288
577.399	316.3188
577.61	314.92879999999997
577.821	318.7788
578.032	329.1488
578.243	465.3788
578.454	867.8888000000001
578.665	410.4388
578.875	313.5988
579.086	302.9488
579.297	298.5888
579.508	296.7388
579.718	297.9788
579.929	297.2988
580.14	293.0988
580.35	293.5888
580.561	293.2688
580.772	291.49879999999996
580.982	289.2788
581.193	290.49879999999996
581.403	289.5288
581.614	288.7888
581.825	286.8788
582.035	286.5488
582.246	285.7688
582.456	284.3388
582.667	285.4888
582.877	283.9888
583.087	284.0788
583.298	282.3288
583.508	282.6988
583.719	281.5688
583.929	283.7888
584.139	281.24879999999996
584.35	277.6088
584.56	281.2588
584.77	278.4688
584.981	280.1488
585.191	279.8388
585.401	279.0588
585.611	277.1988
585.821	277.3388
586.032	276.9688
586.242	276.7288
586.452	275.9088
586.662	272.8888
586.872	271.1188
587.082	273.4788
587.292	271.7788
587.502	271.4488
587.713	270.9788
587.923	271.1988
588.133	272.3988
588.343	270.2388
588.553	272.8088
588.762	275.4088
588.972	281.3588
589.182	327.6388
589.392	292.67879999999997
589.602	286.16880000000003
589.812	304.6988
590.022	282.2288
590.232	273.7888
590.441	275.8288
590.651	277.1088
590.861	275.2388
591.071	279.6188
591.281	281.6288
591.49	279.0688
591.7	284.8188
591.91	291.7388
592.119	291.6988
592.329	300.0388
592.539	308.3088
592.748	312.7288
592.958	318.3888
593.167	320.8388
593.377	325.8988
593.587	333.67879999999997
593.796	327.2588
594.006	329.3288
594.215	329.4188
594.424	326.24879999999996
594.634	319.2288
594.843	311.3788
595.053	302.3988
595.262	294.5388
595.472	289.8988
595.681	282.2088
595.89	280.0088
596.1	274.24879999999996
596.309	268.0788
596.518	266.0688
596.727	262.5788
596.937	258.9588
597.146	255.5788
597.355	254.6788
597.564	251.6488
597.774	250.1088
597.983	248.40879999999999
598.192	245.3388
598.401	244.61880000000002
598.61	244.0088
598.819	242.56879999999998
599.028	242.1488
599.237	240.29880000000003
599.446	240.8088
599.655	240.04880000000003
599.864	239.62879999999998
600.073	236.90879999999999
600.282	240.56879999999998
600.491	238.62879999999998
600.7	238.3988
600.909	235.5088
601.118	239.18880000000001
601.327	237.4488
601.536	235.4188
601.745	233.8388
601.953	233.13879999999997
602.162	234.53879999999998
602.371	229.87879999999998
602.58	228.54880000000003
602.789	228.6788
602.997	227.40879999999999
603.206	228.20880000000002
603.415	227.2188
603.623	226.3588
603.832	226.72879999999998
604.041	225.5888
604.249	222.4188
604.458	223.62879999999998
604.666	220.29880000000003
604.875	219.2188
605.084	221.18880000000001
605.292	220.37879999999998
605.501	220.20880000000002
605.709	220.93880000000001
605.918	219.3088
606.126	219.79880000000003
606.334	216.86880000000002
606.543	218.18880000000001
606.751	220.72879999999998
606.96	218.02880000000002
607.168	217.8488
607.376	218.7388
607.585	219.22879999999998
607.793	217.3588
608.001	216.8288
608.21	213.90879999999999
608.418	214.7688
608.626	215.62879999999998
608.834	215.2488
609.043	214.0088
609.251	214.53879999999998
609.459	212.1688
609.667	215.5788
609.875	213.5188
610.083	213.1788
610.291	214.2588
610.499	214.6488
610.707	212.1988
610.916	210.86880000000002
611.124	215.38879999999997
611.332	212.4988
611.54	212.61880000000002
611.748	211.12879999999998
611.955	209.11880000000002
612.163	210.02880000000002
612.371	208.20880000000002
612.579	207.2688
612.787	209.4888
612.995	209.2588
613.203	210.86880000000002
613.411	206.43880000000001
613.618	206.5188
613.826	205.52880000000002
614.034	206.79880000000003
614.242	207.27880000000002
614.449	203.9288
614.657	207.52880000000002
614.865	207.9288
615.072	209.22879999999998
615.28	209.1988
615.488	209.62879999999998
615.695	211.8588
615.903	215.36880000000002
616.111	220.9188
616.318	223.65879999999999
616.526	219.13879999999997
616.733	216.8488
616.941	213.3388
617.148	211.9688
617.356	212.04880000000003
617.563	210.40879999999999
617.771	210.90879999999999
617.978	206.4888
618.185	208.5788
618.393	204.81879999999998
618.6	207.5788
618.807	206.11880000000002
619.015	205.3088
619.222	202.65879999999999
619.429	201.9188
619.637	203.5088
619.844	201.79880000000003
620.051	200.3988
620.258	198.62879999999998
620.466	196.68880000000001
620.673	193.0088
620.88	191.36880000000002
621.087	192.20880000000002
621.294	194.7588
621.501	195.0788
621.708	195.90879999999999
621.915	197.2688
622.122	194.61880000000002
622.329	194.54880000000003
622.536	195.3388
622.743	190.9988
622.95	191.18880000000001
623.157	188.8988
623.364	189.68880000000001
623.571	188.1688
623.778	189.9688
623.985	189.90879999999999
624.192	189.6788
624.399	186.8988
624.606	188.1788
624.812	184.88879999999997
625.019	185.61880000000002
625.226	186.04880000000003
625.433	186.0888
625.639	182.7188
625.846	183.38879999999997
626.053	181.7188
626.259	183.38879999999997
626.466	185.0588
626.673	182.53879999999998
626.879	181.04880000000003
627.086	182.86880000000002
627.293	181.45880000000002
627.499	180.3988
627.706	179.47879999999998
627.912	178.12879999999998
628.119	178.5888
628.325	177.43880000000001
628.532	177.1788
628.738	177.81879999999998
628.945	175.3288
629.151	175.1488
629.357	174.6488
629.564	173.0788
629.77	172.7588
629.976	173.28879999999998
630.183	170.0988
630.389	171.5088
630.595	171.61880000000002
630.802	169.4688
631.008	168.2188
631.214	169.4488
631.42	169.0588
631.627	173.2188
631.833	168.0788
632.039	167.5888
632.245	167.20880000000002
632.451	165.90879999999999
632.657	167.4688
632.863	164.6488
633.069	165.36880000000002
633.275	164.72879999999998
633.481	160.84879999999998
633.688	162.7688
633.893	166.5088
634.099	162.47879999999998
634.305	161.99880000000002
634.511	160.87879999999998
634.717	160.1488
634.923	159.6888
635.129	160.24880000000002
635.335	159.4788
635.541	161.0688
635.747	162.4888
635.952	158.8688
636.158	160.8988
636.364	168.9288
636.57	167.7488
636.775	161.74880000000002
636.981	161.6188
637.187	160.8088
637.392	157.7388
637.598	158.5788
637.804	158.37879999999998
638.009	158.5588
638.215	155.8388
638.421	155.1788
638.626	156.1588
638.832	154.4188
639.037	155.75879999999998
639.243	153.5288
639.448	153.99880000000002
639.654	155.25879999999998
639.859	152.7388
640.065	150.9588
640.27	156.1188
640.475	152.7388
640.681	150.6388
640.886	154.3188
641.091	150.9188
641.297	152.6488
641.502	150.53879999999998
641.707	152.8688
641.913	152.0288
642.118	149.9788
642.323	149.0288
642.528	151.1088
642.733	149.34879999999998
642.939	148.0788
643.144	148.84879999999998
643.349	146.4688
643.554	150.2788
643.759	147.3088
643.964	145.8388
644.169	147.74880000000002
644.374	145.6688
644.579	147.1588
644.784	146.6888
644.989	147.5488
645.194	147.7388
645.399	146.99880000000002
645.604	146.0288
645.809	150.2288
646.014	148.87879999999998
646.219	148.4788
646.423	148.7188
646.628	147.0188
646.833	147.9488
647.038	148.1988
647.243	149.6088
647.447	150.4588
647.652	152.5288
647.857	148.74880000000002
648.062	153.1188
648.266	153.8988
648.471	159.6888
648.676	162.3388
648.88	159.28879999999998
649.085	155.8288
649.289	156.9688
649.494	169.81879999999998
649.698	204.7588
649.903	167.9888
650.107	150.3588
650.312	146.84879999999998
650.516	142.74880000000002
650.721	139.6788
650.925	135.2988
651.13	135.6488
651.334	134.8088
651.539	133.28879999999998
651.743	132.2988
651.947	131.3988
652.152	130.28879999999998
652.356	129.9288
652.56	129.2188
652.764	126.34879999999998
652.969	126.9088
653.173	125.1288
653.377	124.3688
653.581	122.9588
653.785	124.7088
653.99	124.60880000000002
654.194	121.9688
654.398	120.6188
654.602	120.69879999999999
654.806	127.8088
655.01	142.5788
655.214	128.87879999999998
655.418	122.2988
655.622	120.67880000000001
655.826	121.5588
656.03	124.35879999999999
656.234	129.6388
656.438	133.87879999999998
656.642	134.8288
656.846	125.7088
657.049	118.50880000000001
657.253	115.4088
657.457	110.5888
657.661	107.9888
657.865	106.9188
658.068	102.1188
658.272	100.19879999999999
658.476	99.4988
658.68	98.0588
658.883	97.43880000000001
659.087	95.94879999999999
659.291	95.42880000000001
659.494	93.8188
659.698	92.9188
659.901	92.8388
660.105	92.7488
660.309	90.8788
660.512	90.5588
660.716	90.68880000000001
660.919	89.3888
661.123	91.6688
661.326	87.8188
661.53	87.17880000000001
661.733	88.1488
661.936	87.7088
662.14	84.1388
662.343	84.85879999999999
662.546	83.4788
662.75	84.3088
662.953	86.43880000000001
663.156	82.67880000000001
663.36	83.44879999999999
663.563	82.8088
663.766	82.43880000000001
663.969	84.4788
664.173	82.52879999999999
664.376	82.1388
664.579	82.18880000000001
664.782	81.5788
664.985	81.9988
665.188	81.9988
665.391	81.08879999999999
665.594	81.08879999999999
665.797	81.0488
666.0	81.2088
666.203	82.2288
666.406	80.7288
666.609	80.8888
666.812	82.2988
667.015	82.7888
667.218	83.2188
667.421	81.67880000000001
667.624	80.9288
667.827	81.8188
668.03	80.1888
668.232	80.4988
668.435	82.76880000000001
668.638	80.0788
668.841	83.17880000000001
669.043	81.3788
669.246	81.26880000000001
669.449	81.0788
669.651	83.1288
669.854	81.5688
670.057	81.42880000000001
670.259	80.4088
670.462	82.35879999999999
670.665	81.9888
670.867	82.1388
671.07	82.0388
671.272	82.6188
671.475	84.3388
671.677	81.3088
671.88	82.5688
672.082	80.6588
672.284	81.93880000000001
672.487	82.4988
672.689	80.9688
672.892	80.0188
