223.165	-16.7912
223.4	-16.7912
223.635	-16.7912
223.869	-19.2112
224.104	-18.9012
224.338	-14.4212
224.573	-14.481200000000001
224.808	-12.3812
225.042	-7.741200000000001
225.277	-5.371199999999999
225.511	-2.4412
225.746	3.7088
225.98	7.1488000000000005
226.215	11.6988
226.449	15.5888
226.683	18.3688
226.918	24.338800000000003
227.152	30.8888
227.387	34.6188
227.621	39.5588
227.856	44.5988
228.09	45.8288
228.324	50.2888
228.559	56.6288
228.793	61.6088
229.027	67.3888
229.262	74.9888
229.496	85.6388
229.73	109.59880000000001
229.964	103.5888
230.199	83.3988
230.433	81.8688
230.667	85.0888
230.901	83.60879999999999
231.136	82.8988
231.37	83.68879999999999
231.604	85.76880000000001
231.838	84.9688
232.072	84.9688
232.306	87.3888
232.541	85.75880000000001
232.775	86.51880000000001
233.009	85.1188
233.243	86.0688
233.477	87.0888
233.711	87.1688
233.945	85.25880000000001
234.179	85.2188
234.413	86.1488
234.647	86.43879999999999
234.881	86.25880000000001
235.115	86.8988
235.349	83.77879999999999
235.583	85.6588
235.817	86.7288
236.051	87.1488
236.285	86.1388
236.519	84.76879999999998
236.753	87.01879999999998
236.987	92.7188
237.221	105.27879999999999
237.455	109.5488
237.689	90.5388
237.922	85.6588
238.156	85.1288
238.39	85.3188
238.624	84.2388
238.858	85.2188
239.091	84.8388
239.325	88.0588
239.559	92.0888
239.793	92.25880000000001
240.027	88.6588
240.26	89.7088
240.494	90.8288
240.728	90.0488
240.961	88.10879999999999
241.195	90.27879999999999
241.429	87.6288
241.662	86.4188
241.896	85.2988
242.13	84.43879999999999
242.363	85.6188
242.597	85.3388
242.83	89.4088
243.064	87.7188
243.298	89.43879999999999
243.531	88.02879999999999
243.765	88.7988
243.998	91.2888
244.232	93.4188
244.465	99.1588
244.699	93.01879999999998
244.932	89.93879999999999
245.166	88.25880000000001
245.399	89.0388
245.633	89.8188
245.866	89.9188
246.099	89.7988
246.333	90.8088
246.566	91.69879999999999
246.8	92.0888
247.033	93.85879999999999
247.266	91.5588
247.5	93.2188
247.733	93.0388
247.966	95.0688
248.2	96.0788
248.433	95.4188
248.666	95.42880000000001
248.899	99.6688
249.133	107.4888
249.366	125.8688
249.599	127.1288
249.832	103.8688
250.066	104.6688
250.299	110.4888
250.532	122.9988
250.765	114.1388
250.998	106.6688
251.231	104.3988
251.465	102.35879999999999
251.698	103.3788
251.931	104.85879999999999
252.164	100.9588
252.397	98.0388
252.63	98.0888
252.863	99.2088
253.096	100.4788
253.329	101.8988
253.562	99.3188
253.795	98.5788
254.028	101.0688
254.261	100.8688
254.494	104.9688
254.727	109.0488
254.96	108.0788
255.193	105.18880000000001
255.426	106.9188
255.659	115.9688
255.892	141.7088
256.124	159.74880000000002
256.357	135.28879999999998
256.59	121.2388
256.823	113.0488
257.056	113.6188
257.289	113.7388
257.521	109.84880000000001
257.754	106.2888
257.987	105.6288
258.22	113.9988
258.452	120.8388
258.685	117.3088
258.918	107.4788
259.151	104.2488
259.383	105.68880000000001
259.616	102.2288
259.849	104.8388
260.081	108.52879999999999
260.314	114.1488
260.547	113.1688
260.779	118.92880000000001
261.012	136.1988
261.244	135.5888
261.477	123.9588
261.71	126.67880000000001
261.942	160.1188
262.175	170.1788
262.407	119.35879999999999
262.64	106.0688
262.872	105.7288
263.105	106.75880000000001
263.337	107.1388
263.57	104.4188
263.802	104.4688
264.035	102.9888
264.267	102.7288
264.499	102.2288
264.732	104.3888
264.964	103.3688
265.197	104.1688
265.429	105.0688
265.661	102.0688
265.894	103.3688
266.126	105.9188
266.358	103.1388
266.591	105.17880000000001
266.823	104.35879999999999
267.055	105.5388
267.287	107.1188
267.52	106.35879999999999
267.752	107.93880000000001
267.984	105.8388
268.216	106.8688
268.448	110.02879999999999
268.681	110.6188
268.913	111.5588
269.145	111.01880000000001
269.377	111.7488
269.609	107.9888
269.841	111.17880000000001
270.073	111.25880000000001
270.306	114.94879999999999
270.538	115.6388
270.77	113.4188
271.002	113.51880000000001
271.234	117.09880000000001
271.466	123.67880000000001
271.698	120.3888
271.93	117.8688
272.162	118.3288
272.394	118.2988
272.626	115.01880000000001
272.858	112.1688
273.09	111.8288
273.322	110.8188
273.553	110.75880000000001
273.785	112.4188
274.017	111.8188
274.249	112.6588
274.481	115.75880000000001
274.713	115.3988
274.945	119.9088
275.176	121.5588
275.408	133.0488
275.64	147.68880000000001
275.872	164.5188
276.104	140.93880000000001
276.335	133.8588
276.567	153.7788
276.799	196.8988
277.031	237.7488
277.262	274.6088
277.494	209.2288
277.726	140.8388
277.957	127.0588
278.189	121.60879999999999
278.421	121.76880000000001
278.652	121.00880000000001
278.884	119.9888
279.115	123.6688
279.347	126.4588
279.579	140.4188
279.81	179.3488
280.042	271.47880000000004
280.273	367.0288
280.505	253.29880000000003
280.736	149.18880000000001
280.968	127.7288
281.199	124.50880000000001
281.431	122.67880000000001
281.662	122.1688
281.894	124.84880000000001
282.125	137.6488
282.356	174.4888
282.588	217.0988
282.819	170.4988
283.051	125.3988
283.282	118.9188
283.513	120.1388
283.745	119.01880000000001
283.976	115.7288
284.207	117.43880000000001
284.439	118.9088
284.67	118.68880000000001
284.901	118.1688
285.132	117.6188
285.364	118.2888
285.595	118.5488
285.826	119.4088
286.057	120.2188
286.288	117.26880000000001
286.52	120.2388
286.751	117.85879999999999
286.982	117.9788
287.213	119.09880000000001
287.444	122.35879999999999
287.675	122.8188
287.906	125.1488
288.138	124.67880000000001
288.369	128.8888
288.6	127.6188
288.831	122.02879999999999
289.062	122.85879999999999
289.293	122.5788
289.524	120.75880000000001
289.755	119.2188
289.986	117.42880000000001
290.217	119.4788
290.448	118.6188
290.679	117.8688
290.91	120.69879999999999
291.141	120.0688
291.371	121.27879999999999
291.602	120.77879999999999
291.833	118.26880000000001
292.064	120.2888
292.295	122.18880000000001
292.526	122.3688
292.757	122.2988
292.987	120.9888
293.218	117.8288
293.449	118.6388
293.68	121.0588
293.91	120.35879999999999
294.141	122.9688
294.372	119.9688
294.603	120.7388
294.833	121.2388
295.064	122.3888
295.295	123.3888
295.525	126.0688
295.756	139.7588
295.987	168.28879999999998
296.217	212.36880000000002
296.448	187.9188
296.679	133.3988
296.909	124.6188
297.14	122.9088
297.37	125.18880000000001
297.601	123.4688
297.831	124.19879999999999
298.062	128.9488
298.292	127.4688
298.523	126.76880000000001
298.753	124.5488
298.984	122.9988
299.214	124.69879999999999
299.445	128.2088
299.675	131.3288
299.905	136.4788
300.136	129.0188
300.366	126.3788
300.597	126.93880000000001
300.827	132.6788
301.057	144.74880000000002
301.288	155.1488
301.518	141.3388
301.748	139.0888
301.979	156.4288
302.209	142.8688
302.439	134.4688
302.669	131.6388
302.9	130.2988
303.13	137.0288
303.36	151.7388
303.59	184.6788
303.82	201.9988
304.051	150.74880000000002
304.281	133.24880000000002
304.511	129.9788
304.741	128.7988
304.971	125.8788
305.201	129.7088
305.431	128.4188
305.661	128.4688
305.891	130.5588
306.121	136.1088
306.352	150.8488
306.582	159.1688
306.812	151.9588
307.042	174.9688
307.272	226.81879999999998
307.502	256.6288
307.731	241.5588
307.961	181.79880000000003
308.191	138.4688
308.421	130.4888
308.651	132.2988
308.881	133.8188
309.111	134.3588
309.341	139.0088
309.571	145.3588
309.8	143.5988
310.03	148.3088
310.26	149.3588
310.49	144.37879999999998
310.72	151.3488
310.949	165.29880000000003
311.179	158.0988
311.409	142.0888
311.639	143.2188
311.868	145.5488
312.098	143.0488
312.328	148.9188
312.557	162.2388
312.787	173.29880000000003
313.017	160.74880000000002
313.246	143.3288
313.476	137.99880000000002
313.706	139.0488
313.935	145.9888
314.165	155.0888
314.394	161.5188
314.624	152.1688
314.853	149.3288
315.083	142.2588
315.312	137.62879999999998
315.542	137.0488
315.771	136.4188
316.001	135.7988
316.23	133.53879999999998
316.46	133.5488
316.689	137.2088
316.919	140.6688
317.148	147.9688
317.377	143.9788
317.607	143.0688
317.836	142.5488
318.065	135.93880000000001
318.295	136.1988
318.524	136.43880000000001
318.753	137.8488
318.983	141.0788
319.212	149.6688
319.441	165.65879999999999
319.67	161.5288
319.9	141.3488
320.129	140.1588
320.358	140.99880000000002
320.587	143.3388
320.816	152.1488
321.046	156.4588
321.275	150.5288
321.504	142.8888
321.733	146.3388
321.962	152.1688
322.191	158.3888
322.42	169.1488
322.649	176.1688
322.878	178.7588
323.108	189.95880000000002
323.337	211.2688
323.566	225.6788
323.795	260.3788
324.024	342.0688
324.253	650.6688
324.482	1367.5288
324.71	2755.7888
324.939	3624.4388
325.168	1377.2588
325.397	420.0388
325.626	253.5988
325.855	215.1088
326.084	211.1488
326.313	221.61880000000002
326.542	254.77880000000002
326.77	374.9388
326.999	713.4788
327.228	1462.8388
327.457	2642.9388
327.686	2152.1987999999997
327.914	816.3888000000001
328.143	805.2888
328.372	1018.5187999999999
328.6	577.0188
328.829	305.3588
329.058	300.2988
329.287	311.3788
329.515	298.8788
329.744	422.15880000000004
329.972	779.6688
330.201	1535.7488
330.43	2173.6488
330.658	990.5288
330.887	452.9388
331.115	304.0888
331.344	216.3288
331.572	202.5888
331.801	209.43880000000001
332.03	205.0188
332.258	193.12879999999998
332.486	183.3888
332.715	187.53879999999998
332.943	196.5188
333.172	213.2688
333.4	233.5788
333.629	283.3988
333.857	400.0488
334.085	716.2388
334.314	1423.8288
334.542	2692.3487999999998
334.771	2485.7288
334.999	707.4788
335.227	309.0188
335.455	226.3388
335.684	198.1488
335.912	185.2688
336.14	179.81879999999998
336.369	177.20880000000002
336.597	182.2588
336.825	174.2388
337.053	161.7288
337.281	156.7388
337.51	156.0988
337.738	158.7988
337.966	159.8388
338.194	166.6688
338.422	163.3288
338.65	153.4888
338.878	151.24880000000002
339.106	147.5888
339.334	149.7388
339.562	147.0088
339.79	146.8488
340.018	147.62879999999998
340.246	151.8688
340.474	154.8188
340.702	150.5688
340.93	145.4488
341.158	148.4688
341.386	153.43880000000001
341.614	156.3588
341.842	152.1788
342.07	146.8088
342.298	146.28879999999998
342.526	142.6088
342.754	138.9888
342.981	138.7288
343.209	138.7688
343.437	150.0888
343.665	144.62879999999998
343.893	146.6588
344.12	149.8488
344.348	145.5788
344.576	144.4788
344.804	149.4188
345.031	159.8888
345.259	164.0988
345.487	152.5688
345.714	148.49880000000002
345.942	142.87879999999998
346.17	141.7088
346.397	142.3088
346.625	144.8088
346.853	143.7088
347.08	142.1688
347.308	149.1788
347.535	155.3388
347.763	161.0988
347.99	153.9488
348.218	160.5888
348.445	169.1688
348.673	157.93880000000001
348.9	148.3388
349.128	142.5488
349.355	138.2788
349.583	139.99880000000002
349.81	141.4288
350.037	143.4188
350.265	141.4688
350.492	141.78879999999998
350.72	145.37879999999998
350.947	154.0788
351.174	166.7488
351.402	173.0588
351.629	158.3588
351.856	156.8088
352.083	161.7588
352.311	167.93880000000001
352.538	175.12879999999998
352.765	172.90879999999999
352.992	172.0788
353.22	166.31879999999998
353.447	158.1488
353.674	149.2388
353.901	141.8988
354.128	140.53879999999998
354.355	139.5288
354.583	142.9188
354.81	142.2388
355.037	138.7088
355.264	136.7388
355.491	134.5488
355.718	134.8888
355.945	136.2088
356.172	137.9488
356.399	136.12879999999998
356.626	137.4888
356.853	135.4588
357.08	135.6788
357.307	135.2188
357.534	135.1088
357.761	136.2388
357.988	136.3588
358.215	138.6688
358.441	138.0188
358.668	137.5988
358.895	137.93880000000001
359.122	137.1488
359.349	137.1588
359.576	147.6588
359.802	169.12879999999998
360.029	204.7288
360.256	199.8488
360.483	170.2588
360.709	141.1088
360.936	144.5688
361.163	147.8988
361.39	152.6788
361.616	154.5988
361.843	142.6688
362.07	148.5788
362.296	156.0488
362.523	146.9188
362.749	145.1188
362.976	143.9688
363.203	141.7988
363.429	137.5288
363.656	140.93880000000001
363.882	138.8688
364.109	139.9088
364.335	140.7288
364.562	141.1988
364.788	143.18880000000001
365.015	145.5188
365.241	153.4688
365.468	166.2288
365.694	166.68880000000001
365.92	153.0888
366.147	142.8688
366.373	138.0588
366.599	138.28879999999998
366.826	137.9088
367.052	135.7688
367.278	140.3988
367.505	139.9488
367.731	143.3988
367.957	142.4188
368.184	145.4788
368.41	155.1988
368.636	175.04880000000003
368.862	183.2488
369.089	171.1088
369.315	149.8188
369.541	143.3088
369.767	142.2288
369.993	144.68880000000001
370.219	143.4488
370.445	138.5088
370.672	133.8688
370.898	136.6188
371.124	135.9888
371.35	136.1788
371.576	135.9588
371.802	133.5688
372.028	133.1488
372.254	135.7288
372.48	133.9488
372.706	134.6688
372.932	137.53879999999998
373.158	137.3988
373.384	139.62879999999998
373.61	139.8188
373.835	138.8888
374.061	139.6088
374.287	143.99880000000002
374.513	141.24880000000002
374.739	141.1988
374.965	140.2088
375.191	138.4288
375.416	139.3288
375.642	138.7088
375.868	140.12879999999998
376.094	140.2188
376.319	137.8988
376.545	136.1988
376.771	136.3088
376.997	138.53879999999998
377.222	139.5988
377.448	140.7088
377.674	135.37879999999998
377.899	135.3588
378.125	134.99880000000002
378.35	138.03879999999998
378.576	136.2088
378.802	136.0788
379.027	135.7988
379.253	139.2688
379.478	137.78879999999998
379.704	139.7088
379.929	141.0188
380.155	142.3988
380.38	141.0888
380.606	142.7688
380.831	143.93880000000001
381.057	145.9088
381.282	142.6088
381.507	143.6988
381.733	145.5088
381.958	144.5488
382.184	148.2088
382.409	150.3888
382.634	151.8088
382.86	148.3288
383.085	149.9488
383.31	150.3988
383.535	150.8588
383.761	152.0888
383.986	151.43880000000001
384.211	150.9588
384.436	153.3388
384.662	155.18880000000001
384.887	159.37879999999998
385.112	160.28879999999998
385.337	162.1488
385.562	160.7588
385.787	163.54880000000003
386.013	174.8588
386.238	183.6488
386.463	168.6688
386.688	167.3488
386.913	159.9288
387.138	163.03879999999998
387.363	157.7088
387.588	154.6988
387.813	156.1488
388.038	162.2388
388.263	169.12879999999998
388.488	165.62879999999998
388.713	149.2788
388.938	147.6988
389.163	147.7188
389.387	146.2588
389.612	143.43880000000001
389.837	145.2988
390.062	144.7688
390.287	143.5288
390.512	141.7388
390.736	144.4888
390.961	144.18880000000001
391.186	146.7588
391.411	147.87879999999998
391.636	148.3988
391.86	146.7688
392.085	149.03879999999998
392.31	148.03879999999998
392.534	146.9588
392.759	147.8688
392.984	145.9888
393.208	149.3288
393.433	156.9188
393.658	152.4888
393.882	144.0688
394.107	144.0688
394.331	144.4588
394.556	143.3188
394.78	147.43880000000001
395.005	146.2588
395.229	145.5488
395.454	150.4588
395.678	147.4188
395.903	151.0288
396.127	153.5588
396.352	151.1388
396.576	148.53879999999998
396.801	150.5188
397.025	152.1188
397.249	150.7588
397.474	153.2588
397.698	150.3288
397.922	151.9688
398.147	154.2388
398.371	151.6188
398.595	154.1388
398.82	156.3588
399.044	162.4488
399.268	170.3988
399.492	179.7488
399.717	189.7188
399.941	190.61880000000002
400.165	190.40879999999999
400.389	181.6788
400.613	167.12879999999998
400.837	161.9788
401.062	162.45880000000002
401.286	163.4188
401.51	166.2388
401.734	167.0588
401.958	180.8288
402.182	227.6488
402.406	286.1188
402.63	229.65879999999999
402.854	184.7688
403.078	171.45880000000002
403.302	169.77880000000002
403.526	169.93880000000001
403.75	169.87879999999998
403.974	170.52880000000002
404.198	170.5888
404.422	173.8588
404.645	179.0588
404.869	192.20880000000002
405.093	219.8488
405.317	256.0288
405.541	248.2588
405.765	213.68880000000001
405.988	227.7588
406.212	315.1588
406.436	426.24879999999996
406.66	305.6388
406.883	211.52880000000002
407.107	196.28879999999998
407.331	202.4488
407.555	212.54880000000003
407.778	205.2688
408.002	185.18880000000001
408.226	179.1488
408.449	174.1088
408.673	175.7588
408.896	181.5988
409.12	187.87879999999998
409.344	170.7388
409.567	166.4888
409.791	168.6788
410.014	168.8388
410.238	168.5788
410.461	168.3288
410.685	170.6988
410.908	175.1788
411.132	185.03879999999998
411.355	184.3488
411.578	171.9788
411.802	167.31879999999998
412.025	171.0888
412.249	190.1488
412.472	216.1488
412.695	249.15879999999999
412.919	208.11880000000002
413.142	183.8588
413.365	172.52880000000002
413.589	168.0888
413.812	164.45880000000002
414.035	167.04880000000003
414.258	166.61880000000002
414.482	165.7388
414.705	162.95880000000002
414.928	162.45880000000002
415.151	162.18880000000001
415.374	161.74880000000002
415.597	159.9688
415.821	160.4788
416.044	163.7188
416.267	162.54880000000003
416.49	157.0688
416.713	158.8888
416.936	160.6188
417.159	163.53879999999998
417.382	173.27880000000002
417.605	185.0588
417.828	192.1688
418.051	177.6688
418.274	164.28879999999998
418.497	155.7788
418.72	158.3188
418.943	160.37879999999998
419.166	162.8288
419.389	168.90879999999999
419.611	173.45880000000002
419.834	174.9488
420.057	178.45880000000002
420.28	186.8388
420.503	176.4688
420.726	172.8288
420.948	175.95880000000002
421.171	188.52880000000002
421.394	180.06879999999998
421.617	163.9288
421.839	161.3688
422.062	163.5588
422.285	168.31879999999998
422.507	183.18880000000001
422.73	201.4488
422.953	177.8088
423.175	165.0088
423.398	164.93880000000001
423.621	162.31879999999998
423.843	165.9288
424.066	164.0088
424.288	164.5588
424.511	173.2488
424.733	190.4488
424.956	212.1988
425.178	195.5888
425.401	196.8388
425.623	193.9188
425.846	170.0888
426.068	173.87879999999998
426.291	168.4488
426.513	166.9288
426.735	167.78879999999998
426.958	180.9188
427.18	213.86880000000002
427.402	297.22880000000004
427.625	403.33880000000005
427.847	388.0288
428.069	365.8488
428.292	225.36880000000002
428.514	175.4288
428.736	160.68880000000001
428.958	157.7688
429.181	153.0988
429.403	153.1188
429.625	156.9588
429.847	169.4788
430.069	188.3588
430.292	169.1688
430.514	151.0688
430.736	149.9288
430.958	148.6988
431.18	146.3288
431.402	145.0688
431.624	147.6388
431.846	148.9588
432.068	149.3588
432.29	150.53879999999998
432.512	152.7788
432.734	151.2588
432.956	157.1588
433.178	167.1788
433.4	168.54880000000003
433.622	156.0988
433.844	153.62879999999998
434.066	154.9088
434.287	156.03879999999998
434.509	156.1388
434.731	158.5988
434.953	158.5688
435.175	160.8488
435.397	165.03879999999998
435.618	169.5188
435.84	190.1688
436.062	234.56879999999998
436.284	221.9288
436.505	183.9688
436.727	178.15879999999999
436.949	158.6388
437.17	153.5588
437.392	153.6588
437.614	164.7688
437.835	201.3888
438.057	240.1688
438.278	222.65879999999999
438.5	205.15879999999999
438.721	240.43880000000001
438.943	195.2688
439.165	161.43880000000001
439.386	158.43880000000001
439.608	166.36880000000002
439.829	187.12879999999998
440.05	240.7188
440.272	287.3288
440.493	188.5888
440.715	160.4088
440.936	154.6388
441.158	158.6188
441.379	160.7988
441.6	172.6988
441.822	179.4988
442.043	183.3488
442.264	209.27880000000002
442.486	200.5188
442.707	177.7188
442.928	199.7488
443.149	264.7488
443.371	264.0988
443.592	222.6488
443.813	232.3488
444.034	216.7388
444.255	175.8388
444.476	167.0588
444.698	169.62879999999998
444.919	170.1688
445.14	216.77880000000002
445.361	220.7588
445.582	230.90879999999999
445.803	297.2988
446.024	294.0188
446.245	276.8088
446.466	218.3888
446.687	165.6988
446.908	156.9688
447.129	155.7688
447.35	155.7188
447.571	157.99880000000002
447.792	158.2088
448.013	170.3988
448.234	186.9488
448.455	184.9988
448.675	219.86880000000002
448.896	233.20880000000002
449.117	185.5888
449.338	192.8888
449.559	246.3888
449.779	255.1488
450.0	173.20880000000002
450.221	154.0288
450.442	153.43880000000001
450.662	165.9288
450.883	193.62879999999998
451.104	207.78879999999998
451.324	169.87879999999998
451.545	151.8188
451.766	146.49880000000002
451.986	145.0088
452.207	147.2288
452.428	150.28879999999998
452.648	163.3588
452.869	189.4788
453.089	197.15879999999999
453.31	206.95880000000002
453.53	160.8988
453.751	155.1488
453.971	178.52880000000002
454.192	199.6088
454.412	160.2688
454.633	145.4288
454.853	144.3488
455.073	144.0888
455.294	154.6488
455.514	177.12879999999998
455.734	154.7688
455.955	141.0288
456.175	137.68880000000001
456.395	136.8088
456.616	136.1088
456.836	138.5188
457.056	137.7588
457.276	136.8188
457.497	139.62879999999998
457.717	139.4788
457.937	143.5088
458.157	145.3988
458.377	154.3988
458.598	190.7588
458.818	296.0088
459.038	333.9688
459.258	236.4888
459.478	165.78879999999998
459.698	155.2288
459.918	152.2588
460.138	152.3088
460.358	154.2188
460.578	157.3088
460.798	163.9288
461.018	160.7288
461.238	156.0988
461.458	155.12879999999998
461.678	153.3888
461.898	155.7388
462.118	155.8388
462.338	159.1588
462.558	164.18880000000001
462.777	166.3088
462.997	183.31879999999998
463.217	202.0888
463.437	186.28879999999998
463.657	171.7588
463.876	167.6688
464.096	171.8888
464.316	179.4988
464.536	181.4788
464.755	180.40879999999999
464.975	208.1388
465.195	341.8088
465.414	343.17879999999997
465.634	185.2488
465.854	160.2088
466.073	154.8688
466.293	154.2588
466.512	153.4188
466.732	152.0288
466.951	155.8388
467.171	162.4888
467.391	178.06879999999998
467.61	229.4888
467.829	333.7388
468.049	874.3188
468.268	1295.7488
468.488	360.1288
468.707	187.4888
468.927	161.74880000000002
469.146	154.49880000000002
469.365	156.0688
469.585	156.7588
469.804	174.7188
470.023	181.0588
470.243	172.78879999999998
470.462	190.4188
470.681	217.36880000000002
470.901	176.70880000000002
471.12	171.40879999999999
471.339	175.9788
471.558	194.70880000000002
471.777	247.54880000000003
471.997	468.0988
472.216	1684.6288000000002
472.435	3781.4588000000003
472.654	917.8788
472.873	284.8288
473.092	194.9488
473.311	173.27880000000002
473.53	163.6788
473.749	164.1488
473.968	179.0088
474.187	212.61880000000002
474.406	187.7588
474.625	157.1388
474.844	152.8688
475.063	149.2988
475.282	149.9588
475.501	149.5088
475.72	152.8588
475.939	151.4788
476.158	150.9888
476.377	152.2288
476.596	155.62879999999998
476.814	165.8488
477.033	165.8388
477.252	160.0988
477.471	158.1988
477.69	159.7788
477.908	164.8488
478.127	163.8988
478.346	164.37879999999998
478.564	170.31879999999998
478.783	185.03879999999998
479.002	184.3988
479.22	186.9688
479.439	208.9188
479.658	225.53879999999998
479.876	212.7388
480.095	216.7688
480.313	241.65879999999999
480.532	286.6388
480.751	468.4688
480.969	1545.4787999999999
481.188	6357.598800000001
481.406	3610.0887999999995
481.624	616.0788
481.843	277.1988
482.061	219.2488
482.28	198.6788
482.498	185.7388
482.717	179.37879999999998
482.935	175.2688
483.153	171.9688
483.372	169.8588
483.59	167.79880000000003
483.808	166.7488
484.027	167.9888
484.245	169.37879999999998
484.463	169.1688
484.681	173.2588
484.9	167.4288
485.118	171.9788
485.336	173.27880000000002
485.554	174.0988
485.772	178.5888
485.99	182.62879999999998
486.209	183.2488
486.427	187.3588
486.645	202.6488
486.863	212.3388
487.081	188.9188
487.299	178.7388
487.517	173.95880000000002
487.735	170.7188
487.953	171.81879999999998
488.171	171.3888
488.389	176.4488
488.607	181.95880000000002
488.825	171.1688
489.043	170.6988
489.261	171.81879999999998
489.479	170.54880000000003
489.696	170.9188
489.914	170.4288
490.132	174.5788
490.35	177.28879999999998
490.568	176.79880000000003
490.786	182.7388
491.003	184.4188
491.221	197.4888
491.439	206.7388
491.657	202.8488
491.874	200.6788
492.092	201.70880000000002
492.31	205.7688
492.527	216.15879999999999
492.745	219.5988
492.963	211.3888
493.18	207.2488
493.398	204.8488
493.615	206.5888
493.833	201.1988
494.05	193.8988
494.268	192.43880000000001
494.485	190.8388
494.703	190.9788
494.92	186.5088
495.138	188.0188
495.355	187.7588
495.573	188.2388
495.79	185.7188
496.008	188.1788
496.225	183.9488
496.442	182.70880000000002
496.66	186.04880000000003
496.877	182.65879999999999
497.094	184.0988
497.312	183.5788
497.529	186.7288
497.746	187.06879999999998
497.963	189.6688
498.181	197.6988
498.398	204.86880000000002
498.615	230.04880000000003
498.832	228.2688
499.049	211.5988
499.267	213.9788
499.484	217.03879999999998
499.701	227.1388
499.918	233.37879999999998
500.135	239.2688
500.352	246.65879999999999
500.569	252.6388
500.786	255.7588
501.003	243.7388
501.22	237.4988
501.437	231.8388
501.654	232.77880000000002
501.871	256.6488
502.088	216.8288
502.305	204.90879999999999
502.522	196.3888
502.739	195.4488
502.956	190.79880000000003
503.172	192.0788
503.389	200.06879999999998
503.606	222.7688
503.823	198.81879999999998
504.04	185.2588
504.256	182.90879999999999
504.473	180.3988
504.69	180.68880000000001
504.907	181.54880000000003
505.123	175.8388
505.34	174.3088
505.557	172.4888
505.773	172.4188
505.99	168.78879999999998
506.207	168.37879999999998
506.423	166.9188
506.64	167.3088
506.856	166.3088
507.073	166.5588
507.289	169.18880000000001
507.506	177.7188
507.722	216.2388
507.939	215.3888
508.155	175.62879999999998
508.372	167.5888
508.588	167.31879999999998
508.805	169.79880000000003
509.021	170.52880000000002
509.238	175.4788
509.454	174.2188
509.67	178.0888
509.887	187.0188
510.103	219.6088
510.319	336.15880000000004
510.536	1131.4788
510.752	3883.9687999999996
510.968	1067.1188
511.184	267.58880000000005
511.401	208.29880000000003
511.617	189.1088
511.833	201.86880000000002
512.049	191.5988
512.265	177.4188
512.481	171.0788
512.698	167.4288
512.914	166.7688
513.13	166.1488
513.346	165.5988
513.562	167.6488
513.778	172.78879999999998
513.994	177.4988
514.21	192.8488
514.426	227.1488
514.642	272.5788
514.858	250.7588
515.074	333.23879999999997
515.29	916.4188
515.506	3087.5987999999998
515.721	1112.4988
515.937	316.97880000000004
516.153	219.0588
516.369	190.53879999999998
516.585	185.79880000000003
516.801	187.1988
517.016	182.8988
517.232	178.81879999999998
517.448	180.03879999999998
517.664	183.0088
517.879	183.3488
518.095	181.2388
518.311	194.6788
518.527	194.79880000000003
518.742	175.4288
518.958	172.12879999999998
519.173	170.2588
519.389	170.8288
519.605	171.03879999999998
519.82	172.2188
520.036	189.8988
520.251	231.9788
520.467	215.56879999999998
520.682	195.8388
520.898	200.4688
521.113	222.3388
521.329	275.9388
521.544	430.47880000000004
521.76	1192.8988
521.975	5144.0788
522.19	3044.4988
522.406	646.7888
522.621	249.7288
522.836	189.37879999999998
523.052	172.28879999999998
523.267	165.90879999999999
523.482	163.93880000000001
523.698	172.6788
523.913	214.4188
524.128	182.37879999999998
524.343	157.1788
524.559	154.0588
524.774	151.3388
524.989	161.2188
525.204	183.15879999999999
525.419	169.7588
525.634	154.62879999999998
525.849	147.5188
526.064	147.49880000000002
526.28	148.62879999999998
526.495	144.12879999999998
526.71	144.1988
526.925	141.8388
527.14	143.2988
527.355	144.2588
527.57	145.8588
527.785	143.1488
527.999	142.5688
528.214	144.9888
528.429	148.8388
528.644	150.2788
528.859	148.8588
529.074	154.8088
529.289	220.3388
529.503	367.65880000000004
529.718	190.06879999999998
529.933	151.3388
530.148	146.1788
530.363	145.4288
530.577	142.53879999999998
530.792	144.43880000000001
531.007	142.9288
531.221	147.3288
531.436	142.8088
531.651	144.1388
531.865	142.1688
532.08	142.7988
532.295	146.53879999999998
532.509	145.8888
532.724	145.4288
532.938	144.0888
533.153	146.6688
533.367	144.7588
533.582	145.5988
533.796	144.2388
534.011	141.9688
534.225	141.9888
534.44	140.28879999999998
534.654	142.6688
534.868	143.1988
535.083	143.7588
535.297	146.5788
535.511	162.95880000000002
535.726	168.2288
535.94	157.2588
536.154	151.0688
536.369	144.7788
536.583	138.5788
536.797	139.87879999999998
537.011	141.3588
537.225	142.0188
537.44	140.1688
537.654	140.3688
537.868	139.7188
538.082	139.8088
538.296	139.6688
538.51	140.5588
538.724	139.7088
538.938	139.2388
539.153	149.1088
539.367	174.1388
539.581	151.24880000000002
539.795	139.49880000000002
540.009	138.8188
540.222	139.3688
540.436	137.3888
540.65	138.4088
540.864	143.2288
541.078	150.4888
541.292	141.5588
541.506	136.3888
541.72	135.3388
541.934	137.1488
542.147	136.0088
542.361	135.28879999999998
542.575	134.8288
542.789	139.49880000000002
543.002	137.24880000000002
543.216	142.9288
543.43	153.4488
543.644	141.8088
543.857	139.2288
544.071	136.8388
544.285	140.68880000000001
544.498	137.3588
544.712	136.68880000000001
544.925	135.5988
545.139	135.9488
545.352	134.1988
545.566	135.3588
545.779	133.9288
545.993	134.37879999999998
546.206	134.9188
546.42	137.7988
546.633	138.3388
546.847	138.2288
547.06	136.0988
547.274	133.6488
547.487	134.4288
547.7	134.3088
547.914	133.4588
548.127	134.6988
548.34	135.6188
548.554	135.24880000000002
548.767	134.3088
548.98	135.9088
549.193	133.87879999999998
549.407	136.2388
549.62	135.93880000000001
549.833	135.0788
550.046	134.8588
550.259	133.74880000000002
550.473	134.7588
550.686	134.1388
550.899	133.28879999999998
551.112	135.99880000000002
551.325	138.2288
551.538	147.8488
551.751	142.2988
551.964	136.7688
552.177	136.12879999999998
552.39	135.7288
552.603	136.37879999999998
552.816	139.74880000000002
553.029	142.6188
553.242	143.3288
553.455	154.9488
553.667	170.8288
553.88	169.7588
554.093	153.3388
554.306	170.2288
554.519	176.0788
554.732	148.3988
554.944	139.12879999999998
555.157	135.9188
555.37	134.9088
555.583	137.7388
555.795	140.24880000000002
556.008	134.12879999999998
556.221	130.87879999999998
556.433	130.5988
556.646	131.0188
556.859	130.1188
557.071	130.3388
557.284	129.8288
557.496	130.2088
557.709	128.49880000000002
557.921	129.8388
558.134	129.6588
558.346	128.7788
558.559	127.6288
558.771	127.00880000000001
558.984	128.1788
559.196	127.9888
559.409	126.52879999999999
559.621	127.6588
559.833	129.6088
560.046	132.2288
560.258	157.5888
560.47	190.4188
560.683	148.87879999999998
560.895	132.2288
561.107	128.8888
561.32	128.2288
561.532	125.8388
561.744	127.4788
561.956	125.8788
562.168	127.5588
562.381	126.7288
562.593	127.4088
562.805	129.68880000000001
563.017	129.24880000000002
563.229	127.8688
563.441	125.1488
563.653	126.2188
563.865	125.43880000000001
564.077	126.9988
564.289	128.1388
564.501	128.1488
564.713	131.9188
564.925	137.2188
565.137	156.7588
565.349	137.6788
565.561	131.2188
565.773	134.03879999999998
565.985	134.6088
566.197	136.2088
566.408	136.8588
566.62	140.8388
566.832	143.74880000000002
567.044	143.8988
567.255	144.7188
567.467	147.5088
567.679	149.5988
567.891	153.1988
568.102	150.7388
568.314	147.78879999999998
568.526	143.3988
568.737	139.8588
568.949	135.8088
569.161	133.1188
569.372	130.9188
569.584	131.9288
569.795	134.7188
570.007	168.28879999999998
570.218	364.5188
570.43	199.7188
570.641	131.87879999999998
570.853	124.7088
571.064	126.4788
571.276	124.52879999999999
571.487	121.5788
571.698	121.19879999999999
571.91	123.0588
572.121	120.44879999999999
572.333	118.3688
572.544	120.2088
572.755	118.3288
572.966	118.9188
573.178	119.09880000000001
573.389	122.4988
573.6	119.6288
573.811	117.51880000000001
574.023	117.0388
574.234	117.8088
574.445	117.7488
574.656	117.6288
574.867	116.19879999999999
575.078	116.42880000000001
575.289	117.3388
575.501	117.9688
575.712	116.84880000000001
575.923	118.84880000000001
576.134	116.4988
576.345	116.4588
576.556	118.35879999999999
576.767	118.5388
576.978	120.1488
577.188	121.6688
577.399	122.67880000000001
577.61	124.4088
577.821	131.5488
578.032	156.5488
578.243	380.7688
578.454	1165.9088
578.665	308.5988
578.875	138.5088
579.086	121.3688
579.297	115.6588
579.508	115.4688
579.718	115.4788
579.929	113.8988
580.14	112.4988
580.35	112.8188
580.561	111.0888
580.772	112.43880000000001
580.982	113.2988
581.193	111.0388
581.403	112.42880000000001
581.614	109.4888
581.825	110.7988
582.035	113.01880000000001
582.246	111.7388
582.456	109.2088
582.667	110.8988
582.877	111.5888
583.087	110.68880000000001
583.298	112.0688
583.508	112.9088
583.719	110.76880000000001
583.929	111.5488
584.139	109.7888
584.35	108.42880000000001
584.56	113.0388
584.77	112.2388
584.981	112.84880000000001
585.191	113.5488
585.401	113.1588
585.611	109.8788
585.821	114.8888
586.032	112.8788
586.242	110.4588
586.452	109.51880000000001
586.662	109.35879999999999
586.872	107.5688
587.082	107.92880000000001
587.292	107.4888
587.502	109.01880000000001
587.713	108.92880000000001
587.923	108.8888
588.133	109.7288
588.343	108.5588
588.553	109.8788
588.762	115.7488
588.972	129.0688
589.182	226.2388
589.392	153.8188
589.602	136.6488
589.812	181.9888
590.022	128.3088
590.232	111.2888
590.441	110.3388
590.651	108.52879999999999
590.861	107.94879999999999
591.071	110.5888
591.281	110.8988
591.49	109.2988
591.7	110.3188
591.91	111.1588
592.119	109.8688
592.329	116.7888
592.539	124.52879999999999
592.748	116.4788
592.958	113.8288
593.167	112.26880000000001
593.377	114.42880000000001
593.587	120.2488
593.796	114.3888
594.006	112.9088
594.215	115.7188
594.424	114.0388
594.634	112.3088
594.843	112.18880000000001
595.053	110.50880000000001
595.262	110.8888
595.472	110.7188
595.681	110.0388
595.89	108.44879999999999
596.1	109.0888
596.309	107.60879999999999
596.518	107.8988
596.727	110.67880000000001
596.937	108.85879999999999
597.146	108.7888
597.355	108.6688
597.564	107.00880000000001
597.774	107.51880000000001
597.983	104.9788
598.192	105.18880000000001
598.401	104.9888
598.61	103.8788
598.819	104.3688
599.028	103.7088
599.237	105.34880000000001
599.446	105.3888
599.655	106.5588
599.864	105.94879999999999
600.073	105.19879999999999
600.282	107.3388
600.491	104.5588
600.7	104.4188
600.909	105.85879999999999
601.118	108.17880000000001
601.327	108.3688
601.536	106.8088
601.745	106.2888
601.953	105.9888
602.162	105.84880000000001
602.371	107.93880000000001
602.58	104.7488
602.789	105.8788
602.997	104.4688
603.206	106.43880000000001
603.415	102.9588
603.623	102.5388
603.832	105.77879999999999
604.041	103.77879999999999
604.249	102.9788
604.458	104.4588
604.666	103.2988
604.875	102.0688
605.084	102.6288
605.292	102.4688
605.501	101.44879999999999
605.709	101.8988
605.918	102.9688
606.126	105.0488
606.334	103.8988
606.543	103.3788
606.751	104.67880000000001
606.96	104.2188
607.168	104.6288
607.376	109.4588
607.585	105.0388
607.793	104.6488
608.001	102.1288
608.21	102.43880000000001
608.418	101.8088
608.626	102.50880000000001
608.834	103.1488
609.043	103.27879999999999
609.251	101.52879999999999
609.459	103.1688
609.667	104.1188
609.875	101.6688
610.083	102.85879999999999
610.291	104.9088
610.499	105.2888
610.707	103.0788
610.916	103.2188
611.124	102.9888
611.332	102.3188
611.54	102.8088
611.748	103.00880000000001
611.955	102.0388
612.163	101.2388
612.371	102.01880000000001
612.579	101.6188
612.787	101.8688
612.995	103.3088
613.203	103.9088
613.411	101.1388
613.618	100.6488
613.826	102.4588
614.034	102.42880000000001
614.242	102.67880000000001
614.449	104.1288
614.657	106.92880000000001
614.865	103.52879999999999
615.072	103.59880000000001
615.28	107.1188
615.488	107.6488
615.695	105.3288
615.903	108.1488
616.111	110.52879999999999
616.318	114.25880000000001
616.526	108.26880000000001
616.733	106.9888
616.941	103.6188
617.148	103.77879999999999
617.356	103.3788
617.563	102.2388
617.771	102.69879999999999
617.978	101.6288
618.185	102.2388
618.393	101.6288
618.6	100.26880000000001
618.807	100.9688
619.015	103.5688
619.222	100.4588
619.429	101.00880000000001
619.637	101.9788
619.844	100.4588
620.051	99.4588
620.258	98.3288
620.466	99.34880000000001
620.673	98.25880000000001
620.88	97.1188
621.087	98.60879999999999
621.294	99.3688
621.501	98.4788
621.708	99.6688
621.915	100.77879999999999
622.122	100.4988
622.329	101.6488
622.536	100.7288
622.743	99.2888
622.95	98.7288
623.157	97.27879999999999
623.364	99.51880000000001
623.571	99.26880000000001
623.778	98.76880000000001
623.985	99.9888
624.192	97.68880000000001
624.399	97.9988
624.606	98.6688
624.812	98.2088
625.019	95.8988
625.226	97.02879999999999
625.433	100.52879999999999
625.639	99.52879999999999
625.846	97.27879999999999
626.053	95.1588
626.259	96.8188
626.466	98.0888
626.673	97.5788
626.879	96.92880000000001
627.086	99.9788
627.293	97.76880000000001
627.499	97.77879999999999
627.706	96.4788
627.912	95.8688
628.119	96.1588
628.325	97.9688
628.532	96.01880000000001
628.738	95.4688
628.945	96.19879999999999
629.151	96.8388
629.357	96.1488
629.564	95.7088
629.77	96.0588
629.976	95.4588
630.183	95.2488
630.389	95.3288
630.595	94.0688
630.802	94.9688
631.008	94.2888
631.214	94.0888
631.42	96.3688
631.627	98.4688
631.833	93.9888
632.039	95.2188
632.245	93.8888
632.451	94.4788
632.657	93.75880000000001
632.863	95.3688
633.069	94.1188
633.275	96.84880000000001
633.481	92.4988
633.688	95.50880000000001
633.893	96.7288
634.099	94.92880000000001
634.305	95.5388
634.511	96.6188
634.717	95.6688
634.923	96.9888
635.129	98.1488
635.335	99.1288
635.541	101.94879999999999
635.747	108.5888
635.952	119.09880000000001
636.158	172.37879999999998
636.364	547.4788
636.57	463.22880000000004
636.775	176.8488
636.981	118.18880000000001
637.187	107.02879999999999
637.392	99.8088
637.598	98.01880000000001
637.804	99.4188
638.009	96.19879999999999
638.215	94.10879999999999
638.421	93.7488
638.626	96.1188
638.832	94.9688
639.037	94.1388
639.243	94.17880000000001
639.448	92.75880000000001
639.654	96.4788
639.859	93.3788
640.065	92.1488
640.27	96.0888
640.475	92.4588
640.681	91.3388
640.886	93.2388
641.091	91.9888
641.297	94.1188
641.502	93.75880000000001
641.707	97.3888
641.913	95.3888
642.118	92.5688
642.323	92.7288
642.528	94.3688
642.733	95.8688
642.939	93.3388
643.144	94.6488
643.349	92.5488
643.554	94.6388
643.759	91.5588
643.964	92.8988
644.169	94.0488
644.374	92.3988
644.579	93.3888
644.784	92.94879999999999
644.989	91.6188
645.194	93.34880000000001
645.399	93.3188
645.604	92.4088
645.809	96.18879999999999
646.014	94.3088
646.219	92.42880000000001
646.423	91.9588
646.628	91.7888
646.833	91.9788
647.038	94.8788
647.243	94.1288
647.447	94.2988
647.652	93.2388
647.857	93.4888
648.062	94.69879999999999
648.266	93.8988
648.471	98.8188
648.676	100.6388
648.88	99.2888
649.085	98.8388
649.289	100.0388
649.494	117.2888
649.698	165.6388
649.903	116.75880000000001
650.107	98.34880000000001
650.312	95.01879999999998
650.516	92.27879999999999
650.721	90.9788
650.925	89.4988
651.13	88.44879999999999
651.334	89.0388
651.539	89.3888
651.743	90.6388
651.947	90.93879999999999
652.152	89.2888
652.356	88.2488
652.56	90.8788
652.764	89.2488
652.969	87.7288
653.173	88.1588
653.377	89.5788
653.581	88.4788
653.785	88.26879999999998
653.99	88.3188
654.194	88.1688
654.398	87.50880000000001
654.602	90.69879999999999
654.806	96.85879999999999
655.01	115.4888
655.214	97.8388
655.418	91.7088
655.622	89.8088
655.826	91.51879999999998
656.03	92.4188
656.234	95.4088
656.438	102.26879999999998
656.642	105.60879999999999
656.846	97.0388
657.049	90.59880000000001
657.253	90.3988
657.457	87.92880000000001
657.661	85.1688
657.865	85.7888
658.068	85.19879999999999
658.272	85.4588
658.476	84.3788
658.68	84.0788
658.883	82.9688
659.087	83.4588
659.291	83.84880000000001
659.494	84.9988
659.698	81.8188
659.901	82.5788
660.105	82.59880000000001
660.309	82.9588
660.512	82.34880000000001
660.716	85.7888
660.919	85.9088
661.123	85.5388
661.326	82.7988
661.53	82.34880000000001
661.733	82.4688
661.936	85.10879999999999
662.14	81.7088
662.343	81.7888
662.546	80.8588
662.75	83.35879999999999
662.953	82.93879999999999
663.156	81.3688
663.36	82.8788
663.563	82.2988
663.766	80.1488
663.969	82.9088
664.173	81.42880000000001
664.376	79.8488
664.579	80.9688
664.782	81.7188
664.985	81.26880000000001
665.188	81.6488
665.391	80.7388
665.594	81.5388
665.797	81.3688
666.0	81.18879999999999
666.203	81.3288
666.406	79.8988
666.609	81.42880000000001
666.812	82.7388
667.015	80.7088
667.218	82.94879999999999
667.421	81.25880000000001
667.624	81.44879999999999
667.827	82.5888
668.03	81.9588
668.232	81.42880000000001
668.435	81.1388
668.638	80.4288
668.841	83.18879999999999
669.043	80.4988
669.246	81.7988
669.449	81.1488
669.651	82.4988
669.854	80.9988
670.057	80.7388
670.259	80.3888
670.462	83.1388
670.665	81.4988
670.867	80.6588
671.07	81.2988
671.272	83.18879999999999
671.475	83.3288
671.677	81.84880000000001
671.88	82.4688
672.082	79.16879999999999
672.284	82.43879999999999
672.487	82.52879999999999
672.689	80.03880000000001
672.892	80.4488
