223.165	-16.5387
223.4	-16.5387
223.635	-16.5387
223.869	-19.7087
224.104	-19.628700000000002
224.338	-16.348699999999997
224.573	-14.5487
224.808	-12.9987
225.042	-8.528699999999999
225.277	-5.0887
225.511	-1.7886999999999997
225.746	4.221299999999999
225.98	7.0013000000000005
226.215	12.5013
226.449	17.3513
226.683	21.3413
226.918	23.2013
227.152	29.5713
227.387	34.9513
227.621	36.841300000000004
227.856	44.1213
228.09	45.841300000000004
228.324	50.6713
228.559	56.3513
228.793	63.0413
229.027	74.7913
229.262	80.90129999999999
229.496	87.8513
229.73	101.99130000000001
229.964	101.6013
230.199	88.3613
230.433	89.3113
230.667	89.7913
230.901	91.1513
231.136	88.6913
231.37	90.84129999999999
231.604	91.32130000000001
231.838	92.24130000000001
232.072	92.8613
232.306	92.3713
232.541	91.8113
232.775	91.92129999999999
233.009	93.5513
233.243	93.6513
233.477	93.6913
233.711	92.9013
233.945	94.2213
234.179	95.07130000000001
234.413	95.51129999999999
234.647	93.00129999999999
234.881	93.6913
235.115	92.7113
235.349	93.0613
235.583	94.0313
235.817	95.0213
236.051	96.3813
236.285	94.0313
236.519	95.49130000000001
236.753	97.3613
236.987	105.1813
237.221	121.6013
237.455	126.0213
237.689	103.2913
237.922	98.7213
238.156	97.6913
238.39	95.7013
238.624	93.3013
238.858	95.0313
239.091	93.50129999999999
239.325	95.84129999999999
239.559	98.0213
239.793	97.9313
240.027	100.7013
240.26	104.17129999999999
240.494	104.7213
240.728	102.9713
240.961	102.75129999999999
241.195	101.3113
241.429	99.51129999999999
241.662	99.1413
241.896	97.6413
242.13	97.3813
242.363	99.16130000000001
242.597	100.59129999999999
242.83	100.9813
243.064	100.59129999999999
243.298	101.5613
243.531	99.4313
243.765	101.25129999999999
243.998	103.5413
244.232	104.0413
244.465	107.24130000000001
244.699	105.1913
244.932	104.00129999999999
245.166	104.49130000000001
245.399	105.4313
245.633	104.7713
245.866	104.4013
246.099	104.7313
246.333	104.8813
246.566	103.4513
246.8	107.01129999999999
247.033	108.3413
247.266	109.4313
247.5	111.1213
247.733	113.2713
247.966	114.7913
248.2	112.7313
248.433	113.4713
248.666	113.8613
248.899	120.1013
249.133	125.01129999999999
249.366	134.69129999999998
249.599	130.9313
249.832	117.8913
250.066	117.1113
250.299	116.6413
250.532	118.41130000000001
250.765	123.3513
250.998	129.0713
251.231	130.4913
251.465	125.4013
251.698	121.07130000000001
251.931	120.66130000000001
252.164	122.2813
252.397	123.0913
252.63	125.2813
252.863	125.4313
253.096	128.9813
253.329	133.4513
253.562	129.4113
253.795	128.94129999999998
254.028	129.7913
254.261	129.3713
254.494	134.5113
254.727	146.31130000000002
254.96	148.9213
255.193	139.9513
255.426	132.4613
255.659	127.8613
255.892	130.1113
256.124	126.49130000000001
256.357	125.7213
256.59	125.3713
256.823	123.7713
257.056	125.7013
257.289	125.4313
257.521	128.2213
257.754	127.0913
257.987	125.49130000000001
258.22	128.7813
258.452	126.91130000000001
258.685	126.7813
258.918	127.4413
259.151	128.7413
259.383	132.8913
259.616	133.2613
259.849	134.0213
260.081	140.8613
260.314	144.25130000000001
260.547	141.2413
260.779	137.3713
261.012	137.0813
261.244	134.9013
261.477	137.6813
261.71	141.5513
261.942	154.9213
262.175	160.6413
262.407	137.9213
262.64	130.5513
262.872	132.00130000000001
263.105	131.75130000000001
263.337	133.2713
263.57	132.00130000000001
263.802	132.0113
264.035	133.0213
264.267	131.7113
264.499	132.0713
264.732	132.4613
264.964	133.7413
265.197	133.3613
265.429	134.0113
265.661	134.44129999999998
265.894	134.4113
266.126	135.9713
266.358	137.1313
266.591	135.1213
266.823	137.0513
267.055	136.8613
267.287	138.8613
267.52	137.9113
267.752	138.5713
267.984	138.5513
268.216	140.1313
268.448	142.6213
268.681	143.6613
268.913	147.00130000000001
269.145	153.8013
269.377	155.7313
269.609	151.7813
269.841	151.81130000000002
270.073	154.93130000000002
270.306	162.9913
270.538	167.9513
270.77	163.9213
271.002	159.6113
271.234	159.18130000000002
271.466	163.8913
271.698	166.2913
271.93	167.00130000000001
272.162	165.2013
272.394	166.43130000000002
272.626	161.19129999999998
272.858	154.7613
273.09	154.5713
273.322	152.9613
273.553	150.43130000000002
273.785	151.0213
274.017	150.6613
274.249	151.84130000000002
274.481	151.9913
274.713	151.3313
274.945	153.69129999999998
275.176	153.0713
275.408	153.9213
275.64	152.1313
275.872	153.2413
276.104	155.3913
276.335	156.4913
276.567	167.2813
276.799	176.4513
277.031	177.9113
277.262	174.44129999999998
277.494	169.4513
277.726	164.1513
277.957	158.8213
278.189	158.1013
278.421	157.0813
278.652	155.44129999999998
278.884	156.8013
279.115	156.3713
279.347	155.7613
279.579	157.2213
279.81	156.5313
280.042	157.1713
280.273	155.93130000000002
280.505	155.4213
280.736	155.3313
280.968	158.4713
281.199	157.4213
281.431	158.25130000000001
281.662	160.09130000000002
281.894	163.3813
282.125	172.0713
282.356	189.6613
282.588	211.4213
282.819	185.8013
283.051	165.0613
283.282	160.81130000000002
283.513	163.2013
283.745	164.0113
283.976	164.7413
284.207	163.8013
284.439	163.68130000000002
284.67	164.6713
284.901	164.0713
285.132	163.94129999999998
285.364	163.5313
285.595	165.0413
285.826	164.27130000000002
286.057	167.4113
286.288	165.3913
286.52	166.5713
286.751	166.3713
286.982	167.94129999999998
287.213	167.0313
287.444	169.0513
287.675	171.7113
287.906	175.4213
288.138	175.4213
288.369	178.6313
288.6	177.2013
288.831	171.2113
289.062	173.4713
289.293	171.68130000000002
289.524	171.2813
289.755	170.5313
289.986	169.7113
290.217	169.9613
290.448	170.2413
290.679	170.85129999999998
290.91	170.9813
291.141	169.6213
291.371	172.1213
291.602	170.59130000000002
291.833	170.9613
292.064	170.0713
292.295	172.4113
292.526	172.5713
292.757	170.9113
292.987	170.0313
293.218	170.7313
293.449	171.1213
293.68	172.7213
293.91	172.6313
294.141	175.34130000000002
294.372	171.93130000000002
294.603	173.3913
294.833	172.3813
295.064	174.75130000000001
295.295	175.34130000000002
295.525	176.7413
295.756	184.3813
295.987	197.86130000000003
296.217	222.0813
296.448	209.3213
296.679	180.9013
296.909	175.8313
297.14	178.2813
297.37	178.2013
297.601	177.8713
297.831	177.5513
298.062	179.85129999999998
298.292	181.0513
298.523	182.52130000000002
298.753	180.9613
298.984	179.9113
299.214	179.35129999999998
299.445	181.8113
299.675	185.3013
299.905	189.1513
300.136	181.6413
300.366	183.3813
300.597	184.50130000000001
300.827	188.77130000000002
301.057	193.9713
301.288	200.4513
301.518	191.9913
301.748	189.2013
301.979	198.68130000000002
302.209	190.9013
302.439	190.00130000000001
302.669	187.4513
302.9	189.7813
303.13	187.8213
303.36	191.84130000000002
303.59	196.6513
303.82	202.9213
304.051	192.36130000000003
304.281	188.7113
304.511	188.9813
304.741	187.1713
304.971	187.10129999999998
305.201	187.1313
305.431	186.4613
305.661	187.4513
305.891	187.9513
306.121	190.2113
306.352	197.2113
306.582	196.1713
306.812	187.7913
307.042	188.25130000000001
307.272	188.34130000000002
307.502	189.0513
307.731	187.7113
307.961	186.5513
308.191	186.4213
308.421	188.25130000000001
308.651	189.2813
308.881	190.50130000000001
309.111	193.0513
309.341	193.4913
309.571	197.61130000000003
309.8	196.94129999999998
310.03	199.0313
310.26	200.6713
310.49	198.5813
310.72	204.44129999999998
310.949	208.4113
311.179	206.3713
311.409	199.1713
311.639	199.9113
311.868	202.9113
312.098	204.3213
312.328	207.4213
312.557	213.2413
312.787	214.6513
313.017	211.9613
313.246	205.4613
313.476	202.1313
313.706	203.5513
313.935	207.8713
314.165	211.25130000000001
314.394	213.19129999999998
314.624	208.85129999999998
314.853	209.5113
315.083	205.2613
315.312	203.9613
315.542	201.27130000000002
315.771	200.5113
316.001	199.68130000000002
316.23	199.4713
316.46	199.5113
316.689	199.9813
316.919	202.6613
317.148	204.7013
317.377	205.2113
317.607	202.84130000000002
317.836	202.09130000000002
318.065	198.60129999999998
318.295	200.6713
318.524	199.7213
318.753	198.6213
318.983	201.2813
319.212	206.5313
319.441	214.8313
319.67	213.34130000000002
319.9	203.0113
320.129	202.50130000000001
320.358	203.6513
320.587	206.2413
320.816	210.1313
321.046	210.9613
321.275	210.09130000000002
321.504	207.9213
321.733	208.9013
321.962	212.3913
322.191	216.9913
322.42	223.63129999999998
322.649	229.1213
322.878	232.8913
323.108	237.1513
323.337	251.2113
323.566	263.74129999999997
323.795	291.4413
324.024	359.0113
324.253	583.5513000000001
324.482	1100.3713
324.71	2064.2213
324.939	2605.1013
325.168	1155.5713
325.397	428.7013
325.626	299.0813
325.855	271.1413
326.084	261.7513
326.313	269.4513
326.542	292.73130000000003
326.77	382.2813
326.999	641.6513
327.228	1207.3012999999999
327.457	2078.8513000000003
327.686	1707.5412999999999
327.914	571.0813
328.143	356.2713
328.372	298.7213
328.6	269.8513
328.829	264.4713
329.058	273.2513
329.287	270.9613
329.515	249.8913
329.744	240.9213
329.972	237.9813
330.201	241.2813
330.43	253.29129999999998
330.658	268.3013
330.887	291.5913
331.115	269.6913
331.344	243.9813
331.572	244.5113
331.801	247.72129999999999
332.03	244.6213
332.258	241.94129999999998
332.486	238.7613
332.715	241.7813
332.943	248.7813
333.172	253.60129999999998
333.4	256.36129999999997
333.629	267.1913
333.857	274.5813
334.085	265.98130000000003
334.314	257.0213
334.542	255.2113
334.771	254.97129999999999
334.999	251.75130000000001
335.227	248.35129999999998
335.455	248.10129999999998
335.684	246.1513
335.912	246.4013
336.14	243.79129999999998
336.369	242.8213
336.597	246.34130000000002
336.825	241.00130000000001
337.053	235.43130000000002
337.281	233.8313
337.51	232.1613
337.738	234.8213
337.966	232.59130000000002
338.194	234.85129999999998
338.422	235.68130000000002
338.65	230.5613
338.878	227.54129999999998
339.106	224.1413
339.334	228.0113
339.562	224.13129999999998
339.79	220.4913
340.018	220.5613
340.246	220.20129999999997
340.474	222.9213
340.702	222.09130000000002
340.93	222.00130000000001
341.158	222.1713
341.386	224.5513
341.614	226.4113
341.842	223.5113
342.07	218.84130000000002
342.298	221.2313
342.526	216.4213
342.754	216.77129999999997
342.981	217.6413
343.209	221.3213
343.437	237.3313
343.665	237.0613
343.893	244.6713
344.12	247.3213
344.348	238.60129999999998
344.576	231.50130000000001
344.804	229.84130000000002
345.031	230.22129999999999
345.259	231.00130000000001
345.487	223.4013
345.714	221.1613
345.942	217.84130000000002
346.17	218.8913
346.397	218.5313
346.625	218.5113
346.853	218.29129999999998
347.08	214.70129999999997
347.308	219.2413
347.535	221.7113
347.763	224.6513
347.99	223.75130000000001
348.218	227.18130000000002
348.445	229.8913
348.673	220.36129999999997
348.9	219.7813
349.128	217.45129999999997
349.355	213.3113
349.583	213.3213
349.81	215.4213
350.037	213.9113
350.265	215.4213
350.492	215.9813
350.72	214.0713
350.947	221.86129999999997
351.174	229.77129999999997
351.402	230.9013
351.629	222.8313
351.856	222.0513
352.083	226.6213
352.311	227.35129999999998
352.538	229.9613
352.765	228.9913
352.992	232.9913
353.22	229.7813
353.447	224.19129999999998
353.674	219.5313
353.901	216.6413
354.128	213.8313
354.355	214.0113
354.583	216.9513
354.81	216.25130000000001
355.037	215.0313
355.264	212.0713
355.491	210.52130000000002
355.718	210.09130000000002
355.945	213.2913
356.172	211.9813
356.399	213.9213
356.626	211.09130000000002
356.853	211.3013
357.08	210.1313
357.307	210.0113
357.534	209.8113
357.761	211.43130000000002
357.988	213.8113
358.215	212.9613
358.441	213.0713
358.668	208.0313
358.895	210.50130000000001
359.122	211.3113
359.349	211.11129999999997
359.576	217.19129999999998
359.802	226.13129999999998
360.029	240.09130000000002
360.256	239.4913
360.483	224.4613
360.709	214.02129999999997
360.936	217.3913
361.163	217.09130000000002
361.39	218.47129999999999
361.616	215.95129999999997
361.843	212.3913
362.07	216.84130000000002
362.296	217.35129999999998
362.523	214.8313
362.749	215.45129999999997
362.976	211.25130000000001
363.203	214.0713
363.429	207.3813
363.656	211.7413
363.882	210.13129999999998
364.109	210.0813
364.335	208.6613
364.562	210.5813
364.788	209.8213
365.015	212.9813
365.241	215.93130000000002
365.468	224.25130000000001
365.694	222.20129999999997
365.92	215.36129999999997
366.147	210.2413
366.373	209.4113
366.599	209.19129999999998
366.826	207.6613
367.052	208.5613
367.278	211.3713
367.505	209.5113
367.731	211.4613
367.957	209.00130000000001
368.184	212.5813
368.41	220.9813
368.636	231.8713
368.862	241.02129999999997
369.089	227.1713
369.315	215.7313
369.541	213.3913
369.767	213.36129999999997
369.993	216.1613
370.219	214.7613
370.445	212.4113
370.672	212.45129999999997
370.898	214.8913
371.124	214.70129999999997
371.35	215.7313
371.576	217.4813
371.802	214.6613
372.028	213.2413
372.254	214.7113
372.48	218.02129999999997
372.706	220.1413
372.932	221.8113
373.158	217.4813
373.384	221.3213
373.61	221.2313
373.835	221.59130000000002
374.061	219.04129999999998
374.287	222.93130000000002
374.513	224.2813
374.739	227.9813
374.965	230.8313
375.191	232.2613
375.416	228.5813
375.642	225.9013
375.868	225.8913
376.094	221.8213
376.319	219.6613
376.545	218.68130000000002
376.771	219.4813
376.997	218.5513
377.222	218.7613
377.448	218.7313
377.674	218.88129999999998
377.899	218.27129999999997
378.125	219.4213
378.35	219.6513
378.576	218.9113
378.802	217.1213
379.027	218.0513
379.253	221.0613
379.478	219.4013
379.704	217.7313
379.929	222.54129999999998
380.155	221.5113
380.38	221.00130000000001
380.606	223.93130000000002
380.831	222.0113
381.057	227.95129999999997
381.282	223.61129999999997
381.507	223.38129999999998
381.733	227.3713
381.958	227.8213
382.184	230.93130000000002
382.409	231.70129999999997
382.634	236.1613
382.86	233.5713
383.085	237.04129999999998
383.31	240.59130000000002
383.535	241.84130000000002
383.761	242.5513
383.986	242.52129999999997
384.211	245.00130000000001
384.436	247.63129999999998
384.662	250.97129999999999
384.887	255.3113
385.112	257.56129999999996
385.337	259.6813
385.562	260.5413
385.787	260.1313
386.013	266.1013
386.238	268.7213
386.463	262.5213
386.688	265.4113
386.913	256.9513
387.138	257.8013
387.363	256.6513
387.588	251.85129999999998
387.813	255.9913
388.038	258.0813
388.263	264.0913
388.488	262.98130000000003
388.713	250.47129999999999
388.938	248.0513
389.163	249.00130000000001
389.387	250.1613
389.612	246.47129999999999
389.837	246.1413
390.062	243.79129999999998
390.287	246.11129999999997
390.512	244.09130000000002
390.736	244.60129999999998
390.961	249.3713
391.186	252.7613
391.411	257.5413
391.636	262.9613
391.86	259.56129999999996
392.085	261.7013
392.31	256.61129999999997
392.534	253.93130000000002
392.759	250.0313
392.984	247.68130000000002
393.208	249.6613
393.433	249.9813
393.658	249.20129999999997
393.882	247.2613
394.107	248.9013
394.331	251.2413
394.556	249.93130000000002
394.78	254.36129999999997
395.005	254.27129999999997
395.229	252.72129999999999
395.454	260.1813
395.678	260.7613
395.903	261.7113
396.127	262.7513
396.352	258.23130000000003
396.576	250.3313
396.801	251.61129999999997
397.025	253.1713
397.249	258.11129999999997
397.474	264.5713
397.698	262.0813
397.922	267.4613
398.147	268.2213
398.371	270.6813
398.595	277.6713
398.82	282.5413
399.044	299.3013
399.268	324.4213
399.492	356.7212999999999
399.717	378.8213
399.941	370.5713
400.165	354.8813
400.389	332.69129999999996
400.613	307.0913
400.837	293.4213
401.062	289.2713
401.286	282.3413
401.51	286.2113
401.734	284.9113
401.958	298.0513
402.182	321.2113
402.406	351.87129999999996
402.63	318.49129999999997
402.854	301.4413
403.078	301.4713
403.302	305.3213
403.526	310.4713
403.75	308.7213
403.974	310.0013
404.198	310.5813
404.422	314.5413
404.645	310.5413
404.869	306.5413
405.093	314.73130000000003
405.317	319.2213
405.541	319.86129999999997
405.765	315.2113
405.988	326.8413
406.212	382.3813
406.436	433.4813
406.66	366.69129999999996
406.883	328.55129999999997
407.107	342.5412999999999
407.331	359.8513
407.555	377.69129999999996
407.778	366.3213
408.002	338.2113
408.226	325.5213
408.449	321.7713
408.673	318.31129999999996
408.896	328.4113
409.12	333.2713
409.344	315.7613
409.567	303.99129999999997
409.791	306.06129999999996
410.014	306.5413
410.238	302.5113
410.461	301.0313
410.685	306.9413
410.908	313.1513
411.132	326.7813
411.355	318.4113
411.578	302.6613
411.802	291.3013
412.025	291.7713
412.249	293.5113
412.472	293.7613
412.695	289.9113
412.919	281.48130000000003
413.142	281.9613
413.365	279.9213
413.589	282.2713
413.812	278.9313
414.035	280.0713
414.258	281.0213
414.482	284.3813
414.705	281.48130000000003
414.928	282.4513
415.151	283.1013
415.374	285.0713
415.597	278.8713
415.821	275.4713
416.044	277.5513
416.267	277.4113
416.49	274.3013
416.713	274.4713
416.936	278.4113
417.159	276.31129999999996
417.382	278.6513
417.605	279.7113
417.828	288.4213
418.051	291.4213
418.274	286.48130000000003
418.497	277.99129999999997
418.72	284.5713
418.943	284.1013
419.166	294.9513
419.389	307.7613
419.611	303.5913
419.834	295.4013
420.057	292.6613
420.28	285.4213
420.503	279.8213
420.726	280.6313
420.948	287.7613
421.171	303.4613
421.394	301.1613
421.617	286.0713
421.839	285.6713
422.062	289.0013
422.285	295.9613
422.507	320.1613
422.73	337.5713
422.953	315.5113
423.175	301.86129999999997
423.398	300.2013
423.621	300.4213
423.843	308.1013
424.066	304.4413
424.288	301.0813
424.511	309.5413
424.733	327.6713
424.956	349.7313
425.178	329.4613
425.401	334.0013
425.623	330.81129999999996
425.846	296.5113
426.068	291.9413
426.291	286.7013
426.513	286.4613
426.735	292.1213
426.958	306.6813
427.18	337.4113
427.402	397.5313
427.625	419.4712999999999
427.847	344.62129999999996
428.069	299.2213
428.292	281.5913
428.514	272.7613
428.736	265.2813
428.958	265.5013
429.181	261.81129999999996
429.403	260.3013
429.625	266.9513
429.847	279.8513
430.069	300.1913
430.292	282.11129999999997
430.514	263.3013
430.736	260.8513
430.958	259.4413
431.18	255.85129999999998
431.402	256.6913
431.624	255.29129999999998
431.846	258.4413
432.068	258.8513
432.29	261.7913
432.512	260.6313
432.734	260.73130000000003
432.956	262.7713
433.178	271.61129999999997
433.4	270.8913
433.622	262.7013
433.844	264.0813
434.066	266.5513
434.287	268.5913
434.509	271.5313
434.731	280.73130000000003
434.953	283.1513
435.175	287.6413
435.397	294.1713
435.618	291.24129999999997
435.84	311.5213
436.062	351.0913
436.284	342.72130000000004
436.505	297.3213
436.727	286.2113
436.949	273.7113
437.17	265.5113
437.392	261.8513
437.614	272.73130000000003
437.835	291.5113
438.057	330.2013
438.278	342.47130000000004
438.5	338.3313
438.721	375.81129999999996
438.943	329.0013
439.165	282.3213
439.386	274.9713
439.608	279.7613
439.829	289.6413
440.05	313.5513
440.272	339.2113
440.493	291.0713
440.715	274.9313
440.936	273.4513
441.158	274.61129999999997
441.379	277.11129999999997
441.6	290.5213
441.822	296.0813
442.043	312.6213
442.264	340.2013
442.486	330.0913
442.707	299.5313
442.928	301.7113
443.149	326.6713
443.371	334.2513
443.592	334.1313
443.813	366.56129999999996
444.034	362.62129999999996
444.255	321.4013
444.476	310.74129999999997
444.698	315.49129999999997
444.919	316.5213
445.14	350.40130000000005
445.361	338.4613
445.582	329.7713
445.803	361.19129999999996
446.024	382.19129999999996
446.245	372.04130000000004
446.466	327.0813
446.687	285.5713
446.908	274.8813
447.129	264.9513
447.35	262.1513
447.571	261.3713
447.792	259.8313
448.013	267.5913
448.234	279.0713
448.455	292.2513
448.675	339.7313
448.896	356.40130000000005
449.117	300.6413
449.338	308.8213
449.559	368.56129999999996
449.779	377.4213
450.0	289.4313
450.221	263.24129999999997
450.442	254.8113
450.662	258.9613
450.883	266.4113
451.104	275.1313
451.324	258.1713
451.545	248.93130000000002
451.766	243.20129999999997
451.986	239.47129999999999
452.207	240.35129999999998
452.428	242.6413
452.648	248.60129999999998
452.869	258.1013
453.089	264.3013
453.31	268.5313
453.53	245.20129999999997
453.751	241.2613
453.971	250.60129999999998
454.192	259.6013
454.412	238.97129999999999
454.633	235.0613
454.853	235.4213
455.073	235.29129999999998
455.294	248.9613
455.514	271.6713
455.734	249.5513
455.955	232.9813
456.175	227.3313
456.395	224.9113
456.616	223.59130000000002
456.836	225.93130000000002
457.056	225.35129999999998
457.276	222.4913
457.497	227.6513
457.717	227.27129999999997
457.937	230.35129999999998
458.157	234.0713
458.377	241.45129999999997
458.598	262.0113
458.818	314.5713
459.038	345.5713
459.258	307.0813
459.478	265.0213
459.698	263.0013
459.918	264.1813
460.138	268.8413
460.358	275.6413
460.578	276.6613
460.798	281.6713
461.018	280.7113
461.238	275.1613
461.458	272.1713
461.678	273.5913
461.898	277.5813
462.118	277.4313
462.338	288.3813
462.558	293.8213
462.777	301.6513
462.997	318.9613
463.217	331.58129999999994
463.437	325.6113
463.657	309.1013
463.876	302.2013
464.096	306.2513
464.316	305.8213
464.536	310.0113
464.755	302.36129999999997
464.975	307.3213
465.195	359.0713
465.414	351.0013
465.634	282.3513
465.854	266.1013
466.073	257.8813
466.293	252.50130000000001
466.512	245.7413
466.732	244.22129999999999
466.951	244.5613
467.171	248.1413
467.391	251.7413
467.61	257.1713
467.829	251.6413
468.049	244.7313
468.268	239.29129999999998
468.488	235.3713
468.707	235.00130000000001
468.927	235.6213
469.146	236.35129999999998
469.365	239.95129999999997
469.585	240.63129999999998
469.804	252.11129999999997
470.023	257.3713
470.243	253.5813
470.462	261.0313
470.681	269.36129999999997
470.901	253.02129999999997
471.12	248.6513
471.339	245.7313
471.558	245.45129999999997
471.777	242.0113
471.997	239.38129999999998
472.216	239.45129999999997
472.435	241.19129999999998
472.654	235.7413
472.873	233.2113
473.092	233.7613
473.311	235.77129999999997
473.53	235.4813
473.749	242.0813
473.968	261.4613
474.187	299.2613
474.406	281.5313
474.625	247.11129999999997
474.844	239.9113
475.063	235.00130000000001
475.282	238.5813
475.501	239.11129999999997
475.72	243.44129999999998
475.939	240.9113
476.158	242.70129999999997
476.377	242.9613
476.596	245.3013
476.814	250.88129999999998
477.033	252.69129999999998
477.252	251.85129999999998
477.471	255.29129999999998
477.69	257.1913
477.908	261.9513
478.127	267.2913
478.346	265.7713
478.564	271.8513
478.783	280.5313
479.002	281.1013
479.22	281.5713
479.439	290.4413
479.658	293.8313
479.876	291.6413
480.095	293.4013
480.313	306.6913
480.532	302.9513
480.751	296.2913
480.969	293.9413
481.188	299.1713
481.406	287.6813
481.624	278.3213
481.843	272.98130000000003
482.061	268.24129999999997
482.28	266.7513
482.498	267.74129999999997
482.717	263.23130000000003
482.935	266.5913
483.153	265.0113
483.372	264.9313
483.59	266.0313
483.808	267.0313
484.027	269.3513
484.245	269.9313
484.463	272.4213
484.681	278.56129999999996
484.9	277.1813
485.118	279.6713
485.336	280.9613
485.554	285.7213
485.772	286.2013
485.99	290.7913
486.209	293.23130000000003
486.427	291.3013
486.645	297.1013
486.863	303.11129999999997
487.081	292.23130000000003
487.299	287.3813
487.517	286.11129999999997
487.735	283.2213
487.953	283.0713
488.171	282.1913
488.389	283.1713
488.607	287.48130000000003
488.825	280.99129999999997
489.043	279.7013
489.261	283.4013
489.479	283.8313
489.696	283.9513
489.914	283.2113
490.132	285.4013
490.35	289.98130000000003
490.568	290.23130000000003
490.786	293.74129999999997
491.003	293.4313
491.221	299.36129999999997
491.439	302.48130000000003
491.657	304.49129999999997
491.874	303.9613
492.092	305.9613
492.31	307.11129999999997
492.527	305.8213
492.745	308.98130000000003
492.963	310.0313
493.18	311.4713
493.398	315.1413
493.615	324.6013
493.833	321.36129999999997
494.05	316.5013
494.268	317.5413
494.485	317.4113
494.703	315.9213
494.92	315.7113
495.138	314.4213
495.355	319.7513
495.573	319.0413
495.79	316.9313
496.008	322.1413
496.225	319.0713
496.442	318.7113
496.66	321.4613
496.877	322.9413
497.094	328.54130000000004
497.312	329.5713
497.529	336.05129999999997
497.746	341.1813
497.963	348.06129999999996
498.181	361.3913
498.398	372.4513
498.615	392.62129999999996
498.832	404.4513
499.049	409.9213
499.267	427.3213
499.484	449.8813
499.701	475.62129999999996
499.918	497.6613
500.135	521.5113
500.352	538.1112999999999
500.569	541.9913
500.786	538.3113
501.003	525.4812999999999
501.22	504.69129999999996
501.437	483.9513
501.654	463.0013
501.871	453.5013
502.088	419.2813
502.305	398.8813
502.522	385.0013
502.739	373.9113
502.956	360.76129999999995
503.172	354.56129999999996
503.389	346.9213
503.606	349.6112999999999
503.823	343.4513
504.04	337.47130000000004
504.256	338.0213
504.473	340.19129999999996
504.69	342.4712999999999
504.907	337.4613
505.123	322.74129999999997
505.34	317.4313
505.557	311.6313
505.773	309.0713
505.99	305.9313
506.207	302.7613
506.423	301.7813
506.64	298.56129999999996
506.856	294.8013
507.073	295.61129999999997
507.289	295.6013
507.506	297.0313
507.722	310.8413
507.939	311.3713
508.155	293.7113
508.372	287.4113
508.588	285.99129999999997
508.805	285.5213
509.021	287.4713
509.238	295.4313
509.454	295.8513
509.67	295.2013
509.887	300.2713
510.103	318.1813
510.319	402.8513
510.536	970.7813000000001
510.752	2626.5312999999996
510.968	852.7613
511.184	335.44129999999996
511.401	289.5713
511.617	277.9413
511.833	270.3013
512.049	268.6213
512.265	268.1213
512.481	269.0213
512.698	270.3713
512.914	267.1513
513.13	268.8413
513.346	267.3913
513.562	271.1913
513.778	272.2613
513.994	275.0913
514.21	282.8813
514.426	299.5913
514.642	322.0713
514.858	319.0813
515.074	370.7813
515.29	665.6213
515.506	1668.6413
515.721	730.1313
515.937	350.6613
516.153	305.9613
516.369	297.6213
516.585	296.5913
516.801	298.74129999999997
517.016	305.06129999999996
517.232	311.9413
517.448	315.7613
517.664	323.5313
517.879	323.2913
518.095	322.3313
518.311	319.7613
518.527	308.4613
518.742	299.48130000000003
518.958	295.3413
519.173	290.3013
519.389	287.3013
519.605	281.9513
519.82	280.6213
520.036	289.3213
520.251	305.4613
520.467	300.6913
520.682	293.4713
520.898	294.73130000000003
521.113	304.3413
521.329	331.5013
521.544	410.44129999999996
521.76	786.5113
521.975	2611.7812999999996
522.19	1631.3313
522.406	492.31129999999996
522.621	299.7013
522.836	271.6513
523.052	262.2113
523.267	256.1413
523.482	253.72129999999999
523.698	255.20129999999997
523.913	269.8313
524.128	256.3013
524.343	246.6213
524.559	245.4813
524.774	240.9213
524.989	245.85129999999998
525.204	253.0513
525.419	247.19129999999998
525.634	240.0713
525.849	238.2613
526.064	237.3313
526.28	238.4013
526.495	232.95129999999997
526.71	235.6413
526.925	233.60129999999998
527.14	232.7413
527.355	234.2113
527.57	234.34130000000002
527.785	233.5313
527.999	233.8213
528.214	237.3013
528.429	238.47129999999999
528.644	236.3713
528.859	233.36129999999997
529.074	236.5713
529.289	266.7113
529.503	323.8213
529.718	259.3713
529.933	240.85129999999998
530.148	235.50130000000001
530.363	236.4113
530.577	232.95129999999997
530.792	232.97129999999999
531.007	231.6413
531.221	234.70129999999997
531.436	234.52129999999997
531.651	233.6413
531.865	230.97129999999999
532.08	230.4113
532.295	235.2813
532.509	232.9913
532.724	231.7813
532.938	235.7613
533.153	236.0513
533.367	233.69129999999998
533.582	232.6213
533.796	232.0713
534.011	231.9013
534.225	231.50130000000001
534.44	229.25130000000001
534.654	229.5713
534.868	228.0613
535.083	229.3713
535.297	231.6413
535.511	237.2613
535.726	237.94129999999998
535.94	234.38129999999998
536.154	228.88129999999998
536.369	225.1713
536.583	222.0613
536.797	222.9013
537.011	222.20129999999997
537.225	219.44129999999998
537.44	221.4913
537.654	222.22129999999999
537.868	220.52129999999997
538.082	221.54129999999998
538.296	220.09130000000002
538.51	218.9213
538.724	221.2313
538.938	220.34130000000002
539.153	222.9913
539.367	233.10129999999998
539.581	224.97129999999999
539.795	216.5613
540.009	218.3913
540.222	217.68130000000002
540.436	219.43130000000002
540.65	217.97129999999999
540.864	220.4813
541.078	222.9813
541.292	219.2313
541.506	218.1213
541.72	215.20129999999997
541.934	214.18130000000002
542.147	212.00130000000001
542.361	213.02129999999997
542.575	209.75130000000001
542.789	212.59130000000002
543.002	212.54129999999998
543.216	217.8113
543.43	221.9613
543.644	217.4913
543.857	216.72129999999999
544.071	215.50130000000001
544.285	220.9613
544.498	216.6213
544.712	214.25130000000001
544.925	215.0713
545.139	215.29129999999998
545.352	215.5313
545.566	216.7313
545.779	214.9013
545.993	215.4613
546.206	213.60129999999998
546.42	213.9813
546.633	213.0513
546.847	216.20129999999997
547.06	213.0513
547.274	212.2413
547.487	212.97129999999999
547.7	213.10129999999998
547.914	212.7313
548.127	213.3713
548.34	214.4113
548.554	213.93130000000002
548.767	213.36129999999997
548.98	214.1513
549.193	213.77129999999997
549.407	214.69129999999998
549.62	215.47129999999999
549.833	216.00130000000001
550.046	215.5313
550.259	213.5713
550.473	211.7813
550.686	212.5113
550.899	210.3213
551.112	210.60129999999998
551.325	208.29129999999998
551.538	210.8713
551.751	211.52129999999997
551.964	211.5713
552.177	212.00130000000001
552.39	213.6713
552.603	217.18130000000002
552.816	223.2113
553.029	222.69129999999998
553.242	226.2413
553.455	232.85129999999998
553.667	239.36129999999997
553.88	236.36129999999997
554.093	224.63129999999998
554.306	223.34130000000002
554.519	217.5313
554.732	215.6613
554.944	214.19129999999998
555.157	209.4113
555.37	207.93130000000002
555.583	205.7313
555.795	207.4013
556.008	203.25130000000001
556.221	200.4213
556.433	199.1313
556.646	199.3013
556.859	198.1313
557.071	195.61130000000003
557.284	196.2313
557.496	194.2413
557.709	193.9013
557.921	194.27130000000002
558.134	193.68130000000002
558.346	191.61130000000003
558.559	192.1513
558.771	190.6513
558.984	188.36130000000003
559.196	189.5713
559.409	189.4713
559.621	187.3313
559.833	188.8313
560.046	187.3213
560.258	186.6213
560.47	187.6513
560.683	187.5413
560.895	187.1413
561.107	187.4113
561.32	187.9713
561.532	188.9513
561.744	190.0113
561.956	192.25130000000001
562.168	190.34130000000002
562.381	191.8713
562.593	191.7413
562.805	192.4013
563.017	191.0313
563.229	192.10129999999998
563.441	192.1513
563.653	189.94129999999998
563.865	189.19129999999998
564.077	191.18130000000002
564.289	192.61130000000003
564.501	195.4613
564.713	198.86130000000003
564.925	202.77130000000002
565.137	213.43130000000002
565.349	206.44129999999998
565.561	206.4213
565.773	209.9113
565.985	214.4213
566.197	221.4113
566.408	231.2113
566.62	240.95129999999997
566.832	249.61129999999997
567.044	251.86129999999997
567.255	253.22129999999999
567.467	259.4313
567.679	266.9113
567.891	278.6913
568.102	276.2913
568.314	266.9413
568.526	247.7113
568.737	238.0813
568.949	225.84130000000002
569.161	215.60129999999998
569.372	207.4713
569.584	201.9113
569.795	203.1713
570.007	225.0313
570.218	358.1313
570.43	241.6213
570.641	194.1513
570.853	191.2613
571.064	192.00130000000001
571.276	190.8013
571.487	186.5313
571.698	182.0613
571.91	179.5113
572.121	178.43130000000002
572.333	176.77130000000002
572.544	173.5713
572.755	172.68130000000002
572.966	172.18130000000002
573.178	171.7013
573.389	172.52130000000002
573.6	168.9013
573.811	169.85129999999998
574.023	168.6713
574.234	166.8313
574.445	168.2213
574.656	168.4813
574.867	166.68130000000002
575.078	169.27130000000002
575.289	168.7213
575.501	169.3813
575.712	164.6213
575.923	164.8813
576.134	166.5713
576.345	163.86130000000003
576.556	165.60129999999998
576.767	164.2313
576.978	166.8913
577.188	164.5413
577.399	165.4913
577.61	167.0713
577.821	171.0613
578.032	188.00130000000001
578.243	359.8913
578.454	884.4313
578.665	294.79130000000004
578.875	174.1713
579.086	162.50130000000001
579.297	159.6613
579.508	157.9513
579.718	158.0213
579.929	157.7813
580.14	154.5713
580.35	153.5113
580.561	156.2913
580.772	154.7613
580.982	153.9213
581.193	152.34130000000002
581.403	152.6613
581.614	151.5213
581.825	153.7413
582.035	151.9813
582.246	151.0513
582.456	152.3313
582.667	152.18130000000002
582.877	152.9913
583.087	150.4713
583.298	151.6313
583.508	151.2813
583.719	150.7113
583.929	153.9713
584.139	150.4013
584.35	147.84130000000002
584.56	150.44129999999998
584.77	150.4513
584.981	150.5813
585.191	150.1113
585.401	150.2313
585.611	149.50130000000001
585.821	151.6313
586.032	152.69129999999998
586.242	149.3213
586.452	147.6113
586.662	148.1613
586.872	147.2813
587.082	146.8313
587.292	147.2913
587.502	145.50130000000001
587.713	148.1213
587.923	146.0513
588.133	147.56130000000002
588.343	147.0713
588.553	146.3013
588.762	147.9013
588.972	149.1313
589.182	152.1613
589.392	149.5213
589.602	148.9713
589.812	148.8213
590.022	150.7313
590.232	146.7413
590.441	148.1213
590.651	148.9713
590.861	148.1513
591.071	148.4813
591.281	151.1313
591.49	150.68130000000002
591.7	150.3313
591.91	155.0513
592.119	154.1413
592.329	158.7213
592.539	162.1213
592.748	162.2413
592.958	161.7413
593.167	162.00130000000001
593.377	163.9913
593.587	171.6613
593.796	165.68130000000002
594.006	164.0113
594.215	165.8913
594.424	166.69129999999998
594.634	162.7113
594.843	159.8213
595.053	155.0313
595.262	155.4513
595.472	152.4113
595.681	151.6613
595.89	148.9813
596.1	146.84130000000002
596.309	146.2913
596.518	144.4813
596.727	145.7613
596.937	143.9113
597.146	142.5713
597.355	144.4213
597.564	140.44129999999998
597.774	140.6513
597.983	138.8613
598.192	138.4613
598.401	136.6713
598.61	137.69129999999998
598.819	138.09130000000002
599.028	137.9513
599.237	137.3913
599.446	138.19129999999998
599.655	138.9513
599.864	137.84130000000002
600.073	134.9613
600.282	138.10129999999998
600.491	139.1113
600.7	138.06130000000002
600.909	137.8913
601.118	138.8613
601.327	138.9813
601.536	137.8013
601.745	135.81130000000002
601.953	137.31130000000002
602.162	137.2913
602.371	136.2713
602.58	133.3313
602.789	134.7813
602.997	134.34130000000002
603.206	133.7913
603.415	132.2113
603.623	131.2613
603.832	130.2113
604.041	131.7613
604.249	130.0213
604.458	130.2313
604.666	129.5413
604.875	131.25130000000001
605.084	129.7613
605.292	130.4213
605.501	131.00130000000001
605.709	129.6313
605.918	129.8013
606.126	130.9713
606.334	130.2113
606.543	130.7613
606.751	130.84130000000002
606.96	130.31130000000002
607.168	130.25130000000001
607.376	131.5513
607.585	130.7613
607.793	129.0813
608.001	129.2913
608.21	128.0113
608.418	128.6713
608.626	128.9013
608.834	127.9313
609.043	129.0113
609.251	128.9813
609.459	128.69129999999998
609.667	130.2813
609.875	127.01129999999999
610.083	126.8913
610.291	126.9613
610.499	129.0313
610.707	128.2913
610.916	127.8613
611.124	128.4213
611.332	127.1413
611.54	128.4013
611.748	126.8413
611.955	127.0913
612.163	126.75130000000001
612.371	126.0213
612.579	126.2013
612.787	126.1913
612.995	128.9713
613.203	127.8713
613.411	126.0213
613.618	125.9313
613.826	125.58130000000001
614.034	125.74130000000001
614.242	126.9713
614.449	126.0213
614.657	128.1513
614.865	126.8613
615.072	128.3213
615.28	128.2413
615.488	129.6113
615.695	131.94129999999998
615.903	139.10129999999998
616.111	140.7113
616.318	143.09130000000002
616.526	139.34130000000002
616.733	137.59130000000002
616.941	132.9313
617.148	132.00130000000001
617.356	132.1713
617.563	128.6713
617.771	129.00130000000001
617.978	126.9713
618.185	127.0913
618.393	127.58130000000001
618.6	127.0413
618.807	125.92130000000002
619.015	126.91130000000001
619.222	123.4313
619.429	125.4813
619.637	126.5513
619.844	125.1413
620.051	124.99130000000001
620.258	124.8513
620.466	122.50130000000001
620.673	121.1913
620.88	121.25130000000001
621.087	120.66130000000001
621.294	123.1013
621.501	122.3713
621.708	121.8913
621.915	122.01129999999999
622.122	120.3913
622.329	123.4513
622.536	123.3613
622.743	119.7813
622.95	121.6313
623.157	120.8113
623.364	121.1013
623.571	121.2313
623.778	119.7213
623.985	121.6513
624.192	118.99130000000001
624.399	119.6413
624.606	121.3613
624.812	118.6313
625.019	118.67130000000002
625.226	119.1113
625.433	120.7713
625.639	117.9413
625.846	116.99130000000001
626.053	117.5913
626.259	118.4813
626.466	118.24130000000001
626.673	115.7913
626.879	117.8513
627.086	118.7913
627.293	117.57130000000001
627.499	115.9013
627.706	117.50130000000001
627.912	116.32130000000001
628.119	115.5913
628.325	118.26129999999999
628.532	115.8513
628.738	114.49130000000001
628.945	115.33130000000001
629.151	114.8913
629.357	113.42129999999999
629.564	115.6813
629.77	114.82130000000001
629.976	114.9513
630.183	114.8913
630.389	112.9413
630.595	113.8613
630.802	113.34129999999999
631.008	111.57130000000001
631.214	112.34129999999999
631.42	114.0213
631.627	116.4513
631.833	111.6213
632.039	112.0213
632.245	111.7213
632.451	112.57130000000001
632.657	111.5213
632.863	112.0413
633.069	111.16130000000001
633.275	112.3613
633.481	111.4313
633.688	110.25129999999999
633.893	113.26129999999999
634.099	110.83129999999998
634.305	108.8913
634.511	109.9413
634.717	111.01129999999999
634.923	109.6213
635.129	108.58129999999998
635.335	108.3113
635.541	109.82130000000001
635.747	110.26129999999999
635.952	108.4013
636.158	109.1113
636.364	109.6313
636.57	109.50129999999999
636.775	108.57130000000001
636.981	108.57130000000001
637.187	109.2813
637.392	108.9813
637.598	108.4513
637.804	109.49130000000001
638.009	109.1413
638.215	109.74130000000001
638.421	107.2313
638.626	107.9013
638.832	109.74130000000001
639.037	107.91130000000001
639.243	106.84129999999999
639.448	107.1013
639.654	109.5613
639.859	106.3813
640.065	107.5213
640.27	112.3713
640.475	107.6013
640.681	106.8513
640.886	108.92129999999999
641.091	105.1213
641.297	108.7013
641.502	107.66130000000001
641.707	108.57130000000001
641.913	107.74130000000001
642.118	105.1413
642.323	106.33129999999998
642.528	107.99130000000001
642.733	107.74130000000001
642.939	107.7913
643.144	107.4513
643.349	106.2713
643.554	107.3913
643.759	105.2013
643.964	104.7113
644.169	106.4313
644.374	105.1813
644.579	107.58129999999998
644.784	106.91130000000001
644.989	107.08129999999998
645.194	105.74130000000001
645.399	107.08129999999998
645.604	105.99130000000001
645.809	110.6513
646.014	108.1313
646.219	108.3713
646.423	106.7313
646.628	106.17129999999999
646.833	105.9413
647.038	107.4713
647.243	108.0413
647.447	107.76129999999999
647.652	108.4413
647.857	106.2913
648.062	109.32130000000001
648.266	112.7313
648.471	115.2213
648.676	119.1813
648.88	116.3013
649.085	114.5313
649.289	112.1213
649.494	124.49130000000001
649.698	157.9013
649.903	123.84129999999999
650.107	110.6113
650.312	109.09129999999999
650.516	102.8813
650.721	103.0613
650.925	102.3113
651.13	101.3013
651.334	101.2713
651.539	100.6813
651.743	100.09129999999999
651.947	101.7113
652.152	99.9413
652.356	100.83129999999998
652.56	100.6213
652.764	97.6813
652.969	97.1013
653.173	96.9013
653.377	97.3013
653.581	96.59129999999999
653.785	97.25129999999999
653.99	98.17129999999999
654.194	97.1213
654.398	95.08129999999998
654.602	96.7113
654.806	103.32130000000001
655.01	116.1513
655.214	103.1913
655.418	96.8813
655.622	98.41130000000001
655.826	98.8713
656.03	99.82130000000001
656.234	103.5513
656.438	108.6313
656.642	108.3713
656.846	101.57130000000001
657.049	97.58129999999998
657.253	94.0513
657.457	93.32130000000001
657.661	91.51129999999999
657.865	90.9513
658.068	89.16130000000001
658.272	88.7213
658.476	90.3513
658.68	88.0413
658.883	87.1913
659.087	87.32130000000001
659.291	86.2913
659.494	85.1913
659.698	86.2113
659.901	86.2213
660.105	83.7213
660.309	84.4013
660.512	84.3613
660.716	85.99130000000001
660.919	83.82130000000001
661.123	86.9313
661.326	83.3013
661.53	84.32130000000001
661.733	83.41130000000001
661.936	83.0413
662.14	81.3913
662.343	83.9013
662.546	83.0613
662.75	82.42129999999999
662.953	84.0413
663.156	83.74130000000001
663.36	82.58129999999998
663.563	83.25129999999999
663.766	82.3913
663.969	82.26129999999999
664.173	80.7613
664.376	82.4813
664.579	81.8113
664.782	81.8513
664.985	82.6013
665.188	82.4513
665.391	81.4413
665.594	81.1313
665.797	80.7013
666.0	81.5413
666.203	81.74130000000001
666.406	80.4713
666.609	79.8213
666.812	82.51129999999999
667.015	82.9513
667.218	83.41130000000001
667.421	82.7013
667.624	81.9813
667.827	82.25129999999999
668.03	81.0813
668.232	81.7913
668.435	82.26129999999999
668.638	81.17129999999999
668.841	83.83129999999998
669.043	81.7913
669.246	80.8813
669.449	81.10130000000001
669.651	82.4513
669.854	80.4713
670.057	81.6313
670.259	80.3913
670.462	82.3013
670.665	80.7813
670.867	81.6013
671.07	82.6413
671.272	84.01129999999999
671.475	84.2713
671.677	79.6113
671.88	80.9413
672.082	81.3913
672.284	82.1813
672.487	82.7213
672.689	80.31129999999999
672.892	80.1113
