223.165	-18.9125
223.4	-18.9125
223.635	-18.9125
223.869	-22.4125
224.104	-18.2625
224.338	-15.2125
224.573	-14.5125
224.808	-11.2125
225.042	-6.1125
225.277	-3.8125
225.511	-3.3125
225.746	4.0375
225.98	9.2875
226.215	12.9375
226.449	13.8375
226.683	23.3875
226.918	23.8375
227.152	26.4375
227.387	37.8375
227.621	37.7875
227.856	43.5375
228.09	47.8875
228.324	49.9875
228.559	58.9875
228.793	61.8875
229.027	58.8375
229.262	65.8875
229.496	67.8375
229.73	68.1375
229.964	73.6875
230.199	70.7875
230.433	68.0875
230.667	76.7375
230.901	77.4375
231.136	73.6375
231.37	78.5375
231.604	78.5375
231.838	80.4875
232.072	79.5875
232.306	79.8375
232.541	82.2375
232.775	83.2375
233.009	80.9875
233.243	79.0875
233.477	81.5875
233.711	81.0875
233.945	78.1875
234.179	80.9375
234.413	76.8875
234.647	79.4875
234.881	78.5375
235.115	77.9875
235.349	79.1875
235.583	77.1875
235.817	77.3875
236.051	76.9875
236.285	77.9875
236.519	77.3375
236.753	76.7875
236.987	75.6375
237.221	76.0375
237.455	76.6875
237.689	76.0375
237.922	76.0375
238.156	75.5375
238.39	71.8875
238.624	72.9375
238.858	73.3375
239.091	72.8875
239.325	74.6375
239.559	76.9875
239.793	73.6875
240.027	79.6375
240.26	74.9875
240.494	76.1875
240.728	74.1375
240.961	73.5875
241.195	78.2375
241.429	78.3875
241.662	76.1875
241.896	75.9375
242.13	74.5375
242.363	74.8875
242.597	74.6875
242.83	75.4875
243.064	77.6375
243.298	73.3875
243.531	73.0375
243.765	73.4875
243.998	76.9875
244.232	77.8375
244.465	78.0875
244.699	78.4375
244.932	76.9875
245.166	79.0875
245.399	77.7375
245.633	78.7375
245.866	79.6375
246.099	75.1375
246.333	77.5875
246.566	76.0875
246.8	76.9375
247.033	77.8875
247.266	74.8375
247.5	76.7875
247.733	76.6875
247.966	79.4875
248.2	77.4375
248.433	77.1375
248.666	78.5875
248.899	76.0375
249.133	80.4375
249.366	81.7375
249.599	77.3875
249.832	79.6875
250.066	79.6875
250.299	75.2375
250.532	78.4875
250.765	76.2375
250.998	74.3875
251.231	75.0375
251.465	79.6375
251.698	77.3375
251.931	78.1875
252.164	78.6875
252.397	77.3375
252.63	80.9875
252.863	77.5375
253.096	79.8375
253.329	79.4875
253.562	78.8875
253.795	82.4875
254.028	80.6375
254.261	78.7375
254.494	76.9875
254.727	82.4375
254.96	78.1875
255.193	78.4375
255.426	79.8875
255.659	77.2375
255.892	82.2875
256.124	80.8875
256.357	79.8375
256.59	79.1875
256.823	79.2375
257.056	76.4375
257.289	77.4375
257.521	82.3875
257.754	75.4875
257.987	81.1375
258.22	81.4375
258.452	77.7375
258.685	79.2875
258.918	80.5875
259.151	77.9375
259.383	80.0875
259.616	78.2375
259.849	82.8875
260.081	79.5375
260.314	79.4875
260.547	80.7375
260.779	79.9375
261.012	77.2375
261.244	79.2875
261.477	83.6875
261.71	79.9875
261.942	79.2875
262.175	80.7875
262.407	78.5875
262.64	79.8375
262.872	80.0875
263.105	80.2375
263.337	84.6875
263.57	80.3875
263.802	80.6375
264.035	79.4875
264.267	79.4875
264.499	82.8375
264.732	84.7375
264.964	80.7875
265.197	80.7875
265.429	84.2375
265.661	82.7875
265.894	83.3375
266.126	81.4375
266.358	82.2375
266.591	77.8875
266.823	82.1375
267.055	81.5375
267.287	81.0375
267.52	76.9875
267.752	83.9875
267.984	84.1375
268.216	79.1875
268.448	82.3375
268.681	80.7875
268.913	84.7375
269.145	82.4375
269.377	86.0375
269.609	77.7375
269.841	83.0375
270.073	81.5375
270.306	82.6375
270.538	79.0875
270.77	80.0375
271.002	86.4375
271.234	82.5875
271.466	84.0375
271.698	81.5375
271.93	81.5375
272.162	85.7375
272.394	88.9875
272.626	81.2375
272.858	79.5875
273.09	81.4375
273.322	82.2375
273.553	80.7375
273.785	85.2375
274.017	80.8375
274.249	81.1875
274.481	81.4875
274.713	80.6375
274.945	86.2375
275.176	81.0375
275.408	84.7875
275.64	85.4375
275.872	82.5375
276.104	83.9375
276.335	83.4375
276.567	84.0875
276.799	82.8375
277.031	79.9375
277.262	82.1375
277.494	85.7375
277.726	83.1875
277.957	82.2875
278.189	80.3875
278.421	81.8375
278.652	83.3375
278.884	83.5875
279.115	82.2875
279.347	81.9375
279.579	82.7875
279.81	82.1375
280.042	80.1875
280.273	86.0375
280.505	80.5375
280.736	85.8375
280.968	81.7375
281.199	84.4875
281.431	80.2375
281.662	82.8875
281.894	81.5875
282.125	81.7375
282.356	82.5375
282.588	83.9375
282.819	84.2375
283.051	82.9375
283.282	83.2875
283.513	86.7875
283.745	82.4875
283.976	80.4875
284.207	82.9375
284.439	84.8375
284.67	84.3875
284.901	87.7875
285.132	82.3375
285.364	82.8375
285.595	84.7875
285.826	83.7375
286.057	89.2375
286.288	86.5375
286.52	83.3875
286.751	83.6875
286.982	86.4875
287.213	87.3375
287.444	85.3375
287.675	84.4875
287.906	87.6875
288.138	83.7375
288.369	83.7875
288.6	84.8375
288.831	83.1875
289.062	88.1375
289.293	83.6375
289.524	83.0375
289.755	83.1875
289.986	83.9375
290.217	82.3875
290.448	82.1375
290.679	84.5875
290.91	88.0875
291.141	84.8875
291.371	89.0875
291.602	82.3375
291.833	83.9375
292.064	82.5375
292.295	81.6875
292.526	83.3875
292.757	84.1375
292.987	86.9375
293.218	87.6375
293.449	85.6375
293.68	82.9875
293.91	83.2875
294.141	88.7875
294.372	85.6875
294.603	82.3875
294.833	84.5875
295.064	86.3375
295.295	84.9375
295.525	86.6875
295.756	86.2375
295.987	88.1875
296.217	84.8875
296.448	83.4375
296.679	86.5375
296.909	84.1875
297.14	86.0875
297.37	87.3875
297.601	82.7875
297.831	82.5875
298.062	88.9375
298.292	83.2875
298.523	86.7875
298.753	83.6375
298.984	83.9375
299.214	84.7875
299.445	87.7875
299.675	84.1875
299.905	84.2375
300.136	86.3875
300.366	83.1375
300.597	83.5875
300.827	85.7875
301.057	82.7875
301.288	82.3375
301.518	87.0375
301.748	83.4375
301.979	101.2375
302.209	88.5875
302.439	83.6375
302.669	83.3875
302.9	83.7375
303.13	85.9375
303.36	87.3875
303.59	86.9375
303.82	86.8875
304.051	87.2875
304.281	84.5375
304.511	90.9375
304.741	86.2375
304.971	84.1375
305.201	86.1375
305.431	85.3375
305.661	85.3875
305.891	83.8375
306.121	88.1875
306.352	84.9375
306.582	84.4375
306.812	83.9875
307.042	84.3875
307.272	85.5875
307.502	85.4875
307.731	84.5375
307.961	84.9875
308.191	81.6375
308.421	86.2375
308.651	85.8375
308.881	85.7375
309.111	84.1875
309.341	84.4875
309.571	84.4375
309.8	81.4375
310.03	82.6875
310.26	82.6375
310.49	84.7375
310.72	84.8375
310.949	83.4375
311.179	86.0875
311.409	85.7875
311.639	84.9875
311.868	90.0375
312.098	85.1375
312.328	84.9875
312.557	88.8375
312.787	85.4375
313.017	88.9875
313.246	84.6875
313.476	86.6875
313.706	84.8875
313.935	82.9875
314.165	86.6375
314.394	84.9875
314.624	87.4375
314.853	87.1375
315.083	84.0375
315.312	86.8375
315.542	86.7375
315.771	84.7875
316.001	85.0375
316.23	87.2875
316.46	86.0375
316.689	83.1375
316.919	84.9375
317.148	88.6375
317.377	91.2875
317.607	85.1375
317.836	84.2875
318.065	85.9375
318.295	86.9375
318.524	84.4875
318.753	86.7375
318.983	82.8375
319.212	84.7875
319.441	86.0875
319.67	86.7375
319.9	85.6875
320.129	86.2375
320.358	88.9375
320.587	85.1875
320.816	83.9375
321.046	87.1875
321.275	88.7375
321.504	85.5875
321.733	85.0375
321.962	88.5375
322.191	86.4875
322.42	88.5375
322.649	89.3875
322.878	88.3875
323.108	89.3875
323.337	89.1875
323.566	83.5875
323.795	88.3375
324.024	83.5875
324.253	83.6375
324.482	84.6375
324.71	85.0375
324.939	85.8875
325.168	86.2375
325.397	87.6875
325.626	86.4375
325.855	83.7875
326.084	86.3375
326.313	86.5875
326.542	87.1875
326.77	85.1875
326.999	86.8375
327.228	85.4875
327.457	85.6375
327.686	85.4375
327.914	86.5375
328.143	88.8875
328.372	88.8875
328.6	83.3375
328.829	85.4875
329.058	86.3375
329.287	86.9375
329.515	82.7375
329.744	90.7375
329.972	86.5875
330.201	89.8375
330.43	88.4375
330.658	85.7375
330.887	83.6875
331.115	84.1875
331.344	84.2875
331.572	87.4375
331.801	82.3875
332.03	86.0375
332.258	85.7875
332.486	84.7875
332.715	85.5875
332.943	83.5875
333.172	87.0375
333.4	85.9875
333.629	87.3875
333.857	86.8875
334.085	84.4875
334.314	88.8375
334.542	85.4375
334.771	87.3375
334.999	84.3875
335.227	85.3375
335.455	88.9875
335.684	87.6375
335.912	84.9875
336.14	87.3375
336.369	79.5375
336.597	83.7375
336.825	88.0375
337.053	87.6375
337.281	87.7375
337.51	85.0375
337.738	86.1875
337.966	84.7375
338.194	80.4875
338.422	86.6875
338.65	86.9875
338.878	89.2875
339.106	86.3875
339.334	86.5375
339.562	87.1875
339.79	83.1875
340.018	85.3375
340.246	85.7375
340.474	86.6375
340.702	81.6875
340.93	84.4375
341.158	84.7875
341.386	86.2375
341.614	87.3875
341.842	85.7375
342.07	84.9375
342.298	85.6375
342.526	85.8375
342.754	82.5875
342.981	84.0375
343.209	89.0375
343.437	102.0375
343.665	86.4875
343.893	86.2375
344.12	95.1875
344.348	91.2375
344.576	91.5875
344.804	100.6875
345.031	94.9375
345.259	91.4875
345.487	88.3875
345.714	84.0375
345.942	87.0875
346.17	85.6375
346.397	89.2875
346.625	82.9875
346.853	84.3875
347.08	86.8375
347.308	87.2375
347.535	84.8875
347.763	86.2375
347.99	86.5375
348.218	88.6375
348.445	85.6375
348.673	83.9875
348.9	87.5375
349.128	86.4375
349.355	85.2875
349.583	83.4875
349.81	83.6875
350.037	88.8375
350.265	88.4875
350.492	84.5375
350.72	85.6875
350.947	82.5875
351.174	89.7875
351.402	84.2375
351.629	85.7375
351.856	85.1875
352.083	88.5375
352.311	86.9875
352.538	83.9875
352.765	84.5875
352.992	96.7875
353.22	87.2875
353.447	86.7375
353.674	84.3875
353.901	83.9875
354.128	86.5875
354.355	84.9375
354.583	83.0875
354.81	87.3375
355.037	87.5375
355.264	91.0375
355.491	84.4375
355.718	88.0875
355.945	88.7875
356.172	87.0375
356.399	85.7875
356.626	82.5875
356.853	84.7375
357.08	88.5375
357.307	89.0375
357.534	84.1375
357.761	89.0375
357.988	89.3875
358.215	92.3375
358.441	86.7875
358.668	84.0375
358.895	84.4875
359.122	86.8875
359.349	81.0875
359.576	85.5875
359.802	84.9375
360.029	88.8875
360.256	85.8375
360.483	84.8375
360.709	84.6375
360.936	95.2875
361.163	88.5375
361.39	87.9375
361.616	85.7375
361.843	84.3875
362.07	88.3375
362.296	87.1875
362.523	86.7375
362.749	82.5375
362.976	84.4875
363.203	94.1875
363.429	83.1875
363.656	90.7375
363.882	83.0375
364.109	89.0875
364.335	91.5875
364.562	89.8875
364.788	86.1375
365.015	89.6375
365.241	86.0375
365.468	90.0375
365.694	86.2875
365.92	86.4875
366.147	84.8875
366.373	84.1375
366.599	86.3875
366.826	84.8375
367.052	84.6875
367.278	90.0875
367.505	85.6875
367.731	92.2375
367.957	83.8375
368.184	80.1875
368.41	84.2375
368.636	84.0875
368.862	88.4875
369.089	83.7375
369.315	84.1875
369.541	86.1375
369.767	86.2375
369.993	84.0875
370.219	82.0875
370.445	81.7875
370.672	81.4375
370.898	85.3875
371.124	86.2875
371.35	83.1875
371.576	86.5375
371.802	81.8875
372.028	87.1375
372.254	86.1875
372.48	85.7875
372.706	83.5375
372.932	85.1375
373.158	83.7375
373.384	88.6875
373.61	89.4875
373.835	87.6375
374.061	84.1375
374.287	87.0875
374.513	84.7875
374.739	82.3375
374.965	85.1875
375.191	82.5375
375.416	85.0875
375.642	89.5875
375.868	89.3375
376.094	86.9875
376.319	85.2875
376.545	87.1375
376.771	83.6875
376.997	85.8875
377.222	84.3375
377.448	87.1375
377.674	84.1375
377.899	86.9875
378.125	86.7375
378.35	90.3375
378.576	86.2375
378.802	83.2875
379.027	86.7875
379.253	86.4375
379.478	87.1375
379.704	87.3375
379.929	85.0375
380.155	86.5375
380.38	84.8375
380.606	84.0875
380.831	87.0375
381.057	90.4875
381.282	88.5375
381.507	87.4875
381.733	86.2875
381.958	87.8875
382.184	82.0375
382.409	85.4375
382.634	87.6875
382.86	86.3875
383.085	84.8875
383.31	87.1375
383.535	90.6875
383.761	86.3375
383.986	86.4375
384.211	84.5375
384.436	84.9375
384.662	83.5875
384.887	82.3875
385.112	83.9375
385.337	84.4875
385.562	82.9375
385.787	82.6375
386.013	87.0375
386.238	84.2375
386.463	82.1375
386.688	97.1375
386.913	87.3875
387.138	85.6875
387.363	84.1375
387.588	91.2875
387.813	85.0375
388.038	87.6375
388.263	89.7375
388.488	83.6875
388.713	82.9875
388.938	83.6375
389.163	84.1875
389.387	85.9375
389.612	84.1375
389.837	87.2375
390.062	86.4875
390.287	86.9875
390.512	84.5875
390.736	81.8375
390.961	85.3875
391.186	86.5875
391.411	82.9375
391.636	83.8875
391.86	83.5875
392.085	88.0875
392.31	83.3875
392.534	83.8875
392.759	90.7875
392.984	89.5375
393.208	84.9375
393.433	84.4875
393.658	84.3875
393.882	89.4875
394.107	84.5375
394.331	85.8375
394.556	84.1375
394.78	86.7375
395.005	84.8375
395.229	86.5375
395.454	85.7375
395.678	84.8875
395.903	87.7375
396.127	89.0375
396.352	85.9375
396.576	84.6875
396.801	86.4375
397.025	86.9875
397.249	87.5375
397.474	89.7875
397.698	88.7375
397.922	87.6375
398.147	85.6875
398.371	81.6375
398.595	84.3375
398.82	85.7875
399.044	82.8875
399.268	86.0875
399.492	87.4875
399.717	85.5375
399.941	83.1375
400.165	86.9375
400.389	87.5375
400.613	87.0375
400.837	84.0875
401.062	86.9375
401.286	86.7375
401.51	86.6875
401.734	81.7875
401.958	87.5875
402.182	88.2375
402.406	85.9875
402.63	87.2875
402.854	89.9375
403.078	88.0875
403.302	88.1875
403.526	91.1875
403.75	97.2375
403.974	107.1875
404.198	137.8375
404.422	185.1875
404.645	211.4375
404.869	186.3875
405.093	136.0875
405.317	104.7875
405.541	97.6375
405.765	91.9375
405.988	91.1875
406.212	91.8375
406.436	84.2375
406.66	89.4375
406.883	89.2375
407.107	85.9875
407.331	84.7875
407.555	86.1875
407.778	84.5875
408.002	89.0375
408.226	88.0375
408.449	85.2375
408.673	83.1875
408.896	83.9375
409.12	84.3875
409.344	88.8375
409.567	86.5875
409.791	86.6375
410.014	87.3875
410.238	83.9875
410.461	85.2875
410.685	88.2875
410.908	85.7875
411.132	84.6875
411.355	86.7375
411.578	87.9875
411.802	85.6375
412.025	87.9875
412.249	86.7875
412.472	83.0875
412.695	86.5375
412.919	84.0875
413.142	86.1375
413.365	88.0375
413.589	82.7375
413.812	84.8375
414.035	92.2875
414.258	88.0375
414.482	87.5375
414.705	82.4375
414.928	88.5375
415.151	86.9875
415.374	84.5375
415.597	87.6375
415.821	86.9375
416.044	85.2875
416.267	89.7375
416.49	88.8875
416.713	85.7875
416.936	89.0875
417.159	87.8875
417.382	88.0375
417.605	87.2375
417.828	89.3375
418.051	85.9375
418.274	88.3875
418.497	85.2375
418.72	87.7375
418.943	84.6375
419.166	85.1375
419.389	88.3375
419.611	86.5875
419.834	84.0875
420.057	88.0875
420.28	84.8875
420.503	84.1375
420.726	87.4375
420.948	84.0875
421.171	87.4875
421.394	86.6875
421.617	85.7375
421.839	85.5875
422.062	84.5375
422.285	86.1875
422.507	90.7375
422.73	93.0375
422.953	89.2375
423.175	86.1875
423.398	86.4375
423.621	88.4875
423.843	86.0375
424.066	84.3875
424.288	85.5875
424.511	86.4375
424.733	86.6375
424.956	87.0875
425.178	88.0375
425.401	85.1375
425.623	85.5375
425.846	84.5875
426.068	85.4375
426.291	84.2875
426.513	86.7375
426.735	86.6375
426.958	86.9875
427.18	83.2375
427.402	85.3375
427.625	83.2375
427.847	86.7875
428.069	85.7375
428.292	83.0375
428.514	85.1375
428.736	84.6375
428.958	86.7875
429.181	88.5875
429.403	84.9875
429.625	85.6875
429.847	89.9375
430.069	89.1375
430.292	89.3875
430.514	85.1375
430.736	85.6375
430.958	85.8875
431.18	85.1875
431.402	87.0375
431.624	86.2875
431.846	86.3875
432.068	83.4875
432.29	86.0375
432.512	85.7375
432.734	84.3375
432.956	87.1375
433.178	89.9375
433.4	86.3875
433.622	88.0375
433.844	86.5375
434.066	86.2375
434.287	85.0875
434.509	85.5875
434.731	85.9375
434.953	82.5375
435.175	88.1875
435.397	87.9875
435.618	86.5375
435.84	85.5375
436.062	82.7875
436.284	83.1375
436.505	84.4375
436.727	86.4375
436.949	85.4875
437.17	86.3375
437.392	85.8375
437.614	87.0375
437.835	83.8875
438.057	86.3875
438.278	86.3375
438.5	85.7375
438.721	87.5375
438.943	86.3875
439.165	87.7875
439.386	84.7375
439.608	89.4375
439.829	85.7375
440.05	86.4375
440.272	87.8375
440.493	89.9375
440.715	83.5875
440.936	87.1375
441.158	89.1375
441.379	85.3375
441.6	86.5875
441.822	85.6375
442.043	86.1375
442.264	85.5375
442.486	86.7875
442.707	84.6875
442.928	87.1875
443.149	88.2375
443.371	92.6875
443.592	88.1875
443.813	85.6875
444.034	88.2875
444.255	90.5875
444.476	84.7875
444.698	82.8875
444.919	85.0875
445.14	140.4875
445.361	111.8375
445.582	88.3375
445.803	89.3375
446.024	85.9875
446.245	89.2375
446.466	84.8875
446.687	85.0875
446.908	84.1875
447.129	86.2875
447.35	88.5375
447.571	89.3375
447.792	83.9375
448.013	85.7875
448.234	83.5375
448.455	87.0375
448.675	88.9875
448.896	88.1375
449.117	87.1875
449.338	84.3875
449.559	87.7375
449.779	84.2375
450.0	88.6375
450.221	84.0375
450.442	86.6375
450.662	87.0875
450.883	84.4875
451.104	88.5875
451.324	85.3875
451.545	86.4375
451.766	83.7875
451.986	83.4875
452.207	86.6375
452.428	88.6875
452.648	87.9875
452.869	85.2375
453.089	87.0375
453.31	85.4875
453.53	88.1375
453.751	87.8375
453.971	85.4375
454.192	83.3875
454.412	85.8375
454.633	89.0875
454.853	89.6875
455.073	88.1875
455.294	87.1875
455.514	94.4875
455.734	83.9875
455.955	89.2875
456.175	85.1875
456.395	86.2875
456.616	84.0875
456.836	86.6875
457.056	83.4375
457.276	84.1875
457.497	81.8375
457.717	86.1375
457.937	85.3875
458.157	84.8375
458.377	84.5875
458.598	85.4875
458.818	80.4875
459.038	82.9875
459.258	84.9375
459.478	82.0375
459.698	86.0875
459.918	83.4875
460.138	84.3875
460.358	85.7375
460.578	83.9875
460.798	85.9375
461.018	85.8375
461.238	85.0875
461.458	88.8375
461.678	88.5875
461.898	87.5375
462.118	86.7375
462.338	87.3875
462.558	87.8875
462.777	85.7875
462.997	87.5875
463.217	85.9875
463.437	83.8875
463.657	86.3875
463.876	85.4375
464.096	88.4375
464.316	84.3875
464.536	85.7375
464.755	86.4875
464.975	83.8375
465.195	89.4875
465.414	87.1875
465.634	84.6375
465.854	85.1375
466.073	87.1875
466.293	87.6875
466.512	81.7875
466.732	86.8875
466.951	86.0875
467.171	90.1375
467.391	88.2375
467.61	88.8875
467.829	87.2375
468.049	87.5875
468.268	90.2875
468.488	87.6375
468.707	88.1375
468.927	87.1875
469.146	86.4875
469.365	89.4875
469.585	89.7875
469.804	91.6875
470.023	88.5875
470.243	88.7875
470.462	93.5875
470.681	90.4875
470.901	89.0875
471.12	88.8375
471.339	89.1875
471.558	86.8375
471.777	88.5875
471.997	86.1375
472.216	86.8375
472.435	88.6375
472.654	85.5875
472.873	89.8375
473.092	87.4375
473.311	88.5375
473.53	88.8375
473.749	90.6375
473.968	95.7375
474.187	88.2875
474.406	85.9875
474.625	88.9375
474.844	90.1875
475.063	84.8875
475.282	87.4375
475.501	87.3875
475.72	95.2375
475.939	84.7375
476.158	85.1375
476.377	85.9875
476.596	89.1375
476.814	90.5875
477.033	84.6875
477.252	90.6875
477.471	90.5375
477.69	90.6375
477.908	91.0375
478.127	91.6375
478.346	90.2375
478.564	88.5875
478.783	87.2875
479.002	91.3375
479.22	85.6375
479.439	91.7375
479.658	89.5875
479.876	87.8875
480.095	89.8875
480.313	92.1875
480.532	90.4875
480.751	90.6375
480.969	88.3875
481.188	88.0875
481.406	89.8375
481.624	87.7875
481.843	85.7875
482.061	91.6375
482.28	91.0875
482.498	87.0375
482.717	87.3875
482.935	89.5875
483.153	88.8875
483.372	90.5375
483.59	91.1875
483.808	90.2875
484.027	89.0375
484.245	86.5375
484.463	89.7875
484.681	100.0875
484.9	88.5875
485.118	90.0375
485.336	86.7375
485.554	90.9875
485.772	89.3375
485.99	88.1875
486.209	91.3375
486.427	89.6375
486.645	88.2375
486.863	90.0875
487.081	89.0875
487.299	91.7875
487.517	91.7375
487.735	92.0875
487.953	92.5875
488.171	94.0875
488.389	92.7375
488.607	88.7375
488.825	87.8375
489.043	86.3375
489.261	89.6375
489.479	88.1375
489.696	91.1375
489.914	92.4375
490.132	90.2875
490.35	90.9875
490.568	92.1375
490.786	94.9375
491.003	91.3375
491.221	91.7375
491.439	93.1875
491.657	90.7375
491.874	96.0875
492.092	94.5875
492.31	95.0375
492.527	98.4875
492.745	91.8875
492.963	97.8375
493.18	96.4375
493.398	93.4875
493.615	90.0875
493.833	93.3875
494.05	95.8875
494.268	95.4875
494.485	96.8375
494.703	94.5875
494.92	96.2375
495.138	90.5875
495.355	94.3875
495.573	95.6375
495.79	91.9375
496.008	96.7875
496.225	94.3375
496.442	91.2375
496.66	97.6875
496.877	91.7375
497.094	96.8375
497.312	91.7875
497.529	92.9875
497.746	95.2875
497.963	89.2375
498.181	86.6875
498.398	85.9375
498.615	90.8875
498.832	89.1375
499.049	88.5875
499.267	92.2375
499.484	88.9375
499.701	93.3375
499.918	91.1375
500.135	91.2875
500.352	91.4375
500.569	91.8375
500.786	93.6875
501.003	93.3375
501.22	90.0875
501.437	90.6375
501.654	89.9875
501.871	86.8875
502.088	88.6875
502.305	92.0375
502.522	92.0375
502.739	90.2875
502.956	92.2375
503.172	89.7875
503.389	88.0875
503.606	88.3375
503.823	90.0875
504.04	93.6375
504.256	90.8875
504.473	90.9875
504.69	88.0875
504.907	96.3375
505.123	92.7875
505.34	91.8875
505.557	91.3875
505.773	93.3375
505.99	87.3375
506.207	87.8875
506.423	92.2375
506.64	91.9875
506.856	91.6375
507.073	93.0375
507.289	91.9875
507.506	93.6375
507.722	91.7875
507.939	90.7875
508.155	89.6875
508.372	89.8875
508.588	91.1375
508.805	93.5375
509.021	92.2375
509.238	93.1875
509.454	91.1875
509.67	89.4875
509.887	91.0875
510.103	93.1875
510.319	89.8875
510.536	93.8875
510.752	92.1375
510.968	94.3875
511.184	93.0875
511.401	91.0375
511.617	92.8375
511.833	91.2875
512.049	92.2375
512.265	91.4375
512.481	94.4375
512.698	92.1375
512.914	91.0375
513.13	88.7875
513.346	90.9375
513.562	89.0875
513.778	91.5375
513.994	87.2375
514.21	85.9875
514.426	89.3875
514.642	92.8875
514.858	89.4375
515.074	87.7375
515.29	92.1375
515.506	88.1875
515.721	85.2375
515.937	88.0875
516.153	83.8875
516.369	89.3375
516.585	90.0875
516.801	87.9375
517.016	90.5375
517.232	88.7375
517.448	89.1875
517.664	87.2375
517.879	86.4875
518.095	88.7875
518.311	87.5875
518.527	86.6375
518.742	87.9375
518.958	88.4875
519.173	87.1375
519.389	88.7375
519.605	86.0375
519.82	88.7875
520.036	89.9875
520.251	88.0875
520.467	89.3875
520.682	90.4875
520.898	87.5375
521.113	86.9875
521.329	88.6875
521.544	86.0375
521.76	87.4875
521.975	90.0875
522.19	87.2875
522.406	88.5375
522.621	90.5875
522.836	88.9875
523.052	88.8375
523.267	88.0375
523.482	90.7875
523.698	90.5375
523.913	94.3375
524.128	93.1375
524.343	88.4875
524.559	94.2875
524.774	87.5875
524.989	92.2375
525.204	90.8875
525.419	87.7375
525.634	88.8375
525.849	89.3875
526.064	90.3375
526.28	90.3875
526.495	91.0875
526.71	90.0375
526.925	91.9875
527.14	86.0375
527.355	90.5875
527.57	89.7375
527.785	90.5375
527.999	87.4375
528.214	89.0875
528.429	91.0375
528.644	90.4875
528.859	91.5375
529.074	90.6875
529.289	92.6875
529.503	89.1875
529.718	92.8875
529.933	89.4875
530.148	87.6875
530.363	89.6875
530.577	88.2375
530.792	87.7875
531.007	87.6375
531.221	86.6875
531.436	87.9375
531.651	88.0375
531.865	88.7875
532.08	89.0375
532.295	95.1375
532.509	97.1375
532.724	92.9375
532.938	96.4375
533.153	93.6375
533.367	96.0375
533.582	99.6875
533.796	95.9375
534.011	99.3375
534.225	101.7375
534.44	103.2875
534.654	107.3875
534.868	97.5875
535.083	103.4375
535.297	101.5375
535.511	99.8875
535.726	98.6375
535.94	99.9875
536.154	103.1875
536.369	104.3875
536.583	102.1375
536.797	102.0375
537.011	96.7375
537.225	97.4375
537.44	95.1875
537.654	94.1875
537.868	93.3875
538.082	94.4375
538.296	91.5375
538.51	94.4375
538.724	92.1375
538.938	94.5375
539.153	92.2375
539.367	93.4875
539.581	87.2375
539.795	88.2875
540.009	88.9875
540.222	88.0875
540.436	85.7375
540.65	87.0875
540.864	87.4875
541.078	90.1375
541.292	89.3375
541.506	89.9875
541.72	90.7375
541.934	91.2875
542.147	90.7875
542.361	91.3875
542.575	88.1375
542.789	92.0875
543.002	87.1375
543.216	89.8875
543.43	86.5375
543.644	91.4375
543.857	88.3375
544.071	88.1875
544.285	93.7875
544.498	90.3875
544.712	90.7875
544.925	93.5875
545.139	92.0375
545.352	90.2375
545.566	93.2875
545.779	88.9875
545.993	92.8375
546.206	92.3875
546.42	91.5375
546.633	90.6375
546.847	97.0875
547.06	94.3875
547.274	89.6375
547.487	94.0375
547.7	91.8375
547.914	86.9375
548.127	92.0375
548.34	96.0875
548.554	92.5875
548.767	95.1375
548.98	93.7875
549.193	90.9875
549.407	90.9875
549.62	93.9375
549.833	90.7375
550.046	93.3875
550.259	89.6375
550.473	91.7875
550.686	94.4875
550.899	89.4875
551.112	92.9375
551.325	86.0875
551.538	89.2375
551.751	90.8875
551.964	89.5375
552.177	90.7375
552.39	88.7375
552.603	92.5875
552.816	92.6375
553.029	91.8875
553.242	91.3375
553.455	92.4375
553.667	99.4375
553.88	93.6375
554.093	93.2875
554.306	93.1375
554.519	89.6875
554.732	93.6875
554.944	92.7375
555.157	90.1875
555.37	90.7875
555.583	92.5375
555.795	93.5375
556.008	91.2875
556.221	90.6875
556.433	89.2375
556.646	92.9375
556.859	92.9875
557.071	93.9875
557.284	88.7375
557.496	92.2375
557.709	93.9375
557.921	94.2375
558.134	91.2875
558.346	92.7375
558.559	94.4875
558.771	89.4875
558.984	88.6875
559.196	90.1375
559.409	90.1375
559.621	91.6375
559.833	92.5375
560.046	89.1875
560.258	91.2875
560.47	91.4375
560.683	88.0375
560.895	88.4875
561.107	91.0375
561.32	90.7875
561.532	88.0875
561.744	93.3875
561.956	87.4875
562.168	90.4875
562.381	89.1375
562.593	87.3875
562.805	90.0375
563.017	90.2875
563.229	93.5875
563.441	88.7375
563.653	90.4875
563.865	90.4375
564.077	88.4875
564.289	88.5875
564.501	87.6375
564.713	91.0875
564.925	89.8375
565.137	88.5375
565.349	91.3875
565.561	88.9375
565.773	89.7875
565.985	87.6875
566.197	86.9875
566.408	87.3875
566.62	83.9875
566.832	85.1375
567.044	87.0375
567.255	87.2875
567.467	90.6875
567.679	86.0375
567.891	86.9375
568.102	87.7375
568.314	92.7875
568.526	89.6375
568.737	93.6375
568.949	89.7375
569.161	86.4875
569.372	84.3375
569.584	85.4375
569.795	89.3875
570.007	89.8375
570.218	89.1875
570.43	86.2375
570.641	87.1375
570.853	84.8375
571.064	89.7875
571.276	90.2875
571.487	87.7875
571.698	91.5375
571.91	87.7875
572.121	89.3375
572.333	87.9375
572.544	89.1875
572.755	89.0375
572.966	89.8375
573.178	88.6375
573.389	93.0875
573.6	84.2875
573.811	87.2375
574.023	85.8375
574.234	85.5875
574.445	92.0875
574.656	88.9875
574.867	88.0875
575.078	88.5875
575.289	85.6375
575.501	88.9875
575.712	87.3375
575.923	90.2875
576.134	86.0875
576.345	89.4875
576.556	89.9375
576.767	92.5375
576.978	92.3875
577.188	90.3875
577.399	92.6375
577.61	91.6375
577.821	90.5375
578.032	93.2875
578.243	97.5875
578.454	110.7875
578.665	110.1375
578.875	105.8875
579.086	104.6875
579.297	99.3875
579.508	97.8375
579.718	98.1875
579.929	97.9875
580.14	104.4875
580.35	118.9375
580.561	128.8875
580.772	121.5375
580.982	118.6375
581.193	110.1875
581.403	110.4875
581.614	109.5875
581.825	105.9375
582.035	100.7875
582.246	100.4875
582.456	93.9375
582.667	94.8875
582.877	95.2375
583.087	94.9375
583.298	100.6875
583.508	105.6875
583.719	104.9875
583.929	106.5875
584.139	96.7375
584.35	94.8875
584.56	99.7375
584.77	92.7875
584.981	92.1375
585.191	90.2875
585.401	89.2375
585.611	90.4375
585.821	92.1375
586.032	90.1875
586.242	85.5875
586.452	89.6875
586.662	89.3375
586.872	88.6375
587.082	88.4375
587.292	92.1375
587.502	93.3375
587.713	90.0375
587.923	89.4875
588.133	90.7375
588.343	91.2875
588.553	92.0875
588.762	108.3375
588.972	150.8875
589.182	283.5875
589.392	178.2875
589.602	153.6875
589.812	233.2875
590.022	136.5875
590.232	98.6375
590.441	94.0875
590.651	87.0875
590.861	89.2875
591.071	88.6875
591.281	88.8875
591.49	87.1375
591.7	88.7375
591.91	87.5875
592.119	84.8375
592.329	85.4375
592.539	91.4375
592.748	88.0875
592.958	89.0375
593.167	84.7375
593.377	82.8375
593.587	97.6875
593.796	90.3875
594.006	89.2375
594.215	84.5375
594.424	85.2375
594.634	86.3875
594.843	89.0375
595.053	84.0875
595.262	88.2875
595.472	86.7875
595.681	79.8875
595.89	87.3375
596.1	88.9375
596.309	85.0875
596.518	89.3875
596.727	88.1875
596.937	83.9875
597.146	86.0375
597.355	89.5375
597.564	85.6875
597.774	89.9375
597.983	84.8375
598.192	84.9375
598.401	83.1375
598.61	86.2375
598.819	88.0875
599.028	87.0375
599.237	84.6875
599.446	88.0875
599.655	86.2875
599.864	84.5875
600.073	85.9875
600.282	83.6375
600.491	87.3375
600.7	85.2875
600.909	82.5375
601.118	87.1875
601.327	84.2375
601.536	86.0875
601.745	84.0875
601.953	86.2375
602.162	85.0375
602.371	86.6375
602.58	86.3375
602.789	87.9875
602.997	85.1875
603.206	88.1875
603.415	83.2375
603.623	89.5875
603.832	89.4375
604.041	88.3375
604.249	84.6375
604.458	87.5875
604.666	85.9375
604.875	84.0375
605.084	84.0875
605.292	85.4875
605.501	86.7375
605.709	89.1375
605.918	86.8375
606.126	88.6375
606.334	85.6375
606.543	88.8375
606.751	88.1875
606.96	85.4375
607.168	86.1375
607.376	86.1375
607.585	85.3875
607.793	84.6375
608.001	86.3375
608.21	86.9875
608.418	86.1375
608.626	86.5875
608.834	88.7375
609.043	84.9375
609.251	92.5375
609.459	86.3375
609.667	90.3375
609.875	87.4875
610.083	86.6375
610.291	87.5875
610.499	89.1375
610.707	86.4875
610.916	87.2375
611.124	88.4875
611.332	84.8375
611.54	85.1375
611.748	89.7875
611.955	88.6375
612.163	86.1875
612.371	89.4875
612.579	87.2375
612.787	84.7875
612.995	87.4875
613.203	91.3375
613.411	84.4375
613.618	85.7875
613.826	86.7875
614.034	89.3875
614.242	89.5375
614.449	90.9375
614.657	88.8875
614.865	86.9375
615.072	87.4875
615.28	86.0375
615.488	86.6375
615.695	87.2375
615.903	88.9875
616.111	86.1375
616.318	93.9375
616.526	87.3875
616.733	91.6875
616.941	87.1375
617.148	89.2375
617.356	88.3875
617.563	84.5375
617.771	85.3875
617.978	86.0375
618.185	84.7375
618.393	89.9375
618.6	87.2375
618.807	82.0875
619.015	87.0375
619.222	85.9375
619.429	84.1875
619.637	85.6375
619.844	85.0875
620.051	88.0875
620.258	86.0375
620.466	85.3375
620.673	85.5375
620.88	85.5875
621.087	85.6875
621.294	92.3875
621.501	89.2375
621.708	88.2375
621.915	83.1375
622.122	87.6875
622.329	88.2875
622.536	86.9875
622.743	87.0375
622.95	83.0875
623.157	82.9875
623.364	86.9375
623.571	89.4875
623.778	86.6375
623.985	87.1375
624.192	88.9875
624.399	86.0375
624.606	91.8875
624.812	84.4375
625.019	87.3875
625.226	82.0375
625.433	87.1375
625.639	82.1375
625.846	89.1375
626.053	82.7375
626.259	88.3875
626.466	86.9375
626.673	85.4875
626.879	85.7375
627.086	86.4375
627.293	89.3875
627.499	86.1875
627.706	85.6875
627.912	85.7875
628.119	83.4375
628.325	87.1375
628.532	86.0375
628.738	83.7875
628.945	82.9875
629.151	81.4875
629.357	87.6875
629.564	89.2875
629.77	84.7875
629.976	86.3375
630.183	86.5875
630.389	83.7875
630.595	83.4875
630.802	84.6875
631.008	82.3375
631.214	87.1375
631.42	84.4875
631.627	92.7375
631.833	83.8875
632.039	85.8875
632.245	86.7375
632.451	89.9875
632.657	84.0375
632.863	86.7875
633.069	84.6875
633.275	86.3375
633.481	86.3875
633.688	86.4875
633.893	85.8875
634.099	82.5375
634.305	83.4875
634.511	82.6375
634.717	84.7875
634.923	82.5375
635.129	84.2875
635.335	83.2375
635.541	81.4875
635.747	86.4875
635.952	85.2375
636.158	86.1875
636.364	86.3375
636.57	83.8375
636.775	85.9875
636.981	85.6375
637.187	86.4875
637.392	85.5875
637.598	80.9875
637.804	87.4875
638.009	84.2375
638.215	86.0375
638.421	83.7875
638.626	84.8875
638.832	86.9375
639.037	85.0875
639.243	81.3375
639.448	84.5875
639.654	91.2375
639.859	84.7875
640.065	84.7375
640.27	90.1875
640.475	87.4875
640.681	85.5875
640.886	85.0375
641.091	85.7375
641.297	90.6375
641.502	84.5875
641.707	87.3875
641.913	88.8875
642.118	84.9375
642.323	84.6375
642.528	87.5875
642.733	88.9375
642.939	85.4375
643.144	85.6375
643.349	86.5375
643.554	89.8375
643.759	86.5875
643.964	80.9875
644.169	84.1875
644.374	84.5875
644.579	85.3875
644.784	83.1875
644.989	85.3375
645.194	83.9875
645.399	85.9875
645.604	83.7375
645.809	87.0375
646.014	80.2375
646.219	82.4375
646.423	82.6875
646.628	84.9875
646.833	85.5875
647.038	88.2875
647.243	88.7875
647.447	86.2875
647.652	85.4375
647.857	86.0375
648.062	85.1375
648.266	84.8375
648.471	85.2375
648.676	85.0375
648.88	81.1375
649.085	84.4875
649.289	84.1375
649.494	84.7875
649.698	84.6875
649.903	85.7875
650.107	83.6875
650.312	83.6875
650.516	81.2375
650.721	85.4375
650.925	83.1375
651.13	85.1375
651.334	86.3375
651.539	86.2375
651.743	85.7375
651.947	85.3375
652.152	87.5375
652.356	81.6375
652.56	84.4375
652.764	87.1375
652.969	82.5375
653.173	81.3375
653.377	82.6875
653.581	81.6375
653.785	85.0375
653.99	79.6875
654.194	81.7875
654.398	86.9375
654.602	82.5875
654.806	80.9875
655.01	82.2875
655.214	84.1875
655.418	81.4375
655.622	85.9375
655.826	81.5375
656.03	81.8875
656.234	83.9875
656.438	85.8875
656.642	83.1375
656.846	83.7875
657.049	83.2875
657.253	86.9875
657.457	82.0375
657.661	83.1875
657.865	83.5875
658.068	83.6375
658.272	84.8375
658.476	85.2375
658.68	82.1875
658.883	80.2875
659.087	80.1375
659.291	85.2375
659.494	82.2375
659.698	79.6875
659.901	82.6375
660.105	83.8875
660.309	81.4375
660.512	83.1875
660.716	84.1875
660.919	84.8875
661.123	88.0375
661.326	83.8375
661.53	85.5375
661.733	83.8875
661.936	82.9875
662.14	79.7875
662.343	80.9875
662.546	85.0875
662.75	82.3375
662.953	84.6875
663.156	83.5875
663.36	82.7375
663.563	84.5875
663.766	81.0375
663.969	82.2875
664.173	81.3375
664.376	80.5375
664.579	81.1875
664.782	84.2375
664.985	81.5375
665.188	82.7375
665.391	81.6875
665.594	78.5875
665.797	80.0875
666.0	81.5875
666.203	83.4875
666.406	83.6375
666.609	83.4875
666.812	83.5875
667.015	81.3375
667.218	83.4875
667.421	82.6375
667.624	82.7375
667.827	82.8375
668.03	79.8375
668.232	80.8375
668.435	81.7375
668.638	80.9875
668.841	86.7875
669.043	79.7875
669.246	82.0875
669.449	81.6375
669.651	78.7375
669.854	78.4875
670.057	80.4875
670.259	79.2875
670.462	80.4875
670.665	82.0875
670.867	85.8875
671.07	84.7875
671.272	85.8375
671.475	87.5375
671.677	83.0375
671.88	80.6375
672.082	82.4875
672.284	80.0375
672.487	82.8875
672.689	79.8375
672.892	82.4375
