223.165	-18.3987
223.4	-18.3987
223.635	-18.3987
223.869	-18.128700000000002
224.104	-19.328699999999998
224.338	-15.9387
224.573	-15.9987
224.808	-12.3287
225.042	-8.018699999999999
225.277	-5.178699999999999
225.511	-2.8787
225.746	3.4613
225.98	7.8313
226.215	12.631300000000001
226.449	15.721300000000001
226.683	19.9513
226.918	25.8813
227.152	30.7213
227.387	34.341300000000004
227.621	39.2913
227.856	44.261300000000006
228.09	47.4313
228.324	49.761300000000006
228.559	57.3513
228.793	62.201299999999996
229.027	77.2413
229.262	83.32130000000001
229.496	89.8713
229.73	104.8613
229.964	104.4513
230.199	91.6213
230.433	88.59129999999999
230.667	91.58130000000001
230.901	93.24130000000001
231.136	91.1513
231.37	92.50129999999999
231.604	94.08130000000001
231.838	95.25129999999999
232.072	93.4013
232.306	96.4313
232.541	95.8913
232.775	95.8113
233.009	94.26129999999999
233.243	95.2213
233.477	97.8913
233.711	97.6013
233.945	97.3513
234.179	96.7213
234.413	97.66130000000001
234.647	96.17129999999999
234.881	97.7913
235.115	97.3613
235.349	97.4313
235.583	99.6013
235.817	99.8913
236.051	99.6513
236.285	97.6213
236.519	101.24130000000001
236.753	102.4413
236.987	108.9413
237.221	127.4513
237.455	134.5213
237.689	110.0613
237.922	101.51129999999999
238.156	99.6313
238.39	100.5213
238.624	98.51129999999999
238.858	99.75129999999999
239.091	99.4013
239.325	99.0613
239.559	102.8513
239.793	101.75129999999999
240.027	106.1013
240.26	109.33130000000001
240.494	112.7913
240.728	109.6413
240.961	108.2913
241.195	106.4713
241.429	106.6913
241.662	103.7713
241.896	102.42129999999999
242.13	104.3813
242.363	104.9513
242.597	104.9313
242.83	109.00129999999999
243.064	105.7713
243.298	106.0213
243.531	107.4813
243.765	106.4013
243.998	110.5313
244.232	110.16130000000001
244.465	112.8613
244.699	113.25129999999999
244.932	111.9813
245.166	111.8013
245.399	112.42129999999999
245.633	112.1813
245.866	112.3113
246.099	111.5613
246.333	113.26129999999999
246.566	113.8813
246.8	114.8613
247.033	116.92130000000002
247.266	117.2913
247.5	120.3613
247.733	121.7013
247.966	121.92130000000002
248.2	122.91130000000001
248.433	122.75130000000001
248.666	124.57130000000001
248.899	130.6713
249.133	135.1413
249.366	143.4713
249.599	138.31130000000002
249.832	127.26129999999999
250.066	126.01129999999999
250.299	127.7713
250.532	131.60129999999998
250.765	138.81130000000002
250.998	141.7813
251.231	142.2913
251.465	135.1813
251.698	132.4913
251.931	131.8213
252.164	132.8013
252.397	132.7313
252.63	134.94129999999998
252.863	138.75130000000001
253.096	142.4313
253.329	145.4613
253.562	142.3313
253.795	140.2013
254.028	140.6513
254.261	141.1313
254.494	147.0213
254.727	162.4813
254.96	162.0913
255.193	153.81130000000002
255.426	146.2713
255.659	140.94129999999998
255.892	146.7613
256.124	147.4713
256.357	145.2013
256.59	142.7313
256.823	140.0313
257.056	138.9013
257.289	140.3013
257.521	139.8013
257.754	138.6313
257.987	140.1413
258.22	141.1113
258.452	140.1813
258.685	140.0313
258.918	141.69129999999998
259.151	142.7713
259.383	147.1113
259.616	145.7213
259.849	150.4613
260.081	153.9813
260.314	162.1413
260.547	157.9913
260.779	151.10129999999998
261.012	148.7913
261.244	146.9313
261.477	150.4613
261.71	151.8613
261.942	162.5813
262.175	165.8113
262.407	149.6713
262.64	144.35129999999998
262.872	145.1713
263.105	146.2213
263.337	146.7913
263.57	146.4313
263.802	146.5113
264.035	145.9013
264.267	146.4313
264.499	145.5213
264.732	147.4513
264.964	146.5813
265.197	147.25130000000001
265.429	147.00130000000001
265.661	148.0213
265.894	149.2113
266.126	151.1413
266.358	149.5713
266.591	150.6313
266.823	154.5113
267.055	152.7213
267.287	154.35129999999998
267.52	153.1213
267.752	153.4113
267.984	154.85129999999998
268.216	155.75130000000001
268.448	159.4013
268.681	159.1213
268.913	165.36130000000003
269.145	172.34130000000002
269.377	172.69129999999998
269.609	170.3313
269.841	168.8013
270.073	171.6213
270.306	183.3713
270.538	187.6213
270.77	182.7813
271.002	178.10129999999998
271.234	177.19129999999998
271.466	182.3113
271.698	186.7113
271.93	184.9613
272.162	187.7413
272.394	187.44129999999998
272.626	178.4813
272.858	172.7813
273.09	172.13129999999998
273.322	171.3313
273.553	168.6713
273.785	169.5113
274.017	168.8313
274.249	169.29129999999998
274.481	168.94129999999998
274.713	172.7113
274.945	172.7613
275.176	172.20129999999997
275.408	173.18130000000002
275.64	171.34130000000002
275.872	170.61130000000003
276.104	172.2413
276.335	174.9013
276.567	183.35129999999998
276.799	190.79129999999998
277.031	195.8213
277.262	197.5813
277.494	192.4213
277.726	186.2413
277.957	181.4113
278.189	177.69129999999998
278.421	177.7413
278.652	173.5513
278.884	175.44129999999998
279.115	176.86130000000003
279.347	178.35129999999998
279.579	176.5313
279.81	175.7413
280.042	177.5113
280.273	178.77130000000002
280.505	177.94129999999998
280.736	179.88129999999998
280.968	178.29129999999998
281.199	178.6513
281.431	180.36130000000003
281.662	181.8913
281.894	181.97129999999999
282.125	187.43130000000002
282.356	203.5713
282.588	216.75130000000001
282.819	201.25130000000001
283.051	186.7813
283.282	183.7413
283.513	188.25130000000001
283.745	186.4113
283.976	187.5813
284.207	187.7313
284.439	188.6513
284.67	186.9213
284.901	188.09130000000002
285.132	187.4013
285.364	186.6613
285.595	187.6213
285.826	186.7813
286.057	189.8013
286.288	189.34130000000002
286.52	189.6213
286.751	188.2313
286.982	191.6613
287.213	189.19129999999998
287.444	191.4913
287.675	195.3313
287.906	197.4813
288.138	201.2613
288.369	200.69129999999998
288.6	200.8713
288.831	196.2313
289.062	197.93130000000002
289.293	196.69129999999998
289.524	194.25130000000001
289.755	195.45129999999997
289.986	193.34130000000002
290.217	193.4613
290.448	195.9013
290.679	195.9013
290.91	194.50130000000001
291.141	195.9113
291.371	196.72129999999999
291.602	196.00130000000001
291.833	194.5813
292.064	197.4913
292.295	195.9813
292.526	196.8113
292.757	197.3713
292.987	195.94129999999998
293.218	196.00130000000001
293.449	198.60129999999998
293.68	198.1713
293.91	195.20129999999997
294.141	200.8913
294.372	197.93130000000002
294.603	199.3913
294.833	200.3113
295.064	200.5513
295.295	201.1413
295.525	202.5313
295.756	207.2113
295.987	216.8713
296.217	234.54129999999998
296.448	225.18130000000002
296.679	205.4013
296.909	204.9213
297.14	203.8213
297.37	207.6213
297.601	204.43130000000002
297.831	206.8313
298.062	209.54129999999998
298.292	206.72129999999999
298.523	209.60129999999998
298.753	208.36130000000003
298.984	207.9613
299.214	207.7613
299.445	208.5513
299.675	210.75130000000001
299.905	212.63129999999998
300.136	209.84130000000002
300.366	210.1713
300.597	211.1413
300.827	217.1213
301.057	221.97129999999999
301.288	224.1213
301.518	218.4213
301.748	217.9013
301.979	230.5713
302.209	221.6713
302.439	219.3713
302.669	217.77130000000002
302.9	216.2413
303.13	216.3713
303.36	222.09130000000002
303.59	224.93130000000002
303.82	226.44129999999998
304.051	219.7413
304.281	218.50130000000001
304.511	216.8913
304.741	214.59130000000002
304.971	217.22129999999999
305.201	216.2113
305.431	214.94129999999998
305.661	217.1613
305.891	216.0513
306.121	217.1613
306.352	224.47129999999999
306.582	223.2113
306.812	214.00130000000001
307.042	217.8213
307.272	216.6413
307.502	218.2413
307.731	218.1513
307.961	216.54129999999998
308.191	215.0513
308.421	216.5113
308.651	218.60129999999998
308.881	217.93130000000002
309.111	220.13129999999998
309.341	220.9813
309.571	225.4113
309.8	228.1613
310.03	229.94129999999998
310.26	230.3013
310.49	226.61130000000003
310.72	232.88129999999998
310.949	239.6613
311.179	235.3013
311.409	229.00130000000001
311.639	229.25130000000001
311.868	232.5813
312.098	233.20129999999997
312.328	235.3213
312.557	245.0613
312.787	246.4213
313.017	241.9913
313.246	236.7413
313.476	232.44129999999998
313.706	235.3913
313.935	238.5713
314.165	242.4013
314.394	244.70129999999997
314.624	241.9113
314.853	239.10129999999998
315.083	235.59130000000002
315.312	234.35129999999998
315.542	233.1413
315.771	233.09130000000002
316.001	230.13129999999998
316.23	231.3113
316.46	230.45129999999997
316.689	232.6213
316.919	234.09130000000002
317.148	237.0313
317.377	237.0613
317.607	235.9113
317.836	230.8213
318.065	231.7313
318.295	230.85129999999998
318.524	230.4913
318.753	231.0513
318.983	233.6713
319.212	236.7413
319.441	241.86130000000003
319.67	242.10129999999998
319.9	232.6513
320.129	234.0713
320.358	233.9013
320.587	235.2613
320.816	239.2113
321.046	243.7413
321.275	241.5713
321.504	239.3113
321.733	240.38129999999998
321.962	242.8113
322.191	247.4213
322.42	252.00130000000001
322.649	258.3213
322.878	263.1313
323.108	268.9113
323.337	279.6213
323.566	290.6613
323.795	313.25129999999996
324.024	372.29130000000004
324.253	569.8813
324.482	1035.1113
324.71	1920.9113000000002
324.939	2439.1813
325.168	1073.2013
325.397	435.0013
325.626	320.68129999999996
325.855	295.73130000000003
326.084	291.9713
326.313	297.93129999999996
326.542	315.9413
326.77	398.01129999999995
326.999	633.0113
327.228	1135.4513
327.457	1951.7113
327.686	1621.1713
327.914	566.8412999999999
328.143	370.74129999999997
328.372	329.19129999999996
328.6	305.3213
328.829	296.2713
329.058	307.74129999999997
329.287	304.8713
329.515	287.9713
329.744	281.73130000000003
329.972	285.9013
330.201	298.5513
330.43	312.3913
330.658	315.00129999999996
330.887	327.2713
331.115	306.2613
331.344	282.2813
331.572	282.2613
331.801	287.75129999999996
332.03	287.86129999999997
332.258	283.8413
332.486	281.24129999999997
332.715	285.2613
332.943	293.1213
333.172	301.6913
333.4	306.9613
333.629	315.3513
333.857	321.6513
334.085	321.9113
334.314	328.1613
334.542	341.5213
334.771	337.80129999999997
334.999	307.6713
335.227	298.3913
335.455	292.7013
335.684	290.36129999999997
335.912	290.48130000000003
336.14	287.1913
336.369	286.6413
336.597	289.5913
336.825	284.6013
337.053	277.8413
337.281	277.1713
337.51	275.18129999999996
337.738	274.3513
337.966	270.3813
338.194	273.1213
338.422	270.75129999999996
338.65	267.2713
338.878	266.1713
339.106	264.68129999999996
339.334	266.56129999999996
339.562	261.4113
339.79	259.4013
340.018	259.3213
340.246	260.3913
340.474	261.1513
340.702	260.3713
340.93	259.4613
341.158	262.98130000000003
341.386	261.0313
341.614	262.8913
341.842	259.9513
342.07	254.6413
342.298	256.4613
342.526	254.19129999999998
342.754	255.60129999999998
342.981	257.9613
343.209	261.5113
343.437	278.9413
343.665	281.6613
343.893	291.1613
344.12	294.73130000000003
344.348	282.9513
344.576	275.6913
344.804	272.5813
345.031	270.4113
345.259	270.8813
345.487	263.5213
345.714	258.5313
345.942	256.4013
346.17	254.2113
346.397	255.0113
346.625	251.3113
346.853	252.1613
347.08	251.4213
347.308	254.20129999999997
347.535	258.25129999999996
347.763	262.0113
347.99	260.2213
348.218	261.0313
348.445	262.50129999999996
348.673	258.5413
348.9	254.6713
349.128	251.50130000000001
349.355	249.4113
349.583	253.6713
349.81	250.50130000000001
350.037	248.63129999999998
350.265	251.4613
350.492	248.88129999999998
350.72	249.75130000000001
350.947	253.2413
351.174	260.3713
351.402	263.8913
351.629	257.8613
351.856	258.1813
352.083	259.99129999999997
352.311	261.1713
352.538	263.5813
352.765	262.0413
352.992	265.0113
353.22	260.7113
353.447	256.2713
353.674	255.13129999999998
353.901	252.45129999999997
354.128	250.60129999999998
354.355	250.61130000000003
354.583	251.3913
354.81	249.95129999999997
355.037	250.9213
355.264	247.3013
355.491	247.54129999999998
355.718	245.11130000000003
355.945	247.4913
356.172	251.25130000000001
356.399	248.4113
356.626	250.1413
356.853	247.93130000000002
357.08	247.00130000000001
357.307	247.5113
357.534	246.5313
357.761	249.2413
357.988	249.25130000000001
358.215	251.8913
358.441	250.1513
358.668	252.27130000000002
358.895	248.10129999999998
359.122	247.7813
359.349	247.9013
359.576	252.5513
359.802	262.5113
360.029	271.99129999999997
360.256	271.0413
360.483	261.0713
360.709	250.10129999999998
360.936	252.47129999999999
361.163	251.52129999999997
361.39	252.61130000000003
361.616	251.10129999999998
361.843	248.2613
362.07	252.79129999999998
362.296	253.27129999999997
362.523	250.1413
362.749	250.2613
362.976	245.5313
363.203	247.20129999999997
363.429	245.86130000000003
363.656	247.8013
363.882	243.9113
364.109	246.47129999999999
364.335	245.9013
364.562	247.45129999999997
364.788	244.54129999999998
365.015	248.45129999999997
365.241	251.35129999999998
365.468	253.7613
365.694	254.94129999999998
365.92	249.75130000000001
366.147	246.1213
366.373	246.09130000000002
366.599	244.9013
366.826	243.0513
367.052	241.50130000000001
367.278	246.8913
367.505	246.1413
367.731	248.4213
367.957	245.2413
368.184	249.1613
368.41	254.9913
368.636	261.99129999999997
368.862	267.0713
369.089	258.61129999999997
369.315	249.8713
369.541	252.84129999999996
369.767	251.2413
369.993	252.61129999999997
370.219	251.94129999999998
370.445	250.2613
370.672	252.18129999999996
370.898	251.5013
371.124	252.6513
371.35	256.61129999999997
371.576	256.8413
371.802	255.04129999999998
372.028	256.4113
372.254	258.75129999999996
372.48	259.3513
372.706	262.1413
372.932	262.2613
373.158	260.50129999999996
373.384	261.93129999999996
373.61	259.7013
373.835	260.23130000000003
374.061	260.3913
374.287	264.3213
374.513	265.4613
374.739	270.0713
374.965	274.7613
375.191	275.43129999999996
375.416	272.6713
375.642	267.9013
375.868	267.6413
376.094	264.2613
376.319	260.4213
376.545	259.0313
376.771	259.7713
376.997	261.7913
377.222	261.4713
377.448	260.36129999999997
377.674	259.2613
377.899	259.5413
378.125	258.7913
378.35	259.5513
378.576	259.7613
378.802	257.23130000000003
379.027	261.49129999999997
379.253	262.2613
379.478	258.56129999999996
379.704	260.25129999999996
379.929	264.2213
380.155	262.7713
380.38	264.18129999999996
380.606	266.3013
380.831	264.86129999999997
381.057	272.0313
381.282	266.8913
381.507	267.4613
381.733	270.3213
381.958	272.50129999999996
382.184	274.4713
382.409	276.8813
382.634	282.2213
382.86	282.1413
383.085	283.5413
383.31	287.0813
383.535	288.4413
383.761	291.4013
383.986	292.61129999999997
384.211	296.8513
384.436	301.00129999999996
384.662	306.98130000000003
384.887	311.8013
385.112	313.2213
385.337	315.5813
385.562	315.1213
385.787	316.61129999999997
386.013	322.31129999999996
386.238	326.56129999999996
386.463	318.00129999999996
386.688	321.75129999999996
386.913	312.50129999999996
387.138	317.4013
387.363	311.5313
387.588	305.2213
387.813	306.86129999999997
388.038	314.98130000000003
388.263	325.4113
388.488	320.0713
388.713	300.9213
388.938	296.6413
389.163	296.2813
389.387	298.98130000000003
389.612	289.1413
389.837	292.56129999999996
390.062	291.0413
390.287	291.3913
390.512	291.6013
390.736	292.5413
390.961	296.8713
391.186	303.9213
391.411	310.8013
391.636	313.1213
391.86	312.6213
392.085	311.9513
392.31	309.3313
392.534	304.6013
392.759	303.74129999999997
392.984	296.7913
393.208	296.6913
393.433	297.43129999999996
393.658	298.3213
393.882	294.5113
394.107	295.5913
394.331	296.56129999999996
394.556	298.5513
394.78	305.1913
395.005	305.1913
395.229	303.73130000000003
395.454	310.1313
395.678	315.0713
395.903	314.3213
396.127	317.31129999999996
396.352	308.1613
396.576	299.9513
396.801	301.68129999999996
397.025	302.9113
397.249	309.5913
397.474	314.9013
397.698	316.5913
397.922	320.74129999999997
398.147	325.2513
398.371	325.9213
398.595	333.3613
398.82	343.5013
399.044	365.51129999999995
399.268	394.90130000000005
399.492	439.0013
399.717	465.97130000000004
399.941	454.8013
400.165	432.5313
400.389	404.3613
400.613	369.4513
400.837	353.51129999999995
401.062	347.76129999999995
401.286	344.01129999999995
401.51	344.33129999999994
401.734	342.2513
401.958	352.4513
402.182	370.97130000000004
402.406	391.76129999999995
402.63	372.9113
402.854	362.1413
403.078	364.7313
403.302	369.8513
403.526	374.3213
403.75	376.3513
403.974	377.1113
404.198	378.6313
404.422	380.04130000000004
404.645	381.1113
404.869	377.3213
405.093	390.9313
405.317	401.7313
405.541	400.4513
405.765	380.8613
405.988	384.9313
406.212	422.9613
406.436	461.72130000000004
406.66	417.87129999999996
406.883	394.99129999999997
407.107	413.3213
407.331	437.5313
407.555	458.3013
407.778	444.70130000000006
408.002	410.4513
408.226	396.0213
408.449	392.4513
408.673	385.9513
408.896	395.56129999999996
409.12	403.3213
409.344	382.3613
409.567	369.31129999999996
409.791	372.1113
410.014	370.15130000000005
410.238	367.26129999999995
410.461	366.97130000000004
410.685	370.06129999999996
410.908	374.8613
411.132	387.62129999999996
411.355	382.9113
411.578	364.06129999999996
411.802	355.87129999999996
412.025	355.30129999999997
412.249	361.90130000000005
412.472	369.1113
412.695	374.90130000000005
412.919	356.26129999999995
413.142	346.4313
413.365	343.29130000000004
413.589	343.6613
413.812	341.4113
414.035	339.2513
414.258	338.40130000000005
414.482	342.62129999999996
414.705	343.74129999999997
414.928	343.7813
415.151	344.5213
415.374	344.2713
415.597	338.54130000000004
415.821	335.15130000000005
416.044	335.0913
416.267	334.79130000000004
416.49	332.9613
416.713	332.7113
416.936	335.8213
417.159	332.87129999999996
417.382	335.33129999999994
417.605	337.5013
417.828	347.7013
418.051	348.8813
418.274	344.6813
418.497	338.1013
418.72	343.55129999999997
418.943	342.7313
419.166	357.3413
419.389	378.1713
419.611	370.5213
419.834	360.7113
420.057	357.9113
420.28	349.8813
420.503	343.54130000000004
420.726	340.15130000000005
420.948	347.9813
421.171	365.5713
421.394	364.9613
421.617	344.0213
421.839	344.4513
422.062	346.81129999999996
422.285	355.4113
422.507	384.7113
422.73	403.15130000000005
422.953	373.9313
423.175	361.8413
423.398	361.6013
423.621	361.6113
423.843	370.37129999999996
424.066	368.5213
424.288	365.2513
424.511	373.2013
424.733	395.3913
424.956	413.4613
425.178	389.1413
425.401	400.2113
425.623	393.1613
425.846	353.56129999999996
426.068	347.6413
426.291	343.06129999999996
426.513	342.8513
426.735	345.99129999999997
426.958	365.4813
427.18	400.1813
427.402	462.8213
427.625	478.20130000000006
427.847	407.22130000000004
428.069	372.44129999999996
428.292	338.19129999999996
428.514	325.2713
428.736	315.8813
428.958	317.7913
429.181	312.9613
429.403	310.0813
429.625	317.8813
429.847	331.83129999999994
430.069	355.97130000000004
430.292	335.79130000000004
430.514	312.23130000000003
430.736	311.23130000000003
430.958	309.5213
431.18	307.56129999999996
431.402	307.5113
431.624	306.18129999999996
431.846	310.18129999999996
432.068	311.24129999999997
432.29	313.0313
432.512	311.3213
432.734	312.1613
432.956	312.61129999999997
433.178	321.18129999999996
433.4	321.3813
433.622	314.98130000000003
433.844	315.24129999999997
434.066	315.9113
434.287	318.50129999999996
434.509	326.8613
434.731	335.2313
434.953	339.76129999999995
435.175	344.80129999999997
435.397	351.8513
435.618	346.76129999999995
435.84	365.7013
436.062	410.8613
436.284	399.6713
436.505	348.4513
436.727	338.4213
436.949	325.0313
437.17	314.6613
437.392	309.1213
437.614	319.1613
437.835	338.44129999999996
438.057	379.30129999999997
438.278	398.1313
438.5	399.9113
438.721	438.83129999999994
438.943	386.2813
439.165	334.0713
439.386	328.0213
439.608	332.56129999999996
439.829	336.74129999999997
440.05	364.2513
440.272	389.05129999999997
440.493	338.7513
440.715	322.50129999999996
440.936	323.00129999999996
441.158	324.2013
441.379	331.8813
441.6	347.0013
441.822	355.99129999999997
442.043	371.22130000000004
442.264	402.9613
442.486	390.12129999999996
442.707	355.8413
442.928	356.5713
443.149	377.2813
443.371	385.1013
443.592	392.3813
443.813	435.1913
444.034	430.04130000000004
444.255	382.33129999999994
444.476	373.6313
444.698	380.8913
444.919	382.2013
445.14	416.2013
445.361	396.55129999999997
445.582	389.7713
445.803	420.6313
446.024	444.0713
446.245	431.1013
446.466	382.9813
446.687	337.05129999999997
446.908	325.2713
447.129	312.7013
447.35	308.9013
447.571	308.2713
447.792	305.4713
448.013	308.7013
448.234	321.0313
448.455	342.2713
448.675	397.0213
448.896	415.9113
449.117	351.58129999999994
449.338	361.79130000000004
449.559	426.29130000000004
449.779	437.5013
450.0	338.0313
450.221	310.1513
450.442	302.0713
450.662	300.0113
450.883	308.6613
451.104	314.25129999999996
451.324	301.50129999999996
451.545	291.0513
451.766	286.18129999999996
451.986	281.6713
452.207	283.0513
452.428	281.3313
452.648	288.98130000000003
452.869	296.5313
453.089	299.5813
453.31	305.2713
453.53	286.2113
453.751	283.2213
453.971	289.2613
454.192	297.56129999999996
454.412	280.9413
454.633	275.2913
454.853	275.0713
455.073	274.3513
455.294	292.1913
455.514	317.2213
455.734	292.7613
455.955	272.1913
456.175	267.8813
456.395	264.99129999999997
456.616	264.1213
456.836	268.36129999999997
457.056	267.5313
457.276	263.3213
457.497	267.5113
457.717	267.4613
457.937	271.5413
458.157	274.2613
458.377	279.8513
458.598	301.06129999999996
458.818	345.2013
459.038	380.2313
459.258	354.4813
459.478	317.56129999999996
459.698	312.3813
459.918	315.8913
460.138	320.9713
460.358	330.08129999999994
460.578	331.7713
460.798	336.7713
461.018	337.40130000000005
461.238	333.7013
461.458	329.99129999999997
461.678	326.2013
461.898	333.3513
462.118	336.05129999999997
462.338	348.6613
462.558	354.83129999999994
462.777	364.6613
462.997	388.56129999999996
463.217	404.7813
463.437	397.40130000000005
463.657	373.4213
463.876	366.8213
464.096	369.5713
464.316	367.90130000000005
464.536	371.6813
464.755	361.3613
464.975	364.1613
465.195	395.65130000000005
465.414	389.4113
465.634	330.9613
465.854	313.3313
466.073	306.2613
466.293	298.18129999999996
466.512	291.1213
466.732	287.9613
466.951	290.18129999999996
467.171	294.0213
467.391	297.4013
467.61	301.81129999999996
467.829	297.7113
468.049	297.3813
468.268	292.2613
468.488	281.3813
468.707	279.5513
468.927	280.4713
469.146	279.50129999999996
469.365	283.5913
469.585	285.4013
469.804	296.8213
470.023	299.43129999999996
470.243	298.2113
470.462	305.99129999999997
470.681	313.5513
470.901	299.4113
471.12	294.3713
471.339	295.6513
471.558	292.2913
471.777	288.73130000000003
471.997	287.31129999999996
472.216	303.1013
472.435	324.8413
472.654	292.1413
472.873	283.2813
473.092	278.2913
473.311	279.4213
473.53	280.3713
473.749	285.1613
473.968	308.61129999999997
474.187	348.9613
474.406	327.4113
474.625	291.5313
474.844	284.4513
475.063	280.6713
475.282	282.3413
475.501	284.68129999999996
475.72	287.81129999999996
475.939	287.5813
476.158	288.9413
476.377	288.8213
476.596	287.9013
476.814	295.1313
477.033	299.3713
477.252	301.3913
477.471	302.0513
477.69	307.8913
477.908	312.6513
478.127	322.8913
478.346	321.06129999999996
478.564	327.24129999999997
478.783	331.26129999999995
479.002	337.2713
479.22	335.99129999999997
479.439	342.06129999999996
479.658	347.4513
479.876	348.47130000000004
480.095	352.24129999999997
480.313	368.1413
480.532	365.31129999999996
480.751	363.01129999999995
480.969	370.72130000000004
481.188	437.1413
481.406	394.97130000000004
481.624	345.37129999999996
481.843	331.79130000000004
482.061	325.1813
482.28	322.49129999999997
482.498	319.6313
482.717	316.1313
482.935	317.75129999999996
483.153	318.75129999999996
483.372	318.74129999999997
483.59	319.3713
483.808	315.2113
484.027	320.2113
484.245	323.5913
484.463	322.75129999999996
484.681	331.97130000000004
484.9	330.7513
485.118	334.31129999999996
485.336	336.74129999999997
485.554	340.72130000000004
485.772	343.47130000000004
485.99	345.9313
486.209	350.1313
486.427	350.55129999999997
486.645	352.74129999999997
486.863	356.3913
487.081	350.31129999999996
487.299	343.33129999999994
487.517	342.5913
487.735	338.19129999999996
487.953	340.2813
488.171	340.6813
488.389	339.12129999999996
488.607	341.80129999999997
488.825	337.58129999999994
489.043	336.55129999999997
489.261	341.22130000000004
489.479	340.05129999999997
489.696	341.7813
489.914	343.5013
490.132	346.7013
490.35	348.6313
490.568	349.8413
490.786	351.30129999999997
491.003	355.3513
491.221	359.7313
491.439	368.04130000000004
491.657	372.6813
491.874	372.2313
492.092	371.47130000000004
492.31	372.6113
492.527	373.5313
492.745	377.2513
492.963	379.8513
493.18	379.31129999999996
493.398	385.0713
493.615	393.1113
493.833	391.3913
494.05	384.05129999999997
494.268	386.0213
494.485	382.9313
494.703	380.56129999999996
494.92	383.22130000000004
495.138	383.2113
495.355	385.44129999999996
495.573	386.01129999999995
495.79	382.12129999999996
496.008	388.1613
496.225	382.55129999999997
496.442	382.0013
496.66	389.4513
496.877	390.7713
497.094	396.8413
497.312	399.83129999999994
497.529	405.8213
497.746	415.40130000000005
497.963	420.1313
498.181	439.3313
498.398	449.6913
498.615	473.79130000000004
498.832	486.5313
499.049	504.31129999999996
499.267	529.2813
499.484	555.7813
499.701	589.9913
499.918	621.7713
500.135	653.2513000000001
500.352	677.5812999999999
500.569	683.4013
500.786	679.2613
501.003	657.2113
501.22	631.2013000000001
501.437	598.7113
501.654	568.3913
501.871	546.4713
502.088	511.49129999999997
502.305	490.7813
502.522	469.3513
502.739	457.47130000000004
502.956	436.3913
503.172	427.02130000000005
503.389	416.8613
503.606	417.0813
503.823	411.9413
504.04	407.9813
504.256	409.12129999999996
504.473	413.05129999999997
504.69	415.0913
504.907	407.30129999999997
505.123	388.5213
505.34	377.51129999999995
505.557	372.7713
505.773	369.0713
505.99	366.4213
506.207	362.26129999999995
506.423	359.47130000000004
506.64	356.76129999999995
506.856	354.72130000000004
507.073	351.12129999999996
507.289	349.76129999999995
507.506	350.5313
507.722	361.9513
507.939	360.76129999999995
508.155	344.90130000000005
508.372	337.81129999999996
508.588	336.65130000000005
508.805	336.8913
509.021	338.0913
509.238	347.9313
509.454	346.2513
509.67	345.2813
509.887	344.26129999999995
510.103	355.97130000000004
510.319	414.15130000000005
510.536	804.9313
510.752	1893.6513
510.968	706.5012999999999
511.184	361.12129999999996
511.401	332.33129999999994
511.617	322.5913
511.833	320.61129999999997
512.049	319.9513
512.265	317.7713
512.481	314.6213
512.698	316.1713
512.914	317.9613
513.13	318.50129999999996
513.346	315.6013
513.562	320.3313
513.778	321.18129999999996
513.994	321.00129999999996
514.21	328.30129999999997
514.426	343.33129999999994
514.642	358.83129999999994
514.858	360.9313
515.074	395.65130000000005
515.29	610.5413
515.506	1288.2712999999999
515.721	641.3713
515.937	383.7513
516.153	354.4113
516.369	349.26129999999995
516.585	349.12129999999996
516.801	356.5213
517.016	366.0713
517.232	373.80129999999997
517.448	381.6013
517.664	388.7513
517.879	386.58129999999994
518.095	382.5913
518.311	378.6113
518.527	369.2313
518.742	359.6113
518.958	350.1813
519.173	343.05129999999997
519.389	336.54130000000004
519.605	332.9813
519.82	330.54130000000004
520.036	335.6613
520.251	347.4613
520.467	344.9313
520.682	340.6713
520.898	336.72130000000004
521.113	346.1713
521.329	369.3213
521.544	426.06129999999996
521.76	705.1112999999999
521.975	1956.9713000000002
522.19	1254.3913
522.406	473.31129999999996
522.621	336.1113
522.836	313.1613
523.052	303.99129999999997
523.267	298.6013
523.482	295.0213
523.698	298.3813
523.913	307.4613
524.128	296.8413
524.343	286.5413
524.559	287.0913
524.774	284.81129999999996
524.989	285.36129999999997
525.204	291.1613
525.419	288.6013
525.634	279.5113
525.849	279.7213
526.064	277.9413
526.28	279.73130000000003
526.495	276.4513
526.71	276.8713
526.925	272.9513
527.14	275.31129999999996
527.355	274.9713
527.57	273.2713
527.785	274.0713
527.999	274.2813
528.214	278.8913
528.429	280.5113
528.644	277.25129999999996
528.859	275.68129999999996
529.074	277.5113
529.289	299.36129999999997
529.503	344.55129999999997
529.718	297.50129999999996
529.933	280.7013
530.148	277.00129999999996
530.363	275.36129999999997
530.577	271.61129999999997
530.792	273.81129999999996
531.007	272.43129999999996
531.221	275.2813
531.436	274.1013
531.651	276.23130000000003
531.865	273.7013
532.08	273.1013
532.295	275.4013
532.509	272.93129999999996
532.724	273.00129999999996
532.938	276.0913
533.153	277.5413
533.367	274.0213
533.582	274.5513
533.796	270.31129999999996
534.011	273.68129999999996
534.225	269.9013
534.44	268.6213
534.654	269.5813
534.868	267.98130000000003
535.083	270.1413
535.297	270.49129999999997
535.511	273.1513
535.726	276.7813
535.94	273.1413
536.154	268.7113
536.369	263.00129999999996
536.583	258.6013
536.797	261.25129999999996
537.011	259.8813
537.225	257.8313
537.44	258.00129999999996
537.654	258.5713
537.868	257.11129999999997
538.082	258.2713
538.296	259.5413
538.51	258.1613
538.724	257.75129999999996
538.938	257.9113
539.153	259.5513
539.367	266.3913
539.581	257.4413
539.795	253.5013
540.009	252.5313
540.222	253.2413
540.436	255.13129999999998
540.65	253.5513
540.864	256.7113
541.078	260.5713
541.292	257.25129999999996
541.506	254.88129999999998
541.72	250.4013
541.934	246.93130000000002
542.147	249.02130000000002
542.361	246.9813
542.575	247.93130000000002
542.789	249.18130000000002
543.002	250.9013
543.216	254.6713
543.43	257.0713
543.644	251.70129999999997
543.857	252.85129999999998
544.071	252.79129999999998
544.285	254.6513
544.498	252.35129999999998
544.712	250.7313
544.925	249.8913
545.139	252.54129999999998
545.352	251.59129999999996
545.566	251.72129999999999
545.779	249.7813
545.993	252.6513
546.206	253.3113
546.42	249.8713
546.633	250.9913
546.847	253.88129999999998
547.06	247.13129999999998
547.274	249.1213
547.487	250.25130000000001
547.7	250.0713
547.914	249.8113
548.127	251.84129999999996
548.34	251.5113
548.554	249.84129999999996
548.767	252.4613
548.98	250.2413
549.193	250.88129999999998
549.407	253.27129999999997
549.62	256.6513
549.833	254.0713
550.046	251.13129999999998
550.259	249.6513
550.473	246.94129999999998
550.686	248.29129999999998
550.899	247.0613
551.112	244.0113
551.325	245.3713
551.538	244.3913
551.751	246.3313
551.964	248.10129999999998
552.177	251.59129999999996
552.39	251.2613
552.603	256.7713
552.816	259.86129999999997
553.029	263.2013
553.242	266.6713
553.455	272.0213
553.667	276.68129999999996
553.88	272.9213
554.093	263.2013
554.306	260.3913
554.519	254.41129999999998
554.732	251.4013
554.944	249.1213
555.157	246.02130000000002
555.37	242.79129999999998
555.583	239.1713
555.795	239.02130000000002
556.008	235.54129999999998
556.221	233.22129999999999
556.433	232.3713
556.646	232.86130000000003
556.859	229.8113
557.071	228.7113
557.284	226.6513
557.496	225.13129999999998
557.709	226.88129999999998
557.921	224.4813
558.134	224.6613
558.346	222.94129999999998
558.559	222.94129999999998
558.771	219.52130000000002
558.984	221.2413
559.196	220.20129999999997
559.409	218.9013
559.621	218.35129999999998
559.833	218.7413
560.046	217.34130000000002
560.258	218.27130000000002
560.47	219.8113
560.683	218.79129999999998
560.895	218.45129999999997
561.107	217.8313
561.32	216.8213
561.532	218.94129999999998
561.744	219.2813
561.956	220.25130000000001
562.168	221.04129999999998
562.381	220.61130000000003
562.593	221.61130000000003
562.805	222.72129999999999
563.017	223.1513
563.229	223.45129999999997
563.441	220.38129999999998
563.653	221.44129999999998
563.865	221.2613
564.077	222.02130000000002
564.289	222.2613
564.501	225.9913
564.713	228.84130000000002
564.925	233.3913
565.137	242.0513
565.349	237.86130000000003
565.561	242.75130000000001
565.773	248.77130000000002
565.985	253.4913
566.197	263.23130000000003
566.408	275.1013
566.62	287.2113
566.832	299.99129999999997
567.044	303.1613
567.255	302.3313
567.467	309.2213
567.679	319.6013
567.891	336.7513
568.102	332.8813
568.314	320.4513
568.526	297.7913
568.737	280.6313
568.949	265.4113
569.161	252.3213
569.372	241.8913
569.584	236.13129999999998
569.795	233.3013
570.007	247.25130000000001
570.218	331.2513
570.43	254.84130000000002
570.641	223.8013
570.853	223.6213
571.064	222.88129999999998
571.276	220.2813
571.487	217.7313
571.698	209.88129999999998
571.91	207.6213
572.121	203.8713
572.333	202.11130000000003
572.544	198.8213
572.755	198.47129999999999
572.966	197.27130000000002
573.178	197.29129999999998
573.389	196.69129999999998
573.6	194.4813
573.811	192.8013
574.023	191.54129999999998
574.234	192.3013
574.445	192.63129999999998
574.656	193.8013
574.867	192.3113
575.078	191.3913
575.289	190.54129999999998
575.501	189.72129999999999
575.712	188.2613
575.923	187.0313
576.134	187.27130000000002
576.345	186.29129999999998
576.556	189.00130000000001
576.767	186.45129999999997
576.978	185.19129999999998
577.188	186.18130000000002
577.399	186.6613
577.61	186.1513
577.821	188.93130000000002
578.032	198.1213
578.243	313.9613
578.454	642.1713
578.665	264.0513
578.875	188.44129999999998
579.086	180.9813
579.297	178.1613
579.508	177.61130000000003
579.718	179.8013
579.929	176.77130000000002
580.14	174.7313
580.35	171.02130000000002
580.561	175.7813
580.772	173.45129999999997
580.982	175.02130000000002
581.193	170.97129999999999
581.403	171.9913
581.614	170.8913
581.825	171.95129999999997
582.035	170.34130000000002
582.246	172.11130000000003
582.456	171.0313
582.667	170.93130000000002
582.877	171.13129999999998
583.087	169.75130000000001
583.298	170.93130000000002
583.508	168.0813
583.719	170.61130000000003
583.929	173.43130000000002
584.139	169.97129999999999
584.35	169.88129999999998
584.56	171.7113
584.77	168.6613
584.981	167.88129999999998
585.191	169.38129999999998
585.401	169.38129999999998
585.611	167.3213
585.821	169.0813
586.032	168.70129999999997
586.242	167.4113
586.452	165.8713
586.662	165.2613
586.872	165.19129999999998
587.082	165.6613
587.292	165.2913
587.502	163.79129999999998
587.713	165.4913
587.923	164.79129999999998
588.133	165.5713
588.343	166.0313
588.553	165.0413
588.762	168.8913
588.972	167.9913
589.182	178.4913
589.392	169.38129999999998
589.602	167.8113
589.812	171.9813
590.022	170.4913
590.232	167.0113
590.441	167.3313
590.651	165.45129999999997
590.861	166.3113
591.071	168.1513
591.281	170.27130000000002
591.49	169.9913
591.7	169.75130000000001
591.91	173.8913
592.119	172.9013
592.329	178.5313
592.539	183.0613
592.748	181.5813
592.958	184.2413
593.167	184.0113
593.377	187.22129999999999
593.587	192.85129999999998
593.796	191.61130000000003
594.006	189.4013
594.215	190.00130000000001
594.424	188.72129999999999
594.634	185.0113
594.843	181.5613
595.053	178.0513
595.262	174.20129999999997
595.472	173.45129999999997
595.681	170.4113
595.89	168.2413
596.1	167.4813
596.309	163.2913
596.518	162.47129999999999
596.727	162.44129999999998
596.937	159.8913
597.146	160.0313
597.355	159.1513
597.564	156.4613
597.774	157.8013
597.983	154.0113
598.192	153.4713
598.401	153.2813
598.61	154.19129999999998
598.819	153.2913
599.028	151.0713
599.237	150.8013
599.446	152.9813
599.655	153.7313
599.864	153.0213
600.073	151.8913
600.282	154.1713
600.491	150.7313
600.7	152.6613
600.909	150.4913
601.118	153.5413
601.327	153.3813
601.536	150.6313
601.745	149.3313
601.953	149.9313
602.162	149.35129999999998
602.371	147.5513
602.58	146.4613
602.789	147.6813
602.997	147.8613
603.206	147.4613
603.415	147.2713
603.623	145.4913
603.832	145.9213
604.041	144.7613
604.249	143.9913
604.458	142.3613
604.666	145.1813
604.875	142.7113
605.084	142.8013
605.292	143.4213
605.501	143.3213
605.709	143.60129999999998
605.918	143.3013
606.126	144.7113
606.334	141.6213
606.543	143.6613
606.751	142.4213
606.96	143.3613
607.168	142.5213
607.376	142.8613
607.585	143.2213
607.793	143.3213
608.001	142.44129999999998
608.21	142.1713
608.418	142.4613
608.626	139.8313
608.834	140.8713
609.043	140.5213
609.251	140.0513
609.459	140.0113
609.667	141.3813
609.875	140.44129999999998
610.083	139.7913
610.291	140.2313
610.499	138.81130000000002
610.707	138.0813
610.916	138.4313
611.124	140.34130000000002
611.332	140.2013
611.54	140.2113
611.748	139.6613
611.955	140.59130000000002
612.163	139.94129999999998
612.371	140.4013
612.579	136.7813
612.787	138.9013
612.995	140.50130000000001
613.203	142.00130000000001
613.411	137.6313
613.618	137.6713
613.826	136.44129999999998
614.034	138.1813
614.242	138.0713
614.449	137.7313
614.657	139.0413
614.865	138.1613
615.072	140.6513
615.28	138.94129999999998
615.488	141.6313
615.695	143.2713
615.903	149.4213
616.111	153.3313
616.318	154.6213
616.526	150.2913
616.733	147.7913
616.941	143.7913
617.148	144.6513
617.356	139.6113
617.563	140.44129999999998
617.771	140.0513
617.978	139.4813
618.185	139.2113
618.393	136.7213
618.6	137.1413
618.807	137.6113
619.015	137.8013
619.222	136.1113
619.429	134.7413
619.637	136.9813
619.844	135.1313
620.051	134.6613
620.258	135.3713
620.466	135.00130000000001
620.673	131.1613
620.88	129.5113
621.087	132.4313
621.294	134.56130000000002
621.501	133.2013
621.708	132.3713
621.915	132.4713
622.122	131.8813
622.329	132.0513
622.536	133.4713
622.743	130.6413
622.95	131.0813
623.157	130.34130000000002
623.364	131.3913
623.571	130.4113
623.778	130.84130000000002
623.985	130.6513
624.192	129.1513
624.399	127.66130000000001
624.606	130.35129999999998
624.812	128.2313
625.019	128.4113
625.226	128.2213
625.433	129.7213
625.639	128.1713
625.846	128.8713
626.053	126.9513
626.259	127.2213
626.466	128.5213
626.673	126.25130000000001
626.879	125.3913
627.086	129.1513
627.293	126.2113
627.499	125.8513
627.706	126.7813
627.912	126.1213
628.119	125.4313
628.325	127.3513
628.532	125.1113
628.738	123.4813
628.945	123.74130000000001
629.151	123.1313
629.357	122.76129999999999
629.564	122.26129999999999
629.77	122.8913
629.976	123.8813
630.183	121.9513
630.389	122.1813
630.595	120.2813
630.802	121.2313
631.008	120.8913
631.214	119.8113
631.42	121.4413
631.627	123.6013
631.833	120.1913
632.039	118.1013
632.245	117.4513
632.451	120.66130000000001
632.657	118.8813
632.863	118.76129999999999
633.069	120.34129999999999
633.275	118.6013
633.481	117.7813
633.688	118.7213
633.893	119.26129999999999
634.099	119.16130000000001
634.305	116.8113
634.511	116.9513
634.717	118.8513
634.923	115.3813
635.129	116.6213
635.335	116.2113
635.541	115.34129999999999
635.747	116.5213
635.952	115.7113
636.158	116.17129999999999
636.364	121.7013
636.57	120.07130000000001
636.775	118.9313
636.981	116.2313
637.187	117.4713
637.392	116.2113
637.598	115.9713
637.804	116.74130000000001
638.009	117.4513
638.215	116.0413
638.421	114.32130000000001
638.626	113.4513
638.832	114.67129999999999
639.037	114.1813
639.243	113.2013
639.448	113.8613
639.654	117.1313
639.859	113.5413
640.065	112.1413
640.27	118.58130000000001
640.475	115.2813
640.681	112.50129999999999
640.886	114.5513
641.091	113.1813
641.297	115.51129999999999
641.502	113.3013
641.707	117.26129999999999
641.913	114.1513
642.118	111.2813
642.323	110.6213
642.528	115.1513
642.733	113.5413
642.939	113.9813
643.144	111.9413
643.349	112.51129999999999
643.554	113.32130000000001
643.759	112.2113
643.964	111.7313
644.169	112.6813
644.374	112.01129999999999
644.579	113.74130000000001
644.784	112.99130000000001
644.989	112.6813
645.194	112.8613
645.399	113.16130000000001
645.604	110.3613
645.809	115.7013
646.014	115.1813
646.219	112.7713
646.423	113.6513
646.628	113.76129999999999
646.833	113.4513
647.038	114.3813
647.243	113.7313
647.447	114.2813
647.652	115.26129999999999
647.857	114.42129999999999
648.062	115.8813
648.266	117.9813
648.471	121.6113
648.676	125.2813
648.88	122.2813
649.085	120.3813
649.289	119.09129999999999
649.494	128.0013
649.698	158.2313
649.903	128.1813
650.107	116.59129999999999
650.312	114.4513
650.516	109.01129999999999
650.721	108.08130000000001
650.925	106.76129999999999
651.13	106.00129999999999
651.334	105.42129999999999
651.539	105.9313
651.743	104.26129999999999
651.947	104.9613
652.152	105.0513
652.356	103.8513
652.56	104.66130000000001
652.764	103.83130000000001
652.969	102.75129999999999
653.173	101.33130000000001
653.377	100.34129999999999
653.581	100.9313
653.785	101.8513
653.99	100.8913
654.194	100.4413
654.398	99.8013
654.602	100.74130000000001
654.806	104.91130000000001
655.01	119.9713
655.214	106.41130000000001
655.418	102.2213
655.622	98.8113
655.826	102.08130000000001
656.03	103.7813
656.234	107.59129999999999
656.438	112.4413
656.642	110.6313
656.846	105.2313
657.049	100.99130000000001
657.253	97.9613
657.457	96.82130000000001
657.661	94.8713
657.865	93.2213
658.068	91.2813
658.272	90.1413
658.476	90.2813
658.68	89.08130000000001
658.883	87.5513
659.087	88.5613
659.291	89.1913
659.494	88.0213
659.698	85.1413
659.901	86.91130000000001
660.105	85.8713
660.309	84.6913
660.512	84.2213
660.716	86.4813
660.919	84.4713
661.123	86.8513
661.326	85.1213
661.53	85.09129999999999
661.733	85.9313
661.936	82.9013
662.14	83.16130000000001
662.343	84.1113
662.546	82.8013
662.75	84.2713
662.953	84.33130000000001
663.156	81.7713
663.36	82.42129999999999
663.563	83.7813
663.766	81.0613
663.969	82.84129999999999
664.173	82.33130000000001
664.376	82.07130000000001
664.579	79.85130000000001
664.782	80.93130000000001
664.985	81.7113
665.188	80.5013
665.391	81.9513
665.594	79.7013
665.797	80.1613
666.0	82.8613
666.203	81.6113
666.406	81.32130000000001
666.609	80.2413
666.812	83.32130000000001
667.015	80.1413
667.218	81.76129999999999
667.421	82.92129999999999
667.624	79.9513
667.827	81.82130000000001
668.03	81.67129999999999
668.232	80.2513
668.435	80.2113
668.638	81.8613
668.841	82.6213
669.043	80.65129999999999
669.246	83.01129999999999
669.449	81.5213
669.651	82.01129999999999
669.854	80.5113
670.057	81.7913
670.259	80.0913
670.462	82.4513
670.665	80.8413
670.867	81.16130000000001
671.07	82.0213
671.272	82.4513
671.475	83.8113
671.677	81.0813
671.88	80.7213
672.082	81.2913
672.284	82.08130000000001
672.487	82.76129999999999
672.689	79.2613
672.892	81.0013
