223.165	-17.2194
223.4	-17.2194
223.635	-17.2194
223.869	-18.4694
224.104	-18.4194
224.338	-15.7294
224.573	-14.1994
224.808	-12.8894
225.042	-7.9194
225.277	-4.3394
225.511	-2.5194
225.746	1.9906
225.98	8.0106
226.215	11.5906
226.449	15.450600000000001
226.683	19.9506
226.918	23.7306
227.152	30.9806
227.387	35.2206
227.621	39.6706
227.856	43.6806
228.09	46.0406
228.324	50.24059999999999
228.559	56.6906
228.793	60.4606
229.027	69.4906
229.262	74.4106
229.496	83.7206
229.73	104.0706
229.964	103.2006
230.199	82.9606
230.433	81.8206
230.667	84.8206
230.901	84.27059999999999
231.136	81.85059999999999
231.37	84.7906
231.604	83.5506
231.838	84.56060000000001
232.072	84.4906
232.306	85.5506
232.541	85.5506
232.775	85.6506
233.009	86.9006
233.243	86.67060000000001
233.477	86.59060000000001
233.711	85.4906
233.945	85.03059999999999
234.179	85.9906
234.413	86.4306
234.647	85.9506
234.881	85.5006
235.115	86.6806
235.349	85.7606
235.583	88.0806
235.817	85.53059999999999
236.051	85.0006
236.285	84.77059999999999
236.519	86.34060000000001
236.753	88.2106
236.987	92.84060000000001
237.221	107.5506
237.455	110.85060000000001
237.689	89.5006
237.922	85.4706
238.156	84.3906
238.39	83.6806
238.624	83.23060000000001
238.858	84.0706
239.091	86.2506
239.325	86.9606
239.559	91.4906
239.793	89.1206
240.027	88.4906
240.26	91.6506
240.494	91.8006
240.728	88.1506
240.961	89.3806
241.195	88.56060000000001
241.429	86.9306
241.662	84.7206
241.896	84.8006
242.13	86.2006
242.363	86.86059999999999
242.597	86.09060000000001
242.83	89.23060000000001
243.064	88.9506
243.298	89.51060000000001
243.531	88.0106
243.765	89.3306
243.998	90.03059999999999
244.232	92.6606
244.465	97.8306
244.699	94.2406
244.932	89.8906
245.166	90.4706
245.399	89.9006
245.633	90.2206
245.866	92.34060000000001
246.099	91.23060000000001
246.333	90.5406
246.566	92.3006
246.8	93.0806
247.033	91.73060000000001
247.266	92.42060000000001
247.5	93.19059999999999
247.733	94.2406
247.966	94.34060000000001
248.2	93.9506
248.433	95.8706
248.666	96.5806
248.899	98.8706
249.133	107.2106
249.366	123.48060000000001
249.599	123.3806
249.832	105.0006
250.066	104.98060000000001
250.299	114.9506
250.532	127.48060000000001
250.765	118.73060000000001
250.998	111.0806
251.231	104.48060000000001
251.465	101.59060000000001
251.698	102.1606
251.931	103.59060000000001
252.164	100.9606
252.397	98.28059999999999
252.63	99.27059999999999
252.863	101.17060000000001
253.096	101.2006
253.329	100.7106
253.562	100.2206
253.795	98.1606
254.028	101.4606
254.261	101.5806
254.494	104.2906
254.727	109.36059999999999
254.96	108.85059999999999
255.193	106.6606
255.426	109.23060000000001
255.659	119.9906
255.892	149.3206
256.124	170.5206
256.357	144.04059999999998
256.59	123.7606
256.823	115.0006
257.056	113.7006
257.289	112.1306
257.521	108.3206
257.754	107.44059999999999
257.987	107.2406
258.22	113.6306
258.452	118.3806
258.685	116.0806
258.918	108.4906
259.151	104.5806
259.383	105.0106
259.616	103.35060000000001
259.849	105.3906
260.081	109.6806
260.314	110.3906
260.547	113.1206
260.779	117.85059999999999
261.012	131.8506
261.244	133.0706
261.477	121.7206
261.71	124.67060000000001
261.942	153.0206
262.175	164.5306
262.407	118.8906
262.64	106.5006
262.872	106.0506
263.105	105.27059999999999
263.337	106.9906
263.57	106.6306
263.802	104.9506
264.035	103.51060000000001
264.267	103.2006
264.499	104.1406
264.732	104.42060000000001
264.964	105.43060000000001
265.197	103.3906
265.429	104.23060000000001
265.661	104.92060000000001
265.894	104.2206
266.126	105.9006
266.358	104.6506
266.591	104.4106
266.823	105.35059999999999
267.055	105.60059999999999
267.287	109.4006
267.52	107.81060000000001
267.752	106.9606
267.984	106.7206
268.216	106.6806
268.448	110.9706
268.681	112.5006
268.913	112.3706
269.145	111.3006
269.377	110.98060000000001
269.609	108.85059999999999
269.841	108.9706
270.073	110.84060000000001
270.306	114.44059999999999
270.538	115.60059999999999
270.77	112.7406
271.002	113.44059999999999
271.234	116.4506
271.466	122.9106
271.698	120.61059999999999
271.93	115.98060000000001
272.162	118.77059999999999
272.394	120.0106
272.626	116.7006
272.858	112.7906
273.09	114.31060000000001
273.322	112.9106
273.553	111.44059999999999
273.785	113.3206
274.017	111.4906
274.249	114.7006
274.481	114.9606
274.713	115.6506
274.945	120.06060000000001
275.176	120.8706
275.408	130.6406
275.64	144.6906
275.872	157.7006
276.104	140.8506
276.335	135.9706
276.567	150.26059999999998
276.799	184.75060000000002
277.031	218.88060000000002
277.262	250.91060000000002
277.494	198.7906
277.726	139.4906
277.957	127.61059999999999
278.189	123.1506
278.421	122.31060000000001
278.652	122.0806
278.884	122.81060000000001
279.115	123.59060000000001
279.347	126.42060000000001
279.579	135.3606
279.81	170.7906
280.042	244.4706
280.273	326.74060000000003
280.505	236.1806
280.736	147.6506
280.968	128.51059999999998
281.199	123.7906
281.431	122.5406
281.662	122.1406
281.894	124.85059999999999
282.125	137.8806
282.356	168.7806
282.588	206.9606
282.819	166.2306
283.051	126.4606
283.282	118.8306
283.513	119.4006
283.745	120.2106
283.976	119.27059999999999
284.207	119.6506
284.439	121.61059999999999
284.67	119.7006
284.901	119.35059999999999
285.132	118.7406
285.364	118.59060000000001
285.595	118.7506
285.826	119.48060000000001
286.057	122.59060000000001
286.288	120.2006
286.52	119.9906
286.751	119.03059999999999
286.982	119.9606
287.213	118.10059999999999
287.444	122.11059999999999
287.675	122.23060000000001
287.906	124.4706
288.138	124.5706
288.369	129.0806
288.6	128.8606
288.831	120.3706
289.062	123.4506
289.293	123.0806
289.524	122.4606
289.755	121.06060000000001
289.986	120.6406
290.217	121.11059999999999
290.448	121.5406
290.679	122.4606
290.91	122.2106
291.141	120.9006
291.371	123.7406
291.602	121.7406
291.833	120.4106
292.064	122.1806
292.295	123.53059999999999
292.526	124.34060000000001
292.757	122.27059999999999
292.987	121.92060000000001
293.218	120.27059999999999
293.449	120.0406
293.68	121.9306
293.91	122.61059999999999
294.141	124.8006
294.372	122.56060000000001
294.603	121.2906
294.833	123.28059999999999
295.064	123.85059999999999
295.295	123.7106
295.525	127.5406
295.756	139.1906
295.987	164.5706
296.217	201.1006
296.448	183.8006
296.679	133.0806
296.909	125.3906
297.14	125.3006
297.37	124.5806
297.601	125.3206
297.831	126.1806
298.062	128.8406
298.292	129.3906
298.523	127.69059999999999
298.753	126.9306
298.984	126.1306
299.214	127.7906
299.445	129.6006
299.675	133.6906
299.905	138.1706
300.136	130.9006
300.366	128.25060000000002
300.597	128.8406
300.827	134.6106
301.057	143.8606
301.288	152.1306
301.518	140.9506
301.748	137.1206
301.979	152.8406
302.209	142.7206
302.439	135.01059999999998
302.669	131.5806
302.9	131.0606
303.13	136.3606
303.36	149.3006
303.59	176.1806
303.82	192.9406
304.051	151.0606
304.281	133.8806
304.511	131.7706
304.741	128.3306
304.971	129.2706
305.201	130.50060000000002
305.431	128.1906
305.661	129.4406
305.891	131.5206
306.121	138.9006
306.352	150.51059999999998
306.582	156.5206
306.812	149.04059999999998
307.042	166.00060000000002
307.272	208.0706
307.502	228.1806
307.731	213.51059999999998
307.961	169.8206
308.191	138.0606
308.421	134.0806
308.651	133.4506
308.881	134.3106
309.111	136.2106
309.341	138.6406
309.571	143.6206
309.8	142.8906
310.03	145.2406
310.26	148.4906
310.49	144.0506
310.72	150.8906
310.949	164.01059999999998
311.179	158.25060000000002
311.409	142.8306
311.639	143.4206
311.868	146.4006
312.098	143.8806
312.328	145.4706
312.557	159.9806
312.787	171.1206
313.017	160.2306
313.246	144.3906
313.476	139.1406
313.706	139.9606
313.935	145.9906
314.165	156.2806
314.394	160.4306
314.624	151.7106
314.853	149.5706
315.083	141.50060000000002
315.312	138.3006
315.542	137.7806
315.771	136.7706
316.001	136.41060000000002
316.23	136.0806
316.46	136.1206
316.689	137.5506
316.919	142.1106
317.148	147.4906
317.377	146.6106
317.607	145.3206
317.836	141.1506
318.065	136.7206
318.295	137.2406
318.524	136.2006
318.753	137.91060000000002
318.983	142.3806
319.212	149.8206
319.441	161.5806
319.67	164.3706
319.9	143.4906
320.129	139.6106
320.358	140.5706
320.587	145.2806
320.816	150.0106
321.046	153.3606
321.275	150.1406
321.504	145.50060000000002
321.733	147.6806
321.962	151.0506
322.191	155.9306
322.42	164.58059999999998
322.649	173.3406
322.878	177.3606
323.108	185.41060000000002
323.337	201.1906
323.566	215.4306
323.795	246.06060000000002
324.024	320.9406
324.253	598.3306
324.482	1223.5706
324.71	2400.1306
324.939	3131.5606000000002
325.168	1233.8006
325.397	386.60060000000004
325.626	241.56060000000002
325.855	210.6406
326.084	204.17059999999998
326.313	213.5306
326.542	243.83059999999998
326.77	358.8006
326.999	666.3405999999999
327.228	1310.5406
327.457	2327.0306
327.686	1930.1306
327.914	719.6206
328.143	691.9106
328.372	871.3506
328.6	521.5305999999999
328.829	286.6406
329.058	281.7906
329.287	295.6906
329.515	281.0906
329.744	382.3106
329.972	668.1306000000001
330.201	1249.8506
330.43	1786.2906
330.658	875.3606
330.887	417.1106
331.115	289.6106
331.344	208.90060000000003
331.572	199.58059999999998
331.801	205.0306
332.03	201.31060000000002
332.258	189.1806
332.486	182.17059999999998
332.715	187.2706
332.943	195.0206
333.172	209.83059999999998
333.4	226.6806
333.629	269.9306
333.857	367.1206
334.085	622.8506
334.314	1166.3806
334.542	2161.6205999999997
334.771	2079.9006
334.999	635.4106
335.227	292.9006
335.455	218.42059999999998
335.684	197.7906
335.912	183.5306
336.14	178.2106
336.369	177.4606
336.597	182.8406
336.825	176.3406
337.053	163.4606
337.281	159.1806
337.51	157.3906
337.738	159.3106
337.966	159.8806
338.194	167.6206
338.422	162.7306
338.65	152.5106
338.878	151.8606
339.106	148.3406
339.334	149.9906
339.562	147.85060000000001
339.79	147.7806
340.018	148.1806
340.246	151.7006
340.474	154.9206
340.702	151.9006
340.93	145.69060000000002
341.158	150.5106
341.386	154.0306
341.614	157.75060000000002
341.842	152.1506
342.07	146.4006
342.298	145.91060000000002
342.526	143.5206
342.754	140.5306
342.981	141.7206
343.209	142.4906
343.437	152.2006
343.665	146.4606
343.893	151.2006
344.12	152.3306
344.348	146.9306
344.576	147.2706
344.804	151.9806
345.031	159.8406
345.259	163.75060000000002
345.487	153.4906
345.714	150.2806
345.942	145.41060000000002
346.17	143.0906
346.397	144.25060000000002
346.625	145.4806
346.853	145.5106
347.08	142.85060000000001
347.308	148.66060000000002
347.535	154.4506
347.763	161.7706
347.99	156.1106
348.218	160.8206
348.445	170.8406
348.673	160.4706
348.9	150.5506
349.128	145.3306
349.355	141.5106
349.583	141.4606
349.81	143.3206
350.037	145.2206
350.265	143.8906
350.492	143.3206
350.72	144.8706
350.947	153.25060000000002
351.174	164.81060000000002
351.402	175.0906
351.629	158.7606
351.856	156.6706
352.083	163.76059999999998
352.311	168.63060000000002
352.538	173.1806
352.765	170.76059999999998
352.992	170.8406
353.22	166.8506
353.447	157.6206
353.674	152.4606
353.901	142.1306
354.128	140.8306
354.355	141.29059999999998
354.583	145.4906
354.81	143.4806
355.037	142.19060000000002
355.264	137.9306
355.491	136.9206
355.718	136.25060000000002
355.945	136.8206
356.172	139.1706
356.399	140.2806
356.626	138.7006
356.853	138.5106
357.08	138.2406
357.307	137.4806
357.534	137.25060000000002
357.761	136.9306
357.988	139.0706
358.215	138.2106
358.441	137.7606
358.668	136.69060000000002
358.895	135.94060000000002
359.122	137.6306
359.349	139.79059999999998
359.576	146.7306
359.802	165.40060000000003
360.029	195.47060000000002
360.256	193.2906
360.483	168.51059999999998
360.709	141.79059999999998
360.936	144.1506
361.163	148.10060000000001
361.39	153.0606
361.616	152.7106
361.843	145.0306
362.07	152.8706
362.296	155.8606
362.523	148.8106
362.749	149.0106
362.976	144.5606
363.203	142.6206
363.429	138.9206
363.656	141.1406
363.882	138.0706
364.109	140.4906
364.335	142.04059999999998
364.562	141.2206
364.788	143.10060000000001
365.015	147.3106
365.241	152.4806
365.468	166.2706
365.694	165.08059999999998
365.92	154.7306
366.147	145.2306
366.373	138.94060000000002
366.599	139.5806
366.826	140.0106
367.052	137.8806
367.278	142.1306
367.505	140.3706
367.731	146.1706
367.957	143.41060000000002
368.184	145.1806
368.41	155.10060000000001
368.636	174.63060000000002
368.862	182.3906
369.089	170.1406
369.315	149.4606
369.541	144.54059999999998
369.767	144.4506
369.993	144.3006
370.219	145.60060000000001
370.445	139.0506
370.672	138.44060000000002
370.898	136.7006
371.124	137.6806
371.35	138.2106
371.576	139.1306
371.802	136.6406
372.028	136.8806
372.254	138.6206
372.48	137.10060000000001
372.706	137.7206
372.932	136.50060000000002
373.158	137.2406
373.384	141.66060000000002
373.61	141.2806
373.835	139.8406
374.061	140.25060000000002
374.287	146.10060000000001
374.513	143.6406
374.739	142.9606
374.965	141.2706
375.191	141.5506
375.416	141.0606
375.642	141.4906
375.868	143.0106
376.094	141.7406
376.319	139.2706
376.545	138.41060000000002
376.771	137.4206
376.997	138.0706
377.222	140.4606
377.448	139.00060000000002
377.674	137.79059999999998
377.899	136.16060000000002
378.125	137.4706
378.35	139.8406
378.576	136.3706
378.802	137.19060000000002
379.027	137.9306
379.253	137.9306
379.478	137.8206
379.704	139.4906
379.929	142.4806
380.155	141.3606
380.38	141.1406
380.606	145.5306
380.831	143.3106
381.057	143.44060000000002
381.282	140.9006
381.507	141.2306
381.733	144.1406
381.958	143.94060000000002
382.184	145.4506
382.409	148.10060000000001
382.634	151.25060000000002
382.86	148.5606
383.085	146.69060000000002
383.31	149.7106
383.535	149.04059999999998
383.761	148.2306
383.986	147.9006
384.211	148.44060000000002
384.436	150.9606
384.662	151.0906
384.887	152.2406
385.112	153.0906
385.337	153.8606
385.562	154.3306
385.787	158.35060000000001
386.013	167.25060000000002
386.238	176.3006
386.463	163.51059999999998
386.688	162.5406
386.913	153.8106
387.138	155.60060000000001
387.363	153.1506
387.588	153.2106
387.813	154.0206
388.038	155.2806
388.263	158.5206
388.488	158.9606
388.713	150.8706
388.938	151.4306
389.163	152.8906
389.387	152.91060000000002
389.612	149.3906
389.837	148.8706
390.062	148.7206
390.287	149.50060000000002
390.512	148.7206
390.736	146.5106
390.961	149.6406
391.186	152.00060000000002
391.411	152.8106
391.636	152.66060000000002
391.86	152.3006
392.085	151.0606
392.31	151.1306
392.534	149.2306
392.759	150.69060000000002
392.984	147.9206
393.208	147.6206
393.433	148.4606
393.658	148.9206
393.882	147.6206
394.107	146.0906
394.331	145.4506
394.556	147.94060000000002
394.78	152.10060000000001
395.005	149.94060000000002
395.229	147.8906
395.454	150.4906
395.678	153.60060000000001
395.903	154.6106
396.127	156.66060000000002
396.352	152.8606
396.576	148.19060000000002
396.801	149.4906
397.025	148.8106
397.249	150.5706
397.474	153.8606
397.698	154.2106
397.922	156.3406
398.147	157.2206
398.371	154.8406
398.595	158.2306
398.82	159.9206
399.044	167.7306
399.268	174.7406
399.492	184.91060000000002
399.717	192.8806
399.941	193.1506
400.165	194.25060000000002
400.389	184.9606
400.613	171.88060000000002
400.837	166.2006
401.062	166.47060000000002
401.286	165.76059999999998
401.51	167.5706
401.734	169.7006
401.958	184.8406
402.182	225.08059999999998
402.406	276.4906
402.63	227.65060000000003
402.854	183.3706
403.078	172.58059999999998
403.302	172.1806
403.526	172.2006
403.75	174.0506
403.974	173.17059999999998
404.198	175.3806
404.422	179.9406
404.645	183.2806
404.869	195.4806
405.093	219.6306
405.317	255.4406
405.541	252.8406
405.765	215.0606
405.988	227.4706
406.212	303.8506
406.436	402.3606
406.66	296.0206
406.883	213.0206
407.107	200.16060000000002
407.331	205.8406
407.555	216.8406
407.778	209.29059999999998
408.002	187.3406
408.226	181.11059999999998
408.449	180.51059999999998
408.673	178.8506
408.896	183.3106
409.12	191.6406
409.344	175.7106
409.567	167.7706
409.791	171.2406
410.014	174.25060000000002
410.238	172.4806
410.461	172.51059999999998
410.685	176.7806
410.908	179.4606
411.132	189.42059999999998
411.355	190.6306
411.578	174.9806
411.802	170.47060000000002
412.025	176.33059999999998
412.249	192.41060000000002
412.472	220.04059999999998
412.695	251.1006
412.919	213.0206
413.142	189.5606
413.365	179.3706
413.589	170.3906
413.812	168.1006
414.035	169.15060000000003
414.258	171.90060000000003
414.482	169.0406
414.705	166.2806
414.928	166.3706
415.151	166.01059999999998
415.374	166.8506
415.597	163.81060000000002
415.821	162.5306
416.044	165.42059999999998
416.267	166.13060000000002
416.49	160.0806
416.713	160.54059999999998
416.936	161.9006
417.159	165.3906
417.382	172.9506
417.605	186.3006
417.828	193.3706
418.051	179.0506
418.274	167.2906
418.497	161.3806
418.72	163.0206
418.943	161.8706
419.166	167.26059999999998
419.389	173.00060000000002
419.611	176.5606
419.834	179.7306
420.057	181.9406
420.28	192.1006
420.503	184.33059999999998
420.726	178.26059999999998
420.948	178.7706
421.171	191.8506
421.394	182.1106
421.617	167.4806
421.839	166.4506
422.062	165.81060000000002
422.285	171.4306
422.507	188.4606
422.73	201.25060000000002
422.953	179.8706
423.175	170.4306
423.398	169.3706
423.621	168.26059999999998
423.843	167.3406
424.066	169.6906
424.288	170.0906
424.511	177.7906
424.733	193.3906
424.956	217.3206
425.178	196.61059999999998
425.401	199.6406
425.623	198.95059999999998
425.846	173.17059999999998
426.068	176.2006
426.291	171.2806
426.513	168.16060000000002
426.735	169.7806
426.958	182.3606
427.18	214.92059999999998
427.402	288.5206
427.625	380.0506
427.847	358.8806
428.069	338.4406
428.292	222.1506
428.514	174.6906
428.736	162.51059999999998
428.958	158.25060000000002
429.181	154.9706
429.403	155.0706
429.625	158.7306
429.847	171.1106
430.069	193.7706
430.292	173.5206
430.514	154.3806
430.736	152.3206
430.958	153.6506
431.18	150.4506
431.402	151.7706
431.624	150.19060000000002
431.846	150.35060000000001
432.068	151.6106
432.29	154.0906
432.512	153.8006
432.734	154.4806
432.956	158.6506
433.178	169.66060000000002
433.4	172.47060000000002
433.622	158.04059999999998
433.844	157.1306
434.066	157.8406
434.287	159.3206
434.509	159.0806
434.731	162.0606
434.953	161.8806
435.175	163.5706
435.397	167.42059999999998
435.618	170.1006
435.84	191.83059999999998
436.062	233.3806
436.284	223.2806
436.505	183.50060000000002
436.727	178.15060000000003
436.949	162.50060000000002
437.17	157.6306
437.392	156.3006
437.614	167.25060000000002
437.835	199.50060000000002
438.057	235.4906
438.278	226.04059999999998
438.5	208.0306
438.721	241.3906
438.943	200.2706
439.165	164.8506
439.386	161.3206
439.608	166.92059999999998
439.829	187.13060000000002
440.05	231.58059999999998
440.272	276.3906
440.493	188.1906
440.715	161.7106
440.936	158.1806
441.158	160.54059999999998
441.379	161.8006
441.6	173.9406
441.822	180.7406
442.043	185.3906
442.264	212.4706
442.486	205.7706
442.707	180.2406
442.928	199.4606
443.149	252.22060000000002
443.371	255.9506
443.592	221.2306
443.813	229.9706
444.034	223.1406
444.255	179.0906
444.476	172.33059999999998
444.698	172.88060000000002
444.919	176.20059999999998
445.14	216.41060000000002
445.361	218.1906
445.582	228.66060000000002
445.803	284.0206
446.024	286.2406
446.245	270.9106
446.466	216.5506
446.687	167.6906
446.908	160.3606
447.129	155.4806
447.35	156.3806
447.571	160.7406
447.792	160.1106
448.013	170.8206
448.234	186.65060000000003
448.455	188.31060000000002
448.675	219.76059999999998
448.896	236.5306
449.117	185.3606
449.338	194.00060000000002
449.559	243.4606
449.779	258.8306
450.0	174.3206
450.221	155.94060000000002
450.442	154.4006
450.662	165.2806
450.883	190.7306
451.104	203.1106
451.324	168.40060000000003
451.545	150.8406
451.766	147.2106
451.986	146.35060000000001
452.207	149.04059999999998
452.428	154.5606
452.648	164.91060000000002
452.869	185.92059999999998
453.089	194.2906
453.31	201.9606
453.53	160.3306
453.751	154.4706
453.971	175.3206
454.192	197.16060000000002
454.412	160.4306
454.633	146.69060000000002
454.853	141.7406
455.073	145.2706
455.294	156.3006
455.514	180.2806
455.734	157.5206
455.955	143.3306
456.175	140.8706
456.395	140.0706
456.616	140.16060000000002
456.836	140.6706
457.056	139.6506
457.276	139.0306
457.497	141.6406
457.717	143.4806
457.937	143.6406
458.157	144.9906
458.377	155.5606
458.598	190.2006
458.818	279.9006
459.038	314.9706
459.258	233.31060000000002
459.478	168.5906
459.698	156.3306
459.918	155.04059999999998
460.138	156.0206
460.358	156.8106
460.578	160.7306
460.798	163.9906
461.018	165.2906
461.238	158.4506
461.458	157.5606
461.678	157.3006
461.898	160.9506
462.118	158.8006
462.338	161.1106
462.558	164.6006
462.777	169.42059999999998
462.997	184.11059999999998
463.217	199.6306
463.437	188.1406
463.657	174.5506
463.876	171.4406
464.096	173.6806
464.316	179.9406
464.536	185.0306
464.755	180.8206
464.975	205.2706
465.195	320.7406
465.414	328.28059999999994
465.634	183.90060000000003
465.854	161.4706
466.073	158.0206
466.293	153.4606
466.512	153.3406
466.732	152.0506
466.951	155.0206
467.171	162.7406
467.391	176.88060000000002
467.61	217.2406
467.829	293.0706
468.049	694.1106
468.268	1068.2106
468.488	327.3206
468.707	183.83059999999998
468.927	161.2806
469.146	155.6306
469.365	155.4306
469.585	159.0206
469.804	173.3206
470.023	179.26059999999998
470.243	171.3006
470.462	185.4306
470.681	210.4406
470.901	175.91060000000002
471.12	168.3606
471.339	174.1406
471.558	190.6106
471.777	229.9906
471.997	393.2606
472.216	1300.7705999999998
472.435	2952.8905999999997
472.654	821.3506
472.873	270.7306
473.092	191.1406
473.311	172.6906
473.53	164.7706
473.749	163.6806
473.968	179.1006
474.187	211.31060000000002
474.406	191.2706
474.625	158.6406
474.844	152.3906
475.063	151.7706
475.282	154.2706
475.501	152.8706
475.72	154.54059999999998
475.939	151.8206
476.158	153.1806
476.377	155.3106
476.596	156.1706
476.814	165.5906
477.033	167.5206
477.252	161.66060000000002
477.471	159.7806
477.69	161.6106
477.908	164.9806
478.127	167.5206
478.346	164.83059999999998
478.564	171.38060000000002
478.783	182.25060000000002
479.002	183.5706
479.22	185.5506
479.439	204.4806
479.658	218.8006
479.876	208.1906
480.095	208.4606
480.313	231.2206
480.532	260.7806
480.751	398.7906
480.969	1199.2406
481.188	4754.8606
481.406	3028.7605999999996
481.624	558.6806
481.843	266.3906
482.061	216.4006
482.28	196.16060000000002
482.498	187.11059999999998
482.717	179.8406
482.935	174.47060000000002
483.153	170.83059999999998
483.372	170.6006
483.59	168.2306
483.808	165.42059999999998
484.027	169.42059999999998
484.245	171.0506
484.463	171.5906
484.681	172.83059999999998
484.9	170.6406
485.118	171.9906
485.336	174.1106
485.554	176.81060000000002
485.772	179.0506
485.99	184.0706
486.209	184.9406
486.427	187.2306
486.645	201.5706
486.863	211.5206
487.081	191.06060000000002
487.299	178.3606
487.517	175.4806
487.735	172.4306
487.953	173.5706
488.171	177.2906
488.389	179.0906
488.607	184.3606
488.825	176.67059999999998
489.043	171.42059999999998
489.261	174.41060000000002
489.479	174.0906
489.696	175.2806
489.914	177.50060000000002
490.132	178.5906
490.35	182.2306
490.568	181.3006
490.786	186.8006
491.003	192.04059999999998
491.221	204.8006
491.439	215.1306
491.657	211.2706
491.874	209.17059999999998
492.092	209.83059999999998
492.31	214.66060000000002
492.527	225.7706
492.745	229.4406
492.963	220.5706
493.18	215.5706
493.398	212.0706
493.615	213.3106
493.833	210.7106
494.05	203.2806
494.268	199.66060000000002
494.485	197.1306
494.703	195.11059999999998
494.92	193.3706
495.138	191.0306
495.355	192.20059999999998
495.573	191.3706
495.79	190.0906
496.008	190.9606
496.225	187.9906
496.442	186.8406
496.66	191.1906
496.877	186.9006
497.094	188.8706
497.312	188.54059999999998
497.529	188.2306
497.746	191.7406
497.963	195.1206
498.181	202.70059999999998
498.398	207.2206
498.615	230.8706
498.832	229.4406
499.049	215.5606
499.267	218.58059999999998
499.484	224.11059999999998
499.701	230.1906
499.918	236.26059999999998
500.135	242.2106
500.352	249.83059999999998
500.569	254.29059999999998
500.786	257.7906
501.003	250.7806
501.22	241.20059999999998
501.437	236.26059999999998
501.654	236.5606
501.871	256.95059999999995
502.088	220.9606
502.305	208.33059999999998
502.522	201.8706
502.739	200.3706
502.956	193.5506
503.172	193.51059999999998
503.389	200.9006
503.606	220.3906
503.823	202.8906
504.04	189.41060000000002
504.256	187.3406
504.473	184.4706
504.69	186.25060000000002
504.907	185.9406
505.123	179.79059999999998
505.34	177.4906
505.557	172.9406
505.773	174.31060000000002
505.99	172.15060000000003
506.207	170.5206
506.423	170.1206
506.64	168.8906
506.856	169.22060000000002
507.073	169.3606
507.289	170.47060000000002
507.506	178.2306
507.722	210.8006
507.939	214.3006
508.155	177.75060000000002
508.372	170.65060000000003
508.588	167.1806
508.805	170.4506
509.021	173.3506
509.238	176.7106
509.454	176.5306
509.67	177.8206
509.887	186.3906
510.103	214.9606
510.319	317.9006
510.536	1033.2406
510.752	3436.7706
510.968	1023.9106
511.184	265.9106
511.401	206.5406
511.617	191.17059999999998
511.833	209.08059999999998
512.049	197.04059999999998
512.265	179.6006
512.481	172.81060000000002
512.698	169.38060000000002
512.914	168.41060000000002
513.13	167.81060000000002
513.346	167.5206
513.562	168.01059999999998
513.778	173.1906
513.994	176.6206
514.21	189.91060000000002
514.426	218.7006
514.642	258.3406
514.858	238.40060000000003
515.074	309.4506
515.29	819.0605999999999
515.506	2730.6606
515.721	1062.1406
515.937	301.8306
516.153	216.5906
516.369	190.7706
516.585	184.06060000000002
516.801	186.2806
517.016	183.3506
517.232	181.92059999999998
517.448	181.61059999999998
517.664	184.7406
517.879	184.3006
518.095	183.36059999999998
518.311	194.0206
518.527	194.3706
518.742	175.9606
518.958	172.47060000000002
519.173	170.51059999999998
519.389	170.58059999999998
519.605	174.0506
519.82	174.0506
520.036	189.42059999999998
520.251	224.5406
520.467	211.4806
520.682	193.47060000000002
520.898	197.4606
521.113	216.16060000000002
521.329	257.7406
521.544	390.6606
521.76	1042.7706
521.975	4475.1506
522.19	2826.0506
522.406	612.8006
522.621	238.8406
522.836	185.2406
523.052	172.42059999999998
523.267	163.38060000000002
523.482	162.8606
523.698	173.3206
523.913	206.7706
524.128	183.25060000000002
524.343	158.7206
524.559	155.1306
524.774	154.1306
524.989	162.25060000000002
525.204	178.88060000000002
525.419	171.4606
525.634	151.9806
525.849	148.2406
526.064	147.2606
526.28	147.9806
526.495	144.9706
526.71	144.8306
526.925	145.0506
527.14	143.7806
527.355	144.8606
527.57	146.9606
527.785	145.4306
527.999	145.44060000000002
528.214	147.0306
528.429	149.9906
528.644	150.4006
528.859	149.8606
529.074	155.4306
529.289	212.67059999999998
529.503	345.92060000000004
529.718	188.4806
529.933	151.8906
530.148	148.7106
530.363	146.3306
530.577	144.6306
530.792	146.41060000000002
531.007	145.44060000000002
531.221	147.91060000000002
531.436	146.19060000000002
531.651	145.85060000000001
531.865	144.7206
532.08	146.3606
532.295	147.4806
532.509	146.0906
532.724	146.7306
532.938	148.1406
533.153	149.60060000000001
533.367	145.1806
533.582	147.50060000000002
533.796	146.16060000000002
534.011	145.4606
534.225	144.00060000000002
534.44	144.9006
534.654	144.9206
534.868	144.9706
535.083	144.19060000000002
535.297	147.9506
535.511	162.76059999999998
535.726	167.2306
535.94	156.2806
536.154	152.2706
536.369	144.3606
536.583	140.7706
536.797	141.2006
537.011	139.5306
537.225	141.8906
537.44	143.9706
537.654	142.00060000000002
537.868	139.5806
538.082	142.79059999999998
538.296	141.50060000000002
538.51	139.7206
538.724	139.1506
538.938	140.0106
539.153	147.9606
539.367	169.9806
539.581	151.8906
539.795	140.4706
540.009	140.0206
540.222	140.16060000000002
540.436	140.5906
540.65	139.0506
540.864	142.66060000000002
541.078	150.6806
541.292	143.9306
541.506	139.60060000000001
541.72	138.19060000000002
541.934	137.85060000000001
542.147	136.35060000000001
542.361	136.2206
542.575	135.6506
542.789	140.25060000000002
543.002	138.7206
543.216	143.5806
543.43	154.5106
543.644	144.4506
543.857	139.8606
544.071	139.5506
544.285	140.29059999999998
544.498	136.6406
544.712	137.2206
544.925	137.29059999999998
545.139	137.85060000000001
545.352	135.6306
545.566	136.1506
545.779	135.8006
545.993	137.66060000000002
546.206	136.8306
546.42	137.2406
546.633	139.6806
546.847	139.19060000000002
547.06	136.0806
547.274	136.6206
547.487	137.3306
547.7	135.5606
547.914	134.6406
548.127	136.35060000000001
548.34	136.60060000000001
548.554	134.44060000000002
548.767	136.7606
548.98	137.7006
549.193	135.0106
549.407	137.9906
549.62	137.29059999999998
549.833	138.9206
550.046	135.8606
550.259	136.7306
550.473	138.00060000000002
550.686	138.8606
550.899	135.25060000000002
551.112	136.50060000000002
551.325	140.4806
551.538	146.66060000000002
551.751	141.8006
551.964	139.19060000000002
552.177	140.69060000000002
552.39	136.9506
552.603	138.8906
552.816	138.3106
553.029	141.9906
553.242	143.35060000000001
553.455	154.1206
553.667	170.4506
553.88	169.3006
554.093	154.69060000000002
554.306	163.4406
554.519	172.3906
554.732	147.44060000000002
554.944	139.9206
555.157	136.4506
555.37	137.3406
555.583	137.9906
555.795	139.5306
556.008	133.79059999999998
556.221	133.5806
556.433	133.54059999999998
556.646	134.3106
556.859	133.16060000000002
557.071	133.1506
557.284	131.5606
557.496	131.1106
557.709	128.6806
557.921	129.9906
558.134	129.7806
558.346	129.5506
558.559	129.1006
558.771	126.03059999999999
558.984	127.5406
559.196	127.5406
559.409	129.4406
559.621	129.9706
559.833	131.0606
560.046	133.04059999999998
560.258	151.9306
560.47	181.83059999999998
560.683	146.8106
560.895	133.0906
561.107	130.75060000000002
561.32	128.5206
561.532	128.6106
561.744	128.4506
561.956	130.3406
562.168	130.8406
562.381	129.9406
562.593	128.25060000000002
562.805	129.50060000000002
563.017	129.4206
563.229	128.1806
563.441	127.7206
563.653	128.0206
563.865	126.1806
564.077	126.8306
564.289	128.4806
564.501	128.9206
564.713	131.6506
564.925	141.2806
565.137	156.2406
565.349	138.7106
565.561	134.4506
565.773	134.9906
565.985	132.6206
566.197	135.8106
566.408	139.54059999999998
566.62	142.6806
566.832	146.0606
567.044	146.04059999999998
567.255	146.1206
567.467	149.41060000000002
567.679	151.4906
567.891	155.2606
568.102	156.2606
568.314	151.8706
568.526	145.9606
568.737	141.44060000000002
568.949	138.1306
569.161	134.5806
569.372	132.6206
569.584	133.3106
569.795	134.9606
570.007	163.00060000000002
570.218	345.8606
570.43	198.8506
570.641	134.4906
570.853	127.73060000000001
571.064	127.23060000000001
571.276	125.9706
571.487	124.6806
571.698	124.73060000000001
571.91	124.4306
572.121	121.4106
572.333	120.4706
572.544	118.92060000000001
572.755	119.81060000000001
572.966	119.8206
573.178	118.86059999999999
573.389	122.94059999999999
573.6	120.2106
573.811	119.02059999999999
574.023	118.7906
574.234	118.27059999999999
574.445	119.6606
574.656	118.81060000000001
574.867	118.8806
575.078	119.11059999999999
575.289	119.23060000000001
575.501	119.09060000000001
575.712	117.98060000000001
575.923	118.92060000000001
576.134	118.48060000000001
576.345	117.2606
576.556	117.5106
576.767	119.6306
576.978	120.3906
577.188	121.5506
577.399	122.1806
577.61	123.5006
577.821	132.5706
578.032	151.9606
578.243	350.50059999999996
578.454	1077.7106
578.665	300.9406
578.875	138.8206
579.086	120.60059999999999
579.297	114.3706
579.508	115.60059999999999
579.718	115.77059999999999
579.929	116.85059999999999
580.14	111.94059999999999
580.35	113.7206
580.561	113.6506
580.772	110.6306
580.982	112.09060000000001
581.193	111.7606
581.403	111.9906
581.614	111.8306
581.825	111.9306
582.035	112.28059999999999
582.246	112.8206
582.456	110.94059999999999
582.667	110.36059999999999
582.877	110.2506
583.087	112.31060000000001
583.298	112.78059999999999
583.508	111.31060000000001
583.719	111.52059999999999
583.929	112.34060000000001
584.139	111.17060000000001
584.35	110.2906
584.56	113.2906
584.77	111.4706
584.981	111.9006
585.191	113.35059999999999
585.401	113.56060000000001
585.611	111.7506
585.821	113.4306
586.032	111.94059999999999
586.242	110.2606
586.452	110.6506
586.662	109.3306
586.872	109.7006
587.082	110.5006
587.292	108.9606
587.502	108.02059999999999
587.713	109.4906
587.923	109.7206
588.133	111.27059999999999
588.343	110.10059999999999
588.553	109.7906
588.762	113.98060000000001
588.972	112.1606
589.182	116.34060000000001
589.392	112.8306
589.602	119.3206
589.812	117.7206
590.022	112.9706
590.232	110.44059999999999
590.441	110.17060000000001
590.651	108.3206
590.861	108.4306
591.071	109.06060000000001
591.281	110.84060000000001
591.49	109.3206
591.7	111.1206
591.91	111.92060000000001
592.119	112.3006
592.329	117.42060000000001
592.539	122.6506
592.748	116.1506
592.958	114.69059999999999
593.167	114.1606
593.377	115.0006
593.587	119.7106
593.796	116.4306
594.006	115.2606
594.215	116.2506
594.424	115.2106
594.634	113.84060000000001
594.843	113.0406
595.053	110.92060000000001
595.262	111.2906
595.472	111.4906
595.681	110.6806
595.89	109.8806
596.1	109.1806
596.309	110.4106
596.518	108.5506
596.727	109.3306
596.937	109.0406
597.146	109.48060000000001
597.355	107.7606
597.564	107.0106
597.774	108.7906
597.983	107.18060000000001
598.192	106.10060000000001
598.401	105.73060000000001
598.61	106.51060000000001
598.819	105.7506
599.028	105.8906
599.237	105.69059999999999
599.446	106.28059999999999
599.655	109.0506
599.864	107.9506
600.073	106.6606
600.282	107.8906
600.491	107.7206
600.7	106.28059999999999
600.909	107.8806
601.118	108.73060000000001
601.327	108.84060000000001
601.536	107.77059999999999
601.745	106.98060000000001
601.953	107.0706
602.162	107.6606
602.371	107.0706
602.58	105.27059999999999
602.789	108.3206
602.997	107.44059999999999
603.206	107.43060000000001
603.415	104.8906
603.623	104.94059999999999
603.832	104.98060000000001
604.041	103.6506
604.249	103.2006
604.458	102.3006
604.666	102.9506
604.875	103.2906
605.084	104.4706
605.292	102.34060000000001
605.501	103.26060000000001
605.709	103.5806
605.918	103.56060000000001
606.126	105.42060000000001
606.334	103.3306
606.543	104.0406
606.751	105.2006
606.96	105.5006
607.168	103.81060000000001
607.376	108.2006
607.585	105.67060000000001
607.793	104.77059999999999
608.001	103.3206
608.21	103.53059999999999
608.418	103.8806
608.626	100.44059999999999
608.834	103.44059999999999
609.043	103.8306
609.251	101.26060000000001
609.459	102.78059999999999
609.667	104.84060000000001
609.875	103.6506
610.083	103.92060000000001
610.291	101.6606
610.499	105.36059999999999
610.707	105.76060000000001
610.916	103.7406
611.124	104.42060000000001
611.332	103.69059999999999
611.54	102.6206
611.748	103.69059999999999
611.955	103.2506
612.163	101.4106
612.371	101.3006
612.579	100.9106
612.787	102.78059999999999
612.995	103.56060000000001
613.203	103.3206
613.411	103.44059999999999
613.618	100.9506
613.826	101.31060000000001
614.034	101.8206
614.242	103.18060000000001
614.449	102.2906
614.657	106.9006
614.865	103.7206
615.072	103.8006
615.28	105.4506
615.488	107.09060000000001
615.695	105.1206
615.903	110.43060000000001
616.111	113.4106
616.318	113.7206
616.526	108.44059999999999
616.733	108.61059999999999
616.941	105.2006
617.148	105.0806
617.356	103.4106
617.563	101.51060000000001
617.771	102.19059999999999
617.978	100.5006
618.185	101.6206
618.393	100.7406
618.6	101.51060000000001
618.807	101.03059999999999
619.015	99.9106
619.222	100.28059999999999
619.429	102.2206
619.637	100.3906
619.844	98.60060000000001
620.051	99.8906
620.258	99.76060000000001
620.466	99.8806
620.673	98.44059999999999
620.88	97.60060000000001
621.087	97.5806
621.294	100.4506
621.501	97.0706
621.708	100.7406
621.915	100.3306
622.122	100.4906
622.329	99.7006
622.536	98.1406
622.743	97.5006
622.95	98.8006
623.157	96.8706
623.364	97.69059999999999
623.571	99.06060000000001
623.778	97.8006
623.985	98.7906
624.192	98.1606
624.399	98.2506
624.606	99.3206
624.812	98.1606
625.019	98.1206
625.226	95.85060000000001
625.433	101.35060000000001
625.639	98.6406
625.846	97.23060000000001
626.053	96.9006
626.259	97.5806
626.466	98.85060000000001
626.673	95.7406
626.879	96.69059999999999
627.086	98.4706
627.293	98.10060000000001
627.499	96.85060000000001
627.706	96.8006
627.912	96.8206
628.119	97.1206
628.325	98.3006
628.532	96.09060000000001
628.738	96.3306
628.945	95.68060000000001
629.151	95.92060000000001
629.357	95.59060000000001
629.564	96.6406
629.77	97.3806
629.976	95.26060000000001
630.183	96.10060000000001
630.389	93.3306
630.595	94.6206
630.802	94.98060000000001
631.008	95.7206
631.214	94.85060000000001
631.42	97.0006
631.627	98.92060000000001
631.833	95.36059999999999
632.039	93.8906
632.245	94.42060000000001
632.451	95.06060000000001
632.657	94.17060000000001
632.863	95.52059999999999
633.069	92.9106
633.275	94.7906
633.481	94.35060000000001
633.688	94.7406
633.893	96.7906
634.099	94.5406
634.305	95.02059999999999
634.511	94.9706
634.717	97.5706
634.923	97.43060000000001
635.129	97.42060000000001
635.335	99.77059999999999
635.541	99.9106
635.747	105.5806
635.952	115.0506
636.158	156.7706
636.364	453.1606
636.57	402.67060000000004
636.775	165.92059999999998
636.981	116.7206
637.187	104.48060000000001
637.392	98.8706
637.598	97.9706
637.804	97.36059999999999
638.009	95.2206
638.215	96.0506
638.421	94.7506
638.626	94.8906
638.832	94.1406
639.037	94.17060000000001
639.243	93.5006
639.448	93.4306
639.654	94.1806
639.859	93.09060000000001
640.065	93.17060000000001
640.27	96.69059999999999
640.475	92.6406
640.681	92.1206
640.886	93.7206
641.091	92.48060000000001
641.297	94.2606
641.502	93.27059999999999
641.707	97.4306
641.913	95.6306
642.118	92.59060000000001
642.323	93.2106
642.528	94.56060000000001
642.733	94.3706
642.939	94.28059999999999
643.144	93.0706
643.349	92.44059999999999
643.554	94.4106
643.759	91.61059999999999
643.964	92.2106
644.169	92.9606
644.374	93.8906
644.579	93.8706
644.784	92.1806
644.989	92.42060000000001
645.194	92.67060000000001
645.399	93.61059999999999
645.604	94.5506
645.809	95.69059999999999
646.014	92.7106
646.219	92.44059999999999
646.423	91.7606
646.628	91.0406
646.833	92.0006
647.038	93.7506
647.243	94.9906
647.447	93.73060000000001
647.652	96.1206
647.857	93.3706
648.062	94.1206
648.266	95.8206
648.471	99.2006
648.676	100.78059999999999
648.88	99.94059999999999
649.085	99.09060000000001
649.289	100.23060000000001
649.494	113.6606
649.698	157.1006
649.903	114.7906
650.107	96.5806
650.312	95.6406
650.516	90.5406
650.721	92.73060000000001
650.925	91.36059999999999
651.13	90.0806
651.334	89.6406
651.539	91.23060000000001
651.743	88.61059999999999
651.947	88.3006
652.152	90.31060000000001
652.356	90.02059999999999
652.56	91.1606
652.764	89.23060000000001
652.969	89.1606
653.173	86.9706
653.377	87.92060000000001
653.581	86.69059999999999
653.785	88.5006
653.99	88.44059999999999
654.194	87.6806
654.398	88.36059999999999
654.602	89.6806
654.806	94.3306
655.01	112.2406
655.214	97.11059999999999
655.418	90.34060000000001
655.622	88.34060000000001
655.826	88.77059999999999
656.03	91.69059999999999
656.234	94.10059999999999
656.438	102.1406
656.642	103.7406
656.846	95.10059999999999
657.049	89.7006
657.253	88.3706
657.457	87.0806
657.661	85.4606
657.865	87.0506
658.068	85.02059999999999
658.272	84.8306
658.476	85.1206
658.68	83.8706
658.883	84.6606
659.087	83.35059999999999
659.291	83.28059999999999
659.494	83.8806
659.698	83.03059999999999
659.901	82.4306
660.105	82.86059999999999
660.309	82.1806
660.512	82.8806
660.716	85.0806
660.919	84.2406
661.123	85.3806
661.326	82.11059999999999
661.53	83.35059999999999
661.733	83.0506
661.936	82.1806
662.14	81.2006
662.343	82.56060000000001
662.546	80.2206
662.75	82.5706
662.953	83.81060000000001
663.156	80.6906
663.36	81.94059999999999
663.563	80.8406
663.766	79.7706
663.969	82.81060000000001
664.173	81.3906
664.376	80.25059999999999
664.579	80.23060000000001
664.782	80.6306
664.985	82.3806
665.188	82.2606
665.391	81.1506
665.594	80.9006
665.797	81.7606
666.0	81.92060000000001
666.203	82.17060000000001
666.406	81.0106
666.609	81.9706
666.812	83.4606
667.015	79.7406
667.218	82.5006
667.421	82.3206
667.624	80.8706
667.827	81.60059999999999
668.03	81.9306
668.232	81.2406
668.435	81.6506
668.638	82.02059999999999
668.841	82.78059999999999
669.043	80.5506
669.246	81.4106
669.449	80.8606
669.651	80.1506
669.854	80.6206
670.057	81.27059999999999
670.259	79.5906
670.462	80.2106
670.665	79.8806
670.867	83.4506
671.07	81.84060000000001
671.272	81.78059999999999
671.475	82.7906
671.677	80.6906
671.88	81.2206
672.082	80.3506
672.284	80.5806
672.487	80.4306
672.689	79.81060000000001
672.892	80.7006
