223.165	-17.6657
223.4	-17.6657
223.635	-17.6657
223.869	-18.3057
224.104	-19.4457
224.338	-16.1557
224.573	-13.6257
224.808	-12.575700000000001
225.042	-7.675699999999999
225.277	-5.175700000000001
225.511	-2.6256999999999997
225.746	4.2343
225.98	7.3543
226.215	11.1243
226.449	15.1243
226.683	20.494300000000003
226.918	23.984299999999998
227.152	30.9343
227.387	33.604299999999995
227.621	37.9943
227.856	45.4743
228.09	47.524300000000004
228.324	49.3443
228.559	55.4643
228.793	70.5643
229.027	104.4443
229.262	118.91430000000001
229.496	137.8743
229.73	175.83429999999998
229.964	173.72429999999997
230.199	128.5043
230.433	118.87429999999999
230.667	122.2043
230.901	120.82430000000001
231.136	118.2343
231.37	118.76429999999999
231.604	121.4243
231.838	121.24430000000001
232.072	120.4343
232.306	124.62429999999999
232.541	122.1343
232.775	122.74430000000001
233.009	123.7143
233.243	125.1543
233.477	124.59429999999999
233.711	126.4443
233.945	127.12429999999999
234.179	128.3043
234.413	127.50430000000001
234.647	125.6843
234.881	127.58430000000001
235.115	130.9843
235.349	131.42430000000002
235.583	134.1143
235.817	135.4543
236.051	139.9443
236.285	137.5343
236.519	138.7843
236.753	148.2143
236.987	174.1843
237.221	231.7643
237.455	243.1943
237.689	166.31429999999997
237.922	149.2943
238.156	147.9543
238.39	142.5343
238.624	138.42430000000002
238.858	140.77429999999998
239.091	142.6943
239.325	146.5943
239.559	151.0343
239.793	152.52429999999998
240.027	159.42430000000002
240.26	172.3443
240.494	178.9243
240.728	172.9643
240.961	165.1843
241.195	160.4843
241.429	156.7843
241.662	155.4843
241.896	155.4843
242.13	158.1943
242.363	159.77429999999998
242.597	161.2643
242.83	166.3843
243.064	164.24429999999998
243.298	166.0043
243.531	165.9843
243.765	166.5243
243.998	170.6843
244.232	173.39430000000002
244.465	179.7143
244.699	177.81429999999997
244.932	172.49429999999998
245.166	172.88430000000002
245.399	175.56429999999997
245.633	174.33429999999998
245.866	174.8043
246.099	177.4843
246.333	180.5743
246.566	182.0043
246.8	181.2743
247.033	185.4443
247.266	189.5943
247.5	195.24429999999998
247.733	199.70430000000002
247.966	200.4343
248.2	203.33429999999998
248.433	202.7543
248.666	211.95430000000002
248.899	229.24429999999998
249.133	249.79430000000002
249.366	264.35429999999997
249.599	261.1543
249.832	242.65429999999998
250.066	267.27430000000004
250.299	333.3443
250.532	418.6443
250.765	386.9243
250.998	334.6843
251.231	289.3643
251.465	260.9143
251.698	252.4643
251.931	247.39430000000002
252.164	240.0543
252.397	238.8243
252.63	242.2143
252.863	248.83429999999998
253.096	261.6443
253.329	267.7343
253.562	255.2843
253.795	250.9143
254.028	255.15429999999998
254.261	261.9443
254.494	285.3643
254.727	323.1743
254.96	328.0643
255.193	310.84430000000003
255.426	322.47429999999997
255.659	385.5743
255.892	556.5743
256.124	705.2543
256.357	572.5343
256.59	420.9743
256.823	351.33430000000004
257.056	320.4543
257.289	303.3943
257.521	292.5043
257.754	282.9843
257.987	275.77430000000004
258.22	276.7943
258.452	278.7543
258.685	274.2643
258.918	267.34430000000003
259.151	268.6143
259.383	272.6843
259.616	272.7643
259.849	280.0343
260.081	298.0743
260.314	310.10429999999997
260.547	302.8643
260.779	293.0843
261.012	298.84430000000003
261.244	297.8143
261.477	286.6143
261.71	291.1943
261.942	321.5643
262.175	336.5043
262.407	286.2443
262.64	266.4443
262.872	266.85429999999997
263.105	264.3643
263.337	267.1843
263.57	266.2843
263.802	266.9543
264.035	264.9843
264.267	263.7043
264.499	265.0643
264.732	268.60429999999997
264.964	269.5643
265.197	268.1343
265.429	270.1743
265.661	270.9143
265.894	272.2343
266.126	276.5843
266.358	276.0843
266.591	279.1543
266.823	285.5543
267.055	286.4243
267.287	287.09430000000003
267.52	281.77430000000004
267.752	283.59430000000003
267.984	285.2343
268.216	289.9843
268.448	295.8943
268.681	302.5143
268.913	314.9443
269.145	332.6743
269.377	330.58430000000004
269.609	320.8843
269.841	321.3143
270.073	335.41429999999997
270.306	362.5943
270.538	374.6343
270.77	355.1843
271.002	341.9943
271.234	344.3943
271.466	369.26430000000005
271.698	377.0043
271.93	373.33430000000004
272.162	373.9543
272.394	365.91429999999997
272.626	350.4943
272.858	334.60429999999997
273.09	332.10429999999997
273.322	331.6343
273.553	328.6443
273.785	330.6743
274.017	331.7243
274.249	337.76430000000005
274.481	339.7243
274.713	344.7243
274.945	352.9943
275.176	355.2743
275.408	365.2943
275.64	381.01430000000005
275.872	395.9643
276.104	383.1143
276.335	380.5643
276.567	409.62429999999995
276.799	462.94430000000006
277.031	530.1243000000001
277.262	568.4943
277.494	497.7143
277.726	421.8943
277.957	394.7043
278.189	388.2043
278.421	378.5643
278.652	373.33430000000004
278.884	372.3843
279.115	375.0043
279.347	380.26430000000005
279.579	398.90430000000003
279.81	440.8443
280.042	532.0643
280.273	621.5143
280.505	522.4643
280.736	425.4743
280.968	398.85429999999997
281.199	386.85429999999997
281.431	381.6743
281.662	381.2043
281.894	380.8243
282.125	397.65430000000003
282.356	443.91429999999997
282.588	490.2043
282.819	432.9243
283.051	382.94430000000006
283.282	370.5343
283.513	379.23429999999996
283.745	382.10429999999997
283.976	382.2243
284.207	379.2243
284.439	380.0643
284.67	379.62429999999995
284.901	379.1443
285.132	379.80429999999996
285.364	377.8943
285.595	379.9643
285.826	382.8943
286.057	389.5443
286.288	384.2743
286.52	387.2243
286.751	384.2143
286.982	388.0343
287.213	388.12429999999995
287.444	392.5443
287.675	401.6843
287.906	409.2243
288.138	412.23429999999996
288.369	415.15430000000003
288.6	411.69430000000006
288.831	403.7243
289.062	404.2443
289.293	399.90430000000003
289.524	398.1743
289.755	398.37429999999995
289.986	397.1143
290.217	393.6843
290.448	396.40430000000003
290.679	397.1143
290.91	396.7143
291.141	395.0043
291.371	394.90430000000003
291.602	395.2443
291.833	390.73429999999996
292.064	392.12429999999995
292.295	394.08430000000004
292.526	397.55429999999996
292.757	394.6843
292.987	391.4743
293.218	390.2943
293.449	395.0643
293.68	393.3943
293.91	395.10429999999997
294.141	397.33430000000004
294.372	391.8643
294.603	394.9743
294.833	399.26430000000005
295.064	399.2743
295.295	403.2243
295.525	403.7843
295.756	420.7043
295.987	448.1843
296.217	507.3843
296.448	480.4643
296.679	415.4943
296.909	405.19430000000006
297.14	408.8943
297.37	412.9243
297.601	414.0343
297.831	417.60429999999997
298.062	420.3643
298.292	422.73429999999996
298.523	428.9543
298.753	423.7443
298.984	422.40430000000003
299.214	424.55429999999996
299.445	428.6843
299.675	432.5343
299.905	441.2143
300.136	432.01430000000005
300.366	430.2743
300.597	435.1343
300.827	448.73429999999996
301.057	465.16429999999997
301.288	475.2043
301.518	461.7143
301.748	462.1743
301.979	484.9343
302.209	475.4743
302.439	467.8643
302.669	456.3843
302.9	452.3443
303.13	455.5443
303.36	476.91429999999997
303.59	511.5343
303.82	530.9443
304.051	481.91429999999997
304.281	461.51430000000005
304.511	448.5743
304.741	447.5443
304.971	444.1143
305.201	444.5943
305.431	445.3443
305.661	445.8943
305.891	445.5343
306.121	452.0043
306.352	470.12429999999995
306.582	472.6743
306.812	462.5643
307.042	496.0343
307.272	548.3343
307.502	578.2742999999999
307.731	558.2643
307.961	502.0943
308.191	461.5343
308.421	455.4543
308.651	460.08430000000004
308.881	459.2143
309.111	463.5943
309.341	467.0443
309.571	481.7143
309.8	486.7843
310.03	498.7543
310.26	504.4343
310.49	495.9243
310.72	521.3543
310.949	542.4143
311.179	529.7343000000001
311.409	502.66429999999997
311.639	503.9643
311.868	508.4543
312.098	507.59430000000003
312.328	520.5643
312.557	550.1243000000001
312.787	568.2943
313.017	542.2043
313.246	514.4543
313.476	499.9643
313.706	507.2343
313.935	520.8643
314.165	545.9143
314.394	552.2843
314.624	536.6943
314.853	524.5843
315.083	510.40430000000003
315.312	503.0943
315.542	497.4543
315.771	495.7143
316.001	491.3943
316.23	493.6343
316.46	495.12430000000006
316.689	505.7143
316.919	512.8443
317.148	521.2943
317.377	520.9043
317.607	515.8943
317.836	512.1243000000001
318.065	500.4943
318.295	503.3443
318.524	504.3243
318.753	501.16429999999997
318.983	507.5743
319.212	513.3443
319.441	532.5443
319.67	530.9743
319.9	508.2543
320.129	507.6843
320.358	511.8443
320.587	519.9543
320.816	534.3842999999999
321.046	541.8543
321.275	536.5643
321.504	531.7543000000001
321.733	538.1843
321.962	547.5242999999999
322.191	568.5743
322.42	589.9143
322.649	606.3543
322.878	618.2043
323.108	641.6143
323.337	686.6643
323.566	720.1243000000001
323.795	790.4943
324.024	936.0743
324.253	1446.0843
324.482	2508.4943000000003
324.71	3975.2443000000003
324.939	4763.0143
325.168	2582.4543
325.397	1090.9442999999999
325.626	812.4343
325.855	742.9743
326.084	727.8343
326.313	744.4743
326.542	807.1143
326.77	1001.4343
326.999	1530.2643
327.228	2622.2943
327.457	3948.8343
327.686	3433.3943
327.914	1793.8443
328.143	1672.2643
328.372	1854.2043
328.6	1330.7643
328.829	1003.9143
329.058	1022.6342999999999
329.287	1044.2443
329.515	1047.3943000000002
329.744	1255.1143
329.972	1759.7643
330.201	2462.0743
330.43	2899.5643
330.658	1960.3843
330.887	1307.6843
331.115	1031.2643
331.344	858.4343
331.572	820.7742999999999
331.801	828.9843000000001
332.03	820.7143
332.258	795.9543000000001
332.486	794.1443
332.715	817.3842999999999
332.943	858.0342999999999
333.172	909.9043
333.4	982.8043
333.629	1109.5042999999998
333.857	1359.5143
334.085	1815.6243
334.314	2435.9743
334.542	3291.4843
334.771	3143.9243
334.999	1760.1343
335.227	1126.8343
335.455	937.6043
335.684	849.7643
335.912	796.3543
336.14	760.9843000000001
336.369	743.2343000000001
336.597	747.8743000000001
336.825	720.3643
337.053	688.4143
337.281	669.7043000000001
337.51	660.0443
337.738	658.9243
337.966	653.6043
338.194	656.0242999999999
338.422	639.7943
338.65	622.1543
338.878	617.6943
339.106	606.4743
339.334	605.9743
339.562	597.1243000000001
339.79	588.3443
340.018	592.9943
340.246	596.5543
340.474	601.8743000000001
340.702	593.0743
340.93	583.5643
341.158	585.2343000000001
341.386	589.7443
341.614	592.0043000000001
341.842	584.9843000000001
342.07	575.1443
342.298	571.8143
342.526	566.7643
342.754	557.7143
342.981	563.2443
343.209	574.2143
343.437	601.6342999999999
343.665	619.8743000000001
343.893	644.4043
344.12	649.2543
344.348	624.9943
344.576	610.0143
344.804	608.1342999999999
345.031	616.8543
345.259	614.6643
345.487	587.5843
345.714	576.4743
345.942	558.2742999999999
346.17	557.1543
346.397	552.6843
346.625	557.1443
346.853	550.4943
347.08	549.1443
347.308	563.2643
347.535	579.3943
347.763	585.7543000000001
347.99	571.1643
348.218	581.8043
348.445	598.1643
348.673	575.4543
348.9	555.4643
349.128	544.5743
349.355	533.2343000000001
349.583	534.7643
349.81	539.1443
350.037	539.1043
350.265	537.3842999999999
350.492	537.4643
350.72	539.3343
350.947	552.3743000000001
351.174	577.1943
351.402	588.8543
351.629	565.1143
351.856	568.4843000000001
352.083	580.3842999999999
352.311	584.8743000000001
352.538	594.7543000000001
352.765	587.4643
352.992	577.4443
353.22	567.1643
353.447	556.2742999999999
353.674	543.9143
353.901	529.1843
354.128	525.3143
354.355	524.7443
354.583	529.1843
354.81	526.1243000000001
355.037	524.0943
355.264	519.0643
355.491	514.4743
355.718	516.8343
355.945	517.5643
356.172	518.1743
356.399	517.9543
356.626	519.3743000000001
356.853	522.2643
357.08	515.0943
357.307	518.4843000000001
357.534	516.4143
357.761	516.9943
357.988	521.2543000000001
358.215	517.6843
358.441	521.7043
358.668	523.6743
358.895	527.4043
359.122	530.1443
359.349	541.1543
359.576	562.8043
359.802	607.4043
360.029	660.3842999999999
360.256	650.5943000000001
360.483	597.1243000000001
360.709	554.0143
360.936	550.7243
361.163	555.6843
361.39	565.1043
361.616	564.0343
361.843	548.7643
362.07	560.5043000000001
362.296	563.8643
362.523	552.6743
362.749	555.8943
362.976	545.5843
363.203	534.8443
363.429	530.3842999999999
363.656	537.3743000000001
363.882	533.5943
364.109	529.1743
364.335	530.3943
364.562	533.0943
364.788	531.2543000000001
365.015	537.0843
365.241	544.5043000000001
365.468	556.7443
365.694	565.6643
365.92	551.6043
366.147	536.7243
366.373	532.4243
366.599	531.1843
366.826	526.3443
367.052	524.0543
367.278	530.8443
367.505	533.4143
367.731	538.5643
367.957	535.9343
368.184	542.3743000000001
368.41	558.1143
368.636	580.0443
368.862	586.4443
369.089	563.2643
369.315	543.9743
369.541	541.8543
369.767	544.5343
369.993	545.8143
370.219	546.4943
370.445	543.3543
370.672	542.1043
370.898	538.7243
371.124	544.8842999999999
371.35	550.6243000000001
371.576	546.4043
371.802	544.0643
372.028	542.6043
372.254	546.2943
372.48	548.2943
372.706	559.5242999999999
372.932	561.4343
373.158	553.6943
373.384	554.5143
373.61	552.8243
373.835	556.3842999999999
374.061	554.8043
374.287	567.6243000000001
374.513	571.3543
374.739	580.5543
374.965	586.6643
375.191	584.7343000000001
375.416	574.7343000000001
375.642	566.0643
375.868	564.0443
376.094	557.2443
376.319	552.3943
376.545	551.7943
376.771	546.7443
376.997	547.5643
377.222	548.7243
377.448	545.2243
377.674	541.2343000000001
377.899	538.2643
378.125	539.3643
378.35	536.9443
378.576	535.9743
378.802	535.9443
379.027	538.5143
379.253	542.2742999999999
379.478	538.0443
379.704	540.9043
379.929	546.6743
380.155	551.0543
380.38	548.8643
380.606	553.3643
380.831	548.2143
381.057	557.5242999999999
381.282	552.3043
381.507	552.4443
381.733	558.6943
381.958	561.1943
382.184	566.9743
382.409	574.8543
382.634	580.3643
382.86	575.3743000000001
383.085	579.9443
383.31	590.3842999999999
383.535	596.4843000000001
383.761	602.3443
383.986	608.2543000000001
384.211	616.2543000000001
384.436	622.3943
384.662	631.2943
384.887	639.1743
385.112	639.5043000000001
385.337	643.6643
385.562	647.0943
385.787	651.6943
386.013	669.3043
386.238	679.8842999999999
386.463	661.2843
386.688	658.8943
386.913	641.9943
387.138	642.7043
387.363	640.7043
387.588	633.7643
387.813	639.1243000000001
388.038	635.2143
388.263	647.4943
388.488	646.8743000000001
388.713	636.9643
388.938	634.7243
389.163	631.2243
389.387	630.7843
389.612	619.9443
389.837	625.3743000000001
390.062	624.7443
390.287	622.9643
390.512	625.0743
390.736	629.8243
390.961	641.0543
391.186	648.8143
391.411	667.3943
391.636	678.3243
391.86	688.6543
392.085	694.8243
392.31	682.2943
392.534	674.9243
392.759	661.8743000000001
392.984	653.1443
393.208	650.6743
393.433	654.9743
393.658	649.9443
393.882	647.7843
394.107	652.5443
394.331	656.4443
394.556	654.0343
394.78	663.2843
395.005	670.3343
395.229	668.2843
395.454	689.6543
395.678	698.7943
395.903	701.9043
396.127	710.0043
396.352	688.3943
396.576	667.6543
396.801	665.9043
397.025	676.7043000000001
397.249	687.9343
397.474	700.7043000000001
397.698	704.6943
397.922	719.0343
398.147	732.4543000000001
398.371	737.9843000000001
398.595	753.4243
398.82	780.0242999999999
399.044	838.1342999999999
399.268	912.3842999999999
399.492	1018.5943000000001
399.717	1084.3343
399.941	1064.5243
400.165	1016.2343000000001
400.389	945.6743
400.613	859.2843
400.837	809.0643
401.062	795.8343
401.286	789.2843
401.51	790.2043000000001
401.734	786.5343
401.958	808.8943
402.182	855.3943
402.406	918.1143
402.63	877.3243
402.854	843.7143
403.078	846.8643
403.302	855.5443
403.526	870.2043000000001
403.75	875.8842999999999
403.974	890.0843
404.198	891.1143
404.422	916.2742999999999
404.645	933.0343
404.869	968.0943000000001
405.093	1059.2943
405.317	1155.0543
405.541	1132.3943000000002
405.765	1001.4743
405.988	963.3943
406.212	1031.6843000000001
406.436	1128.8243
406.66	1035.3743
406.883	950.5643
407.107	995.2443
407.331	1046.5543
407.555	1105.2343
407.778	1063.7242999999999
408.002	970.4243
408.226	932.3842999999999
408.449	916.3743000000001
408.673	905.0143
408.896	923.9243
409.12	947.6243000000001
409.344	884.5943000000001
409.567	844.8543
409.791	848.1943
410.014	838.8443000000001
410.238	835.9943
410.461	837.0242999999999
410.685	845.6342999999999
410.908	861.7943
411.132	891.5343
411.355	901.5943000000001
411.578	851.8643
411.802	842.3543
412.025	875.1043
412.249	944.9943
412.472	1039.0743
412.695	1140.0643
412.919	1024.1643
413.142	944.2243
413.365	894.1843
413.589	854.1243000000001
413.812	820.2543
414.035	808.3043
414.258	814.9243
414.482	809.2343000000001
414.705	799.4943
414.928	791.7843
415.151	789.1443
415.374	787.6342999999999
415.597	779.8043
415.821	771.5043
416.044	781.2943
416.267	776.4043
416.49	759.0443
416.713	757.0743
416.936	773.6543
417.159	781.8043
417.382	808.3943
417.605	832.7243
417.828	855.7742999999999
418.051	826.1643
418.274	792.7343000000001
418.497	775.7843
418.72	792.2742999999999
418.943	790.2643
419.166	837.3842999999999
419.389	886.1643
419.611	890.5043
419.834	895.0342999999999
420.057	924.0343
420.28	973.4643
420.503	938.4343
420.726	895.4242999999999
420.948	883.8942999999999
421.171	912.9242999999999
421.394	878.4443
421.617	812.9343
421.839	801.8443000000001
422.062	808.0443
422.285	825.4243
422.507	897.9843000000001
422.73	963.9143
422.953	874.8143
423.175	831.4743
423.398	829.8543
423.621	832.8842999999999
423.843	853.0843
424.066	845.1743
424.288	837.2843
424.511	870.2243
424.733	933.7443
424.956	996.5143
425.178	929.0242999999999
425.401	951.8243
425.623	930.4243
425.846	813.3842999999999
426.068	805.8443000000001
426.291	792.3743000000001
426.513	792.6443
426.735	808.2843
426.958	868.4643
427.18	987.3343
427.402	1196.0243
427.625	1339.1543
427.847	1267.6143
428.069	1234.8743
428.292	940.3043
428.514	801.0843
428.736	754.8043
428.958	742.5843
429.181	716.3043
429.403	714.2243
429.625	735.1543
429.847	774.6843
430.069	849.1643
430.292	777.1543
430.514	706.4443
430.736	702.8443000000001
430.958	693.0343
431.18	685.8543
431.402	686.2742999999999
431.624	685.0343
431.846	695.7643
432.068	691.4743
432.29	703.4743
432.512	694.5242999999999
432.734	704.5543
432.956	701.5643
433.178	726.6543
433.4	725.9343
433.622	700.0743
433.844	703.0343
434.066	702.2543
434.287	708.6243000000001
434.509	734.9143
434.731	754.1943
434.953	766.7143
435.175	781.6543
435.397	794.1743
435.618	790.0743
435.84	858.2343000000001
436.062	995.1342999999999
436.284	967.4243
436.505	802.9443
436.727	771.9143
436.949	723.0242999999999
437.17	702.6843
437.392	703.6243000000001
437.614	731.5643
437.835	804.0443
438.057	943.9543000000001
438.278	993.1943
438.5	964.3943
438.721	1088.9143
438.943	914.7543
439.165	763.6143
439.386	747.0543
439.608	758.4243
439.829	793.0843
440.05	892.9743
440.272	981.1843
440.493	802.7943
440.715	743.8143
440.936	730.1843
441.158	734.3343
441.379	750.2643
441.6	793.2243
441.822	823.1943
442.043	873.3243
442.264	982.6743
442.486	932.4743
442.707	822.7343000000001
442.928	832.9343
443.149	915.3543
443.371	941.1143
443.592	955.5043
443.813	1067.1243
444.034	1037.1443000000002
444.255	879.3443000000001
444.476	853.9643
444.698	870.3543
444.919	882.1043
445.14	905.2643
445.361	908.4543000000001
445.582	948.2043000000001
445.803	1090.3643
446.024	1156.1043
446.245	1094.4343000000001
446.466	934.0443
446.687	771.8743000000001
446.908	732.7143
447.129	703.1643
447.35	691.1743
447.571	692.8343
447.792	679.5543
448.013	702.1342999999999
448.234	739.2243
448.455	810.1843
448.675	971.1243000000001
448.896	1022.4043
449.117	819.6743
449.338	856.6243000000001
449.559	1055.1143
449.779	1072.1942999999999
450.0	780.6143
450.221	698.4143
450.442	677.8443000000001
450.662	683.6543
450.883	721.9143
451.104	745.4143
451.324	692.9043
451.545	658.6143
451.766	641.9843000000001
451.986	626.6143
452.207	627.2543000000001
452.428	630.9043
452.648	644.0143
452.869	666.9043
453.089	680.1443
453.31	693.1043
453.53	637.7143
453.751	628.8842999999999
453.971	659.5343
454.192	693.6943
454.412	632.3243
454.633	611.5043000000001
454.853	609.7343000000001
455.073	612.4843000000001
455.294	667.1043
455.514	743.9843000000001
455.734	665.5843
455.955	594.8343
456.175	587.1243000000001
456.395	581.9743
456.616	581.2543000000001
456.836	584.0543
457.056	583.3943
457.276	578.0743
457.497	597.1643
457.717	596.0343
457.937	603.8343
458.157	612.8543
458.377	635.1943
458.598	705.3943
458.818	873.0943000000001
459.038	985.9843000000001
459.258	879.2843
459.478	737.4043
459.698	710.7043000000001
459.918	711.9043
460.138	731.0443
460.358	750.8643
460.578	756.2243
460.798	766.6443
461.018	766.3643
461.238	749.7143
461.458	745.7543
461.678	741.9343
461.898	758.1543
462.118	764.8243
462.338	799.2643
462.558	814.1643
462.777	842.3943
462.997	912.0043
463.217	963.9643
463.437	931.0043
463.657	869.4443
463.876	850.0643
464.096	856.1342999999999
464.316	862.2343000000001
464.536	871.5043
464.755	848.3243
464.975	869.0643
465.195	1018.2943
465.414	1033.7443
465.634	795.1843
465.854	736.7143
466.073	708.5443
466.293	685.1243000000001
466.512	667.8343
466.732	662.0043
466.951	666.1743
467.171	677.5643
467.391	703.2343000000001
467.61	759.8842999999999
467.829	864.2543
468.049	1368.0843
468.268	1797.7743
468.488	962.4643
468.707	748.0743
468.927	699.8743000000001
469.146	675.4243
469.365	676.5743
469.585	677.5143
469.804	708.3543
470.023	729.2443
470.243	716.2843
470.462	740.0443
470.681	779.1643
470.901	731.0242999999999
471.12	715.9443
471.339	723.5543
471.558	746.1843
471.777	801.8543
471.997	1032.9343000000001
472.216	2223.9543
472.435	3867.3043000000002
472.654	1822.2843
472.873	1028.3543
473.092	856.2043000000001
473.311	786.3643
473.53	750.7043000000001
473.749	741.6943
473.968	800.0543
474.187	931.4543000000001
474.406	840.9043
474.625	712.9943
474.844	681.8043
475.063	669.5343
475.282	671.8743000000001
475.501	675.0242999999999
475.72	675.5543
475.939	677.1543
476.158	678.3943
476.377	680.7643
476.596	684.1342999999999
476.814	710.9143
477.033	715.1443
477.252	712.5743
477.471	717.6943
477.69	733.1143
477.908	742.1743
478.127	755.4543000000001
478.346	761.9643
478.564	780.0143
478.783	801.6543
479.002	822.0242999999999
479.22	826.8943
479.439	864.8043
479.658	894.3743000000001
479.876	898.4843000000001
480.095	923.9743
480.313	1004.2643
480.532	1050.6243
480.751	1263.7343
480.969	2316.0443
481.188	5647.3742999999995
481.406	3845.5343
481.624	1803.4143
481.843	1267.9643
482.061	1087.0042999999998
482.28	989.0343
482.498	933.0143
482.717	888.3543
482.935	864.6442999999999
483.153	847.4943
483.372	831.6643
483.59	817.7343000000001
483.808	809.2943
484.027	806.4943
484.245	806.8943
484.463	804.4343
484.681	814.8643
484.9	815.1543
485.118	814.4843000000001
485.336	816.3842999999999
485.554	826.5643
485.772	828.6342999999999
485.99	831.2742999999999
486.209	836.1443
486.427	846.0943000000001
486.645	865.3443000000001
486.863	887.5242999999999
487.081	860.4243
487.299	840.4443
487.517	837.4443
487.735	832.2543
487.953	832.6843
488.171	838.2243
488.389	845.2043000000001
488.607	854.5643
488.825	844.6843
489.043	851.8643
489.261	857.4143
489.479	866.9343
489.696	879.4143
489.914	895.9943
490.132	913.5943000000001
490.35	934.9643
490.568	953.7243
490.786	985.8243
491.003	1023.3443000000001
491.221	1091.4442999999999
491.439	1152.4843
491.657	1158.1543
491.874	1158.2043
492.092	1169.5042999999998
492.31	1192.4543
492.527	1244.2843
492.745	1279.5243
492.963	1257.9043
493.18	1223.1343
493.398	1201.3243
493.615	1185.9543
493.833	1153.4543
494.05	1125.7542999999998
494.268	1105.8043
494.485	1087.5543
494.703	1069.0042999999998
494.92	1061.1043
495.138	1046.4442999999999
495.355	1035.3843
495.573	1027.5042999999998
495.79	1018.8243
496.008	1013.5543
496.225	999.4943
496.442	994.0543
496.66	998.7143
496.877	997.6443
497.094	998.7143
497.312	1008.9343
497.529	1029.0243
497.746	1042.8043
497.963	1062.8443
498.181	1104.4643
498.398	1127.8043
498.615	1184.3043
498.832	1223.6743000000001
499.049	1249.4742999999999
499.267	1299.2443
499.484	1363.4442999999999
499.701	1432.4243000000001
499.918	1491.6443000000002
500.135	1562.3843
500.352	1623.0643
500.569	1644.4343
500.786	1647.8943000000002
501.003	1608.6243
501.22	1540.8143
501.437	1480.2343
501.654	1413.6243
501.871	1373.4543
502.088	1270.3043
502.305	1196.2743
502.522	1144.4243000000001
502.739	1104.8143
502.956	1057.8343
503.172	1030.4742999999999
503.389	1016.5743
503.606	1030.5243
503.823	995.6243000000001
504.04	974.2443
504.256	978.0943000000001
504.473	985.3543
504.69	983.6443
504.907	963.0043
505.123	925.1543
505.34	900.4743
505.557	883.6442999999999
505.773	870.9043
505.99	862.8543
506.207	856.7543
506.423	845.1443
506.64	831.4143
506.856	828.7643
507.073	824.0242999999999
507.289	818.2243
507.506	823.6943
507.722	872.0343
507.939	870.5343
508.155	809.5743
508.372	787.6743
508.588	780.4443
508.805	783.8743000000001
509.021	791.0743
509.238	815.5043
509.454	807.9643
509.67	794.9043
509.887	785.2643
510.103	815.0242999999999
510.319	922.6243000000001
510.536	1687.0943
510.752	4146.3543
510.968	1619.6942999999999
511.184	863.9143
511.401	829.8343
511.617	855.5543
511.833	967.8443000000001
512.049	962.4643
512.265	874.7842999999999
512.481	831.4643
512.698	802.8842999999999
512.914	783.5043
513.13	771.7043000000001
513.346	763.4643
513.562	760.6143
513.778	766.3743000000001
513.994	771.3043
514.21	795.5643
514.426	851.1043
514.642	923.7843
514.858	918.6743
515.074	1038.5643
515.29	1671.4343
515.506	3600.0742999999998
515.721	1767.8043
515.937	977.9843000000001
516.153	877.9543000000001
516.369	844.4043
516.585	839.6043
516.801	849.8043
517.016	858.3143
517.232	878.0242999999999
517.448	893.6843
517.664	914.2043000000001
517.879	910.6643
518.095	901.7543
518.311	901.8343
518.527	880.8343
518.742	839.9143
518.958	816.2443
519.173	798.9143
519.389	788.5743
519.605	774.6043
519.82	772.4343
520.036	800.8443000000001
520.251	848.9943
520.467	846.6543
520.682	819.6443
520.898	826.7742999999999
521.113	864.2742999999999
521.329	949.7842999999999
521.544	1163.9043
521.76	2018.5143
521.975	5348.1743
522.19	3606.4743
522.406	1275.4143
522.621	847.7742999999999
522.836	755.4243
523.052	721.0043
523.267	695.8842999999999
523.482	681.1643
523.698	686.1443
523.913	717.8842999999999
524.128	687.8543
524.343	658.6342999999999
524.559	648.8143
524.774	637.3443
524.989	645.0843
525.204	673.6143
525.419	660.1043
525.634	633.3143
525.849	627.6543
526.064	617.9143
526.28	616.3043
526.495	610.2043
526.71	606.4843000000001
526.925	605.3943
527.14	605.5943
527.355	601.8543
527.57	601.6043
527.785	602.3543
527.999	600.7742999999999
528.214	604.9043
528.429	608.6943
528.644	610.2943
528.859	610.4043
529.074	617.4843000000001
529.289	700.1843
529.503	897.9843000000001
529.718	706.3143
529.933	635.5743
530.148	617.6043
530.363	611.6943
530.577	603.4143
530.792	597.5943
531.007	599.6143
531.221	602.0743
531.436	597.4943
531.651	599.7943
531.865	597.4143
532.08	596.6543
532.295	598.7643
532.509	597.1743
532.724	593.6843
532.938	596.5443
533.153	594.7043
533.367	592.2843
533.582	592.5843
533.796	586.1643
534.011	587.4243
534.225	586.2343000000001
534.44	579.1843
534.654	583.6743
534.868	577.8743000000001
535.083	581.2843
535.297	586.2143
535.511	601.4143
535.726	610.8643
535.94	599.1443
536.154	587.7343000000001
536.369	571.4243
536.583	559.4943
536.797	563.0543
537.011	560.7943
537.225	554.8243
537.44	553.6043
537.654	557.3543
537.868	555.8343
538.082	557.9843000000001
538.296	556.9243
538.51	556.2543000000001
538.724	555.8543
538.938	552.3443
539.153	561.0743
539.367	593.6843
539.581	570.3543
539.795	551.2543000000001
540.009	548.2543000000001
540.222	545.5543
540.436	551.1943
540.65	553.4243
540.864	557.2742999999999
541.078	565.8943
541.292	555.7343000000001
541.506	542.2343000000001
541.72	534.6043
541.934	528.7343000000001
542.147	530.0143
542.361	525.5943
542.575	526.6243000000001
542.789	533.1243000000001
543.002	537.1643
543.216	545.7143
543.43	557.4043
543.644	543.2243
543.857	536.6643
544.071	537.4843000000001
544.285	539.5043000000001
544.498	538.1443
544.712	534.0843
544.925	536.9843000000001
545.139	537.6943
545.352	538.0443
545.566	535.2742999999999
545.779	532.3643
545.993	535.6743
546.206	536.3842999999999
546.42	534.5443
546.633	536.2043
546.847	534.5343
547.06	529.2742999999999
547.274	530.9343
547.487	526.2943
547.7	530.1143
547.914	528.3243
548.127	533.6543
548.34	533.3443
548.554	531.1143
548.767	533.2843
548.98	534.7043
549.193	535.5843
549.407	536.0443
549.62	537.4143
549.833	537.6943
550.046	534.4743
550.259	532.7443
550.473	524.2143
550.686	527.9543
550.899	523.2443
551.112	523.5743
551.325	523.2243
551.538	535.3842999999999
551.751	526.8143
551.964	528.1743
552.177	533.4543
552.39	536.9243
552.603	549.3343
552.816	556.6943
553.029	563.7343000000001
553.242	573.3643
553.455	586.1743
553.667	606.5643
553.88	608.7843
554.093	581.0843
554.306	583.9943
554.519	579.1342999999999
554.732	548.3943
554.944	529.6743
555.157	518.6843
555.37	511.0643
555.583	509.58430000000004
555.795	507.1343
556.008	493.62430000000006
556.221	486.3843
556.433	481.1843
556.646	479.9343
556.859	476.7743
557.071	469.9543
557.284	468.1443
557.496	465.87429999999995
557.709	464.33430000000004
557.921	462.12429999999995
558.134	457.8143
558.346	455.19430000000006
558.559	453.1143
558.771	453.55429999999996
558.984	451.0043
559.196	447.2443
559.409	447.44430000000006
559.621	449.8143
559.833	452.15430000000003
560.046	455.76430000000005
560.258	474.6443
560.47	498.8443
560.683	468.76430000000005
560.895	453.98429999999996
561.107	447.10429999999997
561.32	446.2243
561.532	446.0643
561.744	447.2043
561.956	447.9543
562.168	446.2943
562.381	446.6743
562.593	446.85429999999997
562.805	450.1743
563.017	450.16429999999997
563.229	450.7743
563.441	449.33430000000004
563.653	447.5643
563.865	451.5943
564.077	453.9743
564.289	458.2843
564.501	461.30429999999996
564.713	472.44430000000006
564.925	488.2743
565.137	514.4343
565.349	496.9543
565.561	503.60429999999997
565.773	514.9143
565.985	536.2543000000001
566.197	555.8943
566.408	584.6643
566.62	618.3143
566.832	646.9943
567.044	651.7343000000001
567.255	655.8343
567.467	671.7143
567.679	699.8243
567.891	729.8543
568.102	728.0343
568.314	688.5843
568.526	636.5943
568.737	597.5443
568.949	564.8543
569.161	530.2643
569.372	502.8143
569.584	487.6443
569.795	480.10429999999997
570.007	498.9543
570.218	673.0743
570.43	517.9043
570.641	452.10429999999997
570.853	448.0343
571.064	450.0443
571.276	445.10429999999997
571.487	430.60429999999997
571.698	419.1443
571.91	410.5043
572.121	405.5343
572.333	399.83430000000004
572.544	391.4643
572.755	386.9543
572.966	389.44430000000006
573.178	387.2043
573.389	384.5343
573.6	379.8643
573.811	374.60429999999997
574.023	372.41429999999997
574.234	371.37429999999995
574.445	370.3843
574.656	369.91429999999997
574.867	368.7443
575.078	368.8443
575.289	366.2143
575.501	366.8643
575.712	359.01430000000005
575.923	357.62429999999995
576.134	357.0043
576.345	356.8843
576.556	355.40430000000003
576.767	355.05429999999996
576.978	358.4643
577.188	355.4543
577.399	351.0943
577.61	350.9743
577.821	358.4643
578.032	377.3143
578.243	587.9743
578.454	1298.7443
578.665	517.7443
578.875	356.2043
579.086	336.01430000000005
579.297	332.7443
579.508	331.94430000000006
579.718	329.4643
579.929	330.01430000000005
580.14	323.4943
580.35	323.29429999999996
580.561	324.5243
580.772	322.2143
580.982	322.54429999999996
581.193	318.4543
581.403	319.2443
581.614	317.79429999999996
581.825	316.7643
582.035	316.3943
582.246	318.0143
582.456	315.4643
582.667	317.04429999999996
582.877	314.85429999999997
583.087	313.9243
583.298	311.8143
583.508	310.0843
583.719	312.10429999999997
583.929	314.1543
584.139	308.8743
584.35	307.52430000000004
584.56	311.4243
584.77	308.9443
584.981	309.60429999999997
585.191	311.02430000000004
585.401	309.8143
585.611	307.9843
585.821	309.2143
586.032	310.27430000000004
586.242	305.0743
586.452	302.4843
586.662	301.1443
586.872	301.79429999999996
587.082	300.8343
587.292	299.6843
587.502	299.8743
587.713	300.84430000000003
587.923	301.27430000000004
588.133	301.3343
588.343	300.3743
588.553	302.3243
588.762	304.8343
588.972	318.8343
589.182	389.8443
589.392	344.3243
589.602	351.40430000000003
589.812	371.2143
590.022	322.0643
590.232	306.2843
590.441	305.9643
590.651	305.9443
590.861	305.6743
591.071	306.6743
591.281	310.4843
591.49	310.1343
591.7	314.3243
591.91	320.1843
592.119	321.3743
592.329	334.01430000000005
592.539	348.23429999999996
592.748	344.16429999999997
592.958	348.9543
593.167	351.4543
593.377	356.2243
593.587	364.1843
593.796	357.8143
594.006	360.2843
594.215	360.55429999999996
594.424	356.58430000000004
594.634	348.5043
594.843	338.85429999999997
595.053	332.3843
595.262	324.80429999999996
595.472	317.4543
595.681	312.5043
595.89	306.72429999999997
596.1	301.34430000000003
596.309	296.85429999999997
596.518	293.7643
596.727	293.0843
596.937	290.3743
597.146	285.5843
597.355	282.4943
597.564	280.7843
597.774	277.77430000000004
597.983	274.1543
598.192	271.8943
598.401	274.0843
598.61	270.5543
598.819	271.02430000000004
599.028	269.7843
599.237	269.7943
599.446	267.2043
599.655	268.02430000000004
599.864	269.4943
600.073	266.1443
600.282	268.3943
600.491	264.5643
600.7	266.1843
600.909	266.2343
601.118	268.2443
601.327	266.6943
601.536	265.4043
601.745	266.60429999999997
601.953	265.1143
602.162	266.6543
602.371	266.9343
602.58	266.0543
602.789	265.1343
602.997	261.0043
603.206	259.9643
603.415	258.6343
603.623	257.4843
603.832	255.24429999999998
604.041	253.9143
604.249	255.61430000000001
604.458	254.4843
604.666	250.89430000000002
604.875	251.89430000000002
605.084	251.1243
605.292	251.8243
605.501	250.2343
605.709	250.11430000000001
605.918	248.15429999999998
606.126	247.6243
606.334	247.3743
606.543	246.89430000000002
606.751	248.0043
606.96	245.49429999999998
607.168	246.4643
607.376	250.74429999999998
607.585	250.95430000000002
607.793	250.2643
608.001	249.8743
608.21	245.13430000000002
608.418	243.90429999999998
608.626	244.13430000000002
608.834	246.2343
609.043	244.5143
609.251	246.74429999999998
609.459	244.2343
609.667	245.31429999999997
609.875	246.70430000000002
610.083	247.36430000000001
610.291	250.8243
610.499	252.0343
610.707	250.2643
610.916	246.5143
611.124	249.5043
611.332	247.22429999999997
611.54	246.29430000000002
611.748	241.3543
611.955	242.6743
612.163	239.22429999999997
612.371	241.3443
612.579	237.65429999999998
612.787	239.97429999999997
612.995	240.89430000000002
613.203	237.5243
613.411	235.7843
613.618	235.38430000000002
613.826	234.5343
614.034	233.1843
614.242	232.5943
614.449	231.0043
614.657	237.8743
614.865	233.4643
615.072	234.3443
615.28	236.0143
615.488	238.2643
615.695	236.47429999999997
615.903	242.14430000000002
616.111	243.3743
616.318	244.86430000000001
616.526	241.8243
616.733	238.40429999999998
616.941	233.54430000000002
617.148	234.38430000000002
617.356	233.04430000000002
617.563	232.31429999999997
617.771	233.4243
617.978	230.2543
618.185	231.33429999999998
618.393	228.04430000000002
618.6	228.6643
618.807	229.4443
619.015	228.11430000000001
619.222	224.9443
619.429	225.88430000000002
619.637	224.89430000000002
619.844	223.0143
620.051	222.0543
620.258	219.56429999999997
620.466	216.1843
620.673	213.7843
620.88	210.7343
621.087	212.83429999999998
621.294	215.33429999999998
621.501	218.54430000000002
621.708	220.79430000000002
621.915	218.65429999999998
622.122	213.29430000000002
622.329	214.4343
622.536	216.58429999999998
622.743	211.24429999999998
622.95	210.38430000000002
623.157	206.20430000000002
623.364	207.7543
623.571	208.7143
623.778	207.31429999999997
623.985	207.7643
624.192	203.4143
624.399	203.7643
624.606	205.13430000000002
624.812	201.38430000000002
625.019	201.7143
625.226	203.61430000000001
625.433	205.8743
625.639	201.6743
625.846	199.83429999999998
626.053	199.5943
626.259	197.5143
626.466	199.7643
626.673	197.79430000000002
626.879	198.5943
627.086	199.0343
627.293	198.1643
627.499	197.3743
627.706	196.6743
627.912	194.6843
628.119	194.6243
628.325	194.2543
628.532	192.2543
628.738	192.47429999999997
628.945	192.1643
629.151	191.0543
629.357	188.1243
629.564	189.3443
629.77	191.6043
629.976	189.47429999999997
630.183	188.04430000000002
630.389	188.0543
630.595	187.1843
630.802	186.20430000000002
631.008	184.1643
631.214	183.8043
631.42	185.79430000000002
631.627	186.79430000000002
631.833	184.56429999999997
632.039	183.4343
632.245	180.63430000000002
632.451	182.0043
632.657	182.0243
632.863	180.1743
633.069	180.6043
633.275	180.4843
633.481	178.9643
633.688	179.4543
633.893	183.79430000000002
634.099	179.83429999999998
634.305	181.8443
634.511	181.81429999999997
634.717	180.5043
634.923	181.40429999999998
635.129	182.49429999999998
635.335	186.2743
635.541	189.8743
635.747	200.0343
635.952	212.1243
636.158	261.4343
636.364	566.8043
636.57	527.6143
636.775	296.8343
636.981	236.1843
637.187	214.89430000000002
637.392	201.1643
637.598	194.89430000000002
637.804	191.0943
638.009	189.8543
638.215	185.9443
638.421	179.97429999999997
638.626	178.70430000000002
638.832	176.45430000000002
639.037	174.8443
639.243	173.0543
639.448	173.31429999999997
639.654	172.11430000000001
639.859	169.1743
640.065	166.6743
640.27	172.9843
640.475	167.4243
640.681	169.2343
640.886	169.15429999999998
641.091	168.6343
641.297	166.8743
641.502	166.7143
641.707	170.47429999999997
641.913	169.0543
642.118	165.08429999999998
642.323	162.5043
642.528	164.0943
642.733	160.2243
642.939	161.6343
643.144	160.5943
643.349	160.2443
643.554	161.5143
643.759	157.2143
643.964	157.18429999999998
644.169	157.52429999999998
644.374	156.7043
644.579	159.2543
644.784	160.93429999999998
644.989	158.8543
645.194	157.4443
645.399	159.43429999999998
645.604	158.5743
645.809	160.8543
646.014	159.4543
646.219	157.7943
646.423	158.4843
646.628	158.14430000000002
646.833	159.18429999999998
647.038	159.9843
647.243	160.3343
647.447	161.2843
647.652	164.0243
647.857	162.61430000000001
648.062	164.95430000000002
648.266	165.11430000000001
648.471	172.15429999999998
648.676	176.1243
648.88	172.1343
649.085	169.1943
649.289	170.6943
649.494	196.08429999999998
649.698	262.1843
649.903	195.0743
650.107	164.9243
650.312	158.0543
650.516	151.9743
650.721	150.7643
650.925	146.8243
651.13	144.6243
651.334	144.0343
651.539	142.6943
651.743	140.3243
651.947	138.9943
652.152	139.8343
652.356	136.7143
652.56	137.5943
652.764	132.5343
652.969	132.2543
653.173	131.0943
653.377	130.2843
653.581	128.8643
653.785	128.8543
653.99	129.77429999999998
654.194	129.4143
654.398	127.2843
654.602	128.6743
654.806	138.7843
655.01	164.2343
655.214	138.9143
655.418	128.3443
655.622	127.5643
655.826	125.8643
656.03	130.89430000000002
656.234	132.6543
656.438	140.3243
656.642	140.8843
656.846	130.2843
657.049	122.59429999999999
657.253	118.9843
657.457	114.1043
657.661	112.12429999999999
657.865	109.4843
658.068	107.1943
658.272	105.87429999999999
658.476	102.9543
658.68	102.2043
658.883	99.79429999999999
659.087	98.5343
659.291	99.5543
659.494	98.0643
659.698	94.8043
659.901	94.6943
660.105	93.1343
660.309	92.4743
660.512	92.24430000000001
660.716	95.6543
660.919	93.0543
661.123	93.79429999999999
661.326	90.2043
661.53	88.4443
661.733	88.33430000000001
661.936	88.26429999999999
662.14	86.6843
662.343	84.8943
662.546	82.9643
662.75	84.3543
662.953	84.50430000000001
663.156	82.08430000000001
663.36	82.04429999999999
663.563	83.5643
663.766	80.6343
663.969	83.51429999999999
664.173	81.62429999999999
664.376	83.2743
664.579	79.8843
664.782	82.9443
664.985	82.91430000000001
665.188	81.8843
665.391	82.4443
665.594	81.9643
665.797	79.8143
666.0	81.4343
666.203	79.79429999999999
666.406	79.68430000000001
666.609	81.0243
666.812	83.25430000000001
667.015	81.76429999999999
667.218	82.8843
667.421	80.29429999999999
667.624	79.3443
667.827	83.2743
668.03	81.32430000000001
668.232	80.7643
668.435	80.9243
668.638	82.79429999999999
668.841	81.9243
669.043	80.3143
669.246	81.32430000000001
669.449	81.12429999999999
669.651	79.6443
669.854	81.59429999999999
670.057	81.5543
670.259	80.2343
670.462	81.6943
670.665	80.4243
670.867	82.33430000000001
671.07	81.24430000000001
671.272	80.87429999999999
671.475	83.6943
671.677	80.10430000000001
671.88	81.2243
672.082	79.29429999999999
672.284	82.1843
672.487	81.83430000000001
672.689	79.87429999999999
672.892	81.33430000000001
