223.165	-16.7125
223.4	-16.7125
223.635	-16.7125
223.869	-16.3125
224.104	-17.7125
224.338	-14.3625
224.573	-15.8125
224.808	-14.5125
225.042	-8.9125
225.277	-4.6625
225.511	-1.4125
225.746	3.1375
225.98	6.0875
226.215	9.5875
226.449	14.9375
226.683	19.0375
226.918	27.7375
227.152	29.8875
227.387	35.1375
227.621	39.4875
227.856	46.0875
228.09	44.0875
228.324	50.9375
228.559	54.6375
228.793	56.6375
229.027	61.7875
229.262	63.9875
229.496	67.8875
229.73	68.4375
229.964	74.6375
230.199	74.4875
230.433	72.2875
230.667	76.9375
230.901	77.1375
231.136	75.1375
231.37	77.0875
231.604	79.0875
231.838	84.3875
232.072	78.4375
232.306	79.2375
232.541	80.0875
232.775	81.0375
233.009	80.2375
233.243	81.7875
233.477	80.2875
233.711	79.4375
233.945	79.6375
234.179	81.1375
234.413	79.0375
234.647	80.3375
234.881	76.8875
235.115	78.1375
235.349	79.1875
235.583	76.0875
235.817	78.7375
236.051	74.9875
236.285	75.4375
236.519	76.0875
236.753	76.0375
236.987	76.6875
237.221	76.8375
237.455	80.4375
237.689	74.5375
237.922	77.9875
238.156	75.3375
238.39	74.1375
238.624	76.3875
238.858	76.0875
239.091	77.0375
239.325	76.1875
239.559	73.1375
239.793	74.9875
240.027	75.1875
240.26	74.1375
240.494	76.0375
240.728	77.1875
240.961	76.3375
241.195	77.5375
241.429	78.0375
241.662	74.8875
241.896	72.5875
242.13	74.6875
242.363	74.2375
242.597	75.0875
242.83	77.1375
243.064	77.8375
243.298	76.1375
243.531	75.1875
243.765	76.4875
243.998	80.2875
244.232	80.1875
244.465	73.9875
244.699	73.2875
244.932	75.8875
245.166	78.7875
245.399	81.5875
245.633	78.4875
245.866	78.2375
246.099	75.5875
246.333	79.2875
246.566	78.2875
246.8	75.1375
247.033	73.8875
247.266	75.2375
247.5	77.2375
247.733	76.9375
247.966	81.3375
248.2	79.2375
248.433	77.0375
248.666	79.2375
248.899	77.7875
249.133	79.6875
249.366	82.8375
249.599	79.8375
249.832	77.0875
250.066	80.0875
250.299	77.8375
250.532	80.0875
250.765	78.5375
250.998	77.2375
251.231	76.8375
251.465	79.7375
251.698	76.7875
251.931	77.1875
252.164	78.8875
252.397	79.6875
252.63	77.6375
252.863	78.8875
253.096	78.4875
253.329	79.3875
253.562	74.7375
253.795	78.5875
254.028	82.2375
254.261	78.8375
254.494	78.5875
254.727	82.6375
254.96	80.1875
255.193	78.8875
255.426	78.6375
255.659	78.8375
255.892	81.2875
256.124	77.8875
256.357	79.8375
256.59	80.8375
256.823	81.1875
257.056	80.6375
257.289	81.0375
257.521	81.0875
257.754	78.2875
257.987	77.6875
258.22	81.9875
258.452	79.1875
258.685	79.7875
258.918	77.5375
259.151	81.4375
259.383	81.4875
259.616	80.7875
259.849	80.8875
260.081	80.9375
260.314	80.8375
260.547	79.1875
260.779	81.1875
261.012	80.8875
261.244	80.4375
261.477	83.1375
261.71	82.1875
261.942	76.0375
262.175	80.4375
262.407	78.8375
262.64	76.5375
262.872	81.7375
263.105	78.8375
263.337	81.8375
263.57	80.5375
263.802	82.2875
264.035	81.6375
264.267	82.1375
264.499	77.8875
264.732	80.1375
264.964	81.5875
265.197	82.0875
265.429	81.1875
265.661	84.7875
265.894	82.0375
266.126	82.7375
266.358	80.1375
266.591	78.7375
266.823	79.0875
267.055	80.6375
267.287	79.6375
267.52	79.6375
267.752	83.0875
267.984	86.2375
268.216	86.2375
268.448	86.1875
268.681	82.9875
268.913	82.5875
269.145	84.1375
269.377	84.6875
269.609	82.7375
269.841	83.1875
270.073	79.6375
270.306	85.1875
270.538	79.8375
270.77	78.1875
271.002	81.5375
271.234	80.2875
271.466	87.7875
271.698	81.7875
271.93	81.2375
272.162	81.5375
272.394	87.0875
272.626	82.6875
272.858	80.9875
273.09	81.7875
273.322	81.1875
273.553	78.3375
273.785	84.4375
274.017	83.9875
274.249	80.6375
274.481	81.6875
274.713	84.1375
274.945	87.5375
275.176	80.6875
275.408	81.7375
275.64	79.6375
275.872	81.8375
276.104	85.8375
276.335	80.8875
276.567	83.0375
276.799	82.1375
277.031	79.4375
277.262	81.3375
277.494	84.4875
277.726	82.8875
277.957	81.6375
278.189	81.8875
278.421	82.5375
278.652	78.3375
278.884	79.8375
279.115	83.7375
279.347	84.8875
279.579	80.7875
279.81	83.8875
280.042	81.5875
280.273	80.8375
280.505	79.1375
280.736	79.7875
280.968	81.2875
281.199	79.5875
281.431	82.9875
281.662	81.6875
281.894	84.6375
282.125	82.2875
282.356	80.4375
282.588	79.7875
282.819	83.5375
283.051	83.2875
283.282	83.1375
283.513	90.7375
283.745	82.7375
283.976	83.4375
284.207	82.4375
284.439	83.1875
284.67	86.2375
284.901	82.5875
285.132	84.0375
285.364	85.7875
285.595	83.9875
285.826	83.5375
286.057	82.1375
286.288	82.3375
286.52	83.7875
286.751	79.9375
286.982	85.1375
287.213	83.8375
287.444	83.3875
287.675	84.2375
287.906	82.6875
288.138	80.9875
288.369	83.1875
288.6	82.2875
288.831	81.5875
289.062	84.7875
289.293	83.0375
289.524	86.0375
289.755	82.7375
289.986	83.8875
290.217	85.3875
290.448	82.2375
290.679	82.3375
290.91	88.2375
291.141	84.3375
291.371	84.3375
291.602	84.4375
291.833	84.0375
292.064	84.2875
292.295	85.2375
292.526	83.0375
292.757	81.9375
292.987	86.1375
293.218	80.6875
293.449	80.3875
293.68	84.4875
293.91	83.3875
294.141	87.2375
294.372	83.6375
294.603	85.1875
294.833	82.5375
295.064	82.3875
295.295	82.7375
295.525	80.7375
295.756	84.5875
295.987	81.0375
296.217	83.3375
296.448	83.1875
296.679	82.5375
296.909	88.3375
297.14	86.6875
297.37	83.9375
297.601	81.4875
297.831	83.5875
298.062	83.4875
298.292	85.1875
298.523	86.5875
298.753	84.2875
298.984	85.5875
299.214	85.4875
299.445	86.1375
299.675	84.9375
299.905	85.1375
300.136	83.9875
300.366	82.5375
300.597	86.2375
300.827	84.7875
301.057	85.8375
301.288	83.8375
301.518	82.2875
301.748	81.4875
301.979	99.2875
302.209	84.6875
302.439	82.4875
302.669	82.0375
302.9	85.7375
303.13	85.0375
303.36	81.8875
303.59	85.7875
303.82	83.6375
304.051	82.5875
304.281	85.5875
304.511	86.0375
304.741	85.2375
304.971	83.7375
305.201	85.2875
305.431	83.6875
305.661	85.7875
305.891	81.6875
306.121	86.6375
306.352	88.7875
306.582	82.2375
306.812	82.6375
307.042	84.2375
307.272	83.9375
307.502	85.0375
307.731	87.7375
307.961	82.1375
308.191	82.4375
308.421	85.1875
308.651	86.0875
308.881	84.6875
309.111	81.9875
309.341	81.9375
309.571	82.9375
309.8	84.1375
310.03	78.9875
310.26	86.2375
310.49	83.0875
310.72	81.1875
310.949	83.1875
311.179	85.2875
311.409	81.6875
311.639	86.4375
311.868	86.4875
312.098	86.0875
312.328	88.1875
312.557	83.5875
312.787	84.0375
313.017	84.2875
313.246	85.0875
313.476	82.6375
313.706	85.1875
313.935	81.8875
314.165	83.9875
314.394	82.2875
314.624	84.5875
314.853	85.1875
315.083	84.8875
315.312	81.5875
315.542	80.9875
315.771	81.9875
316.001	83.5875
316.23	82.6375
316.46	83.0875
316.689	81.6375
316.919	83.1375
317.148	87.7875
317.377	82.9875
317.607	85.3375
317.836	83.5875
318.065	81.9875
318.295	83.4375
318.524	82.4375
318.753	81.5875
318.983	88.1875
319.212	84.5375
319.441	82.7375
319.67	84.2875
319.9	81.3875
320.129	82.7875
320.358	84.8875
320.587	83.9375
320.816	87.5875
321.046	85.6375
321.275	87.8375
321.504	83.5375
321.733	82.8375
321.962	83.2875
322.191	82.7875
322.42	82.8375
322.649	86.0375
322.878	84.0875
323.108	85.5375
323.337	85.3875
323.566	82.0375
323.795	85.4875
324.024	82.9875
324.253	81.3875
324.482	85.4375
324.71	83.4875
324.939	86.4875
325.168	82.9875
325.397	82.2375
325.626	84.3375
325.855	82.3375
326.084	80.8375
326.313	83.0375
326.542	79.5375
326.77	82.0875
326.999	82.9375
327.228	82.9875
327.457	83.6375
327.686	84.7375
327.914	86.0375
328.143	87.4375
328.372	87.1375
328.6	82.9875
328.829	81.6375
329.058	80.4875
329.287	86.2875
329.515	85.7875
329.744	85.4875
329.972	82.7875
330.201	81.2875
330.43	82.1875
330.658	81.7375
330.887	83.3375
331.115	86.9375
331.344	82.3375
331.572	89.2875
331.801	84.3875
332.03	85.7875
332.258	84.3375
332.486	81.6875
332.715	83.9375
332.943	82.5375
333.172	84.0875
333.4	81.3875
333.629	82.2875
333.857	80.8375
334.085	85.6375
334.314	82.0375
334.542	83.9375
334.771	81.9875
334.999	83.5875
335.227	82.3375
335.455	83.6875
335.684	85.7375
335.912	81.6875
336.14	82.3375
336.369	82.5375
336.597	84.9875
336.825	83.9875
337.053	85.8375
337.281	83.5375
337.51	82.5875
337.738	87.7875
337.966	81.1875
338.194	81.0375
338.422	81.2875
338.65	83.6875
338.878	85.6375
339.106	85.7375
339.334	87.2875
339.562	86.5875
339.79	85.5875
340.018	83.2375
340.246	82.5875
340.474	83.9375
340.702	83.9875
340.93	83.1375
341.158	83.4875
341.386	83.4375
341.614	82.4875
341.842	85.5375
342.07	83.6875
342.298	84.4875
342.526	83.3375
342.754	81.3375
342.981	78.8875
343.209	80.7375
343.437	96.4375
343.665	84.2875
343.893	83.7875
344.12	82.7875
344.348	81.8875
344.576	83.5875
344.804	80.7375
345.031	82.0875
345.259	85.7875
345.487	81.2375
345.714	82.0375
345.942	78.7875
346.17	87.6875
346.397	84.8375
346.625	78.8375
346.853	81.0875
347.08	80.7375
347.308	85.1375
347.535	81.4875
347.763	82.8375
347.99	81.1375
348.218	84.0875
348.445	83.2375
348.673	82.3875
348.9	83.1875
349.128	85.2875
349.355	82.2875
349.583	82.5875
349.81	83.5375
350.037	83.9375
350.265	85.9875
350.492	85.8875
350.72	83.4375
350.947	82.6875
351.174	85.5875
351.402	83.4875
351.629	81.3375
351.856	84.5375
352.083	81.8875
352.311	80.4875
352.538	80.7375
352.765	81.7875
352.992	87.4875
353.22	84.1375
353.447	82.4875
353.674	85.4375
353.901	82.9875
354.128	85.2375
354.355	81.4375
354.583	81.3375
354.81	86.7375
355.037	82.5875
355.264	82.3875
355.491	83.3875
355.718	82.8875
355.945	84.8875
356.172	81.1375
356.399	82.2875
356.626	82.1375
356.853	81.5375
357.08	86.7375
357.307	84.8375
357.534	80.2875
357.761	82.7875
357.988	82.2375
358.215	83.3875
358.441	82.0375
358.668	81.7375
358.895	82.6875
359.122	81.5375
359.349	83.2875
359.576	83.1875
359.802	81.3875
360.029	83.9375
360.256	82.0375
360.483	84.7375
360.709	83.0875
360.936	87.8875
361.163	82.2875
361.39	82.0875
361.616	82.6875
361.843	84.6375
362.07	83.3375
362.296	81.3875
362.523	82.1875
362.749	82.7375
362.976	80.0875
363.203	87.8375
363.429	81.7375
363.656	84.5875
363.882	79.6375
364.109	82.5875
364.335	87.6375
364.562	81.8875
364.788	79.7875
365.015	83.2375
365.241	82.9875
365.468	85.1875
365.694	81.1875
365.92	81.7375
366.147	83.3875
366.373	81.2375
366.599	85.4875
366.826	82.3375
367.052	82.4875
367.278	84.3875
367.505	82.0875
367.731	87.4375
367.957	81.7375
368.184	83.2375
368.41	83.2875
368.636	82.0375
368.862	81.6375
369.089	83.7875
369.315	79.1875
369.541	82.4375
369.767	84.2875
369.993	85.4875
370.219	84.2875
370.445	84.7875
370.672	81.3375
370.898	82.6375
371.124	81.9875
371.35	82.0875
371.576	83.5875
371.802	83.6375
372.028	79.5875
372.254	79.7875
372.48	79.1375
372.706	80.2375
372.932	84.5375
373.158	82.7375
373.384	81.4375
373.61	82.7875
373.835	84.3375
374.061	79.5375
374.287	84.7875
374.513	80.0375
374.739	82.3375
374.965	83.7875
375.191	82.2875
375.416	84.4875
375.642	87.5875
375.868	80.3875
376.094	80.5875
376.319	86.4375
376.545	80.1875
376.771	79.3375
376.997	80.9875
377.222	84.5375
377.448	81.8375
377.674	85.5375
377.899	82.9375
378.125	80.6875
378.35	86.5375
378.576	80.9875
378.802	81.5875
379.027	83.1875
379.253	83.9875
379.478	83.4875
379.704	82.3375
379.929	82.8875
380.155	83.6875
380.38	81.1375
380.606	80.0375
380.831	84.2375
381.057	87.5875
381.282	77.9875
381.507	80.8875
381.733	81.2875
381.958	82.3375
382.184	83.0375
382.409	81.8375
382.634	83.1875
382.86	81.3875
383.085	83.6375
383.31	83.0875
383.535	83.0875
383.761	82.5375
383.986	81.7375
384.211	80.3375
384.436	82.2875
384.662	80.3875
384.887	82.8375
385.112	80.3375
385.337	81.8375
385.562	80.6375
385.787	81.0375
386.013	82.3375
386.238	81.0375
386.463	78.9875
386.688	95.1375
386.913	78.9375
387.138	78.1875
387.363	81.1875
387.588	87.6875
387.813	79.8875
388.038	79.1375
388.263	83.5875
388.488	80.8375
388.713	78.2375
388.938	78.1375
389.163	80.8875
389.387	80.7375
389.612	83.9875
389.837	79.0375
390.062	83.7375
390.287	84.2375
390.512	81.0875
390.736	77.7375
390.961	80.1875
391.186	80.3875
391.411	82.3375
391.636	82.2875
391.86	79.6875
392.085	85.0875
392.31	79.2875
392.534	84.5375
392.759	85.5375
392.984	82.2875
393.208	83.2875
393.433	79.5375
393.658	81.6375
393.882	80.3375
394.107	80.0875
394.331	83.6375
394.556	78.2875
394.78	82.7375
395.005	81.1875
395.229	80.7375
395.454	81.7375
395.678	78.0875
395.903	82.8375
396.127	84.2375
396.352	82.8375
396.576	78.1375
396.801	83.5875
397.025	78.5375
397.249	78.3375
397.474	84.7375
397.698	80.5375
397.922	82.5875
398.147	80.2875
398.371	80.4375
398.595	84.5875
398.82	82.3375
399.044	78.8375
399.268	80.4375
399.492	81.6375
399.717	82.1375
399.941	78.3875
400.165	83.8875
400.389	82.3375
400.613	81.3875
400.837	79.8375
401.062	79.4375
401.286	78.0875
401.51	77.8875
401.734	83.2375
401.958	81.9875
402.182	80.1375
402.406	78.6875
402.63	80.4875
402.854	79.9875
403.078	83.4375
403.302	81.5875
403.526	81.2875
403.75	81.0375
403.974	77.1375
404.198	76.3875
404.422	81.0875
404.645	77.7875
404.869	78.0875
405.093	78.2375
405.317	80.1875
405.541	79.5875
405.765	77.5375
405.988	81.5375
406.212	81.5875
406.436	78.6875
406.66	82.7375
406.883	80.3375
407.107	81.9375
407.331	79.3875
407.555	77.2375
407.778	83.9875
408.002	79.4875
408.226	83.5375
408.449	79.4875
408.673	79.7875
408.896	83.4375
409.12	78.5875
409.344	78.6375
409.567	78.5375
409.791	80.3375
410.014	80.3875
410.238	79.8375
410.461	78.5375
410.685	82.7375
410.908	78.9375
411.132	81.9375
411.355	80.2875
411.578	81.5875
411.802	81.3875
412.025	81.9875
412.249	80.8875
412.472	81.2375
412.695	80.3875
412.919	81.2875
413.142	82.5875
413.365	80.6375
413.589	79.5375
413.812	80.7375
414.035	84.1875
414.258	80.0875
414.482	78.9375
414.705	80.5375
414.928	78.6375
415.151	79.0875
415.374	78.8875
415.597	78.1375
415.821	80.3875
416.044	81.4375
416.267	80.5875
416.49	79.1875
416.713	80.8375
416.936	80.4875
417.159	81.5375
417.382	78.9375
417.605	75.9375
417.828	79.8875
418.051	80.3875
418.274	84.1375
418.497	81.2875
418.72	77.5875
418.943	78.8875
419.166	80.5875
419.389	83.0375
419.611	80.3375
419.834	78.8375
420.057	80.8375
420.28	79.7375
420.503	79.1875
420.726	77.3375
420.948	78.2875
421.171	82.8375
421.394	80.0375
421.617	81.6375
421.839	79.6375
422.062	79.6875
422.285	79.2875
422.507	78.2375
422.73	79.5375
422.953	77.7375
423.175	78.5875
423.398	79.8875
423.621	80.7875
423.843	80.2875
424.066	78.5375
424.288	81.8375
424.511	81.1375
424.733	82.0375
424.956	81.9375
425.178	79.8375
425.401	81.2875
425.623	79.5875
425.846	79.3875
426.068	79.9375
426.291	78.7875
426.513	78.9375
426.735	82.7375
426.958	82.9375
427.18	79.7375
427.402	78.9375
427.625	79.0875
427.847	77.2375
428.069	79.2875
428.292	77.7875
428.514	81.9375
428.736	78.3375
428.958	77.0875
429.181	82.7875
429.403	76.0875
429.625	83.0375
429.847	83.1375
430.069	79.8375
430.292	84.3875
430.514	79.5375
430.736	79.4375
430.958	81.5875
431.18	78.0375
431.402	79.8875
431.624	80.1875
431.846	79.2375
432.068	81.0875
432.29	80.1375
432.512	81.6875
432.734	77.9375
432.956	78.6875
433.178	83.4375
433.4	80.3875
433.622	82.4375
433.844	78.6375
434.066	84.4875
434.287	77.4375
434.509	79.0875
434.731	82.8875
434.953	79.0375
435.175	78.7375
435.397	82.5875
435.618	80.5375
435.84	84.4375
436.062	81.5875
436.284	81.9875
436.505	81.5375
436.727	79.2375
436.949	81.8875
437.17	80.0875
437.392	83.1375
437.614	80.1875
437.835	77.4375
438.057	77.3375
438.278	76.5875
438.5	79.6375
438.721	79.8375
438.943	79.4375
439.165	79.7375
439.386	80.7375
439.608	86.4375
439.829	83.7875
440.05	79.7875
440.272	81.1375
440.493	80.4375
440.715	81.1875
440.936	80.2375
441.158	82.4375
441.379	79.5375
441.6	82.0875
441.822	79.8375
442.043	78.7875
442.264	83.1875
442.486	78.7875
442.707	81.1875
442.928	81.1375
443.149	77.2875
443.371	79.7375
443.592	78.8375
443.813	81.3875
444.034	81.5375
444.255	81.2375
444.476	80.6375
444.698	80.5875
444.919	81.0875
445.14	139.2375
445.361	102.0875
445.582	80.9875
445.803	79.8375
446.024	79.4875
446.245	81.9375
446.466	79.2875
446.687	77.9375
446.908	81.9375
447.129	84.7875
447.35	80.8375
447.571	80.2375
447.792	81.4875
448.013	80.5375
448.234	80.8375
448.455	78.7375
448.675	80.9375
448.896	80.6375
449.117	82.2875
449.338	78.3375
449.559	81.5375
449.779	76.5375
450.0	80.1875
450.221	80.9875
450.442	79.9375
450.662	79.8375
450.883	80.7375
451.104	83.8375
451.324	80.3875
451.545	79.6375
451.766	78.1875
451.986	78.1875
452.207	76.8875
452.428	82.0875
452.648	85.2875
452.869	79.7375
453.089	81.3875
453.31	79.0375
453.53	77.8875
453.751	79.3375
453.971	81.1875
454.192	80.1375
454.412	81.8375
454.633	78.5875
454.853	81.0375
455.073	81.9875
455.294	79.0375
455.514	82.3875
455.734	81.4375
455.955	80.4875
456.175	78.8375
456.395	79.8375
456.616	84.5875
456.836	78.6875
457.056	76.5375
457.276	76.3875
457.497	76.2875
457.717	82.3875
457.937	83.2375
458.157	78.5875
458.377	80.2875
458.598	79.7375
458.818	77.9375
459.038	77.8375
459.258	82.3875
459.478	80.6875
459.698	79.4875
459.918	84.1875
460.138	78.4875
460.358	80.7375
460.578	82.0875
460.798	80.1875
461.018	82.2375
461.238	83.0375
461.458	82.7875
461.678	82.1375
461.898	81.9875
462.118	80.2875
462.338	81.3375
462.558	82.6375
462.777	80.2875
462.997	83.3875
463.217	80.6375
463.437	81.8875
463.657	79.3875
463.876	81.2875
464.096	82.2875
464.316	80.6875
464.536	78.7875
464.755	81.0375
464.975	81.5875
465.195	84.4375
465.414	81.0375
465.634	82.6875
465.854	77.7375
466.073	82.3875
466.293	78.5375
466.512	76.8375
466.732	81.0375
466.951	85.0375
467.171	81.3375
467.391	81.6875
467.61	80.3375
467.829	78.5375
468.049	77.3375
468.268	78.7875
468.488	79.3875
468.707	79.9375
468.927	81.7875
469.146	77.7875
469.365	82.2875
469.585	78.1875
469.804	80.4375
470.023	78.3875
470.243	81.7375
470.462	83.8875
470.681	74.6375
470.901	78.6375
471.12	79.3375
471.339	80.6875
471.558	79.6875
471.777	82.9875
471.997	83.5375
472.216	82.7375
472.435	78.3875
472.654	81.7875
472.873	83.9375
473.092	83.6375
473.311	82.2375
473.53	81.3375
473.749	82.8875
473.968	83.6375
474.187	80.4375
474.406	81.4875
474.625	82.3375
474.844	80.4875
475.063	78.4375
475.282	80.5375
475.501	82.2375
475.72	83.4875
475.939	82.0875
476.158	79.0375
476.377	73.9375
476.596	78.7875
476.814	78.1375
477.033	80.0375
477.252	82.2875
477.471	79.1375
477.69	82.5375
477.908	83.4375
478.127	85.2375
478.346	83.8375
478.564	80.1875
478.783	77.6375
479.002	76.6875
479.22	82.6875
479.439	78.7375
479.658	80.1375
479.876	83.3875
480.095	77.0875
480.313	79.2375
480.532	78.9375
480.751	81.0875
480.969	80.0375
481.188	84.3375
481.406	82.0875
481.624	79.3375
481.843	79.7875
482.061	80.1875
482.28	80.6875
482.498	77.8875
482.717	78.9375
482.935	80.6375
483.153	79.2875
483.372	82.5875
483.59	79.5875
483.808	82.6375
484.027	83.3375
484.245	82.7875
484.463	82.1375
484.681	88.6875
484.9	83.8375
485.118	83.1875
485.336	82.8875
485.554	79.5875
485.772	81.1375
485.99	82.5375
486.209	79.9875
486.427	76.5375
486.645	80.5375
486.863	78.6875
487.081	78.7375
487.299	83.3375
487.517	83.7875
487.735	79.5875
487.953	81.9875
488.171	84.6875
488.389	81.0375
488.607	78.2875
488.825	77.8375
489.043	83.5375
489.261	84.6875
489.479	82.0375
489.696	84.9375
489.914	80.7375
490.132	81.0875
490.35	83.3375
490.568	80.1875
490.786	81.6875
491.003	81.9375
491.221	82.4875
491.439	81.1375
491.657	81.6375
491.874	83.7375
492.092	82.4875
492.31	82.9875
492.527	80.1375
492.745	79.8875
492.963	79.9375
493.18	82.5875
493.398	80.8375
493.615	79.9875
493.833	80.1375
494.05	81.2875
494.268	83.4875
494.485	85.1375
494.703	81.1875
494.92	81.1875
495.138	84.2375
495.355	81.9875
495.573	84.6375
495.79	79.9375
496.008	82.2375
496.225	80.7375
496.442	80.3875
496.66	82.7375
496.877	85.2875
497.094	82.5375
497.312	81.2375
497.529	78.1875
497.746	86.4375
497.963	79.3875
498.181	80.9375
498.398	80.8375
498.615	84.5375
498.832	80.4875
499.049	81.4375
499.267	80.5875
499.484	85.4375
499.701	81.2875
499.918	85.7375
500.135	81.4375
500.352	81.5875
500.569	82.0875
500.786	83.2875
501.003	81.4375
501.22	82.0875
501.437	78.4375
501.654	81.0375
501.871	82.0875
502.088	84.1375
502.305	85.2375
502.522	81.8375
502.739	82.2375
502.956	80.0375
503.172	82.3875
503.389	83.6875
503.606	78.5375
503.823	82.0875
504.04	83.0875
504.256	84.8375
504.473	80.5875
504.69	83.4875
504.907	87.6875
505.123	86.3875
505.34	85.4375
505.557	84.8875
505.773	84.3375
505.99	83.0875
506.207	80.6375
506.423	81.3375
506.64	83.0375
506.856	81.0875
507.073	82.5375
507.289	83.3875
507.506	83.4375
507.722	80.8375
507.939	79.1875
508.155	83.0875
508.372	80.6875
508.588	84.7375
508.805	82.2875
509.021	85.1875
509.238	84.3375
509.454	79.2875
509.67	81.3375
509.887	82.2375
510.103	81.1375
510.319	85.2375
510.536	82.7375
510.752	82.7375
510.968	81.7875
511.184	82.0375
511.401	79.9375
511.617	79.4875
511.833	79.6375
512.049	81.2875
512.265	80.5375
512.481	83.8375
512.698	84.5875
512.914	83.1875
513.13	83.2375
513.346	78.7875
513.562	82.5875
513.778	82.9375
513.994	84.5875
514.21	82.4875
514.426	85.7375
514.642	87.1375
514.858	83.9375
515.074	86.0875
515.29	84.2875
515.506	79.4875
515.721	81.9875
515.937	82.3375
516.153	81.1375
516.369	83.2375
516.585	82.6375
516.801	84.1375
517.016	85.8375
517.232	84.1375
517.448	84.5375
517.664	84.3375
517.879	81.1375
518.095	81.9875
518.311	84.5375
518.527	81.9875
518.742	79.8375
518.958	81.7875
519.173	81.5375
519.389	82.4375
519.605	83.1375
519.82	81.2875
520.036	82.3875
520.251	78.7375
520.467	82.9875
520.682	80.9875
520.898	81.5375
521.113	81.6875
521.329	83.9375
521.544	84.1875
521.76	83.0875
521.975	81.6875
522.19	84.4875
522.406	84.6375
522.621	82.8375
522.836	83.3875
523.052	81.3375
523.267	81.8375
523.482	80.9875
523.698	78.3875
523.913	79.8875
524.128	79.1875
524.343	83.6875
524.559	84.5875
524.774	83.0375
524.989	84.2875
525.204	82.8875
525.419	84.5375
525.634	81.1375
525.849	83.1875
526.064	80.9375
526.28	88.6875
526.495	83.3375
526.71	85.5875
526.925	79.6875
527.14	82.4875
527.355	82.1875
527.57	85.3375
527.785	83.1875
527.999	79.9875
528.214	78.9875
528.429	86.4875
528.644	83.5375
528.859	82.6375
529.074	83.3875
529.289	81.6875
529.503	80.6875
529.718	83.3375
529.933	83.5875
530.148	85.3875
530.363	86.0375
530.577	82.9875
530.792	77.7875
531.007	81.1375
531.221	84.5875
531.436	83.8375
531.651	84.8875
531.865	83.0375
532.08	79.4375
532.295	83.5375
532.509	80.0375
532.724	84.4375
532.938	84.4375
533.153	83.7375
533.367	79.4375
533.582	80.8875
533.796	80.6375
534.011	84.6375
534.225	82.2875
534.44	86.0375
534.654	84.9375
534.868	86.5375
535.083	84.7375
535.297	87.8375
535.511	87.7875
535.726	82.0375
535.94	83.0375
536.154	83.4875
536.369	79.3375
536.583	80.0875
536.797	85.4375
537.011	84.1375
537.225	83.7875
537.44	86.3375
537.654	83.5875
537.868	79.1875
538.082	83.2375
538.296	84.8375
538.51	85.5875
538.724	87.5375
538.938	85.9375
539.153	83.5375
539.367	85.1375
539.581	84.1875
539.795	81.8375
540.009	88.2875
540.222	83.3375
540.436	82.2375
540.65	79.9375
540.864	79.9375
541.078	82.4375
541.292	85.4375
541.506	81.7875
541.72	85.9875
541.934	83.2875
542.147	82.2375
542.361	83.7875
542.575	83.5875
542.789	82.5875
543.002	82.5375
543.216	84.9875
543.43	81.4375
543.644	85.8875
543.857	86.3375
544.071	81.5875
544.285	85.3375
544.498	82.2875
544.712	83.9875
544.925	78.9875
545.139	82.3875
545.352	84.2375
545.566	86.2375
545.779	81.6875
545.993	82.8875
546.206	83.6375
546.42	81.0375
546.633	84.1375
546.847	89.5875
547.06	85.0375
547.274	83.1875
547.487	83.1875
547.7	79.1875
547.914	85.2875
548.127	81.2375
548.34	82.2375
548.554	82.8875
548.767	86.8375
548.98	88.0375
549.193	83.5375
549.407	86.3375
549.62	83.9375
549.833	82.3875
550.046	80.8375
550.259	84.5875
550.473	81.7875
550.686	86.0875
550.899	84.5875
551.112	80.5375
551.325	83.5375
551.538	86.1875
551.751	81.9875
551.964	83.3875
552.177	83.3875
552.39	81.9875
552.603	82.9375
552.816	84.9375
553.029	85.1375
553.242	80.0375
553.455	83.7875
553.667	85.5875
553.88	85.1875
554.093	80.3875
554.306	82.8375
554.519	84.7875
554.732	83.7375
554.944	83.8375
555.157	82.5375
555.37	81.2875
555.583	84.8875
555.795	85.3875
556.008	82.9875
556.221	81.4375
556.433	81.8375
556.646	83.3875
556.859	84.1375
557.071	85.9375
557.284	80.6375
557.496	82.7375
557.709	84.6375
557.921	84.0875
558.134	82.6875
558.346	81.9375
558.559	79.8875
558.771	82.3375
558.984	85.5375
559.196	85.2375
559.409	83.8375
559.621	83.0875
559.833	81.8375
560.046	80.0375
560.258	82.8375
560.47	79.9375
560.683	79.9375
560.895	81.1875
561.107	84.0875
561.32	80.9875
561.532	83.2375
561.744	85.3375
561.956	85.1375
562.168	85.4375
562.381	83.0375
562.593	86.4375
562.805	87.1375
563.017	87.4875
563.229	85.6875
563.441	85.2875
563.653	84.3875
563.865	82.2875
564.077	80.1375
564.289	85.5375
564.501	86.8375
564.713	86.9375
564.925	84.1875
565.137	82.1375
565.349	83.3875
565.561	87.1875
565.773	86.9375
565.985	86.2375
566.197	83.1375
566.408	83.9875
566.62	83.9875
566.832	85.0875
567.044	83.1375
567.255	83.8375
567.467	81.7875
567.679	80.0875
567.891	82.6875
568.102	83.4875
568.314	84.1375
568.526	84.7875
568.737	85.8875
568.949	83.0375
569.161	86.8375
569.372	81.3875
569.584	83.1875
569.795	87.1375
570.007	82.5875
570.218	83.1375
570.43	84.9375
570.641	78.2875
570.853	80.2375
571.064	85.7875
571.276	84.0375
571.487	88.0875
571.698	84.7875
571.91	81.3875
572.121	82.7875
572.333	80.8375
572.544	82.4375
572.755	81.6375
572.966	84.6375
573.178	84.0875
573.389	83.9375
573.6	82.4875
573.811	84.9875
574.023	81.3875
574.234	83.4875
574.445	82.0875
574.656	82.3875
574.867	84.3875
575.078	85.9375
575.289	85.2375
575.501	85.5375
575.712	83.2875
575.923	83.1375
576.134	85.7375
576.345	82.2875
576.556	84.8875
576.767	85.7375
576.978	86.7375
577.188	83.3875
577.399	82.0875
577.61	82.7875
577.821	85.1875
578.032	82.0375
578.243	84.7875
578.454	85.4875
578.665	81.6875
578.875	82.4375
579.086	85.0375
579.297	81.7375
579.508	81.8875
579.718	86.4875
579.929	84.8375
580.14	84.6875
580.35	83.9375
580.561	82.1875
580.772	80.4375
580.982	83.4375
581.193	83.6375
581.403	85.4875
581.614	82.4875
581.825	81.7375
582.035	84.0875
582.246	83.6375
582.456	84.9875
582.667	82.1375
582.877	83.4375
583.087	79.6375
583.298	82.8875
583.508	83.5375
583.719	84.9375
583.929	87.8375
584.139	83.7875
584.35	82.1875
584.56	84.5875
584.77	83.5875
584.981	83.8875
585.191	83.3875
585.401	81.3375
585.611	84.3375
585.821	86.9375
586.032	83.6375
586.242	82.6375
586.452	84.2375
586.662	81.2375
586.872	82.6375
587.082	82.8875
587.292	81.3875
587.502	83.0375
587.713	83.9375
587.923	82.5375
588.133	83.5375
588.343	83.0875
588.553	83.0875
588.762	89.4375
588.972	85.6875
589.182	83.1875
589.392	80.7375
589.602	86.3375
589.812	82.7375
590.022	86.1875
590.232	84.6375
590.441	82.0875
590.651	83.9875
590.861	84.9375
591.071	85.2375
591.281	87.8375
591.49	83.8875
591.7	84.0375
591.91	85.9875
592.119	81.8375
592.329	84.7875
592.539	84.9375
592.748	84.8375
592.958	85.5375
593.167	81.0875
593.377	84.1375
593.587	92.5875
593.796	81.5875
594.006	84.7375
594.215	81.0375
594.424	81.8875
594.634	84.0875
594.843	82.3875
595.053	83.6375
595.262	85.7375
595.472	84.4875
595.681	79.8375
595.89	82.7375
596.1	83.9375
596.309	83.4875
596.518	85.9375
596.727	84.8375
596.937	84.6875
597.146	80.2875
597.355	86.5375
597.564	78.1875
597.774	84.2875
597.983	80.3375
598.192	82.5875
598.401	83.6375
598.61	85.1875
598.819	83.9875
599.028	83.3375
599.237	84.5375
599.446	82.3875
599.655	82.3375
599.864	84.5875
600.073	82.1875
600.282	86.6375
600.491	82.7375
600.7	82.4875
600.909	83.1375
601.118	85.7375
601.327	84.9875
601.536	81.8875
601.745	82.2375
601.953	85.3375
602.162	86.6375
602.371	83.6375
602.58	85.2375
602.789	84.3875
602.997	84.0375
603.206	85.9875
603.415	85.0875
603.623	81.8875
603.832	83.7375
604.041	84.4875
604.249	81.9375
604.458	84.7375
604.666	80.3375
604.875	80.4375
605.084	81.6875
605.292	81.9875
605.501	83.0375
605.709	88.3375
605.918	85.0375
606.126	84.8875
606.334	85.0375
606.543	85.3875
606.751	85.2375
606.96	80.7875
607.168	81.3875
607.376	83.3375
607.585	83.0375
607.793	81.5375
608.001	82.4875
608.21	81.4375
608.418	81.9375
608.626	83.0375
608.834	82.9875
609.043	84.6875
609.251	83.5875
609.459	83.3875
609.667	84.1875
609.875	83.4875
610.083	81.4875
610.291	82.1375
610.499	81.6375
610.707	84.1875
610.916	83.1875
611.124	86.4875
611.332	84.3375
611.54	79.4875
611.748	83.1375
611.955	82.9875
612.163	81.9375
612.371	81.9875
612.579	83.2875
612.787	81.4375
612.995	85.2375
613.203	86.8875
613.411	85.9875
613.618	83.8375
613.826	79.8375
614.034	82.9875
614.242	82.8875
614.449	83.8875
614.657	81.6875
614.865	83.1875
615.072	80.3375
615.28	84.1375
615.488	83.9375
615.695	84.9375
615.903	87.3375
616.111	84.0375
616.318	87.6875
616.526	82.7875
616.733	89.3375
616.941	81.4875
617.148	85.6875
617.356	83.5375
617.563	80.6375
617.771	85.0375
617.978	81.2875
618.185	84.2375
618.393	85.3375
618.6	82.9375
618.807	83.2875
619.015	82.5375
619.222	82.8875
619.429	83.8375
619.637	85.2375
619.844	78.2375
620.051	82.8875
620.258	83.2875
620.466	85.2875
620.673	81.1375
620.88	82.7375
621.087	82.4875
621.294	85.3875
621.501	80.0375
621.708	83.8875
621.915	82.7375
622.122	81.4375
622.329	86.1375
622.536	84.2375
622.743	82.4875
622.95	84.9375
623.157	79.9875
623.364	82.9875
623.571	82.3375
623.778	82.4375
623.985	83.9875
624.192	82.7875
624.399	85.2875
624.606	85.3375
624.812	83.0875
625.019	81.0375
625.226	82.8875
625.433	85.6375
625.639	79.6875
625.846	80.0375
626.053	83.5375
626.259	82.9375
626.466	86.4875
626.673	81.5375
626.879	82.8375
627.086	86.0875
627.293	85.3375
627.499	80.8375
627.706	78.9875
627.912	81.2875
628.119	84.0875
628.325	85.3375
628.532	80.4875
628.738	81.7875
628.945	79.1875
629.151	80.2375
629.357	77.8875
629.564	84.0375
629.77	83.7875
629.976	81.1875
630.183	83.8875
630.389	82.7875
630.595	82.5375
630.802	79.4375
631.008	80.9875
631.214	84.0375
631.42	84.2875
631.627	89.8375
631.833	85.1875
632.039	79.7875
632.245	82.6875
632.451	83.0875
632.657	80.3375
632.863	83.5875
633.069	81.8375
633.275	83.6375
633.481	81.0375
633.688	78.4875
633.893	87.6875
634.099	81.6875
634.305	83.6875
634.511	83.1375
634.717	83.6875
634.923	83.1375
635.129	81.3375
635.335	82.1375
635.541	82.5375
635.747	82.2875
635.952	81.6875
636.158	83.3875
636.364	83.4875
636.57	81.0875
636.775	85.1375
636.981	79.9875
637.187	82.4375
637.392	80.8375
637.598	79.7375
637.804	82.3875
638.009	80.7375
638.215	83.3375
638.421	80.1875
638.626	80.8375
638.832	82.3875
639.037	82.2875
639.243	81.5875
639.448	79.6375
639.654	86.8375
639.859	81.4875
640.065	82.1875
640.27	86.5875
640.475	84.5375
640.681	80.6375
640.886	82.6375
641.091	79.4875
641.297	88.9375
641.502	82.7375
641.707	84.4375
641.913	83.2875
642.118	83.7875
642.323	84.1875
642.528	86.2375
642.733	83.8375
642.939	84.3375
643.144	82.6875
643.349	83.9875
643.554	82.4875
643.759	83.0375
643.964	79.8875
644.169	86.0875
644.374	84.9875
644.579	83.8875
644.784	82.2875
644.989	83.2375
645.194	79.0875
645.399	82.0375
645.604	79.0375
645.809	81.0875
646.014	84.9875
646.219	82.4875
646.423	81.5875
646.628	82.1875
646.833	86.8875
647.038	83.3375
647.243	81.4875
647.447	84.1375
647.652	82.4375
647.857	80.3375
648.062	82.8375
648.266	80.6875
648.471	81.5875
648.676	82.6875
648.88	80.7875
649.085	79.3875
649.289	83.2375
649.494	81.1875
649.698	83.1875
649.903	81.0375
650.107	81.9875
650.312	83.4875
650.516	80.3875
650.721	80.7875
650.925	78.9375
651.13	78.7875
651.334	81.3375
651.539	85.2875
651.743	79.9875
651.947	80.7875
652.152	82.3375
652.356	83.3875
652.56	84.6875
652.764	78.5875
652.969	82.3875
653.173	79.8375
653.377	81.6875
653.581	77.5375
653.785	81.0875
653.99	80.2875
654.194	81.4375
654.398	83.8875
654.602	79.1375
654.806	79.3375
655.01	85.8375
655.214	81.9375
655.418	81.0375
655.622	84.3875
655.826	80.0875
656.03	82.6875
656.234	81.3875
656.438	81.6375
656.642	81.4875
656.846	78.7375
657.049	84.5875
657.253	83.0875
657.457	82.5875
657.661	85.7875
657.865	81.9875
658.068	78.0875
658.272	83.2875
658.476	79.5875
658.68	81.3375
658.883	83.3875
659.087	81.4375
659.291	83.9375
659.494	80.4875
659.698	83.1875
659.901	81.2375
660.105	82.6875
660.309	82.0375
660.512	78.9875
660.716	80.6375
660.919	82.3375
661.123	87.4375
661.326	79.1375
661.53	81.4875
661.733	84.9875
661.936	83.3875
662.14	78.3875
662.343	79.6375
662.546	81.8875
662.75	84.4375
662.953	85.7875
663.156	80.3875
663.36	79.3875
663.563	79.1375
663.766	81.0875
663.969	83.7875
664.173	79.7875
664.376	78.3875
664.579	81.0375
664.782	80.9875
664.985	81.4375
665.188	82.1375
665.391	83.0375
665.594	82.6875
665.797	82.6375
666.0	80.5875
666.203	81.2875
666.406	82.9375
666.609	81.0875
666.812	82.3375
667.015	82.1875
667.218	85.3375
667.421	81.8875
667.624	79.3375
667.827	81.9875
668.03	81.1375
668.232	81.4375
668.435	83.4875
668.638	76.8875
668.841	85.1375
669.043	81.8375
669.246	83.6375
669.449	80.7875
669.651	80.8875
669.854	77.1375
670.057	80.5875
670.259	78.9875
670.462	78.0375
670.665	82.9375
670.867	82.6875
671.07	83.7375
671.272	81.0875
671.475	84.2875
671.677	80.4875
671.88	82.9375
672.082	79.6375
672.284	81.3375
672.487	83.9875
672.689	80.0875
672.892	82.7875
