223.165	-17.651799999999998
223.4	-17.651799999999998
223.635	-17.651799999999998
223.869	-18.0718
224.104	-20.2118
224.338	-17.0118
224.573	-14.681799999999999
224.808	-12.181799999999999
225.042	-7.4218
225.277	-5.521800000000001
225.511	-1.5517999999999998
225.746	3.7182000000000004
225.98	7.8382
226.215	10.508199999999999
226.449	16.2682
226.683	20.1982
226.918	25.838199999999997
227.152	29.9482
227.387	35.3882
227.621	37.7682
227.856	44.3482
228.09	44.4382
228.324	50.3982
228.559	55.778200000000005
228.793	59.9682
229.027	66.7282
229.262	70.2282
229.496	77.2582
229.73	88.06819999999999
229.964	88.3382
230.199	78.6482
230.433	78.68820000000001
230.667	83.30819999999999
230.901	80.7782
231.136	81.1782
231.37	83.0782
231.604	83.2582
231.838	83.6782
232.072	84.9082
232.306	82.9682
232.541	85.5982
232.775	84.9982
233.009	84.3382
233.243	83.56819999999999
233.477	83.89819999999999
233.711	84.1682
233.945	83.5782
234.179	85.6182
234.413	85.43820000000001
234.647	85.81819999999999
234.881	82.29820000000001
235.115	83.1382
235.349	83.4582
235.583	83.3682
235.817	84.6182
236.051	83.21820000000001
236.285	83.0882
236.519	82.80819999999999
236.753	84.7782
236.987	87.6282
237.221	95.5982
237.455	98.79820000000001
237.689	85.9982
237.922	84.1182
238.156	82.3782
238.39	83.2782
238.624	80.7382
238.858	82.0782
239.091	82.2482
239.325	83.7082
239.559	85.5882
239.793	85.6582
240.027	85.47819999999999
240.26	84.5082
240.494	86.7482
240.728	84.9582
240.961	84.76820000000001
241.195	86.1682
241.429	83.5282
241.662	84.43820000000001
241.896	82.2882
242.13	82.96820000000001
242.363	83.89819999999999
242.597	83.0882
242.83	84.7482
243.064	83.7882
243.298	83.4082
243.531	84.76820000000001
243.765	85.5382
243.998	88.4282
244.232	88.5082
244.465	88.0882
244.699	88.97819999999999
244.932	84.9982
245.166	86.23819999999999
245.399	87.26820000000001
245.633	86.93820000000001
245.866	87.0382
246.099	87.2582
246.333	86.68820000000001
246.566	85.6582
246.8	87.26820000000001
247.033	88.3682
247.266	89.1582
247.5	89.0982
247.733	89.6982
247.966	90.6082
248.2	89.6082
248.433	90.7482
248.666	92.1182
248.899	94.96820000000001
249.133	96.5382
249.366	107.06819999999999
249.599	102.98819999999999
249.832	93.1682
250.066	91.9982
250.299	90.8382
250.532	92.1982
250.765	95.0982
250.998	97.2882
251.231	95.54820000000001
251.465	93.5882
251.698	92.55819999999999
251.931	90.4482
252.164	92.2782
252.397	91.8382
252.63	95.6282
252.863	94.14819999999999
253.096	95.68820000000001
253.329	98.4582
253.562	95.3282
253.795	95.2582
254.028	97.5282
254.261	96.1582
254.494	98.0382
254.727	103.72819999999999
254.96	102.5782
255.193	98.4282
255.426	98.0982
255.659	94.8382
255.892	97.6182
256.124	93.8582
256.357	95.4482
256.59	95.5082
256.823	94.9482
257.056	96.1382
257.289	94.51820000000001
257.521	96.29820000000001
257.754	96.7782
257.987	94.0082
258.22	98.6182
258.452	95.43820000000001
258.685	94.71820000000001
258.918	96.18820000000001
259.151	97.0282
259.383	98.79820000000001
259.616	97.72819999999999
259.849	98.2482
260.081	102.1082
260.314	104.2482
260.547	101.06819999999999
260.779	99.5382
261.012	99.2582
261.244	99.5082
261.477	103.9482
261.71	107.9482
261.942	121.72819999999999
262.175	126.81819999999999
262.407	103.7782
262.64	100.31819999999999
262.872	99.0882
263.105	98.0882
263.337	99.1982
263.57	97.8282
263.802	99.56819999999999
264.035	99.96820000000001
264.267	99.1782
264.499	97.72819999999999
264.732	100.6282
264.964	100.18820000000001
265.197	97.96820000000001
265.429	99.43820000000001
265.661	99.0382
265.894	99.4282
266.126	99.4982
266.358	100.06819999999999
266.591	100.1382
266.823	100.8682
267.055	100.4282
267.287	100.8282
267.52	100.8582
267.752	102.3882
267.984	100.9182
268.216	101.5982
268.448	101.4482
268.681	102.6282
268.913	105.55819999999999
269.145	106.1282
269.377	107.4482
269.609	104.7082
269.841	105.0782
270.073	107.3582
270.306	110.01820000000001
270.538	111.7482
270.77	109.7582
271.002	108.6682
271.234	109.8382
271.466	110.29820000000001
271.698	111.8382
271.93	113.0382
272.162	113.5782
272.394	112.97819999999999
272.626	109.79820000000001
272.858	106.0982
273.09	107.9182
273.322	106.54820000000001
273.553	105.23819999999999
273.785	106.5982
274.017	107.0982
274.249	105.31819999999999
274.481	107.7482
274.713	106.8782
274.945	108.97819999999999
275.176	107.5282
275.408	108.5882
275.64	106.6782
275.872	107.2082
276.104	108.9482
276.335	111.89819999999999
276.567	117.9182
276.799	125.3382
277.031	122.71820000000001
277.262	116.1282
277.494	113.9082
277.726	111.51820000000001
277.957	109.6682
278.189	108.0082
278.421	109.51820000000001
278.652	109.04820000000001
278.884	108.2582
279.115	108.7582
279.347	108.6282
279.579	107.1282
279.81	108.7782
280.042	107.6382
280.273	109.1282
280.505	108.79820000000001
280.736	107.5382
280.968	109.97819999999999
281.199	109.54820000000001
281.431	109.9182
281.662	112.0082
281.894	112.8882
282.125	120.73819999999999
282.356	137.2582
282.588	159.9682
282.819	136.3482
283.051	114.1182
283.282	109.2582
283.513	112.7082
283.745	111.6982
283.976	112.89819999999999
284.207	111.48819999999999
284.439	112.97819999999999
284.67	112.6582
284.901	112.0082
285.132	112.1582
285.364	109.9982
285.595	112.4482
285.826	111.3582
286.057	114.43820000000001
286.288	111.47819999999999
286.52	112.8282
286.751	112.4582
286.982	112.29820000000001
287.213	113.0382
287.444	112.5382
287.675	114.26820000000001
287.906	117.06819999999999
288.138	117.6982
288.369	118.9282
288.6	117.4082
288.831	115.96820000000001
289.062	115.5882
289.293	114.8482
289.524	113.05819999999999
289.755	112.9182
289.986	113.93820000000001
290.217	114.2882
290.448	113.71820000000001
290.679	113.98819999999999
290.91	115.22819999999999
291.141	114.43820000000001
291.371	115.1582
291.602	115.56819999999999
291.833	113.3382
292.064	115.51820000000001
292.295	116.48819999999999
292.526	116.29820000000001
292.757	115.3482
292.987	114.3882
293.218	115.29820000000001
293.449	116.8382
293.68	116.5382
293.91	115.0982
294.141	118.5382
294.372	114.46820000000001
294.603	116.06819999999999
294.833	116.8582
295.064	116.3782
295.295	117.9182
295.525	120.1182
295.756	127.8682
295.987	140.0482
296.217	160.8082
296.448	147.28820000000002
296.679	122.8382
296.909	119.2482
297.14	118.4582
297.37	118.9182
297.601	117.04820000000001
297.831	119.7782
298.062	119.9482
298.292	120.01820000000001
298.523	120.89819999999999
298.753	119.2082
298.984	118.97819999999999
299.214	119.0282
299.445	121.2582
299.675	121.6682
299.905	124.7782
300.136	120.5082
300.366	119.6282
300.597	120.73819999999999
300.827	123.4582
301.057	128.4382
301.288	133.0982
301.518	125.47819999999999
301.748	121.04820000000001
301.979	131.9582
302.209	124.1082
302.439	121.3482
302.669	122.01820000000001
302.9	122.9082
303.13	124.2882
303.36	125.2782
303.59	129.7582
303.82	132.9882
304.051	124.9182
304.281	123.73819999999999
304.511	124.1982
304.741	122.9482
304.971	119.93820000000001
305.201	122.5082
305.431	121.8682
305.661	121.8282
305.891	123.8782
306.121	126.2582
306.352	132.3482
306.582	131.8582
306.812	124.0082
307.042	123.1682
307.272	122.2882
307.502	123.8682
307.731	123.8282
307.961	122.01820000000001
308.191	123.5382
308.421	122.3882
308.651	122.64819999999999
308.881	123.76820000000001
309.111	125.5782
309.341	127.4582
309.571	129.63819999999998
309.8	129.38819999999998
310.03	131.0182
310.26	132.0782
310.49	129.62820000000002
310.72	134.2382
310.949	137.7682
311.179	136.2282
311.409	130.2082
311.639	130.6582
311.868	131.6882
312.098	131.5282
312.328	131.7282
312.557	139.4082
312.787	142.6782
313.017	136.1182
313.246	130.91819999999998
313.476	127.21820000000001
313.706	129.4782
313.935	132.88819999999998
314.165	136.4482
314.394	138.4682
314.624	135.8982
314.853	132.8282
315.083	128.62820000000002
315.312	129.3082
315.542	128.5482
315.771	129.03820000000002
316.001	127.5382
316.23	127.2482
316.46	124.3882
316.689	126.46820000000001
316.919	129.62820000000002
317.148	131.5882
317.377	131.1182
317.607	129.9682
317.836	129.3182
318.065	126.8882
318.295	126.9182
318.524	127.0382
318.753	125.4582
318.983	130.7582
319.212	135.41819999999998
319.441	141.6782
319.67	140.8982
319.9	130.5882
320.129	129.4282
320.358	130.6982
320.587	132.3282
320.816	135.0182
321.046	137.2182
321.275	135.28820000000002
321.504	132.87820000000002
321.733	133.7082
321.962	133.6982
322.191	140.16819999999998
322.42	141.6982
322.649	146.7782
322.878	149.8182
323.108	153.9382
323.337	163.4682
323.566	174.35819999999998
323.795	192.1782
324.024	244.4282
324.253	422.6682
324.482	819.3782
324.71	1556.5782
324.939	1943.9982
325.168	806.0282
325.397	282.2982
325.626	193.5082
325.855	170.26819999999998
326.084	166.5082
326.313	172.3482
326.542	193.0382
326.77	262.6882
326.999	469.3782
327.228	893.2482
327.457	1530.4181999999998
327.686	1227.7182
327.914	387.0982
328.143	232.2382
328.372	192.49820000000003
328.6	172.1382
328.829	166.2582
329.058	175.1282
329.287	175.91819999999998
329.515	156.5482
329.744	147.9082
329.972	146.2782
330.201	147.87820000000002
330.43	157.4282
330.658	173.0082
330.887	192.7082
331.115	171.91819999999998
331.344	149.1782
331.572	150.3082
331.801	153.5882
332.03	151.16819999999998
332.258	144.5582
332.486	141.87820000000002
332.715	142.8582
332.943	145.0082
333.172	147.7082
333.4	150.4782
333.629	158.9382
333.857	162.85819999999998
334.085	157.7182
334.314	152.2382
334.542	150.7582
334.771	152.78820000000002
334.999	149.53820000000002
335.227	148.6082
335.455	146.2482
335.684	146.4282
335.912	144.5182
336.14	145.4982
336.369	146.1582
336.597	149.3382
336.825	145.1782
337.053	141.7382
337.281	141.3182
337.51	139.4682
337.738	140.2682
337.966	138.5682
338.194	142.5682
338.422	140.8082
338.65	140.13819999999998
338.878	137.9882
339.106	136.3082
339.334	137.4382
339.562	134.8682
339.79	136.5282
340.018	135.2582
340.246	136.7482
340.474	138.1182
340.702	137.87820000000002
340.93	136.2982
341.158	135.4582
341.386	138.1182
341.614	140.0882
341.842	137.2682
342.07	136.1982
342.298	135.63819999999998
342.526	133.0582
342.754	134.37820000000002
342.981	132.3082
343.209	134.4782
343.437	144.1182
343.665	138.7382
343.893	141.8182
344.12	145.6082
344.348	139.4282
344.576	139.2182
344.804	139.0982
345.031	142.3282
345.259	142.2682
345.487	137.3582
345.714	135.6582
345.942	134.7682
346.17	134.28820000000002
346.397	133.62820000000002
346.625	134.4682
346.853	135.7682
347.08	134.0182
347.308	136.2782
347.535	138.0282
347.763	141.4082
347.99	140.5182
348.218	144.0282
348.445	146.5082
348.673	139.7682
348.9	137.1882
349.128	133.7082
349.355	132.8382
349.583	134.5082
349.81	132.9782
350.037	135.41819999999998
350.265	134.2182
350.492	135.0682
350.72	137.1082
350.947	140.2182
351.174	148.1882
351.402	149.9282
351.629	142.6582
351.856	141.53820000000002
352.083	143.7182
352.311	145.4582
352.538	148.5682
352.765	149.2182
352.992	153.5582
353.22	148.8382
353.447	144.1582
353.674	140.2682
353.901	137.3182
354.128	135.53820000000002
354.355	134.5582
354.583	137.1882
354.81	136.8182
355.037	135.8982
355.264	134.87820000000002
355.491	132.3982
355.718	132.9482
355.945	134.12820000000002
356.172	133.78820000000002
356.399	135.1882
356.626	133.1982
356.853	131.8182
357.08	130.9782
357.307	132.4782
357.534	130.3682
357.761	131.7382
357.988	134.7082
358.215	134.63819999999998
358.441	133.3682
358.668	131.1182
358.895	130.9682
359.122	130.03820000000002
359.349	130.1482
359.576	134.3082
359.802	145.0082
360.029	155.2082
360.256	154.2182
360.483	141.62820000000002
360.709	132.0982
360.936	136.8382
361.163	135.2982
361.39	136.8482
361.616	135.0582
361.843	132.5682
362.07	135.7282
362.296	137.8982
362.523	134.2482
362.749	132.91819999999998
362.976	131.7982
363.203	132.6582
363.429	129.9482
363.656	131.9682
363.882	130.0482
364.109	132.1182
364.335	132.5582
364.562	131.2482
364.788	129.1982
365.015	133.5182
365.241	136.4082
365.468	145.2382
365.694	143.2082
365.92	135.7182
366.147	131.66819999999998
366.373	129.8182
366.599	129.4482
366.826	129.12820000000002
367.052	128.63819999999998
367.278	130.7982
367.505	131.0582
367.731	133.8282
367.957	132.9082
368.184	133.8982
368.41	139.9382
368.636	151.41819999999998
368.862	158.78820000000002
369.089	146.87820000000002
369.315	135.2682
369.541	132.2582
369.767	132.63819999999998
369.993	133.6882
370.219	131.1082
370.445	131.03820000000002
370.672	130.8382
370.898	129.6782
371.124	128.9482
371.35	131.3582
371.576	131.8082
371.802	130.5582
372.028	131.3082
372.254	131.4282
372.48	131.0982
372.706	130.53820000000002
372.932	134.03820000000002
373.158	132.2382
373.384	134.6982
373.61	135.4982
373.835	134.4482
374.061	133.78820000000002
374.287	135.3982
374.513	134.63819999999998
374.739	136.0182
374.965	136.2782
375.191	137.5482
375.416	135.1982
375.642	134.9482
375.868	135.2082
376.094	135.2782
376.319	133.2282
376.545	132.9682
376.771	134.3382
376.997	133.0582
377.222	134.6882
377.448	133.9982
377.674	132.91819999999998
377.899	132.7982
378.125	131.4082
378.35	135.4782
378.576	132.8482
378.802	132.3982
379.027	133.03820000000002
379.253	135.7582
379.478	132.9282
379.704	134.9582
379.929	136.7282
380.155	136.2782
380.38	136.3282
380.606	137.5882
380.831	138.4082
381.057	140.4382
381.282	136.7582
381.507	138.6582
381.733	140.1482
381.958	138.6782
382.184	141.8382
382.409	143.62820000000002
382.634	145.4482
382.86	144.2582
383.085	145.87820000000002
383.31	147.4882
383.535	146.3982
383.761	145.7682
383.986	147.0582
384.211	146.2482
384.436	149.2682
384.662	149.6582
384.887	152.6082
385.112	155.3382
385.337	157.6882
385.562	156.5282
385.787	156.9782
386.013	160.9882
386.238	165.7182
386.463	157.5682
386.688	161.4382
386.913	154.5782
387.138	156.12820000000002
387.363	153.1582
387.588	152.6782
387.813	153.3582
388.038	156.7482
388.263	161.5882
388.488	160.0482
388.713	149.66819999999998
388.938	146.78820000000002
389.163	146.5482
389.387	146.3182
389.612	143.8382
389.837	143.7982
390.062	142.13819999999998
390.287	143.2582
390.512	144.2382
390.736	143.3582
390.961	145.2382
391.186	145.8582
391.411	148.8482
391.636	148.1882
391.86	147.2482
392.085	146.2582
392.31	145.37820000000002
392.534	143.6982
392.759	142.6582
392.984	143.4982
393.208	144.7482
393.433	149.6982
393.658	146.4482
393.882	139.63819999999998
394.107	140.6782
394.331	142.2782
394.556	140.2682
394.78	143.1182
395.005	144.0882
395.229	142.1982
395.454	146.78820000000002
395.678	145.5582
395.903	145.7382
396.127	147.53820000000002
396.352	145.5082
396.576	141.8282
396.801	145.7182
397.025	146.4482
397.249	144.9282
397.474	148.78820000000002
397.698	146.4482
397.922	146.9682
398.147	148.28820000000002
398.371	149.5882
398.595	151.8982
398.82	154.4982
399.044	159.5782
399.268	166.49820000000003
399.492	178.69819999999999
399.717	186.40820000000002
399.941	184.6482
400.165	181.22820000000002
400.389	173.01819999999998
400.613	161.3382
400.837	156.2382
401.062	155.4982
401.286	153.5082
401.51	157.0082
401.734	157.2082
401.958	166.6482
402.182	191.7982
402.406	220.5482
402.63	184.7982
402.854	164.08820000000003
403.078	162.47820000000002
403.302	160.3282
403.526	163.85819999999998
403.75	162.56820000000002
403.974	162.0582
404.198	161.4882
404.422	164.7082
404.645	164.9882
404.869	163.69819999999999
405.093	168.4582
405.317	171.76819999999998
405.541	172.60819999999998
405.765	172.0382
405.988	189.15820000000002
406.212	241.1882
406.436	295.1782
406.66	218.8082
406.883	178.1182
407.107	177.4682
407.331	185.0282
407.555	192.8682
407.778	188.1482
408.002	173.90820000000002
408.226	169.60819999999998
408.449	168.08820000000003
408.673	167.9582
408.896	172.01819999999998
409.12	173.8682
409.344	165.90820000000002
409.567	162.5982
409.791	164.0082
410.014	163.6882
410.238	162.58820000000003
410.461	161.12820000000002
410.685	164.7782
410.908	169.0582
411.132	176.1282
411.355	171.6782
411.578	164.35819999999998
411.802	156.0482
412.025	156.0182
412.249	158.7082
412.472	158.1482
412.695	158.4782
412.919	153.6482
413.142	152.7482
413.365	153.2282
413.589	154.4582
413.812	153.6482
414.035	155.3382
414.258	154.16819999999998
414.482	155.63819999999998
414.705	154.7982
414.928	155.9082
415.151	156.1782
415.374	156.5482
415.597	153.5982
415.821	153.9982
416.044	152.1582
416.267	152.13819999999998
416.49	150.2582
416.713	150.9582
416.936	153.1482
417.159	152.7482
417.382	151.28820000000002
417.605	154.2782
417.828	158.8182
418.051	157.5782
418.274	157.1482
418.497	152.8982
418.72	153.0482
418.943	154.0282
419.166	158.03820000000002
419.389	162.44819999999999
419.611	161.2582
419.834	159.4582
420.057	157.9682
420.28	154.7282
420.503	152.0982
420.726	153.53820000000002
420.948	155.53820000000002
421.171	163.3282
421.394	163.16819999999998
421.617	156.3082
421.839	155.53820000000002
422.062	156.2682
422.285	159.0482
422.507	172.60819999999998
422.73	183.0382
422.953	167.1882
423.175	160.5782
423.398	160.37820000000002
423.621	162.8082
423.843	162.58820000000003
424.066	160.88819999999998
424.288	161.9882
424.511	165.7982
424.733	176.5382
424.956	186.94819999999999
425.178	177.6282
425.401	177.33820000000003
425.623	177.19819999999999
425.846	159.2782
426.068	159.7282
426.291	156.3682
426.513	156.5482
426.735	158.6882
426.958	166.1882
427.18	182.5282
427.402	222.01819999999998
427.625	247.60819999999998
427.847	196.9582
428.069	168.6182
428.292	154.0282
428.514	149.91819999999998
428.736	145.88819999999998
428.958	145.7982
429.181	143.3682
429.403	146.0982
429.625	148.7382
429.847	155.0182
430.069	166.72820000000002
430.292	157.3182
430.514	144.8582
430.736	144.8182
430.958	145.7682
431.18	142.5482
431.402	143.0082
431.624	141.4582
431.846	142.63819999999998
432.068	145.53820000000002
432.29	145.4482
432.512	145.8182
432.734	145.6982
432.956	148.28820000000002
433.178	155.1082
433.4	153.3582
433.622	148.7982
433.844	148.62820000000002
434.066	149.7182
434.287	150.53820000000002
434.509	150.91819999999998
434.731	151.7282
434.953	154.88819999999998
435.175	154.37820000000002
435.397	158.1482
435.618	158.1982
435.84	170.0982
436.062	193.0982
436.284	186.08820000000003
436.505	163.7182
436.727	161.5582
436.949	152.3082
437.17	147.7782
437.392	147.6482
437.614	152.8582
437.835	169.94819999999999
438.057	189.06820000000002
438.278	186.7782
438.5	180.6382
438.721	203.94819999999999
438.943	177.5082
439.165	154.6482
439.386	152.9082
439.608	154.8282
439.829	165.2382
440.05	184.49820000000003
440.272	205.72820000000002
440.493	163.26819999999998
440.715	150.5282
440.936	150.4782
441.158	150.3082
441.379	151.9982
441.6	159.4382
441.822	163.60819999999998
442.043	168.06820000000002
442.264	182.19819999999999
442.486	178.7182
442.707	163.1182
442.928	171.16819999999998
443.149	193.4282
443.371	196.97820000000002
443.592	183.66819999999998
443.813	197.1482
444.034	191.7882
444.255	169.2082
444.476	163.06820000000002
444.698	163.6482
444.919	165.9882
445.14	201.6882
445.361	192.19819999999999
445.582	187.51819999999998
445.803	211.3082
446.024	216.33820000000003
446.245	211.6782
446.466	180.3882
446.687	154.9682
446.908	151.0782
447.129	147.87820000000002
447.35	146.5982
447.571	149.0182
447.792	148.4282
448.013	154.0282
448.234	163.3082
448.455	164.5482
448.675	187.72820000000002
448.896	195.5582
449.117	168.5382
449.338	172.2782
449.559	205.2082
449.779	210.90820000000002
450.0	159.8282
450.221	146.4482
450.442	143.5082
450.662	148.7782
450.883	159.9482
451.104	166.19819999999999
451.324	150.3182
451.545	143.9482
451.766	141.7582
451.986	138.4082
452.207	140.7382
452.428	142.78820000000002
452.648	147.0182
452.869	159.1982
453.089	163.0382
453.31	166.4282
453.53	144.9282
453.751	143.63819999999998
453.971	152.6482
454.192	158.3082
454.412	141.88819999999998
454.633	137.2582
454.853	137.66819999999998
455.073	137.66819999999998
455.294	142.9582
455.514	156.4782
455.734	143.9982
455.955	134.4482
456.175	133.2482
456.395	132.41819999999998
456.616	132.2482
456.836	132.9982
457.056	133.8482
457.276	132.13819999999998
457.497	133.2982
457.717	134.5282
457.937	135.3582
458.157	136.5982
458.377	141.6982
458.598	160.6782
458.818	206.5482
459.038	219.5982
459.258	179.6482
459.478	150.2782
459.698	145.4982
459.918	147.2082
460.138	146.4982
460.358	150.5982
460.578	151.41819999999998
460.798	153.8382
461.018	152.5582
461.238	151.6082
461.458	150.12820000000002
461.678	148.0182
461.898	150.3482
462.118	151.1582
462.338	156.3082
462.558	156.0482
462.777	158.0482
462.997	165.24820000000003
463.217	170.1782
463.437	166.5082
463.657	160.5082
463.876	159.13819999999998
464.096	161.7082
464.316	164.4682
464.536	166.56820000000002
464.755	163.9682
464.975	175.65820000000002
465.195	230.3782
465.414	224.72820000000002
465.634	158.28820000000002
465.854	148.8982
466.073	143.9982
466.293	142.37820000000002
466.512	138.37820000000002
466.732	139.5682
466.951	141.4282
467.171	144.41819999999998
467.391	146.7782
467.61	155.1882
467.829	148.6882
468.049	142.0182
468.268	138.12820000000002
468.488	136.0882
468.707	134.9782
468.927	134.9982
469.146	135.7382
469.365	137.87820000000002
469.585	139.4482
469.804	147.3082
470.023	149.1882
470.243	147.6982
470.462	153.3182
470.681	162.41819999999998
470.901	144.9982
471.12	141.63819999999998
471.339	140.37820000000002
471.558	139.1482
471.777	140.5782
471.997	137.9282
472.216	138.63819999999998
472.435	141.4382
472.654	137.0782
472.873	136.1482
473.092	136.4382
473.311	136.38819999999998
473.53	134.8382
473.749	140.91819999999998
473.968	150.78820000000002
474.187	170.90820000000002
474.406	159.1982
474.625	141.7182
474.844	138.12820000000002
475.063	136.4782
475.282	137.87820000000002
475.501	138.37820000000002
475.72	140.4582
475.939	138.9682
476.158	137.8682
476.377	139.2582
476.596	140.12820000000002
476.814	144.5982
477.033	144.7382
477.252	144.0282
477.471	144.88819999999998
477.69	146.8182
477.908	147.91819999999998
478.127	149.4382
478.346	147.8682
478.564	151.1082
478.783	156.6782
479.002	155.7982
479.22	155.5682
479.439	165.5082
479.658	167.0082
479.876	160.1782
480.095	162.65820000000002
480.313	163.7882
480.532	163.0082
480.751	160.38819999999998
480.969	158.88819999999998
481.188	166.5982
481.406	161.7282
481.624	154.9782
481.843	150.5782
482.061	148.1882
482.28	148.7382
482.498	148.53820000000002
482.717	146.9382
482.935	148.1182
483.153	148.37820000000002
483.372	146.6482
483.59	149.0282
483.808	147.0282
484.027	149.2382
484.245	151.7582
484.463	152.16819999999998
484.681	155.3582
484.9	152.6182
485.118	153.7682
485.336	155.0682
485.554	158.2382
485.772	159.0082
485.99	163.1882
486.209	163.1282
486.427	164.51819999999998
486.645	169.0282
486.863	172.8482
487.081	163.5082
487.299	159.2982
487.517	158.4582
487.735	155.4482
487.953	154.2682
488.171	157.5582
488.389	158.16819999999998
488.607	159.6782
488.825	154.9082
489.043	152.4882
489.261	154.6182
489.479	154.3382
489.696	156.37820000000002
489.914	154.4382
490.132	154.38819999999998
490.35	158.16819999999998
490.568	155.9982
490.786	157.9782
491.003	159.4482
491.221	160.3582
491.439	161.4882
491.657	161.6782
491.874	163.7182
492.092	163.47820000000002
492.31	162.3882
492.527	161.53820000000002
492.745	162.2082
492.963	164.33820000000003
493.18	165.08820000000003
493.398	166.85819999999998
493.615	172.60819999999998
493.833	170.5482
494.05	165.2782
494.268	165.44819999999999
494.485	167.65820000000002
494.703	166.0082
494.92	165.15820000000002
495.138	166.06820000000002
495.355	164.90820000000002
495.573	166.6782
495.79	165.24820000000003
496.008	168.7782
496.225	165.5282
496.442	166.99820000000003
496.66	169.97820000000002
496.877	168.31820000000002
497.094	171.85819999999998
497.312	171.9382
497.529	171.9282
497.746	173.6282
497.963	178.35819999999998
498.181	182.5082
498.398	188.6782
498.615	202.2982
498.832	201.8782
499.049	197.90820000000002
499.267	206.40820000000002
499.484	212.85819999999998
499.701	220.1382
499.918	227.5482
500.135	233.9582
500.352	241.5482
500.569	240.35819999999998
500.786	242.60819999999998
501.003	237.31820000000002
501.22	229.99820000000003
501.437	222.2982
501.654	219.2082
501.871	222.31820000000002
502.088	203.2082
502.305	197.0282
502.522	188.65820000000002
502.739	187.1882
502.956	181.2782
503.172	179.1882
503.389	180.72820000000002
503.606	186.7882
503.823	179.8982
504.04	174.2782
504.256	175.69819999999999
504.473	174.56820000000002
504.69	174.41819999999998
504.907	175.2382
505.123	169.69819999999999
505.34	166.3982
505.557	164.7082
505.773	163.15820000000002
505.99	163.2382
506.207	161.38819999999998
506.423	160.4482
506.64	159.7782
506.856	159.7282
507.073	159.53820000000002
507.289	160.0782
507.506	163.66819999999998
507.722	178.2982
507.939	177.40820000000002
508.155	162.5382
508.372	158.7682
508.588	158.0882
508.805	158.9682
509.021	160.7582
509.238	165.0782
509.454	167.06820000000002
509.67	166.5482
509.887	172.1182
510.103	192.08820000000003
510.319	275.0082
510.536	812.5382000000001
510.752	2353.2382
510.968	697.9381999999999
511.184	215.1782
511.401	169.9382
511.617	158.4882
511.833	153.2282
512.049	153.0482
512.265	149.9282
512.481	151.9282
512.698	152.2682
512.914	153.4682
513.13	150.9082
513.346	150.5482
513.562	153.3082
513.778	155.1182
513.994	158.12820000000002
514.21	161.7082
514.426	180.33820000000003
514.642	197.4882
514.858	190.7982
515.074	236.06820000000002
515.29	532.5182
515.506	1532.0582000000002
515.721	603.4582
515.937	220.4882
516.153	176.69819999999999
516.369	165.76819999999998
516.585	163.83820000000003
516.801	163.56820000000002
517.016	165.41819999999998
517.232	168.1482
517.448	170.0082
517.664	171.49820000000003
517.879	171.1282
518.095	169.8982
518.311	168.2982
518.527	166.3782
518.742	162.8282
518.958	161.0582
519.173	160.1082
519.389	158.6782
519.605	158.03820000000002
519.82	159.1182
520.036	167.3282
520.251	183.0082
520.467	175.33820000000003
520.682	167.5382
520.898	170.44819999999999
521.113	179.24820000000003
521.329	203.91819999999998
521.544	275.95820000000003
521.76	648.7882000000001
521.975	2481.7282
522.19	1507.7582
522.406	372.4882
522.621	183.6882
522.836	159.8582
523.052	151.8682
523.267	149.0082
523.482	149.0082
523.698	152.8182
523.913	167.8082
524.128	154.8982
524.343	144.7582
524.559	144.4982
524.774	140.9482
524.989	145.9382
525.204	154.7382
525.419	148.41819999999998
525.634	142.4382
525.849	140.3982
526.064	139.5282
526.28	140.4682
526.495	138.4382
526.71	138.6982
526.925	137.37820000000002
527.14	138.63819999999998
527.355	137.6582
527.57	138.1582
527.785	136.0582
527.999	137.8382
528.214	140.03820000000002
528.429	142.3682
528.644	140.6182
528.859	140.0282
529.074	142.8282
529.289	170.8682
529.503	229.22820000000002
529.718	157.28820000000002
529.933	141.2382
530.148	140.0582
530.363	138.8282
530.577	136.87820000000002
530.792	138.9282
531.007	136.7582
531.221	138.8482
531.436	137.2782
531.651	137.4582
531.865	135.4282
532.08	137.87820000000002
532.295	139.5682
532.509	137.9082
532.724	137.3582
532.938	140.5582
533.153	141.3082
533.367	138.6782
533.582	140.8682
533.796	139.0082
534.011	137.0982
534.225	137.7282
534.44	136.4782
534.654	136.5682
534.868	136.8582
535.083	137.0282
535.297	137.5982
535.511	146.0782
535.726	146.3482
535.94	143.7782
536.154	139.62820000000002
536.369	136.5982
536.583	132.16819999999998
536.797	134.9482
537.011	131.2482
537.225	132.3682
537.44	133.0182
537.654	133.9882
537.868	133.66819999999998
538.082	133.2682
538.296	132.2382
538.51	134.37820000000002
538.724	134.6182
538.938	135.2482
539.153	137.8482
539.367	146.7782
539.581	138.3382
539.795	131.3282
540.009	132.3982
540.222	132.7982
540.436	133.2082
540.65	133.53820000000002
540.864	134.87820000000002
541.078	138.0882
541.292	134.9482
541.506	133.6782
541.72	131.6982
541.934	129.6082
542.147	129.78820000000002
542.361	127.6982
542.575	129.3682
542.789	128.5082
543.002	129.3682
543.216	135.2682
543.43	138.6782
543.644	134.2382
543.857	132.7282
544.071	134.5482
544.285	133.12820000000002
544.498	131.9082
544.712	131.8182
544.925	130.8582
545.139	131.9282
545.352	130.7582
545.566	131.3182
545.779	129.0182
545.993	130.9982
546.206	130.9682
546.42	129.0482
546.633	131.5482
546.847	132.3582
547.06	130.4382
547.274	129.5482
547.487	130.7782
547.7	129.7782
547.914	128.8682
548.127	129.4382
548.34	129.2982
548.554	128.88819999999998
548.767	131.9582
548.98	130.7082
549.193	128.8082
549.407	129.6882
549.62	131.9382
549.833	130.6082
550.046	129.6082
550.259	130.2982
550.473	128.91819999999998
550.686	129.8282
550.899	129.6182
551.112	130.3682
551.325	128.6582
551.538	128.6082
551.751	129.3282
551.964	129.2982
552.177	130.6882
552.39	130.16819999999998
552.603	131.2582
552.816	134.0882
553.029	133.6082
553.242	135.6182
553.455	141.9582
553.667	148.5682
553.88	146.2582
554.093	135.9882
554.306	134.4482
554.519	132.8082
554.732	132.8482
554.944	129.3482
555.157	129.4682
555.37	128.9382
555.583	130.3282
555.795	131.0982
556.008	125.9582
556.221	127.4582
556.433	126.71820000000001
556.646	127.5382
556.859	127.56819999999999
557.071	126.3282
557.284	125.3582
557.496	125.26820000000001
557.709	125.73819999999999
557.921	124.1582
558.134	122.8482
558.346	123.9182
558.559	122.5982
558.771	121.7482
558.984	122.96820000000001
559.196	121.9982
559.409	121.3682
559.621	122.0382
559.833	120.3782
560.046	120.0282
560.258	121.1582
560.47	120.5382
560.683	123.1982
560.895	120.81819999999999
561.107	119.56819999999999
561.32	122.1682
561.532	121.21820000000001
561.744	122.26820000000001
561.956	123.3782
562.168	123.64819999999999
562.381	124.3582
562.593	122.3582
562.805	127.14819999999999
563.017	123.1282
563.229	125.22819999999999
563.441	122.5982
563.653	122.7082
563.865	120.0782
564.077	120.80819999999999
564.289	123.8382
564.501	124.0382
564.713	125.54820000000001
564.925	129.2982
565.137	138.0582
565.349	130.7482
565.561	128.6182
565.773	129.5682
565.985	129.9882
566.197	132.4582
566.408	136.5782
566.62	139.1582
566.832	142.6182
567.044	141.16819999999998
567.255	143.53820000000002
567.467	145.2582
567.679	147.0482
567.891	151.2782
568.102	151.9782
568.314	146.0682
568.526	142.4882
568.737	138.8582
568.949	134.8182
569.161	131.1582
569.372	127.97819999999999
569.584	127.4182
569.795	129.6782
570.007	152.7082
570.218	279.20820000000003
570.43	169.1782
570.641	125.97819999999999
570.853	123.51820000000001
571.064	122.55819999999999
571.276	121.7082
571.487	119.8782
571.698	118.9082
571.91	117.81819999999999
572.121	116.68820000000001
572.333	115.8482
572.544	116.1382
572.755	116.29820000000001
572.966	116.21820000000001
573.178	114.96820000000001
573.389	118.93820000000001
573.6	115.8382
573.811	115.6282
574.023	114.5082
574.234	113.6982
574.445	113.3282
574.656	113.64819999999999
574.867	113.6982
575.078	114.71820000000001
575.289	114.5982
575.501	114.81819999999999
575.712	112.7882
575.923	115.0982
576.134	112.8482
576.345	112.4282
576.556	115.96820000000001
576.767	114.48819999999999
576.978	115.9282
577.188	115.7782
577.399	113.9282
577.61	116.1182
577.821	122.30819999999999
578.032	138.38819999999998
578.243	298.8782
578.454	787.5781999999999
578.665	240.35819999999998
578.875	126.48819999999999
579.086	114.2482
579.297	113.1182
579.508	110.80819999999999
579.718	112.9082
579.929	109.7882
580.14	109.4482
580.35	109.1382
580.561	110.6982
580.772	108.51820000000001
580.982	108.8282
581.193	108.8582
581.403	110.29820000000001
581.614	109.6182
581.825	110.0882
582.035	109.6382
582.246	109.3682
582.456	107.1682
582.667	107.06819999999999
582.877	108.8282
583.087	107.4182
583.298	107.5082
583.508	109.6382
583.719	106.5982
583.929	111.01820000000001
584.139	108.6082
584.35	105.7782
584.56	110.4082
584.77	108.80819999999999
584.981	106.79820000000001
585.191	108.4182
585.401	108.3482
585.611	107.43820000000001
585.821	109.8682
586.032	109.7082
586.242	106.30819999999999
586.452	106.79820000000001
586.662	107.14819999999999
586.872	107.2082
587.082	106.3882
587.292	106.1582
587.502	106.0082
587.713	106.1382
587.923	108.29820000000001
588.133	107.96820000000001
588.343	105.3582
588.553	104.81819999999999
588.762	109.7582
588.972	108.54820000000001
589.182	112.4082
589.392	108.1782
589.602	107.30819999999999
589.812	108.2582
590.022	111.05819999999999
590.232	106.3882
590.441	106.05819999999999
590.651	106.1582
590.861	106.2582
591.071	106.3382
591.281	107.3582
591.49	106.3582
591.7	107.4282
591.91	109.55819999999999
592.119	109.43820000000001
592.329	111.81819999999999
592.539	114.8382
592.748	112.04820000000001
592.958	111.5782
593.167	110.3582
593.377	112.6082
593.587	117.47819999999999
593.796	113.3682
594.006	111.80819999999999
594.215	112.22819999999999
594.424	111.4982
594.634	109.8382
594.843	108.76820000000001
595.053	109.06819999999999
595.262	108.9182
595.472	108.89819999999999
595.681	108.8482
595.89	107.64819999999999
596.1	107.7582
596.309	106.06819999999999
596.518	106.3282
596.727	106.9982
596.937	105.8782
597.146	104.29820000000001
597.355	105.8582
597.564	104.3382
597.774	105.9282
597.983	102.8482
598.192	102.0882
598.401	102.6582
598.61	102.98819999999999
598.819	103.30819999999999
599.028	102.14819999999999
599.237	102.7782
599.446	102.54820000000001
599.655	103.3782
599.864	103.55819999999999
600.073	104.1782
600.282	104.06819999999999
600.491	104.8882
600.7	103.96820000000001
600.909	103.8382
601.118	103.79820000000001
601.327	105.48819999999999
601.536	102.93820000000001
601.745	103.8782
601.953	103.26820000000001
602.162	104.23819999999999
602.371	103.21820000000001
602.58	102.39819999999999
602.789	102.6182
602.997	99.7082
603.206	101.6782
603.415	100.9082
603.623	102.31819999999999
603.832	100.8882
604.041	99.8382
604.249	100.3482
604.458	101.1382
604.666	100.4482
604.875	101.4182
605.084	101.5282
605.292	98.4182
605.501	100.54820000000001
605.709	99.81819999999999
605.918	100.56819999999999
606.126	101.56819999999999
606.334	100.43820000000001
606.543	103.01820000000001
606.751	101.04820000000001
606.96	100.3582
607.168	100.8282
607.376	100.2082
607.585	101.5282
607.793	101.54820000000001
608.001	100.8382
608.21	99.0982
608.418	100.30819999999999
608.626	100.22819999999999
608.834	99.47819999999999
609.043	100.96820000000001
609.251	100.1182
609.459	100.2782
609.667	100.56819999999999
609.875	98.06819999999999
610.083	98.46820000000001
610.291	99.0082
610.499	99.7482
610.707	100.1382
610.916	99.48819999999999
611.124	100.0882
611.332	98.89819999999999
611.54	98.0782
611.748	99.1582
611.955	99.8482
612.163	99.79820000000001
612.371	99.6182
612.579	98.22819999999999
612.787	98.3682
612.995	99.1682
613.203	101.8682
613.411	98.8882
613.618	97.6082
613.826	98.14819999999999
614.034	98.98819999999999
614.242	100.1682
614.449	97.79820000000001
614.657	99.26820000000001
614.865	99.6782
615.072	99.51820000000001
615.28	100.64819999999999
615.488	102.3782
615.695	102.4182
615.903	107.54820000000001
616.111	110.31819999999999
616.318	113.1082
616.526	106.9182
616.733	106.22819999999999
616.941	103.4282
617.148	102.22819999999999
617.356	101.8682
617.563	101.96820000000001
617.771	99.6382
617.978	100.06819999999999
618.185	100.3482
618.393	99.1682
618.6	98.9082
618.807	97.7482
619.015	99.5382
619.222	99.2482
619.429	97.80819999999999
619.637	100.9082
619.844	98.0882
620.051	96.9482
620.258	98.0082
620.466	98.80819999999999
620.673	96.0282
620.88	95.6982
621.087	97.3682
621.294	96.5282
621.501	97.3382
621.708	97.7582
621.915	98.2582
622.122	97.4182
622.329	97.5082
622.536	99.05819999999999
622.743	95.6982
622.95	97.76820000000001
623.157	94.7882
623.364	96.54820000000001
623.571	98.01820000000001
623.778	95.96820000000001
623.985	96.43820000000001
624.192	95.6182
624.399	97.4082
624.606	98.4082
624.812	96.31819999999999
625.019	94.31819999999999
625.226	94.5082
625.433	96.7482
625.639	95.4082
625.846	94.7582
626.053	96.5882
626.259	96.0282
626.466	96.79820000000001
626.673	94.8282
626.879	94.18820000000001
627.086	96.7582
627.293	96.4282
627.499	94.3882
627.706	95.6282
627.912	95.3282
628.119	94.5982
628.325	97.29820000000001
628.532	94.8582
628.738	93.5982
628.945	94.04820000000001
629.151	92.5382
629.357	93.8282
629.564	93.71820000000001
629.77	94.0982
629.976	93.68820000000001
630.183	93.31819999999999
630.389	93.3882
630.595	95.0382
630.802	93.1182
631.008	92.96820000000001
631.214	94.05819999999999
631.42	94.51820000000001
631.627	97.1982
631.833	92.9482
632.039	91.1182
632.245	93.2482
632.451	93.43820000000001
632.657	92.76820000000001
632.863	92.0982
633.069	93.4282
633.275	93.4282
633.481	91.89819999999999
633.688	92.30819999999999
633.893	95.3382
634.099	92.9282
634.305	92.6382
634.511	92.2782
634.717	92.4482
634.923	92.1582
635.129	92.1182
635.335	91.3782
635.541	91.68820000000001
635.747	92.8482
635.952	92.4482
636.158	92.96820000000001
636.364	94.1082
636.57	92.23819999999999
636.775	91.4482
636.981	93.1082
637.187	91.0782
637.392	92.0782
637.598	91.26820000000001
637.804	92.04820000000001
638.009	91.8282
638.215	92.9982
638.421	90.5982
638.626	91.48819999999999
638.832	93.3882
639.037	90.4082
639.243	91.6282
639.448	91.68820000000001
639.654	92.47819999999999
639.859	90.9982
640.065	91.5282
640.27	95.39819999999999
640.475	91.9982
640.681	90.0882
640.886	91.6182
641.091	90.31819999999999
641.297	94.0882
641.502	91.2782
641.707	93.6082
641.913	93.3282
642.118	91.29820000000001
642.323	90.3882
642.528	94.14819999999999
642.733	92.1782
642.939	91.6782
643.144	94.0982
643.349	92.2082
643.554	92.46820000000001
643.759	91.7782
643.964	90.1182
644.169	91.8582
644.374	92.2882
644.579	92.26820000000001
644.784	91.4482
644.989	92.0382
645.194	93.0882
645.399	93.06819999999999
645.604	90.71820000000001
645.809	96.04820000000001
646.014	92.14819999999999
646.219	92.1382
646.423	92.0982
646.628	90.2582
646.833	91.56819999999999
647.038	92.2482
647.243	92.1382
647.447	92.0982
647.652	91.9082
647.857	91.2782
648.062	93.6782
648.266	93.68820000000001
648.471	97.4582
648.676	99.4982
648.88	97.22819999999999
649.085	96.8882
649.289	97.0882
649.494	105.43820000000001
649.698	128.8982
649.903	105.6982
650.107	97.06819999999999
650.312	93.3582
650.516	90.1382
650.721	90.1782
650.925	90.76820000000001
651.13	89.2882
651.334	88.8582
651.539	88.4482
651.743	88.43820000000001
651.947	88.9482
652.152	89.05819999999999
652.356	88.96820000000001
652.56	88.9182
652.764	86.1282
652.969	88.8782
653.173	85.0082
653.377	86.89819999999999
653.581	87.80819999999999
653.785	88.31819999999999
653.99	86.73819999999999
654.194	87.93820000000001
654.398	87.4182
654.602	88.4982
654.806	91.5782
655.01	101.9082
655.214	92.39819999999999
655.418	88.9582
655.622	89.0982
655.826	87.2182
656.03	88.9582
656.234	93.14819999999999
656.438	96.55819999999999
656.642	96.4082
656.846	92.3482
657.049	88.5382
657.253	88.18820000000001
657.457	86.72819999999999
657.661	86.6782
657.865	85.3582
658.068	85.0282
658.272	83.81819999999999
658.476	84.3582
658.68	83.89819999999999
658.883	82.2582
659.087	81.8582
659.291	82.5882
659.494	82.6082
659.698	82.26820000000001
659.901	81.1082
660.105	82.76820000000001
660.309	82.04820000000001
660.512	82.54820000000001
660.716	82.56819999999999
660.919	82.2582
661.123	84.8482
661.326	81.6382
661.53	84.2482
661.733	83.1382
661.936	83.18820000000001
662.14	80.95819999999999
662.343	82.18820000000001
662.546	81.6682
662.75	82.47819999999999
662.953	83.81819999999999
663.156	81.31819999999999
663.36	81.3382
663.563	80.93820000000001
663.766	80.3482
663.969	82.4282
664.173	81.9282
664.376	81.9182
664.579	81.2082
664.782	82.7782
664.985	80.6482
665.188	81.7782
665.391	81.9582
665.594	81.1282
665.797	80.8482
666.0	79.9482
666.203	80.3182
666.406	79.9482
666.609	80.3582
666.812	80.51820000000001
667.015	81.81819999999999
667.218	82.26820000000001
667.421	81.01820000000001
667.624	81.1082
667.827	81.8882
668.03	79.9182
668.232	80.1382
668.435	81.4282
668.638	81.0582
668.841	83.06819999999999
669.043	79.8582
669.246	80.1982
669.449	80.8282
669.651	80.1082
669.854	80.87819999999999
670.057	81.0582
670.259	80.6182
670.462	81.79820000000001
670.665	81.6282
670.867	81.9582
671.07	82.01820000000001
671.272	81.9682
671.475	84.3482
671.677	82.5082
671.88	80.18820000000001
672.082	79.1982
672.284	82.4082
672.487	82.3382
672.689	79.20819999999999
672.892	79.9682
