223.165	-16.4313
223.4	-16.4313
223.635	-16.4313
223.869	-18.2513
224.104	-18.7913
224.338	-14.6313
224.573	-15.4113
224.808	-11.4313
225.042	-7.2113000000000005
225.277	-5.7613
225.511	-2.9913000000000003
225.746	3.0787000000000004
225.98	5.428700000000001
226.215	10.3687
226.449	16.2587
226.683	19.558699999999998
226.918	25.2287
227.152	30.988699999999998
227.387	36.1287
227.621	38.8787
227.856	42.5987
228.09	47.8587
228.324	51.4587
228.559	56.1087
228.793	63.718700000000005
229.027	78.7587
229.262	83.57870000000001
229.496	93.48870000000001
229.73	111.8987
229.964	111.6887
230.199	93.4687
230.433	90.1887
230.667	94.3487
230.901	91.91869999999999
231.136	92.0287
231.37	92.4687
231.604	93.23870000000001
231.838	93.82870000000001
232.072	94.6887
232.306	93.9387
232.541	95.6487
232.775	96.6887
233.009	95.40870000000001
233.243	96.5287
233.477	96.2787
233.711	97.73870000000001
233.945	97.67869999999999
234.179	97.7687
234.413	96.4587
234.647	96.41870000000002
234.881	95.7987
235.115	97.98870000000001
235.349	96.7987
235.583	97.7787
235.817	99.3787
236.051	99.8087
236.285	98.8787
236.519	98.2987
236.753	104.24870000000001
236.987	113.9687
237.221	134.7587
237.455	140.7587
237.689	109.92869999999999
237.922	102.90870000000001
238.156	101.8987
238.39	100.48870000000001
238.624	98.0587
238.858	100.98870000000001
239.091	99.3887
239.325	101.0687
239.559	104.75869999999999
239.793	104.4587
240.027	105.0487
240.26	111.0587
240.494	113.5287
240.728	111.2787
240.961	109.5587
241.195	108.65870000000001
241.429	105.1187
241.662	103.99870000000001
241.896	102.92869999999999
242.13	104.5687
242.363	103.8487
242.597	104.8687
242.83	106.6487
243.064	106.9587
243.298	107.6487
243.531	106.99870000000001
243.765	107.24870000000001
243.998	107.7287
244.232	111.25869999999999
244.465	115.7787
244.699	112.5187
244.932	110.6887
245.166	110.9387
245.399	111.9487
245.633	109.0387
245.866	110.7987
246.099	110.6987
246.333	114.2287
246.566	113.99870000000001
246.8	113.24870000000001
247.033	114.9387
247.266	118.32870000000001
247.5	119.73870000000001
247.733	120.7987
247.966	121.1987
248.2	121.73870000000001
248.433	120.3987
248.666	125.3587
248.899	131.89870000000002
249.133	138.8487
249.366	149.1587
249.599	145.3387
249.832	128.7587
250.066	128.4987
250.299	132.1287
250.532	140.4787
250.765	144.6587
250.998	148.89870000000002
251.231	143.5787
251.465	137.2987
251.698	133.0187
251.931	133.2287
252.164	132.93869999999998
252.397	132.64870000000002
252.63	135.2287
252.863	138.7987
253.096	141.6387
253.329	148.0287
253.562	141.3587
253.795	139.8487
254.028	141.2887
254.261	143.4087
254.494	150.3787
254.727	164.81869999999998
254.96	166.0087
255.193	155.8787
255.426	148.5987
255.659	146.2087
255.892	156.9187
256.124	164.6687
256.357	157.92870000000002
256.59	150.2787
256.823	144.1987
257.056	140.3387
257.289	140.80870000000002
257.521	141.1587
257.754	138.5287
257.987	139.2287
258.22	139.3887
258.452	139.6987
258.685	139.4187
258.918	140.55870000000002
259.151	142.0787
259.383	145.7987
259.616	145.8387
259.849	148.9487
260.081	155.2787
260.314	161.3487
260.547	158.4987
260.779	152.05870000000002
261.012	150.0287
261.244	148.68869999999998
261.477	152.8387
261.71	157.9087
261.942	181.38869999999997
262.175	187.5987
262.407	154.7487
262.64	147.2787
262.872	147.5087
263.105	145.8387
263.337	147.4687
263.57	146.3587
263.802	146.4487
264.035	146.0287
264.267	145.9687
264.499	145.3287
264.732	145.9287
264.964	146.7987
265.197	147.0187
265.429	149.4287
265.661	148.3387
265.894	148.2187
266.126	151.5887
266.358	150.2587
266.591	152.3787
266.823	153.3487
267.055	154.1087
267.287	154.9187
267.52	155.2987
267.752	153.9687
267.984	153.7787
268.216	154.9887
268.448	158.3287
268.681	159.5187
268.913	165.13869999999997
269.145	173.2587
269.377	174.52870000000001
269.609	169.55870000000002
269.841	168.97869999999998
270.073	175.02870000000001
270.306	185.55870000000002
270.538	192.11870000000002
270.77	184.49869999999999
271.002	180.13869999999997
271.234	177.97869999999998
271.466	186.6287
271.698	189.9187
271.93	191.40869999999998
272.162	189.63869999999997
272.394	186.97869999999998
272.626	181.0187
272.858	174.0887
273.09	171.7687
273.322	170.8387
273.553	168.74869999999999
273.785	168.31869999999998
274.017	168.72869999999998
274.249	170.38869999999997
274.481	171.30870000000002
274.713	171.99869999999999
274.945	174.4687
275.176	172.1987
275.408	173.63869999999997
275.64	174.1287
275.872	172.4587
276.104	177.6887
276.335	181.2887
276.567	194.9387
276.799	210.1087
277.031	212.9687
277.262	207.5087
277.494	197.02870000000001
277.726	185.55870000000002
277.957	181.7087
278.189	180.55870000000002
278.421	178.27870000000001
278.652	177.5787
278.884	177.4887
279.115	178.47869999999998
279.347	177.4687
279.579	177.8787
279.81	180.13869999999997
280.042	181.4587
280.273	185.52870000000001
280.505	183.3587
280.736	181.77870000000001
280.968	179.9387
281.199	179.9387
281.431	181.3387
281.662	182.5087
281.894	184.90869999999998
282.125	195.89870000000002
282.356	224.3587
282.588	255.52870000000001
282.819	222.0987
283.051	188.6087
283.282	183.14870000000002
283.513	186.7587
283.745	186.90869999999998
283.976	186.7387
284.207	189.02870000000001
284.439	188.40869999999998
284.67	188.4887
284.901	187.99869999999999
285.132	185.31869999999998
285.364	186.3287
285.595	188.9187
285.826	187.39870000000002
286.057	189.6787
286.288	187.6287
286.52	190.6787
286.751	188.8587
286.982	190.3387
287.213	191.0487
287.444	193.1787
287.675	195.5187
287.906	201.0087
288.138	203.47869999999998
288.369	204.2387
288.6	202.9887
288.831	197.8387
289.062	196.40869999999998
289.293	198.2187
289.524	195.63869999999997
289.755	194.9187
289.986	194.05870000000002
290.217	197.38869999999997
290.448	195.3787
290.679	197.7387
290.91	196.0387
291.141	193.80870000000002
291.371	196.2687
291.602	194.6887
291.833	194.0887
292.064	198.02870000000001
292.295	197.0787
292.526	197.89870000000002
292.757	197.77870000000001
292.987	197.8487
293.218	195.22869999999998
293.449	197.7087
293.68	196.9687
293.91	196.4587
294.141	199.38869999999997
294.372	197.0887
294.603	197.0387
294.833	199.4387
295.064	200.13869999999997
295.295	202.6687
295.525	202.8787
295.756	214.56869999999998
295.987	234.86870000000002
296.217	267.2887
296.448	250.4687
296.679	209.97869999999998
296.909	202.49869999999999
297.14	204.1787
297.37	205.3587
297.601	206.3587
297.831	204.6787
298.062	208.2587
298.292	207.72869999999998
298.523	208.38869999999997
298.753	208.8387
298.984	205.8787
299.214	206.8387
299.445	211.0887
299.675	213.7087
299.905	217.7987
300.136	212.8587
300.366	210.1687
300.597	211.9187
300.827	219.15869999999998
301.057	228.9487
301.288	236.11870000000002
301.518	222.7387
301.748	218.9487
301.979	229.97869999999998
302.209	223.6787
302.439	222.7887
302.669	218.4687
302.9	217.0387
303.13	217.11870000000002
303.36	223.2087
303.59	231.31869999999998
303.82	237.27870000000001
304.051	226.4487
304.281	220.4287
304.511	218.74869999999999
304.741	216.15869999999998
304.971	215.86870000000002
305.201	215.5787
305.431	216.7587
305.661	217.24869999999999
305.891	217.1787
306.121	222.31869999999998
306.352	229.24869999999999
306.582	232.7987
306.812	220.5887
307.042	220.0487
307.272	222.9587
307.502	225.3587
307.731	226.0987
307.961	220.6687
308.191	218.6787
308.421	217.56869999999998
308.651	219.2087
308.881	221.31869999999998
309.111	223.8287
309.341	226.77870000000001
309.571	232.5987
309.8	232.11870000000002
310.03	237.0487
310.26	239.0987
310.49	235.36870000000002
310.72	244.8387
310.949	250.89870000000002
311.179	248.06869999999998
311.409	235.40869999999998
311.639	236.74869999999999
311.868	238.7087
312.098	239.05870000000002
312.328	243.55870000000002
312.557	255.72869999999998
312.787	261.93870000000004
313.017	254.2587
313.246	243.1287
313.476	239.6887
313.706	240.39870000000002
313.935	245.77870000000001
314.165	252.1287
314.394	257.1687
314.624	249.02870000000001
314.853	247.15869999999998
315.083	238.5987
315.312	237.9187
315.542	236.24869999999999
315.771	234.9187
316.001	234.5087
316.23	234.6987
316.46	234.9587
316.689	236.61870000000002
316.919	240.0887
317.148	243.0787
317.377	242.2187
317.607	240.6787
317.836	237.61870000000002
318.065	231.6287
318.295	234.1787
318.524	234.13869999999997
318.753	235.8787
318.983	238.8787
319.212	243.36870000000002
319.441	255.81869999999998
319.67	255.6987
319.9	238.6787
320.129	237.1987
320.358	238.6787
320.587	242.89870000000002
320.816	248.3787
321.046	252.8487
321.275	248.6787
321.504	244.8487
321.733	248.8287
321.962	253.5387
322.191	261.3087
322.42	268.0887
322.649	273.4987
322.878	279.8087
323.108	289.6987
323.337	306.3987
323.566	323.00870000000003
323.795	355.6287
324.024	433.4087
324.253	703.5187
324.482	1292.3087
324.71	2315.6286999999998
324.939	2855.4387
325.168	1369.0487
325.397	517.8287
325.626	363.84869999999995
325.855	326.2987
326.084	317.6887
326.313	325.8187
326.542	353.1387
326.77	457.4987
326.999	746.6387000000001
327.228	1355.1687
327.457	2267.8187
327.686	1897.0687
327.914	683.0587
328.143	458.51869999999997
328.372	406.26869999999997
328.6	356.8887
328.829	338.5787
329.058	356.1487
329.287	353.8287
329.515	321.1887
329.744	314.6187
329.972	330.8987
330.201	376.5887
330.43	419.68870000000004
330.658	389.75870000000003
330.887	397.9287
331.115	350.6287
331.344	306.50870000000003
331.572	302.3387
331.801	307.5387
332.03	308.4787
332.258	297.0387
332.486	292.5787
332.715	294.8987
332.943	305.50870000000003
333.172	314.76869999999997
333.4	322.0587
333.629	336.4687
333.857	356.7887
334.085	371.7287
334.314	401.0387
334.542	464.2487
334.771	450.1187
334.999	347.5687
335.227	318.25870000000003
335.455	307.6787
335.684	299.9087
335.912	297.8087
336.14	293.0387
336.369	294.8087
336.597	301.00870000000003
336.825	293.5687
337.053	284.9487
337.281	280.6287
337.51	277.9187
337.738	278.9687
337.966	279.1187
338.194	283.02869999999996
338.422	279.84869999999995
338.65	272.7287
338.878	272.6887
339.106	267.95869999999996
339.334	268.00870000000003
339.562	263.7987
339.79	263.70869999999996
340.018	263.2287
340.246	265.1287
340.474	269.7887
340.702	266.01869999999997
340.93	265.8287
341.158	265.3987
341.386	268.01869999999997
341.614	269.6187
341.842	265.3887
342.07	261.1087
342.298	260.9687
342.526	257.50870000000003
342.754	255.63869999999997
342.981	259.4087
343.209	262.9687
343.437	278.6087
343.665	278.9387
343.893	292.00870000000003
344.12	294.9187
344.348	282.3087
344.576	278.3287
344.804	278.2387
345.031	279.27869999999996
345.259	279.4287
345.487	270.8287
345.714	265.0887
345.942	259.5687
346.17	258.6987
346.397	256.5687
346.625	259.1487
346.853	258.5887
347.08	256.0787
347.308	261.4887
347.535	265.1587
347.763	270.52869999999996
347.99	266.4987
348.218	271.6887
348.445	276.5387
348.673	266.6787
348.9	258.4487
349.128	254.2387
349.355	250.8287
349.583	251.2687
349.81	252.8487
350.037	255.3387
350.265	250.9687
350.492	253.39870000000002
350.72	253.8587
350.947	263.00870000000003
351.174	272.6687
351.402	276.8987
351.629	266.4687
351.856	266.3987
352.083	270.6587
352.311	273.00870000000003
352.538	276.3187
352.765	276.77869999999996
352.992	274.7187
353.22	273.1287
353.447	263.1387
353.674	256.4787
353.901	252.2187
354.128	251.0187
354.355	250.61870000000002
354.583	252.2687
354.81	251.97869999999998
355.037	250.5087
355.264	247.7587
355.491	247.88869999999997
355.718	246.7187
355.945	248.5087
356.172	248.1987
356.399	248.11870000000002
356.626	248.72869999999998
356.853	247.5187
357.08	244.61870000000002
357.307	246.3787
357.534	244.4287
357.761	249.36870000000002
357.988	249.64870000000002
358.215	249.38869999999997
358.441	249.1087
358.668	247.61870000000002
358.895	247.1687
359.122	249.0387
359.349	253.8587
359.576	261.9487
359.802	277.51869999999997
360.029	299.25870000000003
360.256	297.50870000000003
360.483	275.0487
360.709	256.4087
360.936	258.9287
361.163	259.84869999999995
361.39	262.9387
361.616	263.0487
361.843	254.31869999999998
362.07	256.6087
362.296	263.7887
362.523	255.55870000000002
362.749	257.77869999999996
362.976	252.6987
363.203	249.90869999999998
363.429	248.3787
363.656	249.63869999999997
363.882	248.4187
364.109	248.0987
364.335	248.8787
364.562	249.65869999999998
364.788	250.6687
365.015	253.7687
365.241	257.6887
365.468	269.4787
365.694	268.9687
365.92	257.3887
366.147	248.8387
366.373	246.6787
366.599	247.7387
366.826	246.6087
367.052	246.24869999999999
367.278	250.97869999999998
367.505	250.11870000000002
367.731	253.38869999999997
367.957	249.6287
368.184	255.5087
368.41	265.6087
368.636	278.95869999999996
368.862	288.9787
369.089	271.1887
369.315	257.8087
369.541	252.52870000000001
369.767	253.7387
369.993	255.72869999999998
370.219	255.43869999999998
370.445	253.2187
370.672	252.31869999999998
370.898	252.74869999999999
371.124	253.97869999999998
371.35	256.4887
371.576	256.7387
371.802	255.1187
372.028	252.84869999999998
372.254	255.7787
372.48	256.84869999999995
372.706	259.26869999999997
372.932	260.2987
373.158	260.50870000000003
373.384	262.0487
373.61	259.6787
373.835	260.02869999999996
374.061	259.7187
374.287	266.1687
374.513	264.8587
374.739	270.3587
374.965	272.0887
375.191	274.3587
375.416	270.5687
375.642	267.50870000000003
375.868	266.6187
376.094	262.3787
376.319	258.8887
376.545	259.4087
376.771	259.09869999999995
376.997	259.02869999999996
377.222	258.59869999999995
377.448	259.4087
377.674	258.8587
377.899	257.45869999999996
378.125	254.7587
378.35	257.0587
378.576	255.9887
378.802	255.39870000000002
379.027	256.9787
379.253	256.5787
379.478	256.9787
379.704	260.1787
379.929	261.4087
380.155	262.6587
380.38	261.4187
380.606	263.7887
380.831	261.1887
381.057	265.0387
381.282	263.3987
381.507	264.0587
381.733	268.8387
381.958	267.34869999999995
382.184	272.02869999999996
382.409	275.1587
382.634	279.0687
382.86	278.2287
383.085	279.4287
383.31	283.0887
383.535	286.59869999999995
383.761	286.5587
383.986	289.27869999999996
384.211	291.4987
384.436	295.8687
384.662	296.9787
384.887	304.9087
385.112	305.7887
385.337	308.4487
385.562	307.0487
385.787	308.7187
386.013	318.2887
386.238	325.3787
386.463	315.2287
386.688	313.6187
386.913	305.00870000000003
387.138	308.3187
387.363	304.3987
387.588	299.3687
387.813	300.9187
388.038	305.4787
388.263	312.4887
388.488	311.34869999999995
388.713	297.1787
388.938	294.5487
389.163	292.8387
389.387	294.1687
389.612	290.27869999999996
389.837	289.27869999999996
390.062	289.7987
390.287	289.2287
390.512	288.8087
390.736	290.84869999999995
390.961	297.02869999999996
391.186	300.2987
391.411	305.3887
391.636	308.20869999999996
391.86	312.0887
392.085	310.8887
392.31	309.02869999999996
392.534	303.8787
392.759	301.3687
392.984	296.0687
393.208	298.2487
393.433	303.2287
393.658	300.77869999999996
393.882	295.5487
394.107	298.3687
394.331	298.4087
394.556	298.1687
394.78	303.4287
395.005	304.1287
395.229	300.25870000000003
395.454	309.75870000000003
395.678	313.7387
395.903	315.7887
396.127	317.6487
396.352	309.52869999999996
396.576	300.4987
396.801	301.4387
397.025	306.1287
397.249	308.2487
397.474	315.6987
397.698	315.76869999999997
397.922	319.5487
398.147	325.6187
398.371	326.8087
398.595	333.5687
398.82	343.2987
399.044	362.7287
399.268	397.5587
399.492	439.5787
399.717	464.0787
399.941	456.3587
400.165	436.8287
400.389	408.0887
400.613	373.2387
400.837	355.8587
401.062	350.6087
401.286	346.4987
401.51	346.9087
401.734	345.4287
401.958	361.51869999999997
402.182	395.9887
402.406	438.75870000000003
402.63	397.7987
402.854	369.4887
403.078	366.6187
403.302	370.5487
403.526	377.8387
403.75	379.3387
403.974	379.8187
404.198	380.84869999999995
404.422	386.25870000000003
404.645	384.8087
404.869	385.59869999999995
405.093	401.5387
405.317	420.0387
405.541	419.6787
405.765	398.8687
405.988	409.0487
406.212	474.18870000000004
406.436	549.4287
406.66	465.3187
406.883	410.20869999999996
407.107	421.2887
407.331	443.7487
407.555	467.19870000000003
407.778	452.3887
408.002	416.1387
408.226	401.43870000000004
408.449	395.0487
408.673	391.0687
408.896	399.7387
409.12	407.1987
409.344	386.43870000000004
409.567	369.8587
409.791	370.7287
410.014	368.7487
410.238	365.2387
410.461	365.1687
410.685	369.25870000000003
410.908	375.8587
411.132	389.6987
411.355	385.68870000000004
411.578	366.3087
411.802	354.8187
412.025	358.01869999999997
412.249	368.68870000000004
412.472	380.5387
412.695	394.09869999999995
412.919	368.5387
413.142	355.8887
413.365	347.4687
413.589	350.1387
413.812	339.7387
414.035	340.5787
414.258	340.0387
414.482	341.9887
414.705	344.45869999999996
414.928	342.1987
415.151	343.5487
415.374	342.95869999999996
415.597	337.5487
415.821	334.1287
416.044	335.0387
416.267	333.01869999999997
416.49	332.59869999999995
416.713	330.1587
416.936	334.4987
417.159	334.0587
417.382	338.8987
417.605	340.76869999999997
417.828	350.4687
418.051	353.8687
418.274	343.8187
418.497	338.27869999999996
418.72	343.8087
418.943	343.3087
419.166	358.1187
419.389	374.0587
419.611	371.4687
419.834	364.4287
420.057	363.93870000000004
420.28	359.02869999999996
420.503	352.50870000000003
420.726	348.9487
420.948	355.52869999999996
421.171	372.0687
421.394	368.7887
421.617	348.1987
421.839	348.1787
422.062	349.9887
422.285	359.1487
422.507	391.3787
422.73	411.4887
422.953	382.4087
423.175	363.4787
423.398	364.4687
423.621	363.7187
423.843	372.8287
424.066	369.2287
424.288	369.4787
424.511	376.8287
424.733	402.68870000000004
424.956	428.1287
425.178	404.9087
425.401	409.6487
425.623	403.4487
425.846	360.1687
426.068	354.34869999999995
426.291	350.9787
426.513	349.27869999999996
426.735	351.1287
426.958	374.4087
427.18	414.4787
427.402	492.70869999999996
427.625	537.3687
427.847	455.4087
428.069	402.9787
428.292	352.1187
428.514	330.8187
428.736	321.59869999999995
428.958	319.3187
429.181	314.4687
429.403	313.9087
429.625	320.76869999999997
429.847	340.1987
430.069	366.7187
430.292	344.68870000000004
430.514	313.84869999999995
430.736	314.77869999999996
430.958	311.6587
431.18	304.8687
431.402	308.3387
431.624	308.1687
431.846	310.0387
432.068	313.27869999999996
432.29	316.4187
432.512	313.2187
432.734	317.2387
432.956	315.6587
433.178	324.93870000000004
433.4	327.4987
433.622	317.7387
433.844	316.3987
434.066	318.20869999999996
434.287	320.6087
434.509	330.26869999999997
434.731	336.1387
434.953	342.2987
435.175	347.51869999999997
435.397	353.3287
435.618	351.6687
435.84	375.8887
436.062	425.9287
436.284	417.6987
436.505	359.6587
436.727	345.1287
436.949	325.7187
437.17	319.02869999999996
437.392	315.7987
437.614	327.3187
437.835	359.0887
438.057	410.7387
438.278	426.6387
438.5	414.3187
438.721	456.5687
438.943	400.8587
439.165	339.76869999999997
439.386	334.00870000000003
439.608	339.4087
439.829	349.3687
440.05	387.0887
440.272	423.3587
440.493	355.9787
440.715	331.3987
440.936	327.3387
441.158	330.3687
441.379	337.1387
441.6	354.9687
441.822	363.6287
442.043	382.9087
442.264	420.9487
442.486	404.5487
442.707	366.50870000000003
442.928	371.5887
443.149	407.7987
443.371	418.3387
443.592	415.4887
443.813	452.00870000000003
444.034	445.1087
444.255	387.2987
444.476	379.00870000000003
444.698	380.7387
444.919	388.6287
445.14	423.01869999999997
445.361	410.0687
445.582	409.0587
445.803	457.3087
446.024	478.2387
446.245	460.77869999999996
446.466	404.1187
446.687	344.3687
446.908	329.4987
447.129	316.7287
447.35	314.8187
447.571	314.95869999999996
447.792	309.45869999999996
448.013	321.6587
448.234	340.3387
448.455	359.7987
448.675	413.2887
448.896	437.84869999999995
449.117	366.76869999999997
449.338	378.5487
449.559	447.93870000000004
449.779	459.0787
450.0	348.9887
450.221	314.7187
450.442	305.09869999999995
450.662	311.7987
450.883	327.25870000000003
451.104	341.1487
451.324	316.01869999999997
451.545	300.8987
451.766	293.3587
451.986	288.7987
452.207	288.3587
452.428	291.26869999999997
452.648	298.75870000000003
452.869	311.7987
453.089	321.1987
453.31	328.52869999999996
453.53	296.9187
453.751	291.7887
453.971	303.6087
454.192	317.8287
454.412	293.00870000000003
454.633	281.3187
454.853	280.4287
455.073	281.6187
455.294	300.26869999999997
455.514	329.7187
455.734	302.2187
455.955	274.3887
456.175	269.9487
456.395	269.1987
456.616	265.5687
456.836	268.75870000000003
457.056	267.01869999999997
457.276	264.76869999999997
457.497	271.1487
457.717	269.52869999999996
457.937	274.50870000000003
458.157	278.1787
458.377	288.59869999999995
458.598	320.01869999999997
458.818	397.3687
459.038	441.02869999999996
459.258	382.18870000000004
459.478	326.0687
459.698	315.4487
459.918	318.6287
460.138	325.7987
460.358	332.3287
460.578	336.2387
460.798	340.8387
461.018	339.6087
461.238	332.2387
461.458	331.8387
461.678	327.51869999999997
461.898	332.84869999999995
462.118	336.4487
462.338	349.59869999999995
462.558	353.9987
462.777	367.4487
462.997	390.5487
463.217	406.4187
463.437	397.8687
463.657	375.1387
463.876	368.8987
464.096	374.1087
464.316	374.51869999999997
464.536	379.4987
464.755	370.8387
464.975	383.09869999999995
465.195	457.8387
465.414	458.1187
465.634	346.8287
465.854	320.6287
466.073	311.4287
466.293	302.6987
466.512	297.4887
466.732	291.6587
466.951	293.4187
467.171	295.3087
467.391	304.5887
467.61	316.2187
467.829	312.4087
468.049	321.5887
468.268	330.6687
468.488	294.0787
468.707	284.6887
468.927	283.6087
469.146	283.4287
469.365	289.3087
469.585	288.95869999999996
469.804	305.9687
470.023	312.77869999999996
470.243	309.2387
470.462	319.3087
470.681	336.0487
470.901	310.6187
471.12	300.6387
471.339	298.4187
471.558	296.75870000000003
471.777	295.3387
471.997	300.0687
472.216	353.2887
472.435	444.4087
472.654	329.95869999999996
472.873	295.1187
473.092	290.1787
473.311	286.26869999999997
473.53	286.9887
473.749	292.6687
473.968	321.1987
474.187	367.01869999999997
474.406	343.1087
474.625	299.0687
474.844	288.34869999999995
475.063	283.9887
475.282	285.25870000000003
475.501	286.6687
475.72	292.4087
475.939	289.9387
476.158	290.76869999999997
476.377	291.9687
476.596	292.4787
476.814	303.3787
477.033	304.20869999999996
477.252	304.6187
477.471	306.7987
477.69	311.4687
477.908	317.77869999999996
478.127	322.9487
478.346	324.0387
478.564	330.68870000000004
478.783	342.0487
479.002	343.8087
479.22	344.6487
479.439	355.3787
479.658	360.51869999999997
479.876	358.68870000000004
480.095	362.75870000000003
480.313	381.1287
480.532	374.8087
480.751	378.84869999999995
480.969	424.8787
481.188	637.5187000000001
481.406	548.9687
481.624	380.3187
481.843	349.7187
482.061	337.2987
482.28	328.6487
482.498	326.8187
482.717	324.5587
482.935	323.34869999999995
483.153	321.76869999999997
483.372	322.6487
483.59	322.8387
483.808	320.45869999999996
484.027	323.1687
484.245	326.8987
484.463	327.4987
484.681	333.6687
484.9	333.50870000000003
485.118	334.1987
485.336	336.0487
485.554	341.34869999999995
485.772	345.4287
485.99	345.9287
486.209	351.18870000000004
486.427	353.5487
486.645	362.3187
486.863	369.3687
487.081	356.1387
487.299	350.4487
487.517	345.02869999999996
487.735	341.7187
487.953	341.5587
488.171	341.59869999999995
488.389	345.2487
488.607	348.0687
488.825	340.4787
489.043	341.3587
489.261	347.1187
489.479	349.6287
489.696	347.2887
489.914	351.43870000000004
490.132	354.6087
490.35	357.6487
490.568	358.7487
490.786	363.8687
491.003	367.6187
491.221	372.7887
491.439	383.6187
491.657	383.3987
491.874	383.9487
492.092	385.1387
492.31	391.1187
492.527	392.0387
492.745	394.7387
492.963	396.0487
493.18	397.3887
493.398	401.8787
493.615	406.3687
493.833	405.1187
494.05	401.3587
494.268	396.7487
494.485	395.4787
494.703	393.2387
494.92	393.9187
495.138	391.2387
495.355	393.9787
495.573	391.2987
495.79	390.4487
496.008	395.70869999999996
496.225	393.8187
496.442	392.5787
496.66	396.8087
496.877	394.3887
497.094	402.34869999999995
497.312	405.3687
497.529	414.2887
497.746	419.93870000000004
497.963	427.20869999999996
498.181	444.9287
498.398	458.52869999999996
498.615	490.0187
498.832	503.00870000000003
499.049	508.8387
499.267	534.3687
499.484	562.5587
499.701	594.5187000000001
499.918	621.9087000000001
500.135	654.9487
500.352	680.3987
500.569	684.1087000000001
500.786	680.9787
501.003	662.7887
501.22	635.9487
501.437	605.2387
501.654	580.4887
501.871	566.6187
502.088	523.8287
502.305	496.2487
502.522	474.45869999999996
502.739	462.6787
502.956	443.0787
503.172	430.37870000000004
503.389	424.7687
503.606	431.5487
503.823	419.4987
504.04	413.1187
504.256	412.3887
504.473	418.2387
504.69	417.6687
504.907	412.5887
505.123	393.76869999999997
505.34	384.25870000000003
505.557	377.9287
505.773	375.3387
505.99	370.84869999999995
506.207	366.4687
506.423	366.3787
506.64	361.50870000000003
506.856	358.4687
507.073	355.6487
507.289	356.76869999999997
507.506	359.6987
507.722	381.1387
507.939	382.5487
508.155	356.75870000000003
508.372	348.4987
508.588	342.9887
508.805	344.5587
509.021	350.4187
509.238	357.8087
509.454	358.3687
509.67	357.5787
509.887	358.0687
510.103	382.5887
510.319	470.0887
510.536	1107.6887
510.752	3176.2787000000003
510.968	1076.5387
511.184	410.5587
511.401	357.7387
511.617	341.9787
511.833	336.0887
512.049	334.5587
512.265	333.1487
512.481	330.0787
512.698	326.1687
512.914	326.6587
513.13	325.0887
513.346	322.9787
513.562	326.3387
513.778	331.1287
513.994	335.18870000000004
514.21	342.5887
514.426	370.27869999999996
514.642	404.7487
514.858	402.6987
515.074	462.3587
515.29	850.0887
515.506	2253.0587
515.721	1007.8087
515.937	445.7387
516.153	382.3087
516.369	365.7287
516.585	361.1687
516.801	360.4487
517.016	370.7987
517.232	381.18870000000004
517.448	387.76869999999997
517.664	392.6187
517.879	392.2187
518.095	390.3287
518.311	384.9187
518.527	375.18870000000004
518.742	364.9987
518.958	357.01869999999997
519.173	350.9887
519.389	346.2287
519.605	343.9987
519.82	343.3187
520.036	353.3287
520.251	378.9887
520.467	372.4687
520.682	361.2187
520.898	362.9287
521.113	381.0787
521.329	418.5887
521.544	524.8687
521.76	1021.0687
521.975	3463.7286999999997
522.19	2279.3487
522.406	659.8087
522.621	380.2487
522.836	333.6487
523.052	320.59869999999995
523.267	310.4087
523.482	303.4487
523.698	310.0887
523.913	334.93870000000004
524.128	311.7187
524.343	295.7387
524.559	292.6187
524.774	287.7287
524.989	294.75870000000003
525.204	306.3887
525.419	300.7187
525.634	287.4687
525.849	284.8287
526.064	283.0487
526.28	281.4787
526.495	276.3087
526.71	277.09869999999995
526.925	276.25870000000003
527.14	276.6687
527.355	276.8087
527.57	276.6487
527.785	274.95869999999996
527.999	275.20869999999996
528.214	279.27869999999996
528.429	279.3087
528.644	278.51869999999997
528.859	276.6487
529.074	283.4187
529.289	325.50870000000003
529.503	421.7887
529.718	315.5487
529.933	288.0587
530.148	279.8587
530.363	281.0787
530.577	276.7987
530.792	273.9787
531.007	273.4187
531.221	277.0787
531.436	273.7287
531.651	274.2187
531.865	275.9187
532.08	275.3187
532.295	273.4987
532.509	274.1087
532.724	274.34869999999995
532.938	275.26869999999997
533.153	277.3787
533.367	272.45869999999996
533.582	274.1987
533.796	271.20869999999996
534.011	270.9687
534.225	269.3987
534.44	266.8187
534.654	268.9287
534.868	267.8387
535.083	266.5787
535.297	272.7187
535.511	278.8987
535.726	283.6587
535.94	277.51869999999997
536.154	270.25870000000003
536.369	263.9987
536.583	260.7287
536.797	261.4287
537.011	259.51869999999997
537.225	258.4387
537.44	259.34869999999995
537.654	256.2487
537.868	257.6187
538.082	258.20869999999996
538.296	260.2887
538.51	257.6187
538.724	258.5687
538.938	257.7287
539.153	261.9087
539.367	276.77869999999996
539.581	264.7287
539.795	255.4187
540.009	255.4487
540.222	254.1787
540.436	253.90869999999998
540.65	255.81869999999998
540.864	259.3687
541.078	263.84869999999995
541.292	261.1087
541.506	254.3387
541.72	251.1087
541.934	249.7587
542.147	250.3287
542.361	247.65869999999998
542.575	244.8587
542.789	247.89870000000002
543.002	250.1787
543.216	253.4687
543.43	260.8587
543.644	251.7687
543.857	252.30870000000002
544.071	252.40869999999998
544.285	253.89870000000002
544.498	253.4887
544.712	252.81869999999998
544.925	251.18869999999998
545.139	251.0887
545.352	249.6087
545.566	252.2387
545.779	250.24869999999999
545.993	249.0787
546.206	251.2087
546.42	249.1287
546.633	251.2687
546.847	250.4487
547.06	246.6987
547.274	247.5987
547.487	247.9187
547.7	246.6787
547.914	248.9287
548.127	248.7187
548.34	249.1987
548.554	247.0387
548.767	248.80870000000002
548.98	247.81869999999998
549.193	248.6287
549.407	250.84869999999998
549.62	253.6687
549.833	253.0887
550.046	249.3587
550.259	247.4287
550.473	246.02870000000001
550.686	246.6887
550.899	244.0787
551.112	243.4887
551.325	244.2087
551.538	245.63869999999997
551.751	244.40869999999998
551.964	242.6987
552.177	247.7987
552.39	250.3287
552.603	252.88869999999997
552.816	258.09869999999995
553.029	261.34869999999995
553.242	265.7187
553.455	273.6087
553.667	284.9187
553.88	280.8387
554.093	262.7487
554.306	259.3087
554.519	256.51869999999997
554.732	250.99869999999999
554.944	246.6887
555.157	243.5987
555.37	240.4587
555.583	239.9587
555.795	236.74869999999999
556.008	233.36870000000002
556.221	230.06869999999998
556.433	229.5487
556.646	229.64870000000002
556.859	228.0087
557.071	227.1787
557.284	224.6987
557.496	223.90869999999998
557.709	220.0887
557.921	223.1287
558.134	221.0087
558.346	220.65869999999998
558.559	219.4387
558.771	218.55870000000002
558.984	217.1687
559.196	215.8387
559.409	216.4387
559.621	216.4587
559.833	214.47869999999998
560.046	215.80870000000002
560.258	217.13869999999997
560.47	218.4387
560.683	216.55870000000002
560.895	215.2087
561.107	216.89870000000002
561.32	214.9587
561.532	216.77870000000001
561.744	218.02870000000001
561.956	217.86870000000002
562.168	218.9687
562.381	218.8587
562.593	217.8587
562.805	218.2187
563.017	217.8787
563.229	219.13869999999997
563.441	218.3387
563.653	219.4687
563.865	218.3587
564.077	219.8387
564.289	221.6887
564.501	222.97869999999998
564.713	226.6687
564.925	233.2387
565.137	249.6887
565.349	240.97869999999998
565.561	239.72869999999998
565.773	245.0987
565.985	249.9187
566.197	258.9987
566.408	271.6387
566.62	285.3087
566.832	293.9287
567.044	296.1187
567.255	298.09869999999995
567.467	306.1787
567.679	316.4187
567.891	327.6087
568.102	327.76869999999997
568.314	310.9887
568.526	290.6487
568.737	276.9687
568.949	262.52869999999996
569.161	249.90869999999998
569.372	239.6987
569.584	235.2987
569.795	234.4487
570.007	256.7987
570.218	417.4887
570.43	283.2987
570.641	224.8787
570.853	218.5087
571.064	217.99869999999999
571.276	216.8787
571.487	211.9687
571.698	209.30870000000002
571.91	204.7187
572.121	202.1687
572.333	199.0187
572.544	196.3387
572.755	195.74869999999999
572.966	195.7387
573.178	195.9887
573.389	195.40869999999998
573.6	191.47869999999998
573.811	190.56869999999998
574.023	190.4887
574.234	191.5887
574.445	189.2387
574.656	189.15869999999998
574.867	188.8587
575.078	189.4587
575.289	186.8787
575.501	187.99869999999999
575.712	184.7387
575.923	184.89870000000002
576.134	182.7187
576.345	184.30870000000002
576.556	186.5487
576.767	185.1987
576.978	183.86870000000002
577.188	185.52870000000001
577.399	184.0187
577.61	185.27870000000001
577.821	190.38869999999997
578.032	210.3487
578.243	392.1687
578.454	1032.0687
578.665	341.70869999999996
578.875	196.0787
579.086	181.1687
579.297	176.3587
579.508	176.2887
579.718	174.5487
579.929	174.2587
580.14	171.0987
580.35	171.97869999999998
580.561	172.0387
580.772	169.0087
580.982	170.7387
581.193	170.3287
581.403	168.74869999999999
581.614	169.4187
581.825	168.06869999999998
582.035	168.9587
582.246	170.47869999999998
582.456	167.90869999999998
582.667	169.49869999999999
582.877	168.24869999999999
583.087	168.7187
583.298	168.8287
583.508	168.6087
583.719	166.3787
583.929	168.6687
584.139	166.61870000000002
584.35	165.1787
584.56	168.2187
584.77	168.3387
584.981	165.89870000000002
585.191	166.4287
585.401	164.3287
585.611	165.31869999999998
585.821	167.22869999999998
586.032	167.97869999999998
586.242	164.72869999999998
586.452	165.7687
586.662	165.02870000000001
586.872	163.80870000000002
587.082	162.4887
587.292	162.1187
587.502	160.8487
587.713	161.6187
587.923	162.3287
588.133	163.3487
588.343	162.4687
588.553	163.1887
588.762	166.1087
588.972	171.80870000000002
589.182	213.4287
589.392	182.7987
589.602	171.7887
589.812	192.0787
590.022	171.3487
590.232	164.02870000000001
590.441	164.3287
590.651	161.7787
590.861	164.31869999999998
591.071	164.9287
591.281	166.9687
591.49	166.2187
591.7	167.2987
591.91	170.99869999999999
592.119	170.0787
592.329	178.1087
592.539	183.9587
592.748	180.6087
592.958	180.5387
593.167	182.81869999999998
593.377	184.61870000000002
593.587	189.9487
593.796	186.8387
594.006	184.49869999999999
594.215	186.74869999999999
594.424	185.4687
594.634	183.77870000000001
594.843	178.1087
595.053	176.11870000000002
595.262	172.2387
595.472	168.7587
595.681	165.89870000000002
595.89	165.8487
596.1	162.0387
596.309	162.38869999999997
596.518	157.6387
596.727	158.9487
596.937	157.39870000000002
597.146	155.9887
597.355	155.7787
597.564	154.18869999999998
597.774	154.8887
597.983	152.7087
598.192	151.2187
598.401	148.7587
598.61	149.8587
598.819	151.2187
599.028	150.2887
599.237	148.2687
599.446	150.5987
599.655	150.1787
599.864	149.4087
600.073	149.3587
600.282	152.3587
600.491	149.1387
600.7	148.2987
600.909	148.0287
601.118	149.5687
601.327	149.5687
601.536	148.6787
601.745	146.8187
601.953	146.1387
602.162	144.8687
602.371	147.9687
602.58	144.8587
602.789	146.05870000000002
602.997	143.9187
603.206	144.0287
603.415	143.5387
603.623	142.4787
603.832	144.6087
604.041	142.7187
604.249	141.1987
604.458	141.1687
604.666	141.05870000000002
604.875	139.9887
605.084	142.3587
605.292	142.1187
605.501	139.5287
605.709	139.8287
605.918	140.80870000000002
606.126	141.4787
606.334	141.2087
606.543	140.6387
606.751	141.6987
606.96	140.3887
607.168	139.39870000000002
607.376	141.7487
607.585	141.0387
607.793	139.0487
608.001	140.1787
608.21	139.2687
608.418	139.2887
608.626	137.8887
608.834	138.6987
609.043	138.4787
609.251	139.43869999999998
609.459	137.6687
609.667	140.7387
609.875	137.8787
610.083	136.9087
610.291	138.2387
610.499	139.1087
610.707	139.1087
610.916	137.7487
611.124	138.8587
611.332	136.4787
611.54	135.68869999999998
611.748	139.0287
611.955	136.3787
612.163	136.3187
612.371	135.5487
612.579	135.4287
612.787	137.5187
612.995	136.4687
613.203	139.8487
613.411	136.4587
613.618	136.2587
613.826	133.3287
614.034	135.0487
614.242	134.2987
614.449	135.5487
614.657	136.5887
614.865	135.8787
615.072	136.9087
615.28	137.2787
615.488	137.2487
615.695	141.7887
615.903	144.9687
616.111	147.3387
616.318	150.0187
616.526	144.2487
616.733	143.8187
616.941	139.7887
617.148	138.9887
617.356	137.30870000000002
617.563	137.5687
617.771	135.9887
617.978	135.30870000000002
618.185	137.0187
618.393	135.64870000000002
618.6	136.05870000000002
618.807	134.8387
619.015	135.4087
619.222	134.1987
619.429	135.7287
619.637	135.5187
619.844	133.2387
620.051	132.89870000000002
620.258	133.1987
620.466	130.5487
620.673	129.7187
620.88	129.1587
621.087	131.1787
621.294	130.2987
621.501	128.7887
621.708	130.6587
621.915	130.7787
622.122	132.2887
622.329	130.2987
622.536	130.5387
622.743	126.7787
622.95	127.6987
623.157	127.1487
623.364	128.3687
623.571	129.2187
623.778	126.6287
623.985	129.4587
624.192	125.40870000000001
624.399	126.3087
624.606	128.2387
624.812	127.3487
625.019	125.7187
625.226	126.66870000000002
625.433	127.92869999999999
625.639	125.98870000000001
625.846	126.2987
626.053	125.6387
626.259	125.2287
626.466	124.9487
626.673	124.4787
626.879	123.5287
627.086	126.9387
627.293	125.6887
627.499	124.4687
627.706	122.8987
627.912	124.3787
628.119	124.74870000000001
628.325	125.24870000000001
628.532	122.5287
628.738	121.6387
628.945	122.0287
629.151	121.3687
629.357	120.33869999999999
629.564	121.3887
629.77	120.73870000000001
629.976	122.15870000000001
630.183	119.49870000000001
630.389	118.8587
630.595	119.16870000000002
630.802	118.5987
631.008	118.5287
631.214	118.32870000000001
631.42	118.41870000000002
631.627	122.7287
631.833	118.00869999999999
632.039	116.7987
632.245	116.8487
632.451	119.3987
632.657	118.24870000000001
632.863	118.2987
633.069	116.8987
633.275	118.4387
633.481	117.32870000000001
633.688	118.1387
633.893	119.4787
634.099	116.23870000000001
634.305	117.07870000000001
634.511	115.3687
634.717	115.0687
634.923	115.0687
635.129	115.5587
635.335	116.49870000000001
635.541	115.15870000000001
635.747	117.2187
635.952	115.1287
636.158	117.4487
636.364	130.7087
636.57	126.40870000000001
636.775	118.40870000000001
636.981	115.6387
637.187	117.0187
637.392	115.75869999999999
637.598	115.7887
637.804	113.42869999999999
638.009	113.15870000000001
638.215	113.8187
638.421	112.8987
638.626	113.98870000000001
638.832	113.7687
639.037	112.8087
639.243	113.4687
639.448	112.4387
639.654	113.7787
639.859	111.9587
640.065	111.5687
640.27	115.66870000000002
640.475	114.0987
640.681	111.4487
640.886	111.3787
641.091	112.1487
641.297	114.15870000000001
641.502	111.1187
641.707	112.8887
641.913	114.17869999999999
642.118	112.0587
642.323	110.5587
642.528	112.7087
642.733	111.3587
642.939	112.49870000000001
643.144	110.00869999999999
643.349	109.9787
643.554	111.32870000000001
643.759	111.23870000000001
643.964	108.1487
644.169	108.9387
644.374	110.9587
644.579	110.1887
644.784	109.5687
644.989	110.1387
645.194	109.92869999999999
645.399	110.49870000000001
645.604	110.7087
645.809	113.9387
646.014	111.49870000000001
646.219	110.74870000000001
646.423	111.4787
646.628	108.5287
646.833	109.67869999999999
647.038	112.15870000000001
647.243	112.6087
647.447	110.25869999999999
647.652	110.9787
647.857	112.3487
648.062	112.07870000000001
648.266	113.2687
648.471	118.3487
648.676	121.6387
648.88	118.08869999999999
649.085	116.7087
649.289	118.17869999999999
649.494	131.1987
649.698	167.6687
649.903	130.7387
650.107	115.8787
650.312	112.3187
650.516	108.42869999999999
650.721	106.3787
650.925	105.2887
651.13	104.2987
651.334	105.1387
651.539	104.2787
651.743	103.40870000000001
651.947	102.5687
652.152	102.7187
652.356	100.3787
652.56	103.2087
652.764	101.15870000000001
652.969	99.7687
653.173	98.7787
653.377	99.67869999999999
653.581	98.1387
653.785	99.3887
653.99	98.9387
654.194	98.23870000000001
654.398	99.6187
654.602	99.1487
654.806	104.41869999999999
655.01	119.66870000000002
655.214	105.2787
655.418	99.5187
655.622	99.6387
655.826	99.4487
656.03	100.3787
656.234	102.9687
656.438	107.17869999999999
656.642	105.7887
656.846	102.3087
657.049	97.98870000000001
657.253	97.1087
657.457	93.4687
657.661	92.7887
657.865	90.8887
658.068	90.8087
658.272	89.73870000000001
658.476	88.6487
658.68	87.1987
658.883	87.2987
659.087	86.2987
659.291	87.0287
659.494	86.7087
659.698	84.07870000000001
659.901	84.4687
660.105	85.00869999999999
660.309	83.67869999999999
660.512	84.2187
660.716	85.5287
660.919	83.5387
661.123	86.17869999999999
661.326	82.8987
661.53	82.7687
661.733	84.6387
661.936	83.41869999999999
662.14	81.7687
662.343	83.49870000000001
662.546	82.1987
662.75	82.8087
662.953	83.2787
663.156	82.4587
663.36	82.8687
663.563	80.3687
663.766	81.1287
663.969	81.23870000000001
664.173	79.7387
664.376	80.6887
664.579	78.7987
664.782	81.09870000000001
664.985	81.8487
665.188	79.4287
665.391	80.4387
665.594	80.6187
665.797	79.5587
666.0	80.2387
666.203	80.6987
666.406	79.2087
666.609	80.84870000000001
666.812	80.5387
667.015	80.7187
667.218	82.17869999999999
667.421	81.0387
667.624	81.67869999999999
667.827	81.01870000000001
668.03	80.4687
668.232	79.8687
668.435	81.40870000000001
668.638	80.7187
668.841	82.8687
669.043	79.7287
669.246	79.9387
669.449	80.2487
669.651	80.0287
669.854	81.0087
670.057	81.4787
670.259	79.4887
670.462	80.4687
670.665	81.48870000000001
670.867	81.82870000000001
671.07	81.25869999999999
671.272	81.4487
671.475	82.8787
671.677	81.5387
671.88	81.42869999999999
672.082	79.76870000000001
672.284	81.1487
672.487	81.5287
672.689	81.5387
672.892	79.5387
