223.165	-16.9039
223.4	-16.9039
223.635	-16.9039
223.869	-18.8339
224.104	-18.5039
224.338	-15.5139
224.573	-13.6039
224.808	-11.9539
225.042	-8.1539
225.277	-5.2939
225.511	-1.8538999999999999
225.746	2.9360999999999997
225.98	7.0761
226.215	11.2261
226.449	15.7061
226.683	20.286099999999998
226.918	24.2461
227.152	29.1261
227.387	34.5861
227.621	39.216100000000004
227.856	43.186099999999996
228.09	47.2861
228.324	51.1461
228.559	55.1661
228.793	59.2961
229.027	66.1161
229.262	71.5261
229.496	80.2961
229.73	97.48610000000001
229.964	96.17609999999999
230.199	79.7061
230.433	79.2361
230.667	80.6961
230.901	83.0461
231.136	80.9161
231.37	82.41610000000001
231.604	82.99610000000001
231.838	83.7961
232.072	82.58609999999999
232.306	84.5561
232.541	83.7961
232.775	84.0561
233.009	84.7261
233.243	83.7061
233.477	84.7161
233.711	83.75609999999999
233.945	82.8861
234.179	82.4361
234.413	85.0161
234.647	84.0161
234.881	83.4761
235.115	82.7261
235.349	81.98610000000001
235.583	84.40610000000001
235.817	83.4561
236.051	83.1861
236.285	82.2161
236.519	84.25609999999999
236.753	84.2261
236.987	88.50609999999999
237.221	99.08610000000002
237.455	102.42609999999999
237.689	87.5661
237.922	83.6061
238.156	83.32610000000001
238.39	82.09609999999999
238.624	80.6361
238.858	82.3061
239.091	82.65610000000001
239.325	85.09609999999999
239.559	88.33610000000002
239.793	86.16610000000001
240.027	84.9561
240.26	85.7961
240.494	86.92609999999999
240.728	84.8761
240.961	84.5561
241.195	85.0661
241.429	83.23610000000001
241.662	83.8761
241.896	82.5361
242.13	82.6461
242.363	82.40610000000001
242.597	83.59609999999999
242.83	84.5461
243.064	83.99610000000001
243.298	84.6461
243.531	85.2661
243.765	85.3661
243.998	87.58610000000002
244.232	89.5261
244.465	92.99610000000001
244.699	89.1461
244.932	87.1361
245.166	85.6361
245.399	86.8561
245.633	87.3061
245.866	86.3761
246.099	87.48610000000001
246.333	86.74610000000001
246.566	87.4461
246.8	86.74610000000001
247.033	86.83610000000002
247.266	86.5461
247.5	87.4361
247.733	90.1961
247.966	88.6161
248.2	88.98610000000001
248.433	90.17609999999999
248.666	91.1261
248.899	94.48610000000001
249.133	99.9361
249.366	112.24610000000001
249.599	111.3561
249.832	94.92609999999999
250.066	92.4561
250.299	91.5161
250.532	93.7961
250.765	93.2961
250.998	94.34609999999999
251.231	94.5561
251.465	95.23610000000001
251.698	92.3561
251.931	92.83610000000002
252.164	93.3761
252.397	91.8761
252.63	93.57610000000001
252.863	94.7261
253.096	94.7961
253.329	95.7061
253.562	94.4461
253.795	95.3861
254.028	95.6461
254.261	96.67609999999999
254.494	96.6161
254.727	103.2061
254.96	102.5461
255.193	98.5661
255.426	95.1061
255.659	94.4461
255.892	97.8661
256.124	95.99610000000001
256.357	96.1961
256.59	96.7261
256.823	95.49610000000001
257.056	95.25609999999999
257.289	97.0161
257.521	96.1461
257.754	96.1861
257.987	96.42609999999999
258.22	99.1261
258.452	96.6161
258.685	97.16610000000001
258.918	97.3661
259.151	96.24610000000001
259.383	98.74610000000001
259.616	97.6061
259.849	97.2761
260.081	101.0561
260.314	101.8461
260.547	101.6261
260.779	101.1161
261.012	100.7661
261.244	101.6861
261.477	105.8661
261.71	114.33610000000002
261.942	142.7061
262.175	148.9861
262.407	111.0361
262.64	99.8561
262.872	101.17609999999999
263.105	98.8061
263.337	101.0261
263.57	97.6961
263.802	100.6061
264.035	98.8761
264.267	97.9761
264.499	99.66610000000001
264.732	100.1861
264.964	99.0661
265.197	99.23610000000001
265.429	100.2861
265.661	100.1261
265.894	99.4561
266.126	101.92609999999999
266.358	100.48610000000001
266.591	100.5461
266.823	102.0361
267.055	100.15610000000001
267.287	101.9461
267.52	103.25609999999999
267.752	101.8661
267.984	102.41610000000001
268.216	101.2261
268.448	104.1961
268.681	103.7261
268.913	105.4661
269.145	107.2661
269.377	106.90610000000001
269.609	104.2861
269.841	104.82610000000001
270.073	105.7961
270.306	109.4661
270.538	112.0661
270.77	109.23610000000001
271.002	107.99610000000001
271.234	108.7761
271.466	112.65610000000001
271.698	110.1461
271.93	112.0561
272.162	111.6361
272.394	111.7661
272.626	110.1761
272.858	106.6961
273.09	106.9661
273.322	106.7261
273.553	104.9261
273.785	107.9461
274.017	105.5561
274.249	106.7661
274.481	106.50610000000002
274.713	107.3061
274.945	110.6861
275.176	107.90610000000001
275.408	110.23610000000001
275.64	110.9661
275.872	110.1961
276.104	110.08610000000002
276.335	116.40610000000001
276.567	128.4161
276.799	144.93609999999998
277.031	138.3461
277.262	126.82610000000001
277.494	118.5361
277.726	110.8461
277.957	109.33610000000002
278.189	108.4261
278.421	108.5561
278.652	108.99610000000001
278.884	107.82610000000001
279.115	108.3661
279.347	109.66610000000001
279.579	109.57610000000001
279.81	111.3061
280.042	115.75610000000002
280.273	120.7261
280.505	115.9261
280.736	112.1461
280.968	109.08610000000002
281.199	110.33610000000002
281.431	110.83610000000002
281.662	110.4461
281.894	115.8661
282.125	126.9261
282.356	159.2361
282.588	191.3961
282.819	153.6061
283.051	117.5161
283.282	112.4361
283.513	113.6361
283.745	113.0361
283.976	113.32610000000001
284.207	113.2261
284.439	113.3061
284.67	111.33610000000002
284.901	110.8061
285.132	111.5161
285.364	110.75610000000002
285.595	113.33610000000002
285.826	113.0461
286.057	113.58610000000002
286.288	112.75610000000002
286.52	112.07610000000001
286.751	111.9661
286.982	114.40610000000001
287.213	112.3461
287.444	113.2761
287.675	116.6061
287.906	117.5361
288.138	118.6061
288.369	121.25610000000002
288.6	121.6061
288.831	116.2661
289.062	115.91610000000001
289.293	116.3661
289.524	113.9461
289.755	115.3861
289.986	113.3761
290.217	114.6761
290.448	113.4761
290.679	114.6061
290.91	114.6461
291.141	114.2261
291.371	116.5261
291.602	114.2961
291.833	113.3661
292.064	115.90610000000001
292.295	116.6761
292.526	116.6461
292.757	116.33610000000002
292.987	115.75610000000002
293.218	114.9561
293.449	116.0961
293.68	116.1061
293.91	115.6861
294.141	116.65610000000001
294.372	116.6061
294.603	116.6761
294.833	116.0661
295.064	117.6261
295.295	119.2961
295.525	123.3661
295.756	132.0761
295.987	156.89610000000002
296.217	193.8761
296.448	173.8461
296.679	126.8961
296.909	119.49610000000001
297.14	118.4661
297.37	119.3861
297.601	118.9361
297.831	119.15610000000001
298.062	122.8861
298.292	121.50610000000002
298.523	121.8961
298.753	116.7661
298.984	119.3561
299.214	120.90610000000001
299.445	123.0461
299.675	126.91610000000001
299.905	128.7861
300.136	122.4561
300.366	120.4261
300.597	121.9261
300.827	127.1761
301.057	135.80610000000001
301.288	142.4761
301.518	129.3761
301.748	123.6161
301.979	131.9861
302.209	126.8561
302.439	124.7261
302.669	123.25610000000002
302.9	122.6861
303.13	124.73610000000001
303.36	130.5161
303.59	139.0061
303.82	145.5761
304.051	131.9161
304.281	123.8861
304.511	124.07610000000001
304.741	120.8961
304.971	120.98610000000001
305.201	122.4261
305.431	120.9361
305.661	123.3961
305.891	124.33610000000002
306.121	130.43609999999998
306.352	139.7361
306.582	142.5461
306.812	127.4461
307.042	126.4761
307.272	130.2061
307.502	132.5061
307.731	132.33610000000002
307.961	126.25610000000002
308.191	123.1261
308.421	123.7961
308.651	123.6961
308.881	125.99610000000001
309.111	127.8161
309.341	131.3861
309.571	136.33610000000002
309.8	133.6661
310.03	137.2961
310.26	138.1261
310.49	133.68609999999998
310.72	141.7661
310.949	148.4061
311.179	143.92610000000002
311.409	132.58610000000002
311.639	134.6061
311.868	136.3561
312.098	132.0661
312.328	136.6961
312.557	146.3461
312.787	154.9161
313.017	146.0661
313.246	133.52609999999999
313.476	130.4461
313.706	131.0761
313.935	138.0061
314.165	143.4761
314.394	146.52609999999999
314.624	141.2461
314.853	138.5061
315.083	134.4461
315.312	131.5661
315.542	127.3761
315.771	129.7861
316.001	127.8461
316.23	127.5961
316.46	127.6761
316.689	129.5661
316.919	132.7261
317.148	136.1061
317.377	135.7461
317.607	133.4761
317.836	131.2461
318.065	128.7661
318.295	128.0461
318.524	128.58610000000002
318.753	129.5161
318.983	132.5961
319.212	141.33610000000002
319.441	152.33610000000002
319.67	151.3861
319.9	135.7961
320.129	129.4161
320.358	131.8261
320.587	136.1061
320.816	140.17610000000002
321.046	145.2861
321.275	138.9861
321.504	134.17610000000002
321.733	135.3761
321.962	140.17610000000002
322.191	144.9161
322.42	151.5961
322.649	159.7161
322.878	162.7061
323.108	170.5061
323.337	181.8961
323.566	195.9861
323.795	224.1661
324.024	296.2461
324.253	556.0361
324.482	1144.6161
324.71	2273.6661
324.939	2980.7461
325.168	1169.4860999999999
325.397	359.5061
325.626	221.19610000000003
325.855	192.4061
326.084	185.0361
326.313	190.0961
326.542	218.2261
326.77	320.8561
326.999	608.6661
327.228	1219.2261
327.457	2200.6061
327.686	1793.8461000000002
327.914	531.8761000000001
328.143	306.5961
328.372	261.4361
328.6	210.27609999999999
328.829	190.3861
329.058	207.4761
329.287	211.52609999999999
329.515	175.58610000000002
329.744	165.1261
329.972	180.35610000000003
330.201	222.7361
330.43	272.3161
330.658	234.33610000000002
330.887	242.9661
331.115	204.9161
331.344	158.80610000000001
331.572	157.18609999999998
331.801	162.5661
332.03	162.26610000000002
332.258	150.4761
332.486	145.5761
332.715	146.3261
332.943	149.6361
333.172	153.2161
333.4	158.8761
333.629	172.8761
333.857	186.5761
334.085	194.8261
334.314	222.7361
334.542	299.2761
334.771	290.0661
334.999	184.2061
335.227	157.7961
335.455	151.2461
335.684	150.7461
335.912	146.3861
336.14	147.5361
336.369	150.6261
336.597	156.2661
336.825	151.6961
337.053	142.8261
337.281	139.5961
337.51	141.1561
337.738	144.5961
337.966	144.1061
338.194	148.9761
338.422	145.77609999999999
338.65	141.80610000000001
338.878	139.18609999999998
339.106	136.0761
339.334	137.6161
339.562	135.2661
339.79	136.2861
340.018	136.9961
340.246	138.4661
340.474	141.8461
340.702	140.9161
340.93	137.2861
341.158	138.67610000000002
341.386	143.1061
341.614	144.93609999999998
341.842	141.58610000000002
342.07	137.1561
342.298	137.3561
342.526	134.17610000000002
342.754	133.3561
342.981	132.8461
343.209	132.1661
343.437	144.6061
343.665	139.2861
343.893	141.8561
344.12	142.8561
344.348	140.9861
344.576	139.2861
344.804	141.0961
345.031	146.0661
345.259	149.9061
345.487	143.0961
345.714	141.3261
345.942	138.05610000000001
346.17	136.1361
346.397	135.4961
346.625	137.2161
346.853	136.1061
347.08	133.6161
347.308	138.3461
347.535	144.1361
347.763	148.5461
347.99	144.8761
348.218	149.02609999999999
348.445	155.3861
348.673	149.7561
348.9	140.4061
349.128	135.7061
349.355	135.0061
349.583	134.1061
349.81	135.9161
350.037	138.05610000000001
350.265	135.2061
350.492	134.6061
350.72	139.39610000000002
350.947	145.1961
351.174	155.2161
351.402	161.2261
351.629	148.0661
351.856	145.7561
352.083	152.0961
352.311	155.6161
352.538	161.02609999999999
352.765	158.2161
352.992	161.7461
353.22	158.3861
353.447	148.7461
353.674	143.7861
353.901	137.33610000000002
354.128	135.6361
354.355	135.4661
354.583	139.18609999999998
354.81	137.9861
355.037	134.6061
355.264	132.5061
355.491	131.9861
355.718	129.30610000000001
355.945	133.0361
356.172	132.8661
356.399	134.3461
356.626	132.18609999999998
356.853	133.2561
357.08	131.2261
357.307	132.1561
357.534	130.6961
357.761	131.5061
357.988	133.2261
358.215	133.77609999999999
358.441	133.7961
358.668	132.4661
358.895	131.08610000000002
359.122	130.3761
359.349	130.7561
359.576	139.2061
359.802	152.9461
360.029	176.7461
360.256	175.58610000000002
360.483	154.7661
360.709	134.3761
360.936	135.8161
361.163	140.67610000000002
361.39	142.1661
361.616	141.4961
361.843	134.93609999999998
362.07	139.7361
362.296	144.3461
362.523	137.5361
362.749	137.30610000000001
362.976	136.0961
363.203	134.52609999999999
363.429	132.5461
363.656	133.77609999999999
363.882	131.2161
364.109	132.5461
364.335	134.6261
364.562	132.7061
364.788	133.92610000000002
365.015	138.6161
365.241	145.5061
365.468	156.3561
365.694	154.2561
365.92	144.2161
366.147	134.2261
366.373	131.58610000000002
366.599	132.6161
366.826	129.7361
367.052	128.9561
367.278	133.1061
367.505	133.1961
367.731	135.4961
367.957	135.1961
368.184	138.39610000000002
368.41	147.89610000000002
368.636	163.19610000000003
368.862	176.01610000000002
369.089	160.05610000000001
369.315	139.64610000000002
369.541	136.4861
369.767	134.2461
369.993	135.2361
370.219	136.2161
370.445	131.7461
370.672	130.1561
370.898	131.17610000000002
371.124	130.6061
371.35	131.3561
371.576	132.7661
371.802	129.9761
372.028	130.33610000000002
372.254	131.4861
372.48	130.8561
372.706	131.6061
372.932	133.14610000000002
373.158	132.8261
373.384	134.1961
373.61	134.2861
373.835	132.52609999999999
374.061	132.9161
374.287	137.3161
374.513	136.2161
374.739	135.4461
374.965	136.0061
375.191	135.64610000000002
375.416	134.9561
375.642	134.0061
375.868	136.08610000000002
376.094	135.0661
376.319	132.4561
376.545	131.7661
376.771	131.7861
376.997	132.6061
377.222	133.55610000000001
377.448	133.7261
377.674	133.8761
377.899	132.1361
378.125	133.1561
378.35	133.02609999999999
378.576	133.0761
378.802	131.7061
379.027	133.3261
379.253	135.8461
379.478	134.7061
379.704	134.0961
379.929	135.4761
380.155	135.8161
380.38	137.2161
380.606	138.1361
380.831	138.5661
381.057	141.5361
381.282	136.6561
381.507	138.02609999999999
381.733	139.7061
381.958	139.8661
382.184	141.9961
382.409	144.7461
382.634	146.7361
382.86	145.2161
383.085	145.9061
383.31	147.14610000000002
383.535	147.89610000000002
383.761	146.8661
383.986	147.6161
384.211	146.3161
384.436	147.6961
384.662	148.9061
384.887	153.9961
385.112	155.2961
385.337	154.6061
385.562	156.2461
385.787	155.9161
386.013	165.0761
386.238	172.9961
386.463	161.2461
386.688	161.5661
386.913	154.8261
387.138	155.02609999999999
387.363	154.17610000000002
387.588	150.4161
387.813	151.4861
388.038	155.2261
388.263	162.42610000000002
388.488	159.2561
388.713	147.2561
388.938	145.68609999999998
389.163	146.4061
389.387	144.8561
389.612	142.7261
389.837	142.27609999999999
390.062	142.4061
390.287	143.43609999999998
390.512	141.2161
390.736	142.43609999999998
390.961	144.2561
391.186	146.6161
391.411	147.89610000000002
391.636	147.52609999999999
391.86	144.92610000000002
392.085	145.0961
392.31	144.0161
392.534	144.0161
392.759	141.8561
392.984	141.0161
393.208	144.55610000000001
393.433	150.39610000000002
393.658	145.7161
393.882	139.9061
394.107	138.1161
394.331	139.4661
394.556	141.8661
394.78	142.7661
395.005	144.2361
395.229	141.3261
395.454	143.3861
395.678	145.64610000000002
395.903	146.0161
396.127	148.8761
396.352	144.92610000000002
396.576	140.6961
396.801	144.3761
397.025	148.5161
397.249	144.2261
397.474	146.6661
397.698	147.39610000000002
397.922	148.5961
398.147	148.6661
398.371	148.5161
398.595	149.05610000000001
398.82	151.1361
399.044	158.2461
399.268	166.1361
399.492	179.0761
399.717	187.26610000000002
399.941	186.2961
400.165	183.4861
400.389	174.52609999999999
400.613	163.7561
400.837	158.14610000000002
401.062	155.5461
401.286	156.8161
401.51	158.6561
401.734	159.14610000000002
401.958	173.35610000000003
402.182	214.60610000000003
402.406	264.7761
402.63	212.5361
402.854	169.9961
403.078	163.67610000000002
403.302	162.0461
403.526	163.3661
403.75	164.18609999999998
403.974	164.05610000000001
404.198	163.0761
404.422	164.7161
404.645	164.7261
404.869	166.55610000000001
405.093	176.43609999999998
405.317	184.52609999999999
405.541	185.44610000000003
405.765	182.5961
405.988	207.0661
406.212	285.8861
406.436	380.3961
406.66	266.8461
406.883	192.7161
407.107	184.02609999999999
407.331	189.83610000000002
407.555	200.8161
407.778	193.2561
408.002	177.77609999999999
408.226	171.83610000000002
408.449	168.26610000000002
408.673	166.1661
408.896	172.2961
409.12	178.6261
409.344	165.08610000000002
409.567	161.3861
409.791	163.0761
410.014	163.5361
410.238	163.7861
410.461	160.9761
410.685	163.01610000000002
410.908	168.1161
411.132	176.8761
411.355	174.9761
411.578	163.02609999999999
411.802	156.6961
412.025	157.8261
412.249	161.6161
412.472	167.0061
412.695	168.7261
412.919	159.6561
413.142	154.8561
413.365	153.5461
413.589	153.18609999999998
413.812	150.8561
414.035	154.18609999999998
414.258	152.64610000000002
414.482	153.5461
414.705	152.6061
414.928	154.02609999999999
415.151	155.9161
415.374	156.14610000000002
415.597	153.1661
415.821	152.0061
416.044	150.27609999999999
416.267	149.9761
416.49	149.3861
416.713	149.67610000000002
416.936	153.2261
417.159	149.52609999999999
417.382	153.4861
417.605	154.9961
417.828	163.69610000000003
418.051	159.5161
418.274	154.8461
418.497	152.5161
418.72	154.4761
418.943	152.8561
419.166	157.3561
419.389	160.5461
419.611	159.68609999999998
419.834	159.80610000000001
420.057	158.18609999999998
420.28	152.5061
420.503	150.5161
420.726	151.0761
420.948	155.2961
421.171	167.3461
421.394	165.2361
421.617	155.9861
421.839	154.4161
422.062	155.6361
422.285	160.9661
422.507	175.5061
422.73	188.9161
422.953	170.08610000000002
423.175	162.5361
423.398	157.4661
423.621	160.3461
423.843	161.0161
424.066	159.2361
424.288	162.0661
424.511	166.0361
424.733	178.44610000000003
424.956	196.68609999999998
425.178	182.1561
425.401	186.02609999999999
425.623	183.83610000000002
425.846	162.8861
426.068	163.4661
426.291	160.1061
426.513	157.0761
426.735	157.67610000000002
426.958	169.0361
427.18	190.51610000000002
427.402	248.1361
427.625	305.6161
427.847	244.2461
428.069	198.3661
428.292	159.52609999999999
428.514	151.4561
428.736	146.8861
428.958	147.17610000000002
429.181	144.9061
429.403	144.1661
429.625	150.4561
429.847	156.67610000000002
430.069	172.7461
430.292	158.1661
430.514	145.0461
430.736	144.6561
430.958	144.4661
431.18	141.1361
431.402	142.4461
431.624	144.93609999999998
431.846	143.7861
432.068	146.0661
432.29	145.0961
432.512	145.6061
432.734	145.4661
432.956	149.4161
433.178	160.02609999999999
433.4	159.6561
433.622	149.5961
433.844	148.42610000000002
434.066	150.2861
434.287	150.68609999999998
434.509	151.58610000000002
434.731	152.58610000000002
434.953	153.89610000000002
435.175	155.67610000000002
435.397	158.7861
435.618	160.0461
435.84	178.1161
436.062	212.18609999999998
436.284	202.4961
436.505	172.2361
436.727	166.9761
436.949	152.80610000000001
437.17	147.58610000000002
437.392	146.4661
437.614	156.1161
437.835	183.0661
438.057	214.55610000000001
438.278	205.2461
438.5	191.18609999999998
438.721	217.6161
438.943	184.10610000000003
439.165	155.1661
439.386	151.0461
439.608	156.55610000000001
439.829	171.9861
440.05	205.5761
440.272	242.1261
440.493	173.2161
440.715	152.7061
440.936	150.52609999999999
441.158	151.1561
441.379	152.8261
441.6	161.7161
441.822	168.3261
442.043	173.27609999999999
442.264	193.6261
442.486	187.08610000000002
442.707	169.4661
442.928	185.0761
443.149	228.2261
443.371	230.1661
443.592	201.2961
443.813	211.1461
444.034	205.1461
444.255	168.9061
444.476	162.9661
444.698	164.4161
444.919	166.8761
445.14	206.6161
445.361	204.67610000000002
445.582	207.8461
445.803	247.8761
446.024	250.52609999999999
446.245	239.8661
446.466	198.5961
446.687	159.6661
446.908	152.1261
447.129	148.33610000000002
447.35	147.6061
447.571	151.5361
447.792	151.3161
448.013	162.08610000000002
448.234	176.3861
448.455	172.6461
448.675	200.60610000000003
448.896	213.42610000000002
449.117	172.33610000000002
449.338	180.2361
449.559	220.9961
449.779	230.1261
450.0	165.27609999999999
450.221	149.2361
450.442	147.1261
450.662	155.55610000000001
450.883	176.1261
451.104	185.10610000000003
451.324	157.2561
451.545	146.1361
451.766	141.3861
451.986	138.2161
452.207	140.9861
452.428	145.9761
452.648	156.7961
452.869	174.9661
453.089	182.8161
453.31	188.3461
453.53	149.2961
453.751	146.68609999999998
453.971	165.0761
454.192	179.2861
454.412	149.92610000000002
454.633	139.9161
454.853	136.2561
455.073	136.7361
455.294	146.0061
455.514	164.3861
455.734	148.6961
455.955	134.05610000000001
456.175	133.14610000000002
456.395	133.3761
456.616	131.80610000000001
456.836	131.7261
457.056	131.8461
457.276	129.89610000000002
457.497	133.27609999999999
457.717	133.67610000000002
457.937	133.8561
458.157	138.0761
458.377	145.30610000000001
458.598	175.3961
458.818	251.60610000000003
459.038	276.8361
459.258	207.1561
459.478	155.6561
459.698	147.4761
459.918	145.2461
460.138	148.0061
460.358	148.8861
460.578	151.43609999999998
460.798	156.4961
461.018	156.77609999999999
461.238	148.7461
461.458	149.7561
461.678	147.3761
461.898	149.9561
462.118	151.4061
462.338	155.27609999999999
462.558	154.3561
462.777	159.0161
462.997	166.51610000000002
463.217	169.3961
463.437	166.1361
463.657	161.4561
463.876	161.9661
464.096	163.35610000000003
464.316	168.3661
464.536	169.8861
464.755	170.8661
464.975	191.8961
465.195	286.78610000000003
465.414	288.6061
465.634	167.6361
465.854	148.9761
466.073	146.18609999999998
466.293	143.3161
466.512	140.3461
466.732	140.0661
466.951	140.67610000000002
467.171	145.4161
467.391	152.30610000000001
467.61	167.9161
467.829	164.3461
468.049	177.30610000000001
468.268	193.5961
468.488	144.5161
468.707	137.3761
468.927	137.4861
469.146	137.0761
469.365	139.6161
469.585	142.42610000000002
469.804	154.9061
470.023	158.2261
470.243	150.1661
470.462	164.4961
470.681	182.27609999999999
470.901	151.83610000000002
471.12	142.68609999999998
471.339	141.27609999999999
471.558	141.4861
471.777	142.5661
471.997	154.3661
472.216	220.67610000000002
472.435	331.8761
472.654	178.7161
472.873	142.3261
473.092	139.02609999999999
473.311	137.1661
473.53	136.64610000000002
473.749	140.0661
473.968	154.0461
474.187	180.9661
474.406	165.60610000000003
474.625	142.4861
474.844	138.0361
475.063	137.05610000000001
475.282	137.3761
475.501	137.5461
475.72	142.6361
475.939	138.8161
476.158	139.4561
476.377	139.8261
476.596	142.3861
476.814	150.2361
477.033	151.14610000000002
477.252	145.7161
477.471	143.9661
477.69	145.9861
477.908	147.2961
478.127	148.9561
478.346	149.4661
478.564	154.67610000000002
478.783	161.4561
479.002	159.9161
479.22	159.7161
479.439	172.0061
479.658	179.42610000000002
479.876	168.6561
480.095	162.52609999999999
480.313	169.6261
480.532	167.4061
480.751	175.4761
480.969	236.69610000000003
481.188	509.2661
481.406	376.5061
481.624	178.3661
481.843	154.5361
482.061	148.9461
482.28	148.5761
482.498	147.7261
482.717	148.1661
482.935	148.18609999999998
483.153	148.58610000000002
483.372	146.6161
483.59	147.64610000000002
483.808	147.77609999999999
484.027	148.4661
484.245	150.5161
484.463	152.8261
484.681	154.5161
484.9	151.6561
485.118	154.4161
485.336	155.4461
485.554	157.1261
485.772	160.64610000000002
485.99	161.5161
486.209	164.6461
486.427	166.2361
486.645	177.2561
486.863	185.1161
487.081	167.7161
487.299	161.80610000000001
487.517	157.3161
487.735	155.0761
487.953	155.6661
488.171	154.3661
488.389	160.02609999999999
488.607	163.9061
488.825	155.6161
489.043	153.18609999999998
489.261	155.9461
489.479	153.1061
489.696	153.52609999999999
489.914	153.7861
490.132	155.30610000000001
490.35	154.6961
490.568	155.05610000000001
490.786	156.4061
491.003	156.7261
491.221	158.9161
491.439	161.4961
491.657	163.5461
491.874	161.5361
492.092	162.4961
492.31	162.5461
492.527	161.8461
492.745	162.7361
492.963	163.5761
493.18	163.1261
493.398	165.3261
493.615	169.1261
493.833	168.8261
494.05	166.0661
494.268	163.6661
494.485	163.69610000000003
494.703	163.42610000000002
494.92	164.2261
495.138	165.3161
495.355	165.17610000000002
495.573	165.6361
495.79	163.8961
496.008	166.5061
496.225	165.4161
496.442	165.5061
496.66	168.3661
496.877	166.85610000000003
497.094	169.8661
497.312	169.5761
497.529	170.7461
497.746	174.67610000000002
497.963	176.6461
498.181	180.18609999999998
498.398	187.0661
498.615	210.5461
498.832	209.7161
499.049	198.8161
499.267	203.0761
499.484	209.83610000000002
499.701	217.9661
499.918	227.1661
500.135	234.6261
500.352	241.1661
500.569	241.0761
500.786	240.93609999999998
501.003	236.4861
501.22	229.1461
501.437	222.08610000000002
501.654	221.44610000000003
501.871	235.7361
502.088	205.44610000000003
502.305	193.26610000000002
502.522	190.2261
502.739	185.0961
502.956	180.0661
503.172	181.8261
503.389	183.3161
503.606	196.43609999999998
503.823	183.76610000000002
504.04	175.0361
504.256	173.7961
504.473	174.5361
504.69	174.5961
504.907	174.3761
505.123	166.9661
505.34	163.9861
505.557	162.9661
505.773	163.2461
505.99	161.0661
506.207	161.4461
506.423	161.0761
506.64	159.7161
506.856	158.2661
507.073	159.5661
507.289	160.9061
507.506	168.3661
507.722	194.0361
507.939	194.5761
508.155	166.0061
508.372	156.05610000000001
508.588	156.3761
508.805	160.9661
509.021	160.2061
509.238	164.8661
509.454	166.3961
509.67	169.0361
509.887	178.17610000000002
510.103	206.0061
510.319	312.5761
510.536	1045.7461
510.752	3497.8461
510.968	1019.7061
511.184	250.8861
511.401	186.2061
511.617	164.0761
511.833	156.1261
512.049	153.55610000000001
512.265	153.0661
512.481	152.5661
512.698	151.9661
512.914	153.0761
513.13	153.14610000000002
513.346	152.5961
513.562	153.9161
513.778	158.5361
513.994	161.7861
514.21	173.18609999999998
514.426	198.1561
514.642	233.2961
514.858	218.05610000000001
515.074	282.9361
515.29	745.8161
515.506	2508.6461
515.721	961.8561000000001
515.937	275.73609999999996
516.153	197.42610000000002
516.369	172.9561
516.585	167.44610000000003
516.801	166.2361
517.016	167.0061
517.232	168.80610000000001
517.448	171.3761
517.664	173.05610000000001
517.879	174.33610000000002
518.095	170.8161
518.311	170.7361
518.527	166.2061
518.742	164.9561
518.958	162.7161
519.173	163.2861
519.389	160.5361
519.605	160.7861
519.82	163.2861
520.036	174.83610000000002
520.251	204.6561
520.467	194.17610000000002
520.682	181.2061
520.898	182.4761
521.113	196.67610000000002
521.329	236.9161
521.544	349.2561
521.76	933.4561
521.975	4053.5061
522.19	2541.9460999999997
522.406	548.9861000000001
522.621	216.3861
522.836	171.2861
523.052	160.4461
523.267	155.1361
523.482	151.9661
523.698	159.92610000000002
523.913	192.02609999999999
524.128	168.1261
524.343	147.4761
524.559	145.8561
524.774	144.2461
524.989	151.0161
525.204	164.2461
525.419	157.0361
525.634	143.2461
525.849	141.39610000000002
526.064	139.02609999999999
526.28	141.2561
526.495	139.14610000000002
526.71	138.8661
526.925	137.4461
527.14	138.30610000000001
527.355	136.7961
527.57	137.6961
527.785	137.7161
527.999	138.2861
528.214	139.4161
528.429	143.33610000000002
528.644	143.2561
528.859	141.5461
529.074	147.3161
529.289	194.9961
529.503	303.8061
529.718	172.5061
529.933	143.7461
530.148	140.1161
530.363	138.4761
530.577	138.67610000000002
530.792	136.8261
531.007	138.2661
531.221	140.9061
531.436	137.6561
531.651	138.6061
531.865	139.8461
532.08	137.4961
532.295	139.02609999999999
532.509	137.27609999999999
532.724	138.6361
532.938	138.5761
533.153	141.4461
533.367	139.9561
533.582	138.8761
533.796	138.4761
534.011	136.7461
534.225	138.4661
534.44	137.89610000000002
534.654	138.0361
534.868	135.77609999999999
535.083	136.4961
535.297	139.58610000000002
535.511	151.8561
535.726	156.52609999999999
535.94	146.9761
536.154	142.1361
536.369	137.2861
536.583	130.83610000000002
536.797	135.2361
537.011	132.6161
537.225	133.4661
537.44	134.9461
537.654	133.8161
537.868	133.7961
538.082	135.02609999999999
538.296	133.7461
538.51	133.6161
538.724	132.8461
538.938	134.83610000000002
539.153	141.2861
539.367	159.9861
539.581	144.9561
539.795	132.7261
540.009	134.4861
540.222	134.1561
540.436	132.9161
540.65	132.5961
540.864	133.77609999999999
541.078	141.83610000000002
541.292	135.3561
541.506	131.2861
541.72	131.8661
541.934	130.4661
542.147	131.08610000000002
542.361	129.0961
542.575	129.02609999999999
542.789	129.5961
543.002	131.4061
543.216	136.2461
543.43	144.1561
543.644	136.17610000000002
543.857	132.2261
544.071	132.6161
544.285	132.93609999999998
544.498	130.4161
544.712	132.8761
544.925	130.8861
545.139	130.5361
545.352	129.1261
545.566	129.83610000000002
545.779	129.5761
545.993	129.89610000000002
546.206	130.5961
546.42	131.0161
546.633	133.7261
546.847	133.83610000000002
547.06	130.58610000000002
547.274	129.9761
547.487	129.2561
547.7	129.83610000000002
547.914	130.7461
548.127	128.5661
548.34	129.8561
548.554	127.6861
548.767	130.39610000000002
548.98	129.7461
549.193	129.8861
549.407	130.5661
549.62	130.4861
549.833	131.9861
550.046	131.42610000000002
550.259	130.39610000000002
550.473	130.3261
550.686	129.6361
550.899	130.7361
551.112	130.7261
551.325	128.2261
551.538	129.1061
551.751	129.6561
551.964	129.4461
552.177	131.08610000000002
552.39	131.0661
552.603	132.08610000000002
552.816	133.92610000000002
553.029	134.83610000000002
553.242	135.5061
553.455	147.5061
553.667	158.6061
553.88	155.3661
554.093	138.80610000000001
554.306	136.9661
554.519	133.58610000000002
554.732	131.0461
554.944	133.18609999999998
555.157	129.1961
555.37	128.77609999999999
555.583	130.7161
555.795	131.7961
556.008	127.91610000000001
556.221	127.5461
556.433	126.74610000000001
556.646	128.6361
556.859	126.6161
557.071	126.8961
557.284	125.1061
557.496	125.40610000000001
557.709	123.7661
557.921	124.8561
558.134	125.8861
558.346	123.40610000000001
558.559	123.3461
558.771	121.74610000000001
558.984	123.0961
559.196	123.1961
559.409	119.48610000000001
559.621	121.41610000000001
559.833	121.2961
560.046	121.3861
560.258	121.48610000000001
560.47	123.0161
560.683	124.1461
560.895	120.2161
561.107	120.73610000000001
561.32	122.24610000000001
561.532	121.5261
561.744	122.2661
561.956	124.0361
562.168	123.4661
562.381	124.4561
562.593	123.0261
562.805	125.1861
563.017	124.40610000000001
563.229	123.0161
563.441	121.65610000000001
563.653	122.6361
563.865	120.9461
564.077	120.66610000000001
564.289	121.40610000000001
564.501	123.7961
564.713	126.6361
564.925	132.43609999999998
565.137	146.9461
565.349	132.9661
565.561	127.99610000000001
565.773	129.9461
565.985	129.77609999999999
566.197	133.05610000000001
566.408	134.9761
566.62	138.1061
566.832	142.1061
567.044	142.4561
567.255	143.9861
567.467	145.8761
567.679	148.0461
567.891	151.2261
568.102	151.42610000000002
568.314	145.6061
568.526	141.3861
568.737	139.43609999999998
568.949	133.0161
569.161	130.27609999999999
569.372	126.6761
569.584	127.2861
569.795	131.58610000000002
570.007	161.3161
570.218	349.77610000000004
570.43	197.9661
570.641	129.80610000000001
570.853	122.91610000000001
571.064	121.9461
571.276	120.5361
571.487	121.08610000000002
571.698	118.3461
571.91	117.5661
572.121	118.65610000000001
572.333	116.90610000000001
572.544	114.6061
572.755	115.2061
572.966	116.0461
573.178	114.6961
573.389	117.2861
573.6	114.7861
573.811	113.4561
574.023	114.16610000000001
574.234	114.75610000000002
574.445	115.7261
574.656	113.1861
574.867	112.57610000000001
575.078	114.6261
575.289	114.6461
575.501	114.23610000000001
575.712	112.6161
575.923	114.2261
576.134	112.6961
576.345	113.0161
576.556	114.8561
576.767	115.9261
576.978	116.3161
577.188	116.7961
577.399	116.1461
577.61	117.65610000000001
577.821	125.6361
578.032	149.7961
578.243	357.31609999999995
578.454	1109.9461000000001
578.665	301.3261
578.875	133.9761
579.086	115.7961
579.297	112.74610000000001
579.508	111.3461
579.718	113.15610000000001
579.929	110.49610000000001
580.14	109.7761
580.35	110.3461
580.561	110.0961
580.772	110.4661
580.982	110.1161
581.193	109.3761
581.403	108.3861
581.614	108.2061
581.825	107.40610000000001
582.035	107.73610000000001
582.246	109.5961
582.456	109.1361
582.667	109.50610000000002
582.877	109.99610000000001
583.087	107.6861
583.298	109.1861
583.508	108.0561
583.719	106.83610000000002
583.929	109.8461
584.139	107.0961
584.35	106.1961
584.56	108.08610000000002
584.77	108.15610000000001
584.981	107.9261
585.191	109.8461
585.401	109.3461
585.611	107.3761
585.821	109.49610000000001
586.032	109.2661
586.242	107.75610000000002
586.452	108.0461
586.662	105.9761
586.872	105.9661
587.082	106.16610000000001
587.292	107.4661
587.502	106.74610000000001
587.713	106.1461
587.923	107.0461
588.133	107.33610000000002
588.343	107.15610000000001
588.553	106.0461
588.762	109.8161
588.972	116.0361
589.182	173.7161
589.392	132.5161
589.602	118.1161
589.812	144.7961
590.022	117.3661
590.232	107.6861
590.441	106.4661
590.651	106.4261
590.861	105.2861
591.071	107.65610000000001
591.281	108.4561
591.49	107.0461
591.7	107.0961
591.91	109.5561
592.119	109.0261
592.329	113.6961
592.539	120.4361
592.748	112.6061
592.958	111.8761
593.167	111.1461
593.377	111.4461
593.587	116.3161
593.796	114.7861
594.006	111.9361
594.215	113.0461
594.424	113.0261
594.634	111.2861
594.843	111.0561
595.053	109.0261
595.262	108.2661
595.472	107.4461
595.681	108.9461
595.89	107.5661
596.1	106.8161
596.309	106.2161
596.518	106.1361
596.727	106.75609999999999
596.937	105.17609999999999
597.146	105.5561
597.355	107.1961
597.564	104.00609999999999
597.774	105.1961
597.983	103.4461
598.192	102.7261
598.401	102.9661
598.61	101.40610000000001
598.819	102.59609999999999
599.028	104.0561
599.237	102.5361
599.446	103.7861
599.655	104.5461
599.864	103.5561
600.073	102.3161
600.282	104.8761
600.491	104.49610000000001
600.7	103.67609999999999
600.909	102.59609999999999
601.118	104.4661
601.327	105.07610000000001
601.536	103.65610000000001
601.745	103.7661
601.953	102.90610000000001
602.162	104.25609999999999
602.371	104.48610000000001
602.58	100.73610000000001
602.789	102.83610000000002
602.997	102.34609999999999
603.206	102.5561
603.415	102.16610000000001
603.623	99.66610000000001
603.832	100.6261
604.041	100.42609999999999
604.249	98.83610000000002
604.458	100.6061
604.666	99.5661
604.875	100.8161
605.084	100.6861
605.292	99.3861
605.501	99.2761
605.709	99.6261
605.918	100.8061
606.126	101.7261
606.334	101.3761
606.543	100.5461
606.751	101.50609999999999
606.96	99.9361
607.168	101.8561
607.376	101.8661
607.585	100.4361
607.793	99.1961
608.001	100.42609999999999
608.21	98.9361
608.418	100.1261
608.626	98.65610000000001
608.834	100.2761
609.043	98.49610000000001
609.251	99.1261
609.459	100.91610000000001
609.667	98.98610000000001
609.875	100.4461
610.083	100.83610000000002
610.291	99.32610000000001
610.499	100.1461
610.707	99.6061
610.916	100.75609999999999
611.124	99.6361
611.332	98.48610000000001
611.54	99.6361
611.748	99.42609999999999
611.955	99.4761
612.163	100.57610000000001
612.371	99.24610000000001
612.579	98.2761
612.787	99.2961
612.995	101.58610000000002
613.203	102.0161
613.411	99.3761
613.618	99.1261
613.826	98.8661
614.034	98.98610000000001
614.242	98.7961
614.449	99.3161
614.657	98.7061
614.865	100.3061
615.072	101.2661
615.28	99.8761
615.488	99.82610000000001
615.695	104.3161
615.903	109.1961
616.111	108.8861
616.318	110.7861
616.526	106.2261
616.733	103.92609999999999
616.941	103.3561
617.148	100.7761
617.356	99.9661
617.563	99.8761
617.771	99.7861
617.978	98.3061
618.185	99.9761
618.393	98.0361
618.6	98.59609999999999
618.807	98.7961
619.015	99.1961
619.222	98.49610000000001
619.429	98.1861
619.637	99.65610000000001
619.844	97.15610000000001
620.051	96.1061
620.258	98.1461
620.466	97.1961
620.673	96.84609999999999
620.88	95.4761
621.087	95.48610000000001
621.294	97.7061
621.501	97.8761
621.708	98.34609999999999
621.915	97.07610000000001
622.122	99.41610000000001
622.329	98.2161
622.536	98.0461
622.743	96.8861
622.95	96.17609999999999
623.157	95.9561
623.364	96.2761
623.571	96.7661
623.778	95.25609999999999
623.985	97.8561
624.192	95.08610000000002
624.399	96.16610000000001
624.606	97.2261
624.812	96.90610000000001
625.019	94.8861
625.226	96.3761
625.433	98.5261
625.639	96.0561
625.846	94.7061
626.053	95.4761
626.259	94.84609999999999
626.466	95.8561
626.673	94.40610000000001
626.879	94.73610000000001
627.086	98.1861
627.293	96.1161
627.499	96.08610000000002
627.706	94.65610000000001
627.912	92.83610000000002
628.119	94.5261
628.325	96.0661
628.532	94.5361
628.738	95.3061
628.945	93.7861
629.151	93.73610000000001
629.357	93.6261
629.564	93.6961
629.77	94.6461
629.976	92.6861
630.183	92.3861
630.389	93.0161
630.595	92.84609999999999
630.802	91.98610000000001
631.008	91.6061
631.214	92.4461
631.42	93.7161
631.627	95.8061
631.833	92.2961
632.039	93.8861
632.245	93.1261
632.451	93.83610000000002
632.657	94.3561
632.863	92.40610000000001
633.069	93.99610000000001
633.275	93.4761
633.481	93.7161
633.688	92.08610000000002
633.893	93.6361
634.099	91.1261
634.305	91.3761
634.511	91.6861
634.717	94.2961
634.923	91.9461
635.129	91.6961
635.335	91.8661
635.541	92.9461
635.747	91.7761
635.952	94.6161
636.158	95.6261
636.364	114.3561
636.57	109.2161
636.775	95.1461
636.981	91.33610000000002
637.187	92.32610000000001
637.392	90.3761
637.598	90.34609999999999
637.804	91.2961
638.009	91.5461
638.215	92.2261
638.421	90.2061
638.626	92.32610000000001
638.832	93.09609999999999
639.037	91.16610000000001
639.243	91.2861
639.448	92.5361
639.654	93.25609999999999
639.859	89.7061
640.065	89.2761
640.27	94.4361
640.475	92.33610000000002
640.681	90.84609999999999
640.886	92.0661
641.091	90.5561
641.297	93.5261
641.502	91.6461
641.707	93.6961
641.913	92.8961
642.118	88.92609999999999
642.323	89.7261
642.528	93.1261
642.733	93.9761
642.939	92.1361
643.144	92.3561
643.349	92.0661
643.554	91.7761
643.759	90.74610000000001
643.964	89.84609999999999
644.169	92.4561
644.374	90.57610000000001
644.579	93.5261
644.784	91.7661
644.989	91.3061
645.194	91.0661
645.399	92.2861
645.604	91.40610000000001
645.809	93.9761
646.014	92.17609999999999
646.219	91.3661
646.423	90.3961
646.628	90.4461
646.833	92.48610000000001
647.038	92.6261
647.243	92.83610000000002
647.447	92.0661
647.652	92.73610000000001
647.857	91.1861
648.062	93.2161
648.266	93.4761
648.471	97.4561
648.676	99.8961
648.88	98.9361
649.085	98.3961
649.289	98.74610000000001
649.494	112.4661
649.698	152.3161
649.903	112.4661
650.107	94.2261
650.312	92.92609999999999
650.516	89.41610000000001
650.721	90.7061
650.925	89.9461
651.13	88.3561
651.334	90.2061
651.539	88.2761
651.743	87.8961
651.947	88.75609999999999
652.152	90.07610000000001
652.356	87.7761
652.56	89.57610000000001
652.764	86.25609999999999
652.969	86.16610000000001
653.173	86.6361
653.377	86.4361
653.581	87.2061
653.785	87.25609999999999
653.99	87.25609999999999
654.194	87.42609999999999
654.398	86.5261
654.602	89.4761
654.806	93.82610000000001
655.01	111.3761
655.214	94.5661
655.418	89.7661
655.622	88.25609999999999
655.826	88.32610000000001
656.03	89.3661
656.234	91.99610000000001
656.438	95.8161
656.642	96.7961
656.846	90.8961
657.049	88.8561
657.253	88.8761
657.457	85.82610000000001
657.661	85.48610000000001
657.865	84.2961
658.068	83.2761
658.272	84.2761
658.476	83.3761
658.68	83.1961
658.883	83.5461
659.087	82.3761
659.291	83.8861
659.494	83.16610000000001
659.698	81.0561
659.901	83.57610000000001
660.105	83.1861
660.309	80.9261
660.512	83.1261
660.716	83.9761
660.919	81.57610000000001
661.123	83.3661
661.326	81.57610000000001
661.53	81.3161
661.733	83.00609999999999
661.936	83.00609999999999
662.14	80.7961
662.343	80.7761
662.546	81.5261
662.75	82.4461
662.953	82.7161
663.156	80.7861
663.36	82.6961
663.563	81.6161
663.766	80.2261
663.969	79.1161
664.173	81.17609999999999
664.376	80.8061
664.579	81.49610000000001
664.782	80.9261
664.985	79.9061
665.188	79.9261
665.391	82.2161
665.594	80.5261
665.797	81.01610000000001
666.0	82.40610000000001
666.203	81.1161
666.406	80.0961
666.609	80.3561
666.812	82.6061
667.015	80.5461
667.218	82.7161
667.421	82.9661
667.624	80.5061
667.827	81.2961
668.03	79.4861
668.232	80.3661
668.435	81.6961
668.638	78.7061
668.841	82.3961
669.043	80.4861
669.246	80.2161
669.449	81.2661
669.651	80.1261
669.854	78.4561
670.057	82.23610000000001
670.259	79.4761
670.462	80.4961
670.665	79.3061
670.867	80.6961
671.07	80.8461
671.272	82.65610000000001
671.475	82.0261
671.677	81.3161
671.88	81.2161
672.082	79.81609999999999
672.284	82.33609999999999
672.487	79.6061
672.689	80.06609999999999
672.892	79.3461
