223.165	-16.8828
223.4	-16.8828
223.635	-16.8828
223.869	-17.7228
224.104	-19.4828
224.338	-14.8328
224.573	-16.0428
224.808	-11.5228
225.042	-8.0328
225.277	-5.542800000000001
225.511	-2.5628
225.746	5.4372
225.98	6.587199999999999
226.215	10.7072
226.449	15.7172
226.683	18.897199999999998
226.918	25.8272
227.152	29.4472
227.387	35.8772
227.621	37.6372
227.856	43.1672
228.09	46.0872
228.324	48.767199999999995
228.559	56.8772
228.793	59.267199999999995
229.027	66.6572
229.262	71.0472
229.496	76.7072
229.73	90.10719999999999
229.964	88.2072
230.199	79.7072
230.433	79.7672
230.667	83.35719999999999
230.901	81.9072
231.136	80.9072
231.37	83.2872
231.604	82.30720000000001
231.838	84.4072
232.072	83.2772
232.306	83.7072
232.541	85.3372
232.775	84.9672
233.009	84.55720000000001
233.243	84.18719999999999
233.477	83.10719999999999
233.711	86.1272
233.945	84.7772
234.179	83.4072
234.413	84.5772
234.647	83.22720000000001
234.881	82.89720000000001
235.115	83.2372
235.349	83.0272
235.583	84.0772
235.817	82.97720000000001
236.051	84.47720000000001
236.285	83.30720000000001
236.519	82.39720000000001
236.753	85.5672
236.987	87.4072
237.221	95.7772
237.455	97.7772
237.689	86.6572
237.922	82.18719999999999
238.156	81.10719999999999
238.39	82.2072
238.624	80.2072
238.858	82.3672
239.091	83.6172
239.325	83.8872
239.559	86.8472
239.793	83.7372
240.027	86.1972
240.26	85.0272
240.494	86.8872
240.728	85.8272
240.961	85.64720000000001
241.195	85.05720000000001
241.429	83.4972
241.662	81.7072
241.896	83.8272
242.13	84.1172
242.363	83.0272
242.597	83.5472
242.83	83.89720000000001
243.064	85.1372
243.298	85.6772
243.531	85.0172
243.765	85.64720000000001
243.998	87.9172
244.232	87.0472
244.465	91.7772
244.699	89.3772
244.932	87.7772
245.166	86.0872
245.399	86.4172
245.633	88.14720000000001
245.866	86.89720000000001
246.099	85.7572
246.333	86.6672
246.566	87.30720000000001
246.8	87.89720000000001
247.033	88.8272
247.266	88.3872
247.5	87.4072
247.733	89.85719999999999
247.966	90.1272
248.2	90.1672
248.433	90.30720000000001
248.666	90.7972
248.899	93.7072
249.133	98.6672
249.366	108.1672
249.599	107.1272
249.832	95.7972
250.066	95.4072
250.299	95.0272
250.532	99.18719999999999
250.765	98.4872
250.998	98.35719999999999
251.231	94.8172
251.465	93.8372
251.698	92.68719999999999
251.931	93.35719999999999
252.164	91.68719999999999
252.397	92.3672
252.63	92.9972
252.863	94.2972
253.096	95.0872
253.329	98.5072
253.562	96.0972
253.795	96.0072
254.028	95.55720000000001
254.261	94.43719999999999
254.494	98.5472
254.727	101.8872
254.96	100.6572
255.193	101.2172
255.426	97.8172
255.659	99.5772
255.892	107.6572
256.124	111.7972
256.357	107.68719999999999
256.59	101.6272
256.823	98.1372
257.056	98.0072
257.289	96.8372
257.521	97.2672
257.754	94.97720000000001
257.987	95.8272
258.22	97.3672
258.452	97.43719999999999
258.685	97.5272
258.918	96.0672
259.151	97.60719999999999
259.383	98.1972
259.616	97.4872
259.849	98.5272
260.081	101.2972
260.314	102.9972
260.547	100.0872
260.779	100.6272
261.012	100.8272
261.244	100.8172
261.477	105.2172
261.71	108.3872
261.942	127.8672
262.175	133.6872
262.407	106.1172
262.64	100.1972
262.872	98.2872
263.105	99.3372
263.337	100.6272
263.57	98.30720000000001
263.802	100.64720000000001
264.035	98.4072
264.267	98.2672
264.499	98.4272
264.732	101.10719999999999
264.964	98.1272
265.197	99.64720000000001
265.429	99.2872
265.661	98.8272
265.894	99.3872
266.126	100.9972
266.358	99.0772
266.591	100.4472
266.823	100.4672
267.055	102.1272
267.287	101.7472
267.52	100.8272
267.752	102.0072
267.984	101.2572
268.216	101.4272
268.448	102.8372
268.681	102.1372
268.913	104.6572
269.145	105.5772
269.377	107.0872
269.609	104.7372
269.841	106.5472
270.073	106.1272
270.306	109.4472
270.538	110.1372
270.77	108.7572
271.002	108.5772
271.234	107.5872
271.466	109.8172
271.698	111.6972
271.93	111.4872
272.162	111.6572
272.394	110.7572
272.626	109.3672
272.858	106.9872
273.09	107.0272
273.322	105.6372
273.553	105.5472
273.785	104.7472
274.017	104.0672
274.249	106.4172
274.481	106.4672
274.713	107.3772
274.945	107.9472
275.176	108.0772
275.408	109.9172
275.64	107.6772
275.872	108.6672
276.104	111.1172
276.335	113.2872
276.567	121.7572
276.799	135.40720000000002
277.031	130.3172
277.262	122.8372
277.494	117.0372
277.726	112.3872
277.957	109.4272
278.189	109.2872
278.421	109.3272
278.652	108.9172
278.884	109.14720000000001
279.115	107.4572
279.347	110.5072
279.579	110.2672
279.81	111.9172
280.042	114.72720000000001
280.273	119.0972
280.505	114.0772
280.736	109.64720000000001
280.968	111.4272
281.199	111.68719999999999
281.431	109.89720000000001
281.662	111.14720000000001
281.894	114.3472
282.125	122.60719999999999
282.356	145.9572
282.588	171.54719999999998
282.819	141.4772
283.051	115.05720000000001
283.282	111.2372
283.513	112.5172
283.745	112.1572
283.976	112.7972
284.207	112.5072
284.439	112.5072
284.67	112.6372
284.901	113.3272
285.132	112.2972
285.364	111.2972
285.595	113.1572
285.826	111.8272
286.057	115.0672
286.288	110.9472
286.52	113.0672
286.751	110.9172
286.982	112.2472
287.213	112.2472
287.444	115.47720000000001
287.675	115.1972
287.906	116.2172
288.138	117.4472
288.369	120.30720000000001
288.6	119.97720000000001
288.831	115.7472
289.062	117.6572
289.293	115.14720000000001
289.524	115.2072
289.755	112.9472
289.986	113.9572
290.217	116.1172
290.448	113.4672
290.679	114.7072
290.91	115.4472
291.141	113.1272
291.371	115.6772
291.602	115.0172
291.833	113.4572
292.064	115.6672
292.295	114.5372
292.526	117.0372
292.757	116.14720000000001
292.987	114.47720000000001
293.218	114.6372
293.449	114.18719999999999
293.68	115.7372
293.91	114.5772
294.141	118.4272
294.372	117.0672
294.603	114.97720000000001
294.833	115.1772
295.064	116.7572
295.295	116.8472
295.525	121.3772
295.756	129.5872
295.987	146.0772
296.217	174.45719999999997
296.448	158.7272
296.679	125.3772
296.909	118.9172
297.14	118.64720000000001
297.37	118.7872
297.601	118.7972
297.831	118.5872
298.062	119.4072
298.292	119.7372
298.523	118.7972
298.753	119.2072
298.984	117.2972
299.214	119.6772
299.445	121.9872
299.675	124.18719999999999
299.905	126.7372
300.136	121.35719999999999
300.366	118.4872
300.597	120.9072
300.827	125.2772
301.057	131.8272
301.288	136.3172
301.518	125.7472
301.748	122.3272
301.979	132.66719999999998
302.209	125.0472
302.439	123.55720000000001
302.669	121.7372
302.9	123.0872
303.13	124.4472
303.36	128.1272
303.59	134.1272
303.82	140.6872
304.051	127.2472
304.281	122.6672
304.511	123.2372
304.741	119.5472
304.971	120.0372
305.201	122.85719999999999
305.431	121.3172
305.661	122.47720000000001
305.891	123.35719999999999
306.121	127.5772
306.352	134.4372
306.582	136.0272
306.812	125.9472
307.042	125.5872
307.272	126.89720000000001
307.502	130.9372
307.731	129.9672
307.961	125.55720000000001
308.191	122.05720000000001
308.421	122.3372
308.651	123.35719999999999
308.881	125.6672
309.111	125.2072
309.341	128.75719999999998
309.571	131.9372
309.8	130.7772
310.03	132.3872
310.26	133.4872
310.49	130.6772
310.72	134.74720000000002
310.949	139.9272
311.179	137.2272
311.409	130.0772
311.639	130.7772
311.868	131.9572
312.098	130.4772
312.328	133.7172
312.557	139.0572
312.787	145.74720000000002
313.017	139.7972
313.246	133.5572
313.476	129.4372
313.706	130.9272
313.935	132.16719999999998
314.165	137.5172
314.394	138.8872
314.624	136.16719999999998
314.853	134.3672
315.083	130.90720000000002
315.312	128.99720000000002
315.542	127.05720000000001
315.771	127.8172
316.001	127.64720000000001
316.23	127.7172
316.46	126.5972
316.689	127.64720000000001
316.919	130.2972
317.148	134.15720000000002
317.377	132.1372
317.607	130.5772
317.836	128.8972
318.065	127.1972
318.295	126.7872
318.524	126.7772
318.753	128.41719999999998
318.983	131.7972
319.212	137.6172
319.441	146.6172
319.67	145.0972
319.9	130.4572
320.129	128.9572
320.358	129.7972
320.587	132.6272
320.816	136.5472
321.046	140.6372
321.275	136.6772
321.504	133.1372
321.733	133.8072
321.962	135.5572
322.191	139.3872
322.42	144.2172
322.649	150.9672
322.878	152.2772
323.108	157.4672
323.337	166.8072
323.566	179.6072
323.795	200.84720000000002
324.024	255.5572
324.253	448.0972
324.482	883.8671999999999
324.71	1710.2372
324.939	2198.7472
325.168	907.5172
325.397	304.7672
325.626	202.7472
325.855	176.59720000000002
326.084	169.84720000000002
326.313	177.6772
326.542	199.11720000000003
326.77	276.3872
326.999	493.55719999999997
327.228	952.6072
327.457	1665.6871999999998
327.686	1363.0072
327.914	437.0072
328.143	275.1172
328.372	241.4672
328.6	197.6772
328.829	177.72719999999998
329.058	190.1672
329.287	190.70719999999997
329.515	170.2172
329.744	168.72719999999998
329.972	188.68720000000002
330.201	233.1972
330.43	272.2672
330.658	223.9972
330.887	216.4272
331.115	187.6572
331.344	155.5372
331.572	153.8872
331.801	158.8872
332.03	155.00719999999998
332.258	148.7972
332.486	145.9472
332.715	147.3972
332.943	151.74720000000002
333.172	156.3272
333.4	160.7172
333.629	172.4472
333.857	188.9872
334.085	203.6472
334.314	239.4672
334.542	311.4772
334.771	300.0372
334.999	187.77720000000002
335.227	161.0172
335.455	153.9272
335.684	152.5172
335.912	151.3772
336.14	149.16719999999998
336.369	149.65720000000002
336.597	152.3672
336.825	149.5472
337.053	143.6472
337.281	140.3072
337.51	139.40720000000002
337.738	142.15720000000002
337.966	140.8272
338.194	143.5172
338.422	144.0572
338.65	140.1072
338.878	139.0772
339.106	136.7672
339.334	137.8872
339.562	136.3172
339.79	135.00719999999998
340.018	133.9372
340.246	137.49720000000002
340.474	137.1172
340.702	139.0372
340.93	134.5572
341.158	138.0472
341.386	137.5972
341.614	140.8972
341.842	138.9872
342.07	134.5172
342.298	135.0272
342.526	133.2972
342.754	132.4472
342.981	132.9872
343.209	133.7872
343.437	144.0472
343.665	137.7772
343.893	142.16719999999998
344.12	143.1072
344.348	139.75719999999998
344.576	138.2372
344.804	140.74720000000002
345.031	142.8172
345.259	145.1972
345.487	140.0472
345.714	138.1072
345.942	136.65720000000002
346.17	135.8972
346.397	133.4472
346.625	134.2072
346.853	134.1872
347.08	131.9872
347.308	138.6172
347.535	138.6472
347.763	142.0872
347.99	140.65720000000002
348.218	145.3472
348.445	146.4572
348.673	142.1472
348.9	136.75719999999998
349.128	135.2172
349.355	132.2872
349.583	133.6272
349.81	132.8772
350.037	135.90720000000002
350.265	134.8772
350.492	134.7372
350.72	138.1172
350.947	141.3772
351.174	150.3172
351.402	152.8472
351.629	143.3372
351.856	143.2772
352.083	144.2372
352.311	146.8972
352.538	148.74720000000002
352.765	150.8372
352.992	153.7172
353.22	152.6772
353.447	143.3472
353.674	140.8472
353.901	135.0472
354.128	135.4272
354.355	134.00719999999998
354.583	138.25719999999998
354.81	136.7372
355.037	137.24720000000002
355.264	131.9872
355.491	132.8772
355.718	132.15720000000002
355.945	132.8772
356.172	130.8672
356.399	134.49720000000002
356.626	133.1072
356.853	130.7672
357.08	131.16719999999998
357.307	130.5472
357.534	130.3072
357.761	132.00719999999998
357.988	135.6072
358.215	135.2272
358.441	133.8072
358.668	131.7872
358.895	131.3072
359.122	131.1772
359.349	131.7772
359.576	134.6072
359.802	144.25719999999998
360.029	159.5372
360.256	156.6272
360.483	143.8072
360.709	133.8972
360.936	136.5372
361.163	134.0672
361.39	137.4272
361.616	137.1472
361.843	131.4272
362.07	135.7172
362.296	136.9572
362.523	133.91719999999998
362.749	133.16719999999998
362.976	131.0972
363.203	133.5672
363.429	130.2372
363.656	132.0872
363.882	129.90720000000002
364.109	131.24720000000002
364.335	131.2772
364.562	132.9772
364.788	132.0172
365.015	134.6272
365.241	138.5772
365.468	149.5372
365.694	145.9572
365.92	138.1772
366.147	131.5372
366.373	131.3672
366.599	129.0772
366.826	128.4472
367.052	129.8372
367.278	130.5772
367.505	130.99720000000002
367.731	133.66719999999998
367.957	133.3372
368.184	133.7072
368.41	139.9372
368.636	153.1772
368.862	160.7672
369.089	148.75719999999998
369.315	134.2172
369.541	134.2072
369.767	131.7172
369.993	132.7872
370.219	133.75719999999998
370.445	130.0672
370.672	130.2072
370.898	131.3172
371.124	130.1272
371.35	131.65720000000002
371.576	133.7672
371.802	130.3372
372.028	129.2872
372.254	130.4372
372.48	131.66719999999998
372.706	130.8572
372.932	132.8272
373.158	132.1272
373.384	134.6972
373.61	133.0672
373.835	135.16719999999998
374.061	131.5672
374.287	135.3072
374.513	135.1072
374.739	135.4772
374.965	135.24720000000002
375.191	136.25719999999998
375.416	135.6072
375.642	135.3172
375.868	135.0272
376.094	134.91719999999998
376.319	132.1072
376.545	133.8472
376.771	131.7672
376.997	132.6272
377.222	133.8272
377.448	134.0672
377.674	133.41719999999998
377.899	132.9472
378.125	133.2772
378.35	133.5372
378.576	132.6972
378.802	132.0872
379.027	134.5972
379.253	135.1472
379.478	133.9372
379.704	134.8972
379.929	137.2872
380.155	136.2872
380.38	135.9372
380.606	136.7072
380.831	138.7772
381.057	139.1472
381.282	137.7072
381.507	138.8072
381.733	139.0372
381.958	139.90720000000002
382.184	143.4572
382.409	144.8272
382.634	147.5972
382.86	143.8972
383.085	147.7872
383.31	148.0872
383.535	148.65720000000002
383.761	148.6072
383.986	147.5472
384.211	148.4372
384.436	151.0472
384.662	151.3872
384.887	155.9472
385.112	155.4572
385.337	157.66719999999998
385.562	157.7772
385.787	159.6172
386.013	163.6072
386.238	169.3972
386.463	160.5772
386.688	162.31719999999999
386.913	157.25719999999998
387.138	158.2172
387.363	153.9372
387.588	151.7372
387.813	153.7372
388.038	158.8372
388.263	163.4972
388.488	161.7972
388.713	149.0272
388.938	144.8372
389.163	146.2672
389.387	145.0772
389.612	142.6172
389.837	141.3872
390.062	142.3272
390.287	140.3272
390.512	142.4772
390.736	140.6072
390.961	142.6872
391.186	144.5472
391.411	147.8772
391.636	146.90720000000002
391.86	143.74720000000002
392.085	143.1972
392.31	142.4272
392.534	142.4572
392.759	142.7272
392.984	143.0172
393.208	147.40720000000002
393.433	153.40720000000002
393.658	147.5472
393.882	141.2272
394.107	140.3972
394.331	141.2372
394.556	140.8672
394.78	143.5772
395.005	142.2972
395.229	141.5572
395.454	144.4472
395.678	144.3872
395.903	148.1472
396.127	147.99720000000002
396.352	144.4772
396.576	141.8272
396.801	143.8572
397.025	148.8772
397.249	144.9472
397.474	147.40720000000002
397.698	146.2872
397.922	147.41719999999998
398.147	147.9372
398.371	149.24720000000002
398.595	150.5272
398.82	149.7972
399.044	157.5572
399.268	166.9072
399.492	177.3972
399.717	184.52720000000002
399.941	184.2572
400.165	180.0172
400.389	171.20719999999997
400.613	160.3572
400.837	154.5872
401.062	153.1872
401.286	155.5572
401.51	154.1772
401.734	156.0372
401.958	168.1772
402.182	197.5872
402.406	236.11720000000003
402.63	193.0172
402.854	165.43720000000002
403.078	160.0772
403.302	159.6172
403.526	164.02720000000002
403.75	163.3272
403.974	162.2172
404.198	162.7872
404.422	164.2672
404.645	165.3572
404.869	169.6072
405.093	179.09720000000002
405.317	187.9172
405.541	186.2672
405.765	177.8772
405.988	193.2572
406.212	255.7872
406.436	322.3372
406.66	232.9672
406.883	180.52720000000002
407.107	179.06719999999999
407.331	183.5572
407.555	193.1072
407.778	187.02720000000002
408.002	175.4272
408.226	170.1772
408.449	166.9272
408.673	167.5872
408.896	172.1472
409.12	173.36720000000003
409.344	165.1972
409.567	159.6172
409.791	161.7072
410.014	162.8272
410.238	161.5772
410.461	161.0972
410.685	164.8772
410.908	166.4172
411.132	173.1772
411.355	171.8572
411.578	160.4672
411.802	157.0572
412.025	158.15720000000002
412.249	165.56719999999999
412.472	172.4972
412.695	179.36720000000003
412.919	166.9072
413.142	161.5872
413.365	158.3172
413.589	154.9672
413.812	154.40720000000002
414.035	155.2872
414.258	155.2272
414.482	155.4772
414.705	154.7872
414.928	155.8272
415.151	155.5372
415.374	157.9472
415.597	153.8072
415.821	152.9672
416.044	154.3172
416.267	152.3972
416.49	150.3072
416.713	149.7372
416.936	150.4572
417.159	150.7772
417.382	153.6172
417.605	153.4272
417.828	160.4272
418.051	159.0872
418.274	155.8872
418.497	151.8472
418.72	152.49720000000002
418.943	155.3372
419.166	157.8672
419.389	162.93720000000002
419.611	162.0572
419.834	161.7972
420.057	160.5572
420.28	159.9572
420.503	159.3372
420.726	157.2672
420.948	158.3672
421.171	165.7572
421.394	163.13719999999998
421.617	156.7972
421.839	154.6772
422.062	156.1772
422.285	158.8372
422.507	172.7672
422.73	183.20719999999997
422.953	168.6972
423.175	158.4772
423.398	158.8472
423.621	160.5672
423.843	161.6272
424.066	158.8072
424.288	161.00719999999998
424.511	162.3372
424.733	173.8272
424.956	187.38719999999998
425.178	175.5872
425.401	177.6572
425.623	174.9972
425.846	159.3472
426.068	159.1172
426.291	157.5572
426.513	157.0572
426.735	157.49720000000002
426.958	164.9872
427.18	181.79719999999998
427.402	224.0172
427.625	265.0072
427.847	222.88719999999998
428.069	195.31719999999999
428.292	162.63719999999998
428.514	152.2172
428.736	148.24720000000002
428.958	143.6772
429.181	144.7872
429.403	144.9472
429.625	147.6872
429.847	154.15720000000002
430.069	166.6772
430.292	155.8372
430.514	145.8672
430.736	142.90720000000002
430.958	143.90720000000002
431.18	140.2972
431.402	142.2072
431.624	142.7872
431.846	142.2672
432.068	143.6472
432.29	144.9572
432.512	143.5672
432.734	145.1972
432.956	147.6272
433.178	154.3172
433.4	153.4572
433.622	147.0172
433.844	147.5872
434.066	148.90720000000002
434.287	149.3472
434.509	150.8572
434.731	151.7172
434.953	153.5172
435.175	153.7372
435.397	158.5872
435.618	157.65720000000002
435.84	167.1572
436.062	193.06719999999999
436.284	185.72719999999998
436.505	163.63719999999998
436.727	159.3172
436.949	149.7872
437.17	145.75719999999998
437.392	145.40720000000002
437.614	153.6272
437.835	169.8572
438.057	189.9472
438.278	185.7872
438.5	178.56719999999999
438.721	200.27720000000002
438.943	175.13719999999998
439.165	152.75719999999998
439.386	149.7772
439.608	154.8372
439.829	161.6872
440.05	185.22719999999998
440.272	208.8272
440.493	164.2872
440.715	151.1772
440.936	148.2272
441.158	148.9372
441.379	151.6172
441.6	158.75719999999998
441.822	163.29719999999998
442.043	167.1472
442.264	180.4972
442.486	176.4872
442.707	162.27720000000002
442.928	172.20719999999997
443.149	198.97719999999998
443.371	203.6472
443.592	185.2872
443.813	194.7572
444.034	188.45719999999997
444.255	166.5372
444.476	162.5872
444.698	165.81719999999999
444.919	165.3072
445.14	200.4072
445.361	191.9172
445.582	189.3572
445.803	215.09720000000002
446.024	218.8772
446.245	212.3372
446.466	182.2872
446.687	155.1472
446.908	151.0272
447.129	145.74720000000002
447.35	147.1372
447.571	147.4872
447.792	150.6872
448.013	156.3072
448.234	165.7472
448.455	164.7672
448.675	185.95719999999997
448.896	195.0572
449.117	166.3372
449.338	170.61720000000003
449.559	203.9472
449.779	208.7372
450.0	159.6372
450.221	144.6872
450.442	145.3472
450.662	151.2372
450.883	163.18720000000002
451.104	169.7372
451.324	151.8772
451.545	140.8672
451.766	139.9472
451.986	137.3572
452.207	139.6272
452.428	143.3972
452.648	148.6872
452.869	161.2872
453.089	167.88719999999998
453.31	173.0172
453.53	144.8772
453.751	142.1472
453.971	154.0472
454.192	162.6972
454.412	145.0372
454.633	136.8872
454.853	136.0472
455.073	135.6772
455.294	142.7072
455.514	154.65720000000002
455.734	142.2772
455.955	133.6072
456.175	132.4672
456.395	132.1172
456.616	132.0172
456.836	134.00719999999998
457.056	133.7972
457.276	128.99720000000002
457.497	131.90720000000002
457.717	131.2772
457.937	135.6172
458.157	136.1372
458.377	140.3272
458.598	159.8972
458.818	213.5872
459.038	231.5872
459.258	183.6072
459.478	150.6072
459.698	145.9672
459.918	146.0472
460.138	147.41719999999998
460.358	150.7872
460.578	151.1172
460.798	153.50719999999998
461.018	153.0472
461.238	150.5772
461.458	148.9372
461.678	146.9772
461.898	148.9572
462.118	151.7872
462.338	154.6772
462.558	155.6872
462.777	158.7072
462.997	165.6272
463.217	168.36720000000003
463.437	167.8072
463.657	162.7872
463.876	157.5172
464.096	162.0672
464.316	166.1072
464.536	167.3972
464.755	163.5172
464.975	175.95719999999997
465.195	242.9872
465.414	239.61720000000003
465.634	160.4472
465.854	146.7072
466.073	144.8972
466.293	142.4272
466.512	140.65720000000002
466.732	140.5272
466.951	141.2272
467.171	143.5472
467.391	147.91719999999998
467.61	161.25719999999998
467.829	157.8572
468.049	177.2572
468.268	191.3072
468.488	146.5872
468.707	138.16719999999998
468.927	137.8872
469.146	135.5872
469.365	138.5972
469.585	141.6272
469.804	148.99720000000002
470.023	151.0772
470.243	149.3872
470.462	157.2072
470.681	167.9872
470.901	147.4272
471.12	142.7072
471.339	142.5972
471.558	142.7172
471.777	144.66719999999998
471.997	155.50719999999998
472.216	224.1772
472.435	332.7872
472.654	186.6972
472.873	148.4372
473.092	141.16719999999998
473.311	140.3372
473.53	137.9872
473.749	143.2072
473.968	153.8172
474.187	169.36720000000003
474.406	160.0972
474.625	141.0572
474.844	140.0572
475.063	136.4772
475.282	138.91719999999998
475.501	138.8072
475.72	142.4872
475.939	137.3072
476.158	140.49720000000002
476.377	140.7872
476.596	139.8872
476.814	145.91719999999998
477.033	147.1772
477.252	144.5572
477.471	144.9872
477.69	147.1172
477.908	147.3472
478.127	149.2772
478.346	148.1772
478.564	151.6972
478.783	159.0772
479.002	158.5572
479.22	158.2972
479.439	166.34720000000002
479.658	173.4272
479.876	163.6572
480.095	163.3072
480.313	167.43720000000002
480.532	168.3072
480.751	177.6972
480.969	242.8272
481.188	503.30719999999997
481.406	383.9872
481.624	194.1272
481.843	165.9072
482.061	158.0472
482.28	154.7272
482.498	152.7972
482.717	150.3172
482.935	149.6072
483.153	149.7872
483.372	149.5272
483.59	150.75719999999998
483.808	150.25719999999998
484.027	150.16719999999998
484.245	152.74720000000002
484.463	152.5572
484.681	156.0972
484.9	153.9772
485.118	155.7872
485.336	154.6872
485.554	159.3272
485.772	161.5972
485.99	162.97719999999998
486.209	164.63719999999998
486.427	166.72719999999998
486.645	172.79719999999998
486.863	175.5072
487.081	165.8072
487.299	160.5672
487.517	158.3272
487.735	156.3972
487.953	156.6472
488.171	156.8772
488.389	159.3272
488.607	164.06719999999999
488.825	157.7172
489.043	155.8172
489.261	156.1272
489.479	156.5872
489.696	155.8472
489.914	157.6172
490.132	157.7872
490.35	161.1372
490.568	160.0772
490.786	162.6072
491.003	162.8372
491.221	166.7372
491.439	169.43720000000002
491.657	171.88719999999998
491.874	172.6472
492.092	172.3772
492.31	173.47719999999998
492.527	174.2372
492.745	174.4672
492.963	176.77720000000002
493.18	175.0172
493.398	175.7372
493.615	179.0572
493.833	177.3572
494.05	173.45719999999997
494.268	172.5572
494.485	171.09720000000002
494.703	171.1572
494.92	169.7672
495.138	169.5172
495.355	172.36720000000003
495.573	171.1472
495.79	168.18720000000002
496.008	172.27720000000002
496.225	167.7472
496.442	166.31719999999999
496.66	169.9072
496.877	167.36720000000003
497.094	172.6972
497.312	171.09720000000002
497.529	174.6672
497.746	175.4872
497.963	176.77720000000002
498.181	182.22719999999998
498.398	189.1572
498.615	204.7372
498.832	206.13719999999998
499.049	199.70719999999997
499.267	206.77720000000002
499.484	211.36720000000003
499.701	221.4272
499.918	227.0172
500.135	233.6772
500.352	241.8272
500.569	239.6972
500.786	242.70719999999997
501.003	236.8572
501.22	230.1772
501.437	224.43720000000002
501.654	219.77720000000002
501.871	225.8272
502.088	204.1672
502.305	194.2572
502.522	187.7672
502.739	184.2172
502.956	180.2672
503.172	177.9172
503.389	179.5772
503.606	188.4972
503.823	179.22719999999998
504.04	173.38719999999998
504.256	173.6072
504.473	173.70719999999997
504.69	174.09720000000002
504.907	175.56719999999999
505.123	165.79719999999998
505.34	164.6772
505.557	163.77720000000002
505.773	162.22719999999998
505.99	162.3272
506.207	159.6972
506.423	160.6472
506.64	157.2672
506.856	159.0172
507.073	157.7372
507.289	158.90720000000002
507.506	164.29719999999998
507.722	180.68720000000002
507.939	181.0772
508.155	161.16719999999998
508.372	157.16719999999998
508.588	155.24720000000002
508.805	158.7772
509.021	159.66719999999998
509.238	164.8972
509.454	162.70719999999997
509.67	166.1772
509.887	174.7172
510.103	199.5872
510.319	289.4072
510.536	916.7672
510.752	2899.5272
510.968	853.1072
511.184	231.6772
511.401	177.95719999999997
511.617	162.2572
511.833	160.5572
512.049	159.2172
512.265	156.6172
512.481	154.1472
512.698	153.7672
512.914	153.0472
513.13	153.3772
513.346	151.5172
513.562	153.4872
513.778	156.3072
513.994	157.24720000000002
514.21	164.5572
514.426	185.2172
514.642	206.0872
514.858	197.8272
515.074	248.7472
515.29	594.1572
515.506	1869.0872000000002
515.721	730.8172
515.937	238.1272
516.153	181.6072
516.369	166.4972
516.585	165.1572
516.801	163.5172
517.016	165.34720000000002
517.232	165.4872
517.448	169.5372
517.664	170.7472
517.879	168.97719999999998
518.095	169.02720000000002
518.311	167.9072
518.527	166.2472
518.742	163.4172
518.958	160.0572
519.173	159.8472
519.389	157.66719999999998
519.605	157.7072
519.82	159.66719999999998
520.036	167.1972
520.251	187.02720000000002
520.467	179.8772
520.682	170.8072
520.898	173.7872
521.113	182.7872
521.329	212.9172
521.544	295.7272
521.76	726.6272
521.975	3003.0872
522.19	1871.6372
522.406	433.1672
522.621	194.8372
522.836	161.9472
523.052	154.4872
523.267	150.16719999999998
523.482	149.50719999999998
523.698	153.15720000000002
523.913	176.9172
524.128	157.7072
524.343	144.99720000000002
524.559	144.4672
524.774	140.0672
524.989	145.5272
525.204	158.5972
525.419	150.8972
525.634	140.6172
525.849	140.5372
526.064	140.4272
526.28	139.5372
526.495	137.4772
526.71	138.0272
526.925	136.3872
527.14	136.1872
527.355	136.9472
527.57	136.9872
527.785	136.2972
527.999	136.6272
528.214	140.4872
528.429	141.4472
528.644	138.9272
528.859	141.7072
529.074	144.7272
529.289	179.18720000000002
529.503	249.6072
529.718	160.6472
529.933	141.9472
530.148	138.4772
530.363	139.6472
530.577	137.8872
530.792	138.4372
531.007	139.41719999999998
531.221	139.6872
531.436	136.75719999999998
531.651	138.8472
531.865	138.0772
532.08	136.1772
532.295	139.8272
532.509	139.0872
532.724	137.5372
532.938	140.2772
533.153	139.4272
533.367	139.1272
533.582	140.6372
533.796	140.1072
534.011	137.3072
534.225	135.6872
534.44	134.9772
534.654	137.0872
534.868	137.1372
535.083	137.7372
535.297	139.4572
535.511	148.3572
535.726	149.6972
535.94	144.1472
536.154	141.3272
536.369	135.15720000000002
536.583	134.1172
536.797	134.3572
537.011	133.3072
537.225	132.1872
537.44	131.9872
537.654	133.5272
537.868	132.9272
538.082	133.7272
538.296	132.8472
538.51	133.99720000000002
538.724	132.2872
538.938	134.1272
539.153	137.6772
539.367	151.1072
539.581	137.7972
539.795	131.4772
540.009	133.5572
540.222	131.8572
540.436	132.8072
540.65	131.7272
540.864	134.5272
541.078	139.7372
541.292	133.5372
541.506	131.0672
541.72	131.24720000000002
541.934	130.9372
542.147	131.2772
542.361	128.1472
542.575	127.9172
542.789	129.7372
543.002	130.8572
543.216	135.9372
543.43	139.7972
543.644	134.5272
543.857	132.0572
544.071	130.7672
544.285	132.8472
544.498	131.2872
544.712	131.8272
544.925	130.6472
545.139	130.7972
545.352	128.8872
545.566	130.2072
545.779	129.8972
545.993	130.6272
546.206	130.4272
546.42	128.7072
546.633	131.1872
546.847	134.3972
547.06	130.6972
547.274	129.0372
547.487	130.8672
547.7	128.7372
547.914	128.4872
548.127	129.7372
548.34	129.9772
548.554	128.6772
548.767	129.9472
548.98	130.0872
549.193	129.5872
549.407	131.8772
549.62	131.2872
549.833	130.4272
550.046	130.9372
550.259	128.8172
550.473	129.5672
550.686	130.0872
550.899	130.15720000000002
551.112	129.6172
551.325	126.7472
551.538	129.6972
551.751	128.5972
551.964	129.5872
552.177	130.1072
552.39	128.8572
552.603	132.4472
552.816	133.41719999999998
553.029	133.75719999999998
553.242	136.7172
553.455	143.8072
553.667	150.7972
553.88	148.0572
554.093	136.0772
554.306	134.5772
554.519	134.0472
554.732	133.5472
554.944	131.5172
555.157	129.0472
555.37	127.2472
555.583	129.91719999999998
555.795	131.40720000000002
556.008	127.97720000000001
556.221	127.1572
556.433	126.7572
556.646	127.5072
556.859	126.5372
557.071	125.2072
557.284	125.7172
557.496	124.6772
557.709	124.8472
557.921	124.5472
558.134	123.1372
558.346	123.4872
558.559	121.8172
558.771	121.4472
558.984	120.2372
559.196	122.64720000000001
559.409	122.1272
559.621	121.7672
559.833	121.3672
560.046	120.8772
560.258	122.3372
560.47	123.8472
560.683	122.8272
560.895	120.4072
561.107	122.0172
561.32	121.6172
561.532	121.3872
561.744	123.0172
561.956	123.9672
562.168	122.6672
562.381	122.4972
562.593	123.64720000000001
562.805	124.1772
563.017	123.9272
563.229	123.7472
563.441	123.1572
563.653	122.2372
563.865	121.4272
564.077	121.0472
564.289	123.4272
564.501	125.6972
564.713	124.18719999999999
564.925	129.0472
565.137	140.8772
565.349	130.1872
565.561	127.5072
565.773	130.4372
565.985	129.91719999999998
566.197	131.49720000000002
566.408	134.5972
566.62	138.8972
566.832	140.8572
567.044	140.8872
567.255	141.6072
567.467	143.6972
567.679	146.5372
567.891	151.6972
568.102	151.4472
568.314	145.8772
568.526	141.7072
568.737	139.0972
568.949	133.74720000000002
569.161	129.8972
569.372	127.4972
569.584	127.35719999999999
569.795	129.91719999999998
570.007	156.5172
570.218	308.99719999999996
570.43	181.1672
570.641	127.0472
570.853	122.5372
571.064	122.2472
571.276	121.0872
571.487	119.7672
571.698	119.2172
571.91	117.8872
572.121	117.35719999999999
572.333	116.3272
572.544	115.30720000000001
572.755	117.39720000000001
572.966	115.30720000000001
573.178	114.9172
573.389	115.9472
573.6	115.47720000000001
573.811	115.1572
574.023	114.39720000000001
574.234	113.9672
574.445	114.8272
574.656	112.9272
574.867	113.5372
575.078	113.1572
575.289	114.5372
575.501	115.7772
575.712	112.9172
575.923	113.1372
576.134	114.10719999999999
576.345	112.0772
576.556	113.3772
576.767	115.2372
576.978	116.1972
577.188	116.1672
577.399	115.2172
577.61	115.6572
577.821	123.1172
578.032	144.8072
578.243	322.8772
578.454	928.5372
578.665	265.5372
578.875	128.4372
579.086	114.5972
579.297	111.22720000000001
579.508	112.8872
579.718	111.8372
579.929	111.5172
580.14	109.8472
580.35	109.05720000000001
580.561	108.3772
580.772	108.18719999999999
580.982	107.9272
581.193	105.7072
581.403	108.7572
581.614	107.1372
581.825	107.10719999999999
582.035	108.60719999999999
582.246	109.0072
582.456	107.1772
582.667	107.9472
582.877	107.2172
583.087	107.14720000000001
583.298	108.47720000000001
583.508	108.4572
583.719	107.9572
583.929	109.0672
584.139	107.14720000000001
584.35	106.43719999999999
584.56	108.6372
584.77	107.0472
584.981	107.5972
585.191	108.4672
585.401	106.9872
585.611	107.9472
585.821	108.7772
586.032	108.8172
586.242	106.5172
586.452	107.30720000000001
586.662	106.1372
586.872	105.9472
587.082	107.0472
587.292	106.5072
587.502	105.2672
587.713	106.2672
587.923	106.22720000000001
588.133	105.1572
588.343	105.89720000000001
588.553	106.1972
588.762	111.35719999999999
588.972	116.6772
589.182	161.8172
589.392	128.5672
589.602	115.5672
589.812	137.1872
590.022	116.3872
590.232	106.97720000000001
590.441	107.4572
590.651	105.47720000000001
590.861	105.8472
591.071	107.0872
591.281	107.1272
591.49	106.30720000000001
591.7	107.80720000000001
591.91	108.0072
592.119	107.8272
592.329	113.0272
592.539	118.4272
592.748	112.3772
592.958	112.6272
593.167	110.60719999999999
593.377	112.1372
593.587	115.9572
593.796	114.0972
594.006	110.39720000000001
594.215	111.22720000000001
594.424	111.7472
594.634	109.9272
594.843	109.3272
595.053	109.9072
595.262	109.5772
595.472	107.9172
595.681	106.6572
595.89	106.8372
596.1	107.0272
596.309	107.2172
596.518	105.4672
596.727	106.2872
596.937	106.2172
597.146	105.7172
597.355	105.05720000000001
597.564	103.1272
597.774	105.1972
597.983	103.7072
598.192	102.5972
598.401	102.7772
598.61	101.5672
598.819	102.64720000000001
599.028	102.9672
599.237	102.5672
599.446	103.22720000000001
599.655	104.5272
599.864	103.2372
600.073	101.0872
600.282	105.9072
600.491	102.9872
600.7	103.39720000000001
600.909	102.4872
601.118	103.5672
601.327	104.6572
601.536	104.8172
601.745	103.68719999999999
601.953	101.9072
602.162	102.6372
602.371	102.5072
602.58	102.1372
602.789	103.9672
602.997	101.5372
603.206	103.2172
603.415	102.10719999999999
603.623	100.80720000000001
603.832	102.0172
604.041	101.9572
604.249	101.5772
604.458	100.7372
604.666	99.6672
604.875	99.7172
605.084	100.4672
605.292	98.4872
605.501	99.9072
605.709	99.8672
605.918	99.43719999999999
606.126	101.35719999999999
606.334	98.4072
606.543	100.8672
606.751	100.5372
606.96	99.4072
607.168	100.3772
607.376	100.3772
607.585	102.2372
607.793	99.7372
608.001	100.4672
608.21	99.6672
608.418	100.47720000000001
608.626	99.97720000000001
608.834	99.2172
609.043	99.8272
609.251	100.10719999999999
609.459	100.4072
609.667	100.2072
609.875	100.4172
610.083	99.68719999999999
610.291	99.3472
610.499	99.6972
610.707	99.8172
610.916	100.4572
611.124	101.0972
611.332	98.8472
611.54	100.7672
611.748	99.5272
611.955	99.43719999999999
612.163	99.5372
612.371	99.0872
612.579	98.2672
612.787	98.9172
612.995	99.5672
613.203	101.6272
613.411	98.80720000000001
613.618	99.14720000000001
613.826	98.89720000000001
614.034	98.1372
614.242	97.8772
614.449	98.9672
614.657	98.1572
614.865	99.3472
615.072	99.5972
615.28	98.8872
615.488	100.10719999999999
615.695	103.0772
615.903	107.18719999999999
616.111	109.05720000000001
616.318	110.3772
616.526	106.5772
616.733	104.9272
616.941	101.1272
617.148	101.0672
617.356	101.9872
617.563	98.9172
617.771	99.89720000000001
617.978	98.1572
618.185	100.30720000000001
618.393	98.4172
618.6	98.2172
618.807	97.5272
619.015	98.0772
619.222	97.6772
619.429	98.2572
619.637	98.39720000000001
619.844	98.4172
620.051	97.30720000000001
620.258	96.0272
620.466	96.0672
620.673	95.7172
620.88	95.4472
621.087	97.3272
621.294	97.7772
621.501	96.1272
621.708	97.1972
621.915	95.6972
622.122	95.93719999999999
622.329	98.0072
622.536	96.7372
622.743	96.4072
622.95	96.9272
623.157	95.35719999999999
623.364	96.5072
623.571	95.9472
623.778	95.7472
623.985	97.3472
624.192	96.0872
624.399	95.4072
624.606	97.2772
624.812	95.3272
625.019	95.14720000000001
625.226	95.5372
625.433	96.9072
625.639	95.4572
625.846	96.2872
626.053	95.3272
626.259	93.4272
626.466	94.5472
626.673	95.6172
626.879	94.9472
627.086	97.6772
627.293	97.0172
627.499	94.9672
627.706	95.5272
627.912	96.35719999999999
628.119	95.64720000000001
628.325	96.2072
628.532	93.5472
628.738	94.30720000000001
628.945	94.8172
629.151	94.7972
629.357	93.64720000000001
629.564	94.2772
629.77	93.4972
629.976	92.4072
630.183	93.4872
630.389	92.2872
630.595	92.3772
630.802	92.6272
631.008	93.0772
631.214	93.9172
631.42	94.0772
631.627	97.3372
631.833	92.5772
632.039	92.80720000000001
632.245	92.43719999999999
632.451	93.8172
632.657	91.5972
632.863	92.0772
633.069	92.97720000000001
633.275	92.68719999999999
633.481	91.30720000000001
633.688	91.64720000000001
633.893	93.3672
634.099	91.3872
634.305	91.7972
634.511	93.4072
634.717	92.30720000000001
634.923	90.7972
635.129	93.2172
635.335	92.3472
635.541	92.68719999999999
635.747	92.1572
635.952	94.7772
636.158	95.80720000000001
636.364	112.55720000000001
636.57	106.5372
636.775	95.0472
636.981	92.6372
637.187	94.0772
637.392	92.35719999999999
637.598	92.22720000000001
637.804	92.8872
638.009	92.6372
638.215	92.4172
638.421	89.9672
638.626	91.30720000000001
638.832	92.18719999999999
639.037	91.43719999999999
639.243	90.1172
639.448	90.5972
639.654	93.68719999999999
639.859	90.6372
640.065	91.89720000000001
640.27	94.9972
640.475	90.5672
640.681	90.6972
640.886	91.8472
641.091	90.18719999999999
641.297	92.8772
641.502	91.4172
641.707	94.4472
641.913	92.7472
642.118	90.39720000000001
642.323	90.6772
642.528	93.2072
642.733	92.0472
642.939	92.5472
643.144	90.5272
643.349	90.9572
643.554	92.3672
643.759	91.0972
643.964	89.9472
644.169	91.1372
644.374	91.3672
644.579	93.85719999999999
644.784	91.1172
644.989	91.68719999999999
645.194	89.7872
645.399	94.2172
645.604	92.3772
645.809	93.14720000000001
646.014	93.4272
646.219	90.80720000000001
646.423	91.3372
646.628	92.30720000000001
646.833	92.1272
647.038	92.9872
647.243	92.5272
647.447	92.2772
647.652	90.6572
647.857	92.10719999999999
648.062	94.55720000000001
648.266	92.9872
648.471	96.6772
648.676	98.7772
648.88	97.3472
649.085	94.4572
649.289	95.7172
649.494	106.0672
649.698	134.5772
649.903	106.5372
650.107	94.7972
650.312	93.8772
650.516	89.43719999999999
650.721	90.5672
650.925	88.2972
651.13	87.93719999999999
651.334	90.1672
651.539	88.2172
651.743	88.18719999999999
651.947	87.6172
652.152	89.14720000000001
652.356	88.2572
652.56	90.7772
652.764	86.7672
652.969	88.72720000000001
653.173	85.8372
653.377	86.5072
653.581	86.39720000000001
653.785	86.4672
653.99	87.6672
654.194	85.8772
654.398	84.9572
654.602	87.6772
654.806	91.6672
655.01	103.2172
655.214	91.8872
655.418	88.5672
655.622	86.7172
655.826	88.2072
656.03	91.4472
656.234	93.93719999999999
656.438	97.49719999999999
656.642	96.2572
656.846	90.5272
657.049	88.5672
657.253	88.3372
657.457	87.4272
657.661	85.8872
657.865	84.3172
658.068	85.55720000000001
658.272	84.5672
658.476	83.80720000000001
658.68	81.99719999999999
658.883	81.22720000000001
659.087	82.1972
659.291	82.47720000000001
659.494	83.6572
659.698	82.35719999999999
659.901	83.5872
660.105	82.3772
660.309	81.4072
660.512	82.0972
660.716	82.9472
660.919	83.0072
661.123	83.4472
661.326	81.9872
661.53	81.2772
661.733	82.64720000000001
661.936	83.5272
662.14	81.18719999999999
662.343	81.2872
662.546	79.8972
662.75	80.5272
662.953	83.6372
663.156	81.72720000000001
663.36	81.2572
663.563	81.64720000000001
663.766	81.2672
663.969	81.5372
664.173	79.9472
664.376	81.3772
664.579	81.1172
664.782	80.2272
664.985	82.6672
665.188	81.8172
665.391	80.4472
665.594	80.7572
665.797	79.3272
666.0	80.1572
666.203	78.66720000000001
666.406	80.0172
666.609	80.6772
666.812	80.7572
667.015	79.5772
667.218	83.24719999999999
667.421	81.18719999999999
667.624	80.3472
667.827	81.7372
668.03	80.4972
668.232	79.2472
668.435	81.7572
668.638	81.4472
668.841	82.7872
669.043	80.1472
669.246	82.1272
669.449	80.6372
669.651	81.6972
669.854	79.9072
670.057	81.6772
670.259	80.2872
670.462	81.5472
670.665	79.8772
670.867	81.7672
671.07	80.8272
671.272	82.5172
671.475	82.9472
671.677	80.41720000000001
671.88	80.2672
672.082	81.5472
672.284	82.3472
672.487	80.1172
672.689	80.0072
672.892	80.18719999999999
