223.165	-17.7185
223.4	-17.7185
223.635	-17.7185
223.869	-17.8685
224.104	-20.5685
224.338	-14.9185
224.573	-14.0685
224.808	-12.7185
225.042	-3.5185000000000004
225.277	-5.1185
225.511	-4.3685
225.746	2.0315000000000003
225.98	5.281499999999999
226.215	13.381499999999999
226.449	16.9815
226.683	18.3315
226.918	20.8315
227.152	34.0315
227.387	39.2815
227.621	39.0315
227.856	39.1315
228.09	48.1815
228.324	50.4315
228.559	59.731500000000004
228.793	61.68150000000001
229.027	60.831500000000005
229.262	64.1815
229.496	67.3815
229.73	71.28150000000001
229.964	70.28150000000001
230.199	72.23150000000001
230.433	75.3815
230.667	74.28150000000001
230.901	77.8815
231.136	76.73150000000001
231.37	86.28150000000001
231.604	79.0815
231.838	82.23150000000001
232.072	76.48150000000001
232.306	78.5815
232.541	79.6315
232.775	77.0815
233.009	78.1315
233.243	79.9315
233.477	83.9315
233.711	78.28150000000001
233.945	85.53150000000001
234.179	78.8315
234.413	82.3315
234.647	78.48150000000001
234.881	77.98150000000001
235.115	77.78150000000001
235.349	78.1315
235.583	80.8315
235.817	75.73150000000001
236.051	77.0815
236.285	74.98150000000001
236.519	76.4315
236.753	76.8315
236.987	76.6315
237.221	75.53150000000001
237.455	76.48150000000001
237.689	75.8315
237.922	74.78150000000001
238.156	75.3315
238.39	76.03150000000001
238.624	76.8815
238.858	74.73150000000001
239.091	76.73150000000001
239.325	74.48150000000001
239.559	76.03150000000001
239.793	75.03150000000001
240.027	83.1815
240.26	78.1815
240.494	79.53150000000001
240.728	76.9315
240.961	74.5815
241.195	78.1315
241.429	78.73150000000001
241.662	74.6815
241.896	75.6315
242.13	75.6815
242.363	76.3815
242.597	75.8315
242.83	73.8815
243.064	75.03150000000001
243.298	77.98150000000001
243.531	76.78150000000001
243.765	77.1815
243.998	77.98150000000001
244.232	76.23150000000001
244.465	76.5815
244.699	80.23150000000001
244.932	80.53150000000001
245.166	78.73150000000001
245.399	78.1815
245.633	79.0815
245.866	78.78150000000001
246.099	74.73150000000001
246.333	78.1315
246.566	76.28150000000001
246.8	75.98150000000001
247.033	78.98150000000001
247.266	78.4315
247.5	76.23150000000001
247.733	75.0815
247.966	73.1315
248.2	75.28150000000001
248.433	73.1815
248.666	75.8315
248.899	80.03150000000001
249.133	80.53150000000001
249.366	79.53150000000001
249.599	75.5815
249.832	78.23150000000001
250.066	80.73150000000001
250.299	79.1315
250.532	81.3815
250.765	77.3815
250.998	77.8315
251.231	81.48150000000001
251.465	79.73150000000001
251.698	78.8815
251.931	79.3315
252.164	77.48150000000001
252.397	76.78150000000001
252.63	79.9315
252.863	78.5815
253.096	79.1815
253.329	80.1315
253.562	77.6815
253.795	80.6315
254.028	79.1315
254.261	79.03150000000001
254.494	78.1315
254.727	80.3815
254.96	79.4315
255.193	76.1315
255.426	78.1315
255.659	78.98150000000001
255.892	82.48150000000001
256.124	79.8315
256.357	83.48150000000001
256.59	79.98150000000001
256.823	79.6815
257.056	79.1815
257.289	79.6815
257.521	80.0815
257.754	77.48150000000001
257.987	78.4315
258.22	84.6315
258.452	79.3315
258.685	82.28150000000001
258.918	80.53150000000001
259.151	79.9315
259.383	80.23150000000001
259.616	80.98150000000001
259.849	81.3815
260.081	80.8315
260.314	79.48150000000001
260.547	80.1315
260.779	79.6815
261.012	81.48150000000001
261.244	79.3315
261.477	84.9315
261.71	78.03150000000001
261.942	83.23150000000001
262.175	83.48150000000001
262.407	79.6315
262.64	79.1815
262.872	81.28150000000001
263.105	82.23150000000001
263.337	84.28150000000001
263.57	79.4315
263.802	83.0815
264.035	84.73150000000001
264.267	79.98150000000001
264.499	78.73150000000001
264.732	85.23150000000001
264.964	80.98150000000001
265.197	83.0815
265.429	82.78150000000001
265.661	83.3815
265.894	81.3815
266.126	83.8815
266.358	81.1815
266.591	80.6815
266.823	82.23150000000001
267.055	79.03150000000001
267.287	84.3315
267.52	82.53150000000001
267.752	85.0815
267.984	84.73150000000001
268.216	82.3815
268.448	81.8315
268.681	82.3815
268.913	85.0815
269.145	81.9315
269.377	79.3815
269.609	81.8815
269.841	81.28150000000001
270.073	82.6315
270.306	81.9315
270.538	78.98150000000001
270.77	80.73150000000001
271.002	80.23150000000001
271.234	83.28150000000001
271.466	86.0815
271.698	80.9315
271.93	82.9315
272.162	85.1815
272.394	84.3315
272.626	82.5815
272.858	82.1815
273.09	86.23150000000001
273.322	82.73150000000001
273.553	82.73150000000001
273.785	82.1815
274.017	82.0815
274.249	82.0815
274.481	83.8315
274.713	80.3315
274.945	82.0815
275.176	83.0815
275.408	84.98150000000001
275.64	81.03150000000001
275.872	81.3315
276.104	81.23150000000001
276.335	84.1315
276.567	82.0815
276.799	82.4315
277.031	82.6815
277.262	80.5815
277.494	85.6315
277.726	84.8815
277.957	83.23150000000001
278.189	83.1315
278.421	84.3315
278.652	82.73150000000001
278.884	84.3815
279.115	86.48150000000001
279.347	82.3315
279.579	84.0815
279.81	80.6315
280.042	85.8315
280.273	83.4315
280.505	83.9315
280.736	84.1815
280.968	82.4315
281.199	83.48150000000001
281.431	84.73150000000001
281.662	83.53150000000001
281.894	83.23150000000001
282.125	85.4315
282.356	84.4315
282.588	80.8815
282.819	83.8315
283.051	84.23150000000001
283.282	84.5815
283.513	86.8315
283.745	83.48150000000001
283.976	81.1815
284.207	82.1815
284.439	85.28150000000001
284.67	86.1315
284.901	85.5815
285.132	83.23150000000001
285.364	83.9315
285.595	85.8815
285.826	84.53150000000001
286.057	84.03150000000001
286.288	85.0815
286.52	83.03150000000001
286.751	81.1815
286.982	86.73150000000001
287.213	81.1315
287.444	86.1315
287.675	84.1815
287.906	85.1315
288.138	83.78150000000001
288.369	86.1815
288.6	82.73150000000001
288.831	79.6815
289.062	83.6315
289.293	88.98150000000001
289.524	84.03150000000001
289.755	81.28150000000001
289.986	84.8815
290.217	85.78150000000001
290.448	85.1315
290.679	85.4315
290.91	87.6315
291.141	85.73150000000001
291.371	84.53150000000001
291.602	83.3315
291.833	82.0815
292.064	85.73150000000001
292.295	83.53150000000001
292.526	85.23150000000001
292.757	82.5815
292.987	86.73150000000001
293.218	86.98150000000001
293.449	87.0815
293.68	85.3815
293.91	84.6315
294.141	86.1315
294.372	84.73150000000001
294.603	81.8315
294.833	81.5815
295.064	84.8315
295.295	86.28150000000001
295.525	82.0815
295.756	87.73150000000001
295.987	81.0815
296.217	83.73150000000001
296.448	83.8315
296.679	87.1815
296.909	87.28150000000001
297.14	85.78150000000001
297.37	83.4315
297.601	85.28150000000001
297.831	84.98150000000001
298.062	85.5815
298.292	87.98150000000001
298.523	86.23150000000001
298.753	84.48150000000001
298.984	81.6815
299.214	84.0815
299.445	89.3315
299.675	89.1315
299.905	85.78150000000001
300.136	84.73150000000001
300.366	84.8815
300.597	86.28150000000001
300.827	85.0815
301.057	87.03150000000001
301.288	81.9315
301.518	82.98150000000001
301.748	86.23150000000001
301.979	99.23150000000001
302.209	85.6315
302.439	81.8815
302.669	83.0815
302.9	84.4315
303.13	86.98150000000001
303.36	87.0815
303.59	83.5815
303.82	84.78150000000001
304.051	85.78150000000001
304.281	85.98150000000001
304.511	86.3315
304.741	85.3315
304.971	87.28150000000001
305.201	86.03150000000001
305.431	85.73150000000001
305.661	86.53150000000001
305.891	85.3315
306.121	85.23150000000001
306.352	84.8815
306.582	85.48150000000001
306.812	86.8315
307.042	86.9315
307.272	88.6315
307.502	84.1815
307.731	87.98150000000001
307.961	84.53150000000001
308.191	88.0815
308.421	86.6315
308.651	86.6815
308.881	86.0815
309.111	85.8315
309.341	85.3315
309.571	84.73150000000001
309.8	86.23150000000001
310.03	82.6315
310.26	84.6815
310.49	84.78150000000001
310.72	86.23150000000001
310.949	84.0815
311.179	86.6815
311.409	82.0815
311.639	88.1815
311.868	87.6815
312.098	85.28150000000001
312.328	83.73150000000001
312.557	89.78150000000001
312.787	86.48150000000001
313.017	86.48150000000001
313.246	87.0815
313.476	85.6315
313.706	84.6815
313.935	83.03150000000001
314.165	84.8815
314.394	85.0815
314.624	86.6315
314.853	87.6315
315.083	86.8315
315.312	87.23150000000001
315.542	85.23150000000001
315.771	88.23150000000001
316.001	87.5815
316.23	88.23150000000001
316.46	86.53150000000001
316.689	83.3815
316.919	85.6815
317.148	89.6315
317.377	87.6815
317.607	86.6815
317.836	84.8815
318.065	86.6315
318.295	87.28150000000001
318.524	87.3815
318.753	88.6815
318.983	87.1315
319.212	85.4315
319.441	87.28150000000001
319.67	84.53150000000001
319.9	87.9315
320.129	86.03150000000001
320.358	83.78150000000001
320.587	84.8315
320.816	85.8315
321.046	85.5815
321.275	87.23150000000001
321.504	83.73150000000001
321.733	85.48150000000001
321.962	90.6815
322.191	86.28150000000001
322.42	84.4315
322.649	88.1815
322.878	85.0815
323.108	88.28150000000001
323.337	88.1815
323.566	86.8815
323.795	86.1315
324.024	88.6315
324.253	86.78150000000001
324.482	86.8315
324.71	86.1315
324.939	83.6315
325.168	89.23150000000001
325.397	88.8315
325.626	86.28150000000001
325.855	87.8315
326.084	87.6815
326.313	89.8315
326.542	84.03150000000001
326.77	83.28150000000001
326.999	86.28150000000001
327.228	85.4315
327.457	87.23150000000001
327.686	90.8315
327.914	89.53150000000001
328.143	88.8815
328.372	86.3815
328.6	85.8315
328.829	86.1815
329.058	85.0815
329.287	85.3815
329.515	86.3815
329.744	88.03150000000001
329.972	90.48150000000001
330.201	85.9315
330.43	83.28150000000001
330.658	86.03150000000001
330.887	86.6315
331.115	88.3815
331.344	86.6315
331.572	88.8815
331.801	85.28150000000001
332.03	87.23150000000001
332.258	85.53150000000001
332.486	86.8815
332.715	86.78150000000001
332.943	87.28150000000001
333.172	87.6315
333.4	84.1315
333.629	85.98150000000001
333.857	86.3315
334.085	86.4315
334.314	85.3815
334.542	87.8315
334.771	87.1315
334.999	87.23150000000001
335.227	89.3315
335.455	86.8815
335.684	89.1815
335.912	85.9315
336.14	84.23150000000001
336.369	90.23150000000001
336.597	88.1815
336.825	86.8315
337.053	84.53150000000001
337.281	86.4315
337.51	86.0815
337.738	89.73150000000001
337.966	82.4315
338.194	87.1815
338.422	88.3815
338.65	87.3315
338.878	86.53150000000001
339.106	85.9315
339.334	90.5815
339.562	86.9315
339.79	89.6815
340.018	85.6815
340.246	88.6315
340.474	90.53150000000001
340.702	86.5815
340.93	85.5815
341.158	84.4315
341.386	87.3815
341.614	82.5815
341.842	86.8315
342.07	88.03150000000001
342.298	86.0815
342.526	84.1315
342.754	88.4315
342.981	84.6815
343.209	81.6315
343.437	101.8815
343.665	88.4315
343.893	88.3815
344.12	88.53150000000001
344.348	92.48150000000001
344.576	93.9315
344.804	100.78150000000001
345.031	98.03150000000001
345.259	91.3815
345.487	91.1315
345.714	88.6315
345.942	86.8315
346.17	84.3815
346.397	84.48150000000001
346.625	85.53150000000001
346.853	88.8315
347.08	84.73150000000001
347.308	86.28150000000001
347.535	84.4315
347.763	81.73150000000001
347.99	89.3315
348.218	88.78150000000001
348.445	86.3315
348.673	87.28150000000001
348.9	87.98150000000001
349.128	90.3315
349.355	84.5815
349.583	85.0815
349.81	86.3815
350.037	91.78150000000001
350.265	87.0815
350.492	83.1815
350.72	84.73150000000001
350.947	87.3315
351.174	90.6815
351.402	85.23150000000001
351.629	82.9315
351.856	85.8815
352.083	86.8815
352.311	86.4315
352.538	84.8815
352.765	87.6315
352.992	92.23150000000001
353.22	89.78150000000001
353.447	84.78150000000001
353.674	83.9315
353.901	87.0815
354.128	89.1815
354.355	84.28150000000001
354.583	88.48150000000001
354.81	86.8315
355.037	91.1815
355.264	88.0815
355.491	88.1815
355.718	85.53150000000001
355.945	86.0815
356.172	87.98150000000001
356.399	86.9315
356.626	86.4315
356.853	86.73150000000001
357.08	88.53150000000001
357.307	86.6315
357.534	84.98150000000001
357.761	87.23150000000001
357.988	87.1815
358.215	88.4315
358.441	88.98150000000001
358.668	86.4315
358.895	85.6315
359.122	87.6315
359.349	86.48150000000001
359.576	84.03150000000001
359.802	84.6315
360.029	84.23150000000001
360.256	87.1815
360.483	85.23150000000001
360.709	86.3815
360.936	90.8315
361.163	87.1315
361.39	83.03150000000001
361.616	85.8315
361.843	89.8315
362.07	89.23150000000001
362.296	88.23150000000001
362.523	85.4315
362.749	85.28150000000001
362.976	86.3315
363.203	88.78150000000001
363.429	83.73150000000001
363.656	86.6815
363.882	84.0815
364.109	85.78150000000001
364.335	89.1315
364.562	87.1815
364.788	85.1315
365.015	85.8315
365.241	89.1815
365.468	88.1815
365.694	86.53150000000001
365.92	86.03150000000001
366.147	82.1315
366.373	83.53150000000001
366.599	86.3315
366.826	87.23150000000001
367.052	87.1315
367.278	88.6815
367.505	86.03150000000001
367.731	91.5815
367.957	88.6815
368.184	83.03150000000001
368.41	84.48150000000001
368.636	86.8315
368.862	84.23150000000001
369.089	84.0815
369.315	81.73150000000001
369.541	91.4315
369.767	88.1315
369.993	86.0815
370.219	82.1815
370.445	85.48150000000001
370.672	87.4315
370.898	86.78150000000001
371.124	82.28150000000001
371.35	83.0815
371.576	83.23150000000001
371.802	84.73150000000001
372.028	84.1815
372.254	89.0815
372.48	85.78150000000001
372.706	86.0815
372.932	86.8815
373.158	85.23150000000001
373.384	90.53150000000001
373.61	90.4315
373.835	87.48150000000001
374.061	82.3815
374.287	86.48150000000001
374.513	85.1315
374.739	83.53150000000001
374.965	85.03150000000001
375.191	86.0815
375.416	85.9315
375.642	84.53150000000001
375.868	88.5815
376.094	84.23150000000001
376.319	88.3315
376.545	84.6315
376.771	83.3815
376.997	84.73150000000001
377.222	83.23150000000001
377.448	85.23150000000001
377.674	85.8315
377.899	88.1315
378.125	84.1815
378.35	87.8315
378.576	82.98150000000001
378.802	82.3815
379.027	87.53150000000001
379.253	88.48150000000001
379.478	86.98150000000001
379.704	85.73150000000001
379.929	83.4315
380.155	81.98150000000001
380.38	82.9315
380.606	83.23150000000001
380.831	87.78150000000001
381.057	91.6315
381.282	84.28150000000001
381.507	85.6815
381.733	86.28150000000001
381.958	84.9315
382.184	85.5815
382.409	87.48150000000001
382.634	85.6815
382.86	84.28150000000001
383.085	86.3315
383.31	85.3315
383.535	84.6315
383.761	85.73150000000001
383.986	84.48150000000001
384.211	80.6815
384.436	87.3815
384.662	83.78150000000001
384.887	85.03150000000001
385.112	82.53150000000001
385.337	87.53150000000001
385.562	80.03150000000001
385.787	82.3815
386.013	87.3815
386.238	85.8815
386.463	86.4315
386.688	95.6315
386.913	85.0815
387.138	85.6315
387.363	82.6815
387.588	87.8815
387.813	88.1315
388.038	86.3815
388.263	91.1815
388.488	84.73150000000001
388.713	83.1815
388.938	84.8315
389.163	82.6315
389.387	81.3315
389.612	86.4315
389.837	83.8315
390.062	88.8815
390.287	85.6815
390.512	84.9315
390.736	84.98150000000001
390.961	82.03150000000001
391.186	84.6815
391.411	85.1815
391.636	86.73150000000001
391.86	88.3815
392.085	85.6815
392.31	89.6315
392.534	83.28150000000001
392.759	86.53150000000001
392.984	82.4315
393.208	85.8815
393.433	86.5815
393.658	88.73150000000001
393.882	84.6815
394.107	83.53150000000001
394.331	84.8315
394.556	85.48150000000001
394.78	86.5815
395.005	85.28150000000001
395.229	88.28150000000001
395.454	90.53150000000001
395.678	85.98150000000001
395.903	85.48150000000001
396.127	90.9315
396.352	86.8315
396.576	87.48150000000001
396.801	85.98150000000001
397.025	87.1815
397.249	89.3815
397.474	92.8315
397.698	85.53150000000001
397.922	88.98150000000001
398.147	84.98150000000001
398.371	85.8815
398.595	87.23150000000001
398.82	82.6315
399.044	88.3815
399.268	85.1315
399.492	85.6315
399.717	88.3315
399.941	87.53150000000001
400.165	88.1315
400.389	83.9315
400.613	89.28150000000001
400.837	85.9315
401.062	85.73150000000001
401.286	88.3315
401.51	91.3315
401.734	86.9315
401.958	88.03150000000001
402.182	86.3815
402.406	85.73150000000001
402.63	88.3315
402.854	88.4315
403.078	88.03150000000001
403.302	85.1815
403.526	94.3315
403.75	99.48150000000001
403.974	105.6815
404.198	136.9315
404.422	181.9315
404.645	208.6815
404.869	182.38150000000002
405.093	135.8315
405.317	107.78150000000001
405.541	95.53150000000001
405.765	92.5815
405.988	86.48150000000001
406.212	82.5815
406.436	87.8815
406.66	91.1815
406.883	89.53150000000001
407.107	87.28150000000001
407.331	85.6815
407.555	88.6315
407.778	87.03150000000001
408.002	89.0815
408.226	84.98150000000001
408.449	83.8815
408.673	84.9315
408.896	89.48150000000001
409.12	84.98150000000001
409.344	87.5815
409.567	86.73150000000001
409.791	87.5815
410.014	83.9315
410.238	87.53150000000001
410.461	82.53150000000001
410.685	87.0815
410.908	87.1815
411.132	88.53150000000001
411.355	87.3815
411.578	89.6815
411.802	87.5815
412.025	85.03150000000001
412.249	85.28150000000001
412.472	90.48150000000001
412.695	85.98150000000001
412.919	85.1815
413.142	84.98150000000001
413.365	87.23150000000001
413.589	86.53150000000001
413.812	83.48150000000001
414.035	92.8815
414.258	86.1815
414.482	85.6315
414.705	83.1815
414.928	87.53150000000001
415.151	86.3315
415.374	84.98150000000001
415.597	85.8315
415.821	87.8315
416.044	86.1315
416.267	85.9315
416.49	84.23150000000001
416.713	88.53150000000001
416.936	86.4315
417.159	85.8815
417.382	84.73150000000001
417.605	81.6815
417.828	86.1815
418.051	86.73150000000001
418.274	85.23150000000001
418.497	86.53150000000001
418.72	84.9315
418.943	87.78150000000001
419.166	87.98150000000001
419.389	84.03150000000001
419.611	89.28150000000001
419.834	86.03150000000001
420.057	85.53150000000001
420.28	88.5815
420.503	85.1315
420.726	86.6315
420.948	85.48150000000001
421.171	83.8315
421.394	82.5815
421.617	84.3315
421.839	84.1315
422.062	87.3815
422.285	88.03150000000001
422.507	88.6315
422.73	93.28150000000001
422.953	90.9315
423.175	84.3315
423.398	87.1315
423.621	86.23150000000001
423.843	83.78150000000001
424.066	85.8815
424.288	86.98150000000001
424.511	85.8315
424.733	88.0815
424.956	86.78150000000001
425.178	84.3815
425.401	86.53150000000001
425.623	85.5815
425.846	85.8815
426.068	87.23150000000001
426.291	84.9315
426.513	86.0815
426.735	87.3315
426.958	85.78150000000001
427.18	86.78150000000001
427.402	87.0815
427.625	86.48150000000001
427.847	88.28150000000001
428.069	86.23150000000001
428.292	89.0815
428.514	87.1315
428.736	88.53150000000001
428.958	89.3815
429.181	85.1315
429.403	88.48150000000001
429.625	86.6815
429.847	88.73150000000001
430.069	87.1815
430.292	87.78150000000001
430.514	84.6815
430.736	84.48150000000001
430.958	88.5815
431.18	86.03150000000001
431.402	85.53150000000001
431.624	85.1815
431.846	85.6315
432.068	81.28150000000001
432.29	85.3315
432.512	86.53150000000001
432.734	86.8815
432.956	86.5815
433.178	88.8315
433.4	88.48150000000001
433.622	90.28150000000001
433.844	86.9315
434.066	82.78150000000001
434.287	84.53150000000001
434.509	86.03150000000001
434.731	85.73150000000001
434.953	82.3815
435.175	84.98150000000001
435.397	86.73150000000001
435.618	85.78150000000001
435.84	90.4315
436.062	85.03150000000001
436.284	85.6315
436.505	87.0815
436.727	88.98150000000001
436.949	90.3315
437.17	83.28150000000001
437.392	85.9315
437.614	86.8315
437.835	86.23150000000001
438.057	82.4315
438.278	84.53150000000001
438.5	85.53150000000001
438.721	90.3815
438.943	89.8315
439.165	85.98150000000001
439.386	84.1815
439.608	88.8315
439.829	87.28150000000001
440.05	87.48150000000001
440.272	85.5815
440.493	86.6315
440.715	83.8315
440.936	86.53150000000001
441.158	92.5815
441.379	86.3315
441.6	86.8315
441.822	86.28150000000001
442.043	86.23150000000001
442.264	89.23150000000001
442.486	85.4315
442.707	87.28150000000001
442.928	88.8815
443.149	83.28150000000001
443.371	91.73150000000001
443.592	86.3815
443.813	85.4315
444.034	85.8315
444.255	88.1815
444.476	86.5815
444.698	87.3815
444.919	83.6315
445.14	136.0815
445.361	109.1315
445.582	91.8315
445.803	86.0815
446.024	85.4315
446.245	90.6315
446.466	88.9315
446.687	87.1315
446.908	83.4315
447.129	86.73150000000001
447.35	86.5815
447.571	90.6315
447.792	86.3315
448.013	85.23150000000001
448.234	88.6315
448.455	86.0815
448.675	85.1315
448.896	87.8815
449.117	87.3315
449.338	85.4315
449.559	89.4315
449.779	86.5815
450.0	85.1315
450.221	87.23150000000001
450.442	87.48150000000001
450.662	88.3315
450.883	87.6815
451.104	87.1315
451.324	83.6815
451.545	89.23150000000001
451.766	89.0815
451.986	86.8815
452.207	90.23150000000001
452.428	87.6815
452.648	88.3315
452.869	85.8315
453.089	87.3315
453.31	83.53150000000001
453.53	82.4315
453.751	85.3315
453.971	84.03150000000001
454.192	82.53150000000001
454.412	83.8315
454.633	87.3315
454.853	87.1315
455.073	86.6815
455.294	82.1315
455.514	85.9315
455.734	84.8815
455.955	83.8815
456.175	83.6315
456.395	82.3815
456.616	85.6315
456.836	86.28150000000001
457.056	84.6315
457.276	84.8815
457.497	81.73150000000001
457.717	81.48150000000001
457.937	85.0815
458.157	84.6815
458.377	85.03150000000001
458.598	83.4315
458.818	85.8815
459.038	85.3315
459.258	84.1315
459.478	83.9315
459.698	85.8315
459.918	86.73150000000001
460.138	81.53150000000001
460.358	83.3315
460.578	85.8815
460.798	88.6315
461.018	89.6315
461.238	83.4315
461.458	82.78150000000001
461.678	86.53150000000001
461.898	87.98150000000001
462.118	88.28150000000001
462.338	87.9315
462.558	87.23150000000001
462.777	82.8815
462.997	88.03150000000001
463.217	86.8815
463.437	84.9315
463.657	88.8815
463.876	86.23150000000001
464.096	89.6815
464.316	86.53150000000001
464.536	81.8315
464.755	87.5815
464.975	85.9315
465.195	89.6315
465.414	86.8815
465.634	85.6815
465.854	87.78150000000001
466.073	87.73150000000001
466.293	85.3815
466.512	85.23150000000001
466.732	85.5815
466.951	89.9315
467.171	86.28150000000001
467.391	87.73150000000001
467.61	88.78150000000001
467.829	87.8815
468.049	86.5815
468.268	87.48150000000001
468.488	88.23150000000001
468.707	89.23150000000001
468.927	87.3815
469.146	85.03150000000001
469.365	88.3315
469.585	91.9315
469.804	89.5815
470.023	85.8315
470.243	91.73150000000001
470.462	94.03150000000001
470.681	88.6315
470.901	88.53150000000001
471.12	88.53150000000001
471.339	89.28150000000001
471.558	91.6315
471.777	88.73150000000001
471.997	88.5815
472.216	87.73150000000001
472.435	87.73150000000001
472.654	88.8315
472.873	89.48150000000001
473.092	90.1315
473.311	90.23150000000001
473.53	88.0815
473.749	89.3315
473.968	91.4315
474.187	88.6815
474.406	85.53150000000001
474.625	88.4315
474.844	86.6815
475.063	87.28150000000001
475.282	87.53150000000001
475.501	91.23150000000001
475.72	91.98150000000001
475.939	90.6815
476.158	90.0815
476.377	86.9315
476.596	85.6315
476.814	88.8315
477.033	87.1815
477.252	88.23150000000001
477.471	87.23150000000001
477.69	91.3815
477.908	90.78150000000001
478.127	91.9315
478.346	91.23150000000001
478.564	89.9315
478.783	88.8815
479.002	90.1315
479.22	87.6315
479.439	94.6815
479.658	87.78150000000001
479.876	89.28150000000001
480.095	84.4315
480.313	89.1815
480.532	86.23150000000001
480.751	90.73150000000001
480.969	86.0815
481.188	87.23150000000001
481.406	91.6315
481.624	90.1815
481.843	87.6815
482.061	82.9315
482.28	88.4315
482.498	89.53150000000001
482.717	90.03150000000001
482.935	92.4315
483.153	93.6315
483.372	90.5815
483.59	90.5815
483.808	90.48150000000001
484.027	90.73150000000001
484.245	87.78150000000001
484.463	86.03150000000001
484.681	95.53150000000001
484.9	91.78150000000001
485.118	95.03150000000001
485.336	88.9315
485.554	85.9315
485.772	88.73150000000001
485.99	86.78150000000001
486.209	90.73150000000001
486.427	86.1815
486.645	90.73150000000001
486.863	89.98150000000001
487.081	86.5815
487.299	90.03150000000001
487.517	91.3315
487.735	88.8815
487.953	94.6815
488.171	90.8815
488.389	91.1815
488.607	90.28150000000001
488.825	90.98150000000001
489.043	89.53150000000001
489.261	96.3315
489.479	92.3315
489.696	92.0815
489.914	89.6815
490.132	94.28150000000001
490.35	97.03150000000001
490.568	92.78150000000001
490.786	96.1315
491.003	95.3815
491.221	93.73150000000001
491.439	92.8315
491.657	95.1315
491.874	99.03150000000001
492.092	94.6815
492.31	97.3315
492.527	93.73150000000001
492.745	91.3815
492.963	95.8815
493.18	93.1315
493.398	95.5815
493.615	95.6815
493.833	89.0815
494.05	94.28150000000001
494.268	93.23150000000001
494.485	93.23150000000001
494.703	93.1315
494.92	96.73150000000001
495.138	94.48150000000001
495.355	95.53150000000001
495.573	97.6315
495.79	90.9315
496.008	96.28150000000001
496.225	95.03150000000001
496.442	92.1815
496.66	95.1815
496.877	92.3315
497.094	94.48150000000001
497.312	92.1315
497.529	91.73150000000001
497.746	93.98150000000001
497.963	90.3315
498.181	91.9315
498.398	87.03150000000001
498.615	91.8315
498.832	89.28150000000001
499.049	92.1315
499.267	90.4315
499.484	93.78150000000001
499.701	93.28150000000001
499.918	93.98150000000001
500.135	88.3315
500.352	93.5815
500.569	92.0815
500.786	89.78150000000001
501.003	90.28150000000001
501.22	92.98150000000001
501.437	90.23150000000001
501.654	90.1815
501.871	89.1315
502.088	91.3315
502.305	92.98150000000001
502.522	91.6815
502.739	92.6315
502.956	91.8815
503.172	95.5815
503.389	92.1815
503.606	91.1815
503.823	91.9315
504.04	92.73150000000001
504.256	93.3815
504.473	89.53150000000001
504.69	91.6815
504.907	96.53150000000001
505.123	88.3315
505.34	92.5815
505.557	88.6315
505.773	91.78150000000001
505.99	91.5815
506.207	92.3315
506.423	94.53150000000001
506.64	88.28150000000001
506.856	91.03150000000001
507.073	91.28150000000001
507.289	90.4315
507.506	91.6315
507.722	91.78150000000001
507.939	89.6315
508.155	93.73150000000001
508.372	91.4315
508.588	89.4315
508.805	97.5815
509.021	92.5815
509.238	92.5815
509.454	91.48150000000001
509.67	90.3315
509.887	88.78150000000001
510.103	93.03150000000001
510.319	89.28150000000001
510.536	91.78150000000001
510.752	93.23150000000001
510.968	92.4315
511.184	91.1815
511.401	92.8815
511.617	94.6815
511.833	91.1315
512.049	93.6815
512.265	94.48150000000001
512.481	94.5815
512.698	87.78150000000001
512.914	91.8315
513.13	91.23150000000001
513.346	87.6815
513.562	89.3315
513.778	87.4315
513.994	88.8815
514.21	90.0815
514.426	91.3815
514.642	89.48150000000001
514.858	89.28150000000001
515.074	88.8815
515.29	92.8815
515.506	88.5815
515.721	88.6815
515.937	90.8315
516.153	87.1815
516.369	86.6815
516.585	88.3815
516.801	87.73150000000001
517.016	85.98150000000001
517.232	86.8315
517.448	85.53150000000001
517.664	88.23150000000001
517.879	90.3315
518.095	88.48150000000001
518.311	90.8815
518.527	91.03150000000001
518.742	86.23150000000001
518.958	89.0815
519.173	90.8815
519.389	90.1315
519.605	87.53150000000001
519.82	86.9315
520.036	87.28150000000001
520.251	88.5815
520.467	85.1815
520.682	88.28150000000001
520.898	89.98150000000001
521.113	90.48150000000001
521.329	89.6815
521.544	85.4315
521.76	87.53150000000001
521.975	90.8815
522.19	89.48150000000001
522.406	90.03150000000001
522.621	90.28150000000001
522.836	87.5815
523.052	89.1315
523.267	88.28150000000001
523.482	87.6815
523.698	90.0815
523.913	90.6315
524.128	90.1315
524.343	88.78150000000001
524.559	92.8315
524.774	89.8815
524.989	94.6815
525.204	90.6315
525.419	91.9315
525.634	89.3315
525.849	89.6315
526.064	93.3815
526.28	91.5815
526.495	89.5815
526.71	88.8815
526.925	87.23150000000001
527.14	88.6815
527.355	89.3815
527.57	89.28150000000001
527.785	89.5815
527.999	89.5815
528.214	88.8815
528.429	92.4315
528.644	93.8815
528.859	90.53150000000001
529.074	89.3315
529.289	90.9315
529.503	90.8315
529.718	92.0815
529.933	92.53150000000001
530.148	87.9315
530.363	90.6815
530.577	88.78150000000001
530.792	90.5815
531.007	89.98150000000001
531.221	89.3315
531.436	93.3315
531.651	92.48150000000001
531.865	92.8815
532.08	93.1315
532.295	97.1815
532.509	95.8315
532.724	96.48150000000001
532.938	100.1315
533.153	99.1815
533.367	97.28150000000001
533.582	97.4315
533.796	96.4315
534.011	102.3815
534.225	103.9315
534.44	105.78150000000001
534.654	110.03150000000001
534.868	106.1315
535.083	104.73150000000001
535.297	101.98150000000001
535.511	103.48150000000001
535.726	100.8815
535.94	98.03150000000001
536.154	102.23150000000001
536.369	104.0815
536.583	104.1315
536.797	101.1315
537.011	99.6815
537.225	96.6815
537.44	92.1815
537.654	95.73150000000001
537.868	92.1815
538.082	93.9315
538.296	92.28150000000001
538.51	93.4315
538.724	89.8315
538.938	94.4315
539.153	95.5815
539.367	94.6315
539.581	93.98150000000001
539.795	90.8315
540.009	89.23150000000001
540.222	92.73150000000001
540.436	91.98150000000001
540.65	89.3815
540.864	90.23150000000001
541.078	92.03150000000001
541.292	93.0815
541.506	92.4315
541.72	88.53150000000001
541.934	90.6815
542.147	90.6815
542.361	91.8315
542.575	89.53150000000001
542.789	90.28150000000001
543.002	91.48150000000001
543.216	91.3815
543.43	91.3315
543.644	89.9315
543.857	93.1815
544.071	89.73150000000001
544.285	95.4315
544.498	90.6315
544.712	91.53150000000001
544.925	90.03150000000001
545.139	89.03150000000001
545.352	89.1315
545.566	91.3815
545.779	87.03150000000001
545.993	93.5815
546.206	92.28150000000001
546.42	94.1815
546.633	95.48150000000001
546.847	99.03150000000001
547.06	90.48150000000001
547.274	92.3815
547.487	91.23150000000001
547.7	87.6815
547.914	92.03150000000001
548.127	91.6315
548.34	87.98150000000001
548.554	93.28150000000001
548.767	94.3815
548.98	94.1315
549.193	91.6315
549.407	91.28150000000001
549.62	94.4315
549.833	90.9315
550.046	90.9315
550.259	89.28150000000001
550.473	90.8815
550.686	91.9315
550.899	90.78150000000001
551.112	93.9315
551.325	87.6315
551.538	90.98150000000001
551.751	92.9315
551.964	92.4315
552.177	92.5815
552.39	91.1315
552.603	92.4315
552.816	89.78150000000001
553.029	92.6315
553.242	94.0815
553.455	95.4315
553.667	98.6815
553.88	96.73150000000001
554.093	93.5815
554.306	90.8815
554.519	89.6315
554.732	92.3815
554.944	95.3315
555.157	93.3815
555.37	94.1315
555.583	93.03150000000001
555.795	94.3315
556.008	91.03150000000001
556.221	88.23150000000001
556.433	89.28150000000001
556.646	94.9315
556.859	91.3815
557.071	96.4315
557.284	89.78150000000001
557.496	92.78150000000001
557.709	89.1815
557.921	92.3315
558.134	89.48150000000001
558.346	93.3315
558.559	90.48150000000001
558.771	90.3315
558.984	91.28150000000001
559.196	92.03150000000001
559.409	89.4315
559.621	94.5815
559.833	89.48150000000001
560.046	91.6315
560.258	88.9315
560.47	91.4315
560.683	92.73150000000001
560.895	90.48150000000001
561.107	92.1315
561.32	88.5815
561.532	88.98150000000001
561.744	89.5815
561.956	87.3315
562.168	93.3815
562.381	91.3315
562.593	92.23150000000001
562.805	92.9315
563.017	91.8315
563.229	90.8815
563.441	92.3815
563.653	92.5815
563.865	91.8815
564.077	86.5815
564.289	90.3815
564.501	90.78150000000001
564.713	90.78150000000001
564.925	89.1815
565.137	90.0815
565.349	93.3315
565.561	90.03150000000001
565.773	93.23150000000001
565.985	90.9315
566.197	87.3815
566.408	88.4315
566.62	86.1315
566.832	87.6815
567.044	89.9315
567.255	89.28150000000001
567.467	87.78150000000001
567.679	88.98150000000001
567.891	88.53150000000001
568.102	90.6315
568.314	90.73150000000001
568.526	84.53150000000001
568.737	92.5815
568.949	89.4315
569.161	88.73150000000001
569.372	85.3815
569.584	90.6815
569.795	89.9315
570.007	90.0815
570.218	89.78150000000001
570.43	88.28150000000001
570.641	87.73150000000001
570.853	90.98150000000001
571.064	88.0815
571.276	86.4315
571.487	87.28150000000001
571.698	85.8815
571.91	91.48150000000001
572.121	86.8315
572.333	89.73150000000001
572.544	86.1815
572.755	89.73150000000001
572.966	85.3815
573.178	86.3815
573.389	92.78150000000001
573.6	87.98150000000001
573.811	90.3815
574.023	90.1815
574.234	89.3315
574.445	92.6815
574.656	87.98150000000001
574.867	88.8315
575.078	87.4315
575.289	86.3815
575.501	87.48150000000001
575.712	90.9315
575.923	89.5815
576.134	89.1815
576.345	87.4315
576.556	94.5815
576.767	93.28150000000001
576.978	91.8815
577.188	90.6315
577.399	91.03150000000001
577.61	90.78150000000001
577.821	94.8815
578.032	92.6815
578.243	95.48150000000001
578.454	107.53150000000001
578.665	115.78150000000001
578.875	107.03150000000001
579.086	102.5815
579.297	96.53150000000001
579.508	96.9315
579.718	99.9315
579.929	100.03150000000001
580.14	105.5815
580.35	118.3315
580.561	131.2815
580.772	124.6315
580.982	116.4315
581.193	109.8315
581.403	109.3315
581.614	106.1815
581.825	105.9315
582.035	101.1815
582.246	101.3815
582.456	96.1815
582.667	97.4315
582.877	92.28150000000001
583.087	97.1815
583.298	102.0815
583.508	108.28150000000001
583.719	106.03150000000001
583.929	108.6815
584.139	100.4315
584.35	95.6315
584.56	98.28150000000001
584.77	93.03150000000001
584.981	93.8815
585.191	93.53150000000001
585.401	93.23150000000001
585.611	91.8315
585.821	91.8315
586.032	91.5815
586.242	93.28150000000001
586.452	92.1815
586.662	87.5815
586.872	88.4315
587.082	88.48150000000001
587.292	89.48150000000001
587.502	89.73150000000001
587.713	90.5815
587.923	92.8815
588.133	93.73150000000001
588.343	93.53150000000001
588.553	94.0815
588.762	110.8315
588.972	155.63150000000002
589.182	280.7815
589.392	181.5315
589.602	160.4315
589.812	233.7315
590.022	143.7815
590.232	101.4315
590.441	93.3815
590.651	89.03150000000001
590.861	87.8815
591.071	86.6315
591.281	86.0815
591.49	86.48150000000001
591.7	92.03150000000001
591.91	88.78150000000001
592.119	88.03150000000001
592.329	85.1315
592.539	86.5815
592.748	91.4315
592.958	88.3815
593.167	86.28150000000001
593.377	88.3815
593.587	93.5815
593.796	86.48150000000001
594.006	86.98150000000001
594.215	86.48150000000001
594.424	86.53150000000001
594.634	85.1815
594.843	85.1315
595.053	85.98150000000001
595.262	87.3315
595.472	86.5815
595.681	87.5815
595.89	86.5815
596.1	86.3315
596.309	85.4315
596.518	84.28150000000001
596.727	88.4315
596.937	89.5815
597.146	87.8815
597.355	92.1815
597.564	84.1315
597.774	90.1815
597.983	84.48150000000001
598.192	87.73150000000001
598.401	85.23150000000001
598.61	85.4315
598.819	87.5815
599.028	89.3815
599.237	87.1315
599.446	85.6315
599.655	84.53150000000001
599.864	87.28150000000001
600.073	88.5815
600.282	87.6815
600.491	87.6315
600.7	86.6315
600.909	82.9315
601.118	85.0815
601.327	86.78150000000001
601.536	86.6815
601.745	90.3315
601.953	89.03150000000001
602.162	87.23150000000001
602.371	89.5815
602.58	85.3815
602.789	89.98150000000001
602.997	91.53150000000001
603.206	90.4315
603.415	90.48150000000001
603.623	87.23150000000001
603.832	90.5815
604.041	88.1815
604.249	85.28150000000001
604.458	87.73150000000001
604.666	90.6815
604.875	83.78150000000001
605.084	85.73150000000001
605.292	88.73150000000001
605.501	90.03150000000001
605.709	85.6315
605.918	87.6315
606.126	90.6315
606.334	87.6315
606.543	89.53150000000001
606.751	85.53150000000001
606.96	88.3815
607.168	87.0815
607.376	84.23150000000001
607.585	90.73150000000001
607.793	86.9315
608.001	87.1815
608.21	88.28150000000001
608.418	88.5815
608.626	88.78150000000001
608.834	87.3815
609.043	86.0815
609.251	86.5815
609.459	86.6815
609.667	90.6815
609.875	85.28150000000001
610.083	88.3815
610.291	83.03150000000001
610.499	87.28150000000001
610.707	85.8315
610.916	88.98150000000001
611.124	88.5815
611.332	84.6815
611.54	85.28150000000001
611.748	89.28150000000001
611.955	87.5815
612.163	88.3815
612.371	88.5815
612.579	86.0815
612.787	85.73150000000001
612.995	85.4315
613.203	92.23150000000001
613.411	91.0815
613.618	87.1815
613.826	89.3315
614.034	87.53150000000001
614.242	89.6815
614.449	87.1315
614.657	86.78150000000001
614.865	86.6815
615.072	86.1815
615.28	87.8815
615.488	86.8815
615.695	87.98150000000001
615.903	85.6815
616.111	89.28150000000001
616.318	96.3815
616.526	86.98150000000001
616.733	93.4315
616.941	84.5815
617.148	92.28150000000001
617.356	90.1315
617.563	84.9315
617.771	88.48150000000001
617.978	85.8315
618.185	87.73150000000001
618.393	88.3815
618.6	89.6315
618.807	86.6815
619.015	86.5815
619.222	88.98150000000001
619.429	86.23150000000001
619.637	88.0815
619.844	86.3815
620.051	85.0815
620.258	89.23150000000001
620.466	87.03150000000001
620.673	84.3315
620.88	85.1315
621.087	87.28150000000001
621.294	84.6815
621.501	87.1815
621.708	89.3815
621.915	86.8815
622.122	89.4315
622.329	89.6815
622.536	88.5815
622.743	85.1315
622.95	85.9315
623.157	82.3315
623.364	89.5815
623.571	91.1315
623.778	89.8315
623.985	89.48150000000001
624.192	85.48150000000001
624.399	88.03150000000001
624.606	91.9315
624.812	89.1815
625.019	85.6815
625.226	86.78150000000001
625.433	89.03150000000001
625.639	82.8815
625.846	85.23150000000001
626.053	85.1815
626.259	87.03150000000001
626.466	87.53150000000001
626.673	87.53150000000001
626.879	84.8315
627.086	88.5815
627.293	90.3815
627.499	84.8315
627.706	89.23150000000001
627.912	86.03150000000001
628.119	85.4315
628.325	91.28150000000001
628.532	86.3315
628.738	83.48150000000001
628.945	85.1815
629.151	84.48150000000001
629.357	83.48150000000001
629.564	88.53150000000001
629.77	83.9315
629.976	86.1315
630.183	84.3815
630.389	88.6815
630.595	85.3815
630.802	84.8315
631.008	82.4315
631.214	83.3815
631.42	85.28150000000001
631.627	89.5815
631.833	84.6815
632.039	86.53150000000001
632.245	83.73150000000001
632.451	84.78150000000001
632.657	81.8315
632.863	83.8315
633.069	87.73150000000001
633.275	86.4315
633.481	85.1315
633.688	82.23150000000001
633.893	90.78150000000001
634.099	85.03150000000001
634.305	85.1315
634.511	86.9315
634.717	84.8315
634.923	83.3815
635.129	82.0815
635.335	84.03150000000001
635.541	82.53150000000001
635.747	85.03150000000001
635.952	83.48150000000001
636.158	87.78150000000001
636.364	84.8815
636.57	86.4315
636.775	85.78150000000001
636.981	84.0815
637.187	84.8315
637.392	85.5815
637.598	86.5815
637.804	82.3315
638.009	84.73150000000001
638.215	85.4315
638.421	86.48150000000001
638.626	84.1815
638.832	86.3815
639.037	84.1815
639.243	82.98150000000001
639.448	84.73150000000001
639.654	86.8815
639.859	85.1315
640.065	85.6815
640.27	91.73150000000001
640.475	87.98150000000001
640.681	81.8315
640.886	84.1315
641.091	81.6815
641.297	90.8315
641.502	88.98150000000001
641.707	86.8315
641.913	87.9315
642.118	85.28150000000001
642.323	82.4315
642.528	88.9315
642.733	83.98150000000001
642.939	84.1815
643.144	84.6815
643.349	88.48150000000001
643.554	88.0815
643.759	84.8315
643.964	80.3815
644.169	87.6815
644.374	86.4315
644.579	85.28150000000001
644.784	85.6815
644.989	84.53150000000001
645.194	84.48150000000001
645.399	86.4315
645.604	85.28150000000001
645.809	86.6315
646.014	83.6315
646.219	83.0815
646.423	84.6815
646.628	87.0815
646.833	86.6315
647.038	88.1315
647.243	89.3815
647.447	85.23150000000001
647.652	81.9315
647.857	85.6815
648.062	86.5815
648.266	86.8315
648.471	86.9315
648.676	86.3315
648.88	83.8815
649.085	79.48150000000001
649.289	86.0815
649.494	84.0815
649.698	87.3815
649.903	86.98150000000001
650.107	84.0815
650.312	86.98150000000001
650.516	81.9315
650.721	87.1815
650.925	84.3815
651.13	82.48150000000001
651.334	83.73150000000001
651.539	84.9315
651.743	83.73150000000001
651.947	84.3815
652.152	83.8315
652.356	81.8815
652.56	85.0815
652.764	84.73150000000001
652.969	82.78150000000001
653.173	84.53150000000001
653.377	83.23150000000001
653.581	81.5815
653.785	88.03150000000001
653.99	84.3315
654.194	84.03150000000001
654.398	85.4315
654.602	83.1315
654.806	82.28150000000001
655.01	83.28150000000001
655.214	80.48150000000001
655.418	80.98150000000001
655.622	83.73150000000001
655.826	81.78150000000001
656.03	80.23150000000001
656.234	81.0815
656.438	80.8315
656.642	83.98150000000001
656.846	85.6315
657.049	83.98150000000001
657.253	86.9315
657.457	83.6815
657.661	86.4315
657.865	82.28150000000001
658.068	80.0815
658.272	83.3315
658.476	83.28150000000001
658.68	82.03150000000001
658.883	86.6815
659.087	82.0815
659.291	81.0815
659.494	81.73150000000001
659.698	78.5815
659.901	79.8315
660.105	81.6315
660.309	82.8315
660.512	82.0815
660.716	80.48150000000001
660.919	83.53150000000001
661.123	87.48150000000001
661.326	83.78150000000001
661.53	84.1315
661.733	82.3815
661.936	84.5815
662.14	82.4315
662.343	82.3815
662.546	85.8815
662.75	83.1815
662.953	85.48150000000001
663.156	79.73150000000001
663.36	83.03150000000001
663.563	83.6315
663.766	82.4315
663.969	84.3315
664.173	83.3315
664.376	80.03150000000001
664.579	80.78150000000001
664.782	78.8315
664.985	80.53150000000001
665.188	84.03150000000001
665.391	83.3815
665.594	80.5815
665.797	80.73150000000001
666.0	81.6815
666.203	82.03150000000001
666.406	80.8315
666.609	77.3315
666.812	83.6815
667.015	80.73150000000001
667.218	82.78150000000001
667.421	82.4315
667.624	82.78150000000001
667.827	82.73150000000001
668.03	83.28150000000001
668.232	83.8815
668.435	83.03150000000001
668.638	78.28150000000001
668.841	82.6315
669.043	80.8815
669.246	82.6315
669.449	81.3815
669.651	81.5815
669.854	80.98150000000001
670.057	79.98150000000001
670.259	81.6815
670.462	81.1315
670.665	79.1815
670.867	86.28150000000001
671.07	80.1815
671.272	82.8815
671.475	86.48150000000001
671.677	81.23150000000001
671.88	83.1815
672.082	80.9315
672.284	83.0815
672.487	83.78150000000001
672.689	79.6815
672.892	79.03150000000001
