223.165	-17.0903
223.4	-17.0903
223.635	-17.0903
223.869	-19.220299999999998
224.104	-19.9203
224.338	-16.8503
224.573	-15.1403
224.808	-12.250300000000001
225.042	-6.9503
225.277	-5.980300000000001
225.511	-1.4203
225.746	3.9396999999999998
225.98	6.0097
226.215	13.1497
226.449	16.3797
226.683	20.1797
226.918	24.939700000000002
227.152	30.2297
227.387	36.2097
227.621	39.3897
227.856	44.8797
228.09	46.079699999999995
228.324	50.279700000000005
228.559	57.109700000000004
228.793	61.5497
229.027	71.6397
229.262	78.0897
229.496	87.91969999999999
229.73	109.74969999999999
229.964	108.3997
230.199	87.41969999999999
230.433	83.9697
230.667	87.2797
230.901	87.2197
231.136	86.7397
231.37	86.4097
231.604	85.95970000000001
231.838	87.7197
232.072	88.0697
232.306	89.74969999999999
232.541	89.1497
232.775	89.4897
233.009	88.4797
233.243	91.2697
233.477	90.0997
233.711	90.0897
233.945	89.5697
234.179	89.9897
234.413	89.70970000000001
234.647	89.2697
234.881	89.3197
235.115	90.1797
235.349	88.9497
235.583	90.7297
235.817	91.3597
236.051	92.4097
236.285	90.46969999999999
236.519	89.9297
236.753	92.9897
236.987	99.2797
237.221	116.4097
237.455	121.24969999999999
237.689	97.28970000000001
237.922	91.6497
238.156	89.2797
238.39	88.5197
238.624	88.7597
238.858	89.05969999999999
239.091	90.03970000000001
239.325	90.99969999999999
239.559	95.28970000000001
239.793	95.8597
240.027	94.71969999999999
240.26	97.16969999999999
240.494	97.5997
240.728	96.4397
240.961	95.8497
241.195	95.4297
241.429	91.16969999999999
241.662	90.4097
241.896	91.05969999999999
242.13	90.5697
242.363	93.04969999999999
242.597	91.61970000000001
242.83	93.55969999999999
243.064	94.7297
243.298	93.74969999999999
243.531	92.79969999999999
243.765	95.0997
243.998	96.4397
244.232	98.28970000000001
244.465	103.5797
244.699	98.7297
244.932	95.04969999999999
245.166	96.0797
245.399	97.2397
245.633	96.6497
245.866	96.6997
246.099	97.1897
246.333	97.9097
246.566	99.63969999999999
246.8	98.9297
247.033	99.0297
247.266	99.7597
247.5	101.5697
247.733	102.0997
247.966	104.7697
248.2	104.46969999999999
248.433	102.0197
248.666	105.38969999999999
248.899	110.1497
249.133	115.8297
249.366	131.7897
249.599	131.2997
249.832	112.53970000000001
250.066	112.5097
250.299	121.9897
250.532	133.7497
250.765	130.0897
250.998	125.24969999999999
251.231	117.8197
251.465	111.7797
251.698	111.7597
251.931	111.6797
252.164	110.4297
252.397	106.8497
252.63	109.6297
252.863	111.2397
253.096	113.70970000000001
253.329	116.7697
253.562	112.7397
253.795	112.3797
254.028	113.21969999999999
254.261	114.66969999999999
254.494	117.0897
254.727	126.45969999999998
254.96	126.4097
255.193	122.5197
255.426	122.3997
255.659	128.4897
255.892	157.2597
256.124	179.7997
256.357	157.31969999999998
256.59	136.53969999999998
256.823	124.8397
257.056	122.30969999999999
257.289	121.5097
257.521	119.4897
257.754	116.6497
257.987	115.1297
258.22	120.36970000000001
258.452	121.8597
258.685	120.55969999999999
258.918	116.9497
259.151	115.0797
259.383	117.55969999999999
259.616	117.20970000000001
259.849	117.5197
260.081	122.41969999999999
260.314	126.2397
260.547	126.0797
260.779	123.38969999999999
261.012	129.9197
261.244	131.2497
261.477	129.6397
261.71	135.8097
261.942	163.5297
262.175	174.9197
262.407	130.7397
262.64	119.7597
262.872	118.3597
263.105	118.36970000000001
263.337	117.7397
263.57	117.6797
263.802	118.46969999999999
264.035	117.2397
264.267	114.41969999999999
264.499	116.3197
264.732	118.3797
264.964	117.3497
265.197	117.88969999999999
265.429	118.6497
265.661	116.5997
265.894	117.6497
266.126	120.0197
266.358	119.8997
266.591	118.28970000000001
266.823	120.03970000000001
267.055	121.5197
267.287	121.20970000000001
267.52	120.3997
267.752	121.1297
267.984	120.1797
268.216	121.4497
268.448	123.4797
268.681	124.95970000000001
268.913	128.1497
269.145	131.1497
269.377	130.3097
269.609	127.71969999999999
269.841	127.0297
270.073	130.37969999999999
270.306	137.2597
270.538	138.7597
270.77	135.6697
271.002	132.3497
271.234	134.3897
271.466	140.1697
271.698	140.8897
271.93	139.47969999999998
272.162	142.06969999999998
272.394	140.0897
272.626	136.1597
272.858	132.4597
273.09	131.1197
273.322	130.1797
273.553	128.1197
273.785	129.1197
274.017	128.8897
274.249	131.3497
274.481	132.47969999999998
274.713	133.2197
274.945	135.72969999999998
275.176	137.4497
275.408	143.62969999999999
275.64	149.06969999999998
275.872	154.0097
276.104	149.0797
276.335	147.7797
276.567	163.67969999999997
276.799	192.9597
277.031	205.9897
277.262	216.2197
277.494	184.60969999999998
277.726	150.8397
277.957	143.5797
278.189	139.9997
278.421	137.7397
278.652	138.03969999999998
278.884	139.3497
279.115	138.8297
279.347	139.2197
279.579	146.4597
279.81	162.6897
280.042	203.76969999999997
280.273	248.03969999999998
280.505	199.44969999999998
280.736	155.6197
280.968	142.3397
281.199	140.6497
281.431	139.7497
281.662	140.9997
281.894	143.8997
282.125	154.22969999999998
282.356	189.8297
282.588	227.8097
282.819	186.8997
283.051	145.8597
283.282	140.1097
283.513	140.9097
283.745	139.8597
283.976	141.5297
284.207	140.8897
284.439	139.6197
284.67	140.7597
284.901	138.5897
285.132	140.9997
285.364	139.5797
285.595	141.6197
285.826	140.56969999999998
286.057	143.2097
286.288	140.0797
286.52	140.6197
286.751	140.0797
286.982	141.4297
287.213	140.9997
287.444	144.7397
287.675	146.0597
287.906	148.3297
288.138	151.9997
288.369	153.0597
288.6	151.3497
288.831	145.7097
289.062	145.6697
289.293	147.2097
289.524	144.6997
289.755	142.5297
289.986	141.6997
290.217	142.7597
290.448	143.0897
290.679	144.3397
290.91	145.9997
291.141	143.47969999999998
291.371	144.31969999999998
291.602	143.28969999999998
291.833	143.4597
292.064	144.8297
292.295	145.9897
292.526	148.6497
292.757	146.8997
292.987	145.03969999999998
293.218	143.7197
293.449	145.03969999999998
293.68	144.8397
293.91	145.5997
294.141	146.53969999999998
294.372	145.53969999999998
294.603	146.56969999999998
294.833	145.78969999999998
295.064	146.0897
295.295	148.0197
295.525	151.0597
295.756	163.3897
295.987	186.6497
296.217	228.4697
296.448	207.76969999999997
296.679	158.1497
296.909	149.2097
297.14	148.56969999999998
297.37	149.6397
297.601	150.3297
297.831	150.4897
298.062	153.0797
298.292	152.8697
298.523	154.3997
298.753	152.2797
298.984	150.78969999999998
299.214	152.8397
299.445	154.72969999999998
299.675	157.4297
299.905	163.1697
300.136	157.7397
300.366	154.8597
300.597	156.6397
300.827	161.1097
301.057	172.10969999999998
301.288	179.44969999999998
301.518	166.12969999999999
301.748	162.53969999999998
301.979	172.8997
302.209	166.7197
302.439	163.9597
302.669	158.2797
302.9	157.6697
303.13	160.6797
303.36	169.62969999999999
303.59	187.6897
303.82	200.5997
304.051	171.7197
304.281	160.8497
304.511	159.4597
304.741	154.4697
304.971	154.0797
305.201	155.8597
305.431	155.5097
305.661	157.78969999999998
305.891	158.1797
306.121	164.5597
306.352	175.5297
306.582	180.2797
306.812	167.7497
307.042	177.1197
307.272	199.94969999999998
307.502	212.5697
307.731	203.7997
307.961	176.85969999999998
308.191	161.47969999999998
308.421	159.1197
308.651	160.3297
308.881	161.2197
309.111	163.3897
309.341	167.1397
309.571	170.9697
309.8	172.8697
310.03	175.78969999999998
310.26	179.5297
310.49	172.7197
310.72	181.4397
310.949	193.7297
311.179	188.3997
311.409	173.0797
311.639	174.19969999999998
311.868	174.5297
312.098	171.76969999999997
312.328	178.9597
312.557	192.0797
312.787	203.3697
313.017	193.85969999999998
313.246	176.8097
313.476	168.76969999999997
313.706	172.10969999999998
313.935	176.8997
314.165	188.7397
314.394	192.5497
314.624	185.0297
314.853	182.0297
315.083	174.03969999999998
315.312	170.7097
315.542	167.6897
315.771	167.2097
316.001	165.8997
316.23	166.0497
316.46	166.8497
316.689	167.42969999999997
316.919	171.76969999999997
317.148	179.6497
317.377	176.6197
317.607	176.53969999999998
317.836	174.4997
318.065	167.7297
318.295	165.8297
318.524	166.0697
318.753	167.26969999999997
318.983	170.6197
319.212	180.9897
319.441	190.7297
319.67	194.6197
319.9	172.8197
320.129	168.94969999999998
320.358	171.9197
320.587	174.9597
320.816	183.9597
321.046	187.8197
321.275	181.2197
321.504	177.8497
321.733	178.44969999999998
321.962	180.9997
322.191	188.9797
322.42	197.44969999999998
322.649	209.0097
322.878	211.92970000000003
323.108	219.6897
323.337	238.3697
323.566	255.0497
323.795	289.6197
324.024	365.4997
324.253	648.0197
324.482	1298.8997000000002
324.71	2519.0697
324.939	3283.2797
325.168	1350.1897
325.397	440.5297
325.626	283.8697
325.855	246.78969999999998
326.084	239.0097
326.313	251.0997
326.542	282.7897
326.77	394.53970000000004
326.999	709.6897
327.228	1388.0497
327.457	2455.1697
327.686	2034.6597
327.914	710.0597
328.143	579.0797
328.372	649.7997
328.6	436.1797
328.829	301.6097
329.058	314.4397
329.287	324.4797
329.515	294.7497
329.744	343.23969999999997
329.972	504.4197
330.201	863.9296999999999
330.43	1196.3797
330.658	658.4597000000001
330.887	418.0497
331.115	318.3997
331.344	242.3897
331.572	232.5497
331.801	240.5597
332.03	239.42970000000003
332.258	223.74970000000002
332.486	216.1197
332.715	222.4797
332.943	231.65970000000002
333.172	242.8097
333.4	258.05969999999996
333.629	291.4197
333.857	358.0197
334.085	514.5097000000001
334.314	853.1897
334.542	1448.5797
334.771	1404.0497
334.999	507.3797
335.227	297.7797
335.455	246.76969999999997
335.684	231.83970000000002
335.912	221.5097
336.14	214.0097
336.369	216.0297
336.597	220.2997
336.825	214.76969999999997
337.053	201.3297
337.281	196.85969999999998
337.51	195.76969999999997
337.738	198.2397
337.966	196.76969999999997
338.194	205.33970000000002
338.422	201.24970000000002
338.65	191.49970000000002
338.878	189.5997
339.106	186.5697
339.334	185.7797
339.562	184.0497
339.79	183.51969999999997
340.018	185.03969999999998
340.246	188.0297
340.474	193.0297
340.702	187.35969999999998
340.93	183.42970000000003
341.158	186.4197
341.386	191.8297
341.614	192.8297
341.842	188.99970000000002
342.07	183.2797
342.298	183.3897
342.526	179.74970000000002
342.754	177.3197
342.981	178.0997
343.209	179.9597
343.437	190.9697
343.665	189.67970000000003
343.893	194.6497
344.12	194.87969999999999
344.348	191.3497
344.576	187.49970000000002
344.804	191.1197
345.031	199.01969999999997
345.259	201.42970000000003
345.487	191.03969999999998
345.714	185.4197
345.942	181.3097
346.17	178.58970000000002
346.397	178.3097
346.625	182.4797
346.853	180.69969999999998
347.08	177.9197
347.308	185.42970000000003
347.535	191.6697
347.763	196.3097
347.99	189.1697
348.218	194.3297
348.445	203.9897
348.673	197.94969999999998
348.9	184.8097
349.128	182.7997
349.355	173.92970000000003
349.583	175.76969999999997
349.81	177.0797
350.037	179.8897
350.265	177.6497
350.492	176.9397
350.72	180.2797
350.947	187.5797
351.174	201.6697
351.402	208.3497
351.629	194.9897
351.856	190.6397
352.083	196.0497
352.311	200.99970000000002
352.538	210.4197
352.765	206.9197
352.992	205.1397
353.22	201.0797
353.447	191.40970000000002
353.674	184.2297
353.901	176.2297
354.128	173.9797
354.355	175.3297
354.583	179.0997
354.81	178.3097
355.037	174.1497
355.264	173.6897
355.491	171.6497
355.718	170.8997
355.945	171.3897
356.172	171.4997
356.399	173.1497
356.626	172.7797
356.853	170.8397
357.08	170.6697
357.307	170.3697
357.534	170.4997
357.761	172.2097
357.988	174.2997
358.215	172.6497
358.441	173.17969999999997
358.668	173.62969999999999
358.895	172.7597
359.122	173.4997
359.349	175.2797
359.576	183.76969999999997
359.802	204.0997
360.029	236.3497
360.256	234.5697
360.483	205.8497
360.709	181.08970000000002
360.936	180.1697
361.163	183.8697
361.39	188.60969999999998
361.616	188.0497
361.843	179.3997
362.07	186.9697
362.296	191.08970000000002
362.523	182.1197
362.749	182.01969999999997
362.976	178.8897
363.203	177.3697
363.429	174.4397
363.656	176.2797
363.882	172.5997
364.109	172.69969999999998
364.335	175.2497
364.562	176.8697
364.788	175.9797
365.015	180.0697
365.241	186.3097
365.468	198.8997
365.694	200.6697
365.92	188.0097
366.147	176.6497
366.373	173.35969999999998
366.599	173.3697
366.826	173.7797
367.052	171.40970000000002
367.278	176.2597
367.505	174.1497
367.731	176.1497
367.957	178.5797
368.184	180.12969999999999
368.41	192.08970000000002
368.636	209.03969999999998
368.862	216.58970000000002
369.089	200.35969999999998
369.315	184.3897
369.541	179.44969999999998
369.767	178.60969999999998
369.993	179.67970000000003
370.219	180.9397
370.445	175.2797
370.672	172.5997
370.898	170.90970000000002
371.124	172.3197
371.35	175.10969999999998
371.576	173.8097
371.802	171.7297
372.028	172.5697
372.254	176.4397
372.48	173.0497
372.706	176.7097
372.932	176.3997
373.158	176.3497
373.384	177.90970000000002
373.61	178.60969999999998
373.835	175.7997
374.061	178.08970000000002
374.287	183.1497
374.513	181.1897
374.739	182.3297
374.965	183.9697
375.191	183.7397
375.416	180.6197
375.642	179.7297
375.868	181.5297
376.094	180.12969999999999
376.319	177.2097
376.545	175.6497
376.771	175.5797
376.997	177.0997
377.222	177.3297
377.448	177.5597
377.674	176.3097
377.899	175.4797
378.125	174.37969999999999
378.35	174.9697
378.576	175.49970000000002
378.802	173.2797
379.027	175.87969999999999
379.253	176.8897
379.478	175.0797
379.704	176.8497
379.929	180.9197
380.155	182.0597
380.38	180.8197
380.606	181.8497
380.831	181.4397
381.057	183.5497
381.282	181.7197
381.507	182.3097
381.733	185.9197
381.958	182.6197
382.184	186.6397
382.409	191.1697
382.634	193.8897
382.86	189.40970000000002
383.085	193.3097
383.31	192.3697
383.535	194.4397
383.761	196.67970000000003
383.986	195.2797
384.211	196.62969999999999
384.436	198.0097
384.662	201.2197
384.887	205.4397
385.112	206.5497
385.337	208.49970000000002
385.562	208.2997
385.787	209.85969999999998
386.013	221.5997
386.238	228.1697
386.463	214.8097
386.688	214.9597
386.913	208.2097
387.138	209.78969999999998
387.363	204.01969999999997
387.588	200.4597
387.813	202.69969999999998
388.038	207.4197
388.263	217.19969999999998
388.488	211.8197
388.713	199.35969999999998
388.938	194.7997
389.163	194.90970000000002
389.387	194.6197
389.612	192.4197
389.837	191.9697
390.062	191.12969999999999
390.287	190.3097
390.512	190.2197
390.736	192.1197
390.961	193.28969999999998
391.186	196.5997
391.411	199.6197
391.636	199.53969999999998
391.86	201.8097
392.085	202.62969999999999
392.31	199.9797
392.534	197.2197
392.759	198.3097
392.984	193.83970000000002
393.208	196.94969999999998
393.433	203.2297
393.658	200.65970000000002
393.882	191.83970000000002
394.107	191.44969999999998
394.331	193.2297
394.556	192.08970000000002
394.78	198.2197
395.005	197.5497
395.229	197.65970000000002
395.454	201.4697
395.678	202.0097
395.903	203.9797
396.127	207.7397
396.352	201.5597
396.576	196.7297
396.801	198.24970000000002
397.025	201.0097
397.249	200.9197
397.474	203.5797
397.698	203.92970000000003
397.922	207.92970000000003
398.147	206.94969999999998
398.371	208.2597
398.595	210.9397
398.82	216.9197
399.044	227.42970000000003
399.268	243.6497
399.492	264.80969999999996
399.717	278.8997
399.941	274.46970000000005
400.165	268.2097
400.389	255.2097
400.613	235.0297
400.837	226.3197
401.062	220.42970000000003
401.286	222.19969999999998
401.51	224.67970000000003
401.734	224.85969999999998
401.958	239.5097
402.182	278.73969999999997
402.406	333.48969999999997
402.63	284.5697
402.854	242.7197
403.078	235.1197
403.302	234.87969999999999
403.526	236.92970000000003
403.75	237.08970000000002
403.974	237.9697
404.198	239.6897
404.422	242.9397
404.645	246.3197
404.869	257.54970000000003
405.093	282.46970000000005
405.317	316.0197
405.541	310.7097
405.765	279.5197
405.988	287.48969999999997
406.212	366.1297
406.436	466.21970000000005
406.66	362.1997
406.883	276.3597
407.107	270.5797
407.331	283.3197
407.555	296.6497
407.778	285.8697
408.002	259.7597
408.226	249.2397
408.449	246.1397
408.673	244.3997
408.896	252.5297
409.12	258.3497
409.344	240.2997
409.567	230.8697
409.791	233.3997
410.014	233.1897
410.238	231.2997
410.461	234.2997
410.685	236.3497
410.908	241.0297
411.132	251.8097
411.355	252.3897
411.578	234.0997
411.802	227.5997
412.025	232.1197
412.249	251.0297
412.472	275.46970000000005
412.695	307.1797
412.919	267.04970000000003
413.142	245.3997
413.365	236.2797
413.589	228.1697
413.812	224.74970000000002
414.035	222.42970000000003
414.258	223.8497
414.482	223.0997
414.705	222.7797
414.928	220.15970000000002
415.151	220.4697
415.374	222.51969999999997
415.597	216.26969999999997
415.821	215.78969999999998
416.044	220.8897
416.267	219.33970000000002
416.49	212.8997
416.713	214.3097
416.936	217.2197
417.159	217.8197
417.382	224.1397
417.605	233.7997
417.828	242.3197
418.051	234.24970000000002
418.274	221.17970000000003
418.497	217.4597
418.72	218.2797
418.943	219.0697
419.166	226.7197
419.389	236.9797
419.611	238.5097
419.834	239.1397
420.057	241.2597
420.28	248.5597
420.503	239.2197
420.726	233.0697
420.948	237.0797
421.171	248.67970000000003
421.394	242.8197
421.617	222.8897
421.839	221.2097
422.062	223.28969999999998
422.285	229.7797
422.507	250.92970000000003
422.73	268.5197
422.953	243.51969999999997
423.175	230.58970000000002
423.398	229.62969999999999
423.621	228.8997
423.843	230.4197
424.066	228.9697
424.288	231.5097
424.511	238.60969999999998
424.733	259.8197
424.956	283.4297
425.178	262.4097
425.401	265.29970000000003
425.623	261.3297
425.846	232.58970000000002
426.068	229.9797
426.291	227.85969999999998
426.513	225.5597
426.735	227.0497
426.958	240.7397
427.18	278.2597
427.402	358.5997
427.625	445.9397
427.847	401.1297
428.069	368.8197
428.292	261.6897
428.514	221.40970000000002
428.736	211.9797
428.958	209.6197
429.181	204.5297
429.403	204.01969999999997
429.625	209.3997
429.847	222.3297
430.069	246.6697
430.292	225.5097
430.514	204.1197
430.736	203.37969999999999
430.958	201.19969999999998
431.18	196.8497
431.402	197.4897
431.624	197.37969999999999
431.846	197.8097
432.068	200.44969999999998
432.29	200.8497
432.512	201.3697
432.734	203.92970000000003
432.956	205.8997
433.178	217.40970000000002
433.4	220.2597
433.622	207.1197
433.844	206.01969999999997
434.066	207.2297
434.287	209.3997
434.509	211.10969999999998
434.731	214.8497
434.953	216.76969999999997
435.175	220.3197
435.397	224.44969999999998
435.618	225.9697
435.84	249.4597
436.062	296.0897
436.284	286.5897
436.505	238.85969999999998
436.727	231.94969999999998
436.949	213.10969999999998
437.17	204.8297
437.392	202.6697
437.614	215.8097
437.835	250.8497
438.057	296.2597
438.278	288.30969999999996
438.5	273.0097
438.721	314.10970000000003
438.943	260.1697
439.165	219.0097
439.386	214.53969999999998
439.608	220.2397
439.829	235.9697
440.05	286.5897
440.272	333.7697
440.493	242.9397
440.715	214.92970000000003
440.936	210.5297
441.158	212.8197
441.379	216.2297
441.6	230.6497
441.822	238.19969999999998
442.043	246.4897
442.264	277.72970000000004
442.486	267.3597
442.707	236.74970000000002
442.928	255.3897
443.149	308.0397
443.371	312.8797
443.592	285.0697
443.813	305.9597
444.034	294.1197
444.255	244.6397
444.476	234.8697
444.698	237.49970000000002
444.919	240.5497
445.14	282.2697
445.361	278.3997
445.582	289.6197
445.803	350.28970000000004
446.024	355.89970000000005
446.245	340.6997
446.466	279.0197
446.687	224.2297
446.908	213.03969999999998
447.129	206.6397
447.35	202.44969999999998
447.571	207.5497
447.792	206.7597
448.013	217.9597
448.234	236.6897
448.455	239.8897
448.675	283.6597
448.896	302.9997
449.117	240.3197
449.338	248.7397
449.559	310.6697
449.779	323.47970000000004
450.0	229.2397
450.221	205.69969999999998
450.442	202.6497
450.662	211.5997
450.883	235.3997
451.104	251.9597
451.324	217.2297
451.545	198.2397
451.766	191.8897
451.986	188.35969999999998
452.207	192.4397
452.428	196.94969999999998
452.648	208.2297
452.869	229.7597
453.089	238.24970000000002
453.31	247.2997
453.53	203.2597
453.751	198.83970000000002
453.971	217.87969999999999
454.192	238.0997
454.412	201.3097
454.633	187.5697
454.853	186.8497
455.073	187.44969999999998
455.294	199.24970000000002
455.514	226.0697
455.734	201.6897
455.955	182.85969999999998
456.175	180.92970000000003
456.395	176.83970000000002
456.616	178.87969999999999
456.836	179.7997
457.056	178.1197
457.276	177.6197
457.497	181.2997
457.717	182.24970000000002
457.937	184.4197
458.157	187.2397
458.377	195.3297
458.598	231.6197
458.818	329.2697
459.038	370.61969999999997
459.258	284.8897
459.478	218.1497
459.698	205.4197
459.918	205.4797
460.138	207.3197
460.358	212.15970000000002
460.578	214.4697
460.798	218.42970000000003
461.018	219.01969999999997
461.238	210.1897
461.458	209.1897
461.678	209.5297
461.898	213.78969999999998
462.118	214.7597
462.338	220.3697
462.558	224.0697
462.777	228.5497
462.997	247.3297
463.217	259.2097
463.437	250.9897
463.657	233.7797
463.876	232.69969999999998
464.096	237.35969999999998
464.316	239.7397
464.536	245.7097
464.755	240.0497
464.975	264.0297
465.195	377.7497
465.414	386.8197
465.634	235.4897
465.854	210.12969999999999
466.073	202.3197
466.293	200.24970000000002
466.512	196.2097
466.732	194.4397
466.951	196.8097
467.171	203.1897
467.391	212.62969999999999
467.61	243.9197
467.829	279.0997
468.049	477.60970000000003
468.268	666.4497
468.488	287.0397
468.707	208.44969999999998
468.927	198.6897
469.146	193.3997
469.365	195.65970000000002
469.585	199.9897
469.804	213.44969999999998
470.023	222.8697
470.243	212.92970000000003
470.462	227.8697
470.681	253.9697
470.901	217.3697
471.12	206.24970000000002
471.339	208.8097
471.558	217.28969999999998
471.777	236.3297
471.997	324.1197
472.216	820.9497
472.435	1751.4497
472.654	578.0097000000001
472.873	270.5897
473.092	223.9697
473.311	207.44969999999998
473.53	204.2997
473.749	203.51969999999997
473.968	223.19969999999998
474.187	264.8997
474.406	239.7397
474.625	201.62969999999999
474.844	194.74970000000002
475.063	193.0697
475.282	194.44969999999998
475.501	193.4397
475.72	198.8197
475.939	193.6497
476.158	195.3297
476.377	195.6897
476.596	198.24970000000002
476.814	208.2097
477.033	211.5597
477.252	206.4397
477.471	205.9397
477.69	210.2297
477.908	210.2197
478.127	215.17970000000003
478.346	215.0697
478.564	220.7997
478.783	232.28969999999998
479.002	233.4197
479.22	234.4897
479.439	252.08970000000002
479.658	264.1197
479.876	252.49970000000002
480.095	253.2197
480.313	273.29970000000003
480.532	287.8397
480.751	365.6697
480.969	814.3196999999999
481.188	2835.2397
481.406	1894.1997
481.624	480.6297
481.843	295.78970000000004
482.061	256.7097
482.28	241.5297
482.498	232.7797
482.717	225.0297
482.935	223.3897
483.153	221.24970000000002
483.372	219.65970000000002
483.59	218.2997
483.808	218.1897
484.027	217.94969999999998
484.245	221.4397
484.463	220.62969999999999
484.681	225.28969999999998
484.9	221.6497
485.118	224.0797
485.336	224.08970000000002
485.554	228.12969999999999
485.772	233.5497
485.99	235.6697
486.209	239.10969999999998
486.427	240.2797
486.645	254.49970000000002
486.863	266.1897
487.081	246.42970000000003
487.299	232.8997
487.517	229.5497
487.735	224.9397
487.953	226.83970000000002
488.171	228.01969999999997
488.389	231.19969999999998
488.607	237.0297
488.825	229.6897
489.043	227.3997
489.261	229.60969999999998
489.479	227.7097
489.696	231.01969999999997
489.914	232.12969999999999
490.132	235.5997
490.35	239.4597
490.568	239.74970000000002
490.786	246.2097
491.003	250.6197
491.221	263.0197
491.439	272.9997
491.657	271.9997
491.874	272.97970000000004
492.092	273.29970000000003
492.31	277.1697
492.527	284.78970000000004
492.745	289.4397
492.963	284.9197
493.18	280.0897
493.398	279.3197
493.615	281.1997
493.833	276.1497
494.05	269.1997
494.268	266.4397
494.485	263.5297
494.703	260.03970000000004
494.92	259.0797
495.138	257.1197
495.355	256.73969999999997
495.573	258.3997
495.79	254.7397
496.008	256.5697
496.225	252.8497
496.442	251.8297
496.66	257.3297
496.877	253.7997
497.094	257.4397
497.312	257.35970000000003
497.529	260.6697
497.746	260.8197
497.963	265.7697
498.181	277.03970000000004
498.398	284.1797
498.615	313.2497
498.832	313.4297
499.049	306.7797
499.267	318.78970000000004
499.484	330.71970000000005
499.701	345.7097
499.918	360.4497
500.135	374.6297
500.352	390.9397
500.569	397.8497
500.786	398.1797
501.003	386.05969999999996
501.22	372.04970000000003
501.437	356.6897
501.654	349.1397
501.871	362.32970000000006
502.088	315.53970000000004
502.305	297.2097
502.522	287.0197
502.739	278.4497
502.956	270.10970000000003
503.172	268.3697
503.389	269.6697
503.606	289.22970000000004
503.823	271.0797
504.04	259.0697
504.256	257.60970000000003
504.473	257.21970000000005
504.69	258.10970000000003
504.907	254.6397
505.123	245.0497
505.34	241.78969999999998
505.557	237.3897
505.773	236.2397
505.99	233.1197
506.207	231.53969999999998
506.423	230.8197
506.64	228.5697
506.856	227.3897
507.073	226.08970000000002
507.289	229.85969999999998
507.506	235.35969999999998
507.722	269.6197
507.939	270.8197
508.155	232.90970000000002
508.372	224.3297
508.588	220.67970000000003
508.805	222.8197
509.021	226.99970000000002
509.238	234.1197
509.454	231.8997
509.67	233.1197
509.887	239.3497
510.103	266.3997
510.319	366.78970000000004
510.536	1056.2497
510.752	3394.5897
510.968	1025.2397
511.184	307.0797
511.401	256.1497
511.617	239.44969999999998
511.833	252.8897
512.049	243.7997
512.265	230.3197
512.481	225.28969999999998
512.698	220.76969999999997
512.914	219.3997
513.13	219.5697
513.346	217.24970000000002
513.562	216.99970000000002
513.778	221.3897
513.994	226.3697
514.21	239.7097
514.426	268.55969999999996
514.642	314.3397
514.858	298.2197
515.074	367.93969999999996
515.29	870.0097
515.506	2790.5996999999998
515.721	1095.0797
515.937	358.64970000000005
516.153	271.2797
516.369	245.44969999999998
516.585	238.87969999999999
516.801	240.7197
517.016	241.15970000000002
517.232	241.8097
517.448	246.2597
517.664	248.5597
517.879	249.8297
518.095	244.5797
518.311	250.19969999999998
518.527	243.83970000000002
518.742	233.6897
518.958	227.8997
519.173	227.6397
519.389	226.1697
519.605	225.3497
519.82	224.7997
520.036	239.2997
520.251	276.5297
520.467	266.4697
520.682	248.3197
520.898	250.37969999999999
521.113	268.8297
521.329	316.3397
521.544	449.36969999999997
521.76	1099.0297
521.975	4489.6097
522.19	2801.0697
522.406	653.5297
522.621	290.3997
522.836	233.42970000000003
523.052	218.92970000000003
523.267	211.1697
523.482	207.9597
523.698	217.33970000000002
523.913	251.08970000000002
524.128	225.2397
524.343	201.6697
524.559	198.9797
524.774	195.5097
524.989	202.4397
525.204	223.6897
525.419	211.74970000000002
525.634	197.78969999999998
525.849	190.0997
526.064	189.69969999999998
526.28	191.3297
526.495	187.90970000000002
526.71	186.9797
526.925	186.28969999999998
527.14	185.9597
527.355	185.2797
527.57	186.5597
527.785	184.53969999999998
527.999	184.33970000000002
528.214	187.6697
528.429	190.3497
528.644	192.5697
528.859	190.33970000000002
529.074	196.49970000000002
529.289	253.0697
529.503	391.8497
529.718	231.5697
529.933	194.2297
530.148	189.3697
530.363	188.10969999999998
530.577	185.7097
530.792	184.5797
531.007	187.5097
531.221	187.2797
531.436	184.8197
531.651	185.3097
531.865	183.8297
532.08	183.8697
532.295	186.5497
532.509	186.87969999999999
532.724	185.2997
532.938	187.4197
533.153	189.0097
533.367	187.53969999999998
533.582	186.4697
533.796	185.08970000000002
534.011	184.9597
534.225	182.26969999999997
534.44	181.7597
534.654	182.8897
534.868	180.4797
535.083	184.40970000000002
535.297	186.1497
535.511	203.5697
535.726	205.7397
535.94	197.6897
536.154	188.17970000000003
536.369	183.53969999999998
536.583	177.2797
536.797	178.1197
537.011	176.9797
537.225	175.8897
537.44	177.5497
537.654	178.4197
537.868	177.0297
538.082	179.4897
538.296	177.99970000000002
538.51	177.8897
538.724	174.6697
538.938	176.3097
539.153	183.67970000000003
539.367	209.35969999999998
539.581	189.6497
539.795	175.0497
540.009	175.17970000000003
540.222	176.0097
540.436	176.76969999999997
540.65	176.3097
540.864	180.2597
541.078	189.4597
541.292	181.0697
541.506	177.53969999999998
541.72	172.9197
541.934	171.94969999999998
542.147	172.5297
542.361	172.4597
542.575	169.40970000000002
542.789	172.9197
543.002	175.0697
543.216	178.8097
543.43	189.8197
543.644	177.6497
543.857	173.7297
544.071	173.7197
544.285	174.9797
544.498	173.6697
544.712	173.2997
544.925	170.33970000000002
545.139	173.0097
545.352	171.85969999999998
545.566	172.1497
545.779	172.7397
545.993	171.5497
546.206	174.33970000000002
546.42	173.0497
546.633	174.4397
546.847	174.5297
547.06	171.85969999999998
547.274	170.3197
547.487	170.8497
547.7	171.69969999999998
547.914	171.2297
548.127	172.3897
548.34	171.3297
548.554	169.6897
548.767	171.8497
548.98	172.9397
549.193	169.85969999999998
549.407	172.8097
549.62	173.37969999999999
549.833	174.3897
550.046	171.2197
550.259	170.7197
550.473	170.44969999999998
550.686	172.69969999999998
550.899	170.7397
551.112	170.4397
551.325	169.8497
551.538	174.7297
551.751	172.78969999999998
551.964	171.1697
552.177	173.33970000000002
552.39	171.4697
552.603	175.7597
552.816	177.49970000000002
553.029	178.42970000000003
553.242	180.8997
553.455	194.0697
553.667	208.6197
553.88	207.5097
554.093	189.7597
554.306	190.5297
554.519	192.2797
554.732	179.6697
554.944	173.4697
555.157	169.9697
555.37	171.0597
555.583	170.69969999999998
555.795	174.5897
556.008	167.8497
556.221	164.8397
556.433	163.6397
556.646	163.51969999999997
556.859	163.0697
557.071	162.4597
557.284	161.7397
557.496	159.7397
557.709	159.6397
557.921	159.6397
558.134	158.1197
558.346	157.3997
558.559	157.12969999999999
558.771	155.8397
558.984	155.4997
559.196	155.7397
559.409	154.6997
559.621	156.4197
559.833	154.6197
560.046	157.5297
560.258	168.4197
560.47	182.1397
560.683	165.5297
560.895	159.0997
561.107	155.0897
561.32	153.7197
561.532	155.6597
561.744	156.72969999999998
561.956	156.6897
562.168	156.9597
562.381	157.8397
562.593	156.3297
562.805	158.0297
563.017	157.2997
563.229	157.7497
563.441	157.1397
563.653	158.06969999999998
563.865	155.3997
564.077	155.4697
564.289	157.4497
564.501	159.2197
564.713	162.8897
564.925	170.19969999999998
565.137	187.35969999999998
565.349	169.4897
565.561	167.10969999999998
565.773	169.6697
565.985	171.83970000000002
566.197	175.2297
566.408	180.9897
566.62	189.0597
566.832	193.4197
567.044	195.1397
567.255	193.9197
567.467	200.0497
567.679	203.4597
567.891	210.4597
568.102	209.1897
568.314	201.7797
568.526	193.83970000000002
568.737	185.6197
568.949	177.3097
569.161	170.9197
569.372	165.2297
569.584	164.3897
569.795	168.1897
570.007	195.3097
570.218	375.6297
570.43	225.2197
570.641	161.7597
570.853	156.4597
571.064	155.6097
571.276	153.72969999999998
571.487	150.7997
571.698	150.0197
571.91	150.31969999999998
572.121	144.7697
572.333	145.8897
572.544	144.3597
572.755	144.1797
572.966	143.7397
573.178	143.7397
573.389	147.06969999999998
573.6	144.6197
573.811	142.4397
574.023	140.9697
574.234	140.4097
574.445	142.3897
574.656	139.9497
574.867	139.78969999999998
575.078	141.1197
575.289	140.9297
575.501	140.7397
575.712	138.9597
575.923	137.1997
576.134	138.4997
576.345	136.3597
576.556	138.81969999999998
576.767	140.06969999999998
576.978	141.7397
577.188	141.4697
577.399	141.5497
577.61	143.2397
577.821	149.5997
578.032	171.42969999999997
578.243	371.9597
578.454	1086.7296999999999
578.665	315.6597
578.875	154.97969999999998
579.086	137.9897
579.297	133.9697
579.508	136.4197
579.718	136.2597
579.929	132.0197
580.14	131.1097
580.35	131.53969999999998
580.561	132.72969999999998
580.772	132.06969999999998
580.982	131.2397
581.193	129.9097
581.403	130.5597
581.614	131.8097
581.825	132.1497
582.035	130.5997
582.246	130.9897
582.456	128.7697
582.667	129.0497
582.877	129.9097
583.087	129.22969999999998
583.298	131.56969999999998
583.508	129.53969999999998
583.719	128.6197
583.929	129.87969999999999
584.139	129.0997
584.35	129.0597
584.56	130.3097
584.77	128.8597
584.981	130.1397
585.191	130.3697
585.401	131.03969999999998
585.611	129.6497
585.821	131.8397
586.032	130.1597
586.242	126.86970000000001
586.452	126.53969999999998
586.662	126.6797
586.872	126.4397
587.082	127.3597
587.292	125.9397
587.502	125.74969999999999
587.713	127.04969999999999
587.923	127.7397
588.133	125.74969999999999
588.343	126.55969999999999
588.553	125.8297
588.762	131.1397
588.972	132.7797
589.182	157.9397
589.392	140.03969999999998
589.602	138.7497
589.812	146.2497
590.022	133.22969999999998
590.232	127.1897
590.441	127.0997
590.651	127.62969999999999
590.861	125.04969999999999
591.071	128.0097
591.281	130.3297
591.49	128.7197
591.7	129.1097
591.91	131.9297
592.119	131.6697
592.329	136.3997
592.539	143.0497
592.748	137.2997
592.958	135.2597
593.167	133.7997
593.377	136.1797
593.587	143.2797
593.796	138.9197
594.006	137.4497
594.215	138.0897
594.424	135.9397
594.634	135.2397
594.843	133.5097
595.053	132.0797
595.262	132.8397
595.472	130.1897
595.681	129.4597
595.89	127.9097
596.1	127.2697
596.309	126.96969999999999
596.518	125.5997
596.727	126.5897
596.937	124.3397
597.146	123.6597
597.355	124.8497
597.564	122.55969999999999
597.774	124.4497
597.983	122.0097
598.192	121.11970000000001
598.401	120.6497
598.61	119.3497
598.819	120.2697
599.028	119.95970000000001
599.237	120.13969999999999
599.446	120.6497
599.655	121.3597
599.864	121.54969999999999
600.073	117.9797
600.282	122.0697
600.491	120.8297
600.7	120.49969999999999
600.909	119.5197
601.118	121.4297
601.327	121.0197
601.536	121.0797
601.745	120.99969999999999
601.953	119.3297
602.162	121.6797
602.371	121.5197
602.58	119.21969999999999
602.789	119.5897
602.997	119.3197
603.206	119.1097
603.415	118.53970000000001
603.623	116.6297
603.832	118.4797
604.041	117.86970000000001
604.249	116.0097
604.458	117.1797
604.666	114.5297
604.875	115.49969999999999
605.084	116.49969999999999
605.292	116.16969999999999
605.501	114.5297
605.709	115.0297
605.918	115.24969999999999
606.126	117.1297
606.334	115.95970000000001
606.543	115.88969999999999
606.751	115.70970000000001
606.96	115.36970000000001
607.168	116.91969999999999
607.376	120.54969999999999
607.585	118.5097
607.793	114.2597
608.001	115.5097
608.21	115.16969999999999
608.418	113.13969999999999
608.626	115.1797
608.834	114.4297
609.043	115.6297
609.251	113.8497
609.459	113.6997
609.667	115.80969999999999
609.875	114.5697
610.083	113.71969999999999
610.291	115.6597
610.499	116.7597
610.707	116.74969999999999
610.916	116.95970000000001
611.124	116.5697
611.332	113.6497
611.54	114.2697
611.748	114.4897
611.955	112.9497
612.163	114.5897
612.371	114.8297
612.579	112.7397
612.787	114.3597
612.995	116.2297
613.203	114.9897
613.411	114.1897
613.618	112.66969999999999
613.826	112.03970000000001
614.034	112.46969999999999
614.242	113.79969999999999
614.449	113.9897
614.657	114.8197
614.865	113.29969999999999
615.072	115.5097
615.28	114.38969999999999
615.488	116.4797
615.695	117.3597
615.903	119.99969999999999
616.111	122.4897
616.318	125.8497
616.526	120.0197
616.733	119.1597
616.941	114.96969999999999
617.148	116.54969999999999
617.356	113.3497
617.563	114.95970000000001
617.771	114.13969999999999
617.978	111.0297
618.185	112.8497
618.393	111.8497
618.6	112.1797
618.807	112.36970000000001
619.015	112.96969999999999
619.222	111.1797
619.429	110.21969999999999
619.637	113.05969999999999
619.844	112.1497
620.051	110.05969999999999
620.258	112.20970000000001
620.466	109.5897
620.673	107.88969999999999
620.88	108.41969999999999
621.087	108.8297
621.294	110.41969999999999
621.501	110.24969999999999
621.708	110.8497
621.915	111.2597
622.122	110.1497
622.329	110.05969999999999
622.536	109.4897
622.743	108.95970000000001
622.95	108.24969999999999
623.157	108.0097
623.364	108.4497
623.571	108.7397
623.778	107.46969999999999
623.985	109.1297
624.192	107.5997
624.399	107.20970000000001
624.606	108.6497
624.812	107.2697
625.019	107.8297
625.226	105.24969999999999
625.433	109.3397
625.639	108.54969999999999
625.846	107.3197
626.053	107.0297
626.259	106.8197
626.466	106.4897
626.673	106.2597
626.879	108.4097
627.086	110.9397
627.293	106.74969999999999
627.499	107.1797
627.706	107.5097
627.912	105.30969999999999
628.119	104.70970000000001
628.325	106.3997
628.532	105.1097
628.738	104.8297
628.945	103.9097
629.151	105.11970000000001
629.357	103.24969999999999
629.564	105.2397
629.77	104.96969999999999
629.976	102.96969999999999
630.183	102.3197
630.389	103.1997
630.595	102.7697
630.802	102.55969999999999
631.008	101.46969999999999
631.214	102.74969999999999
631.42	102.9497
631.627	106.95970000000001
631.833	103.4397
632.039	102.20970000000001
632.245	102.55969999999999
632.451	102.8397
632.657	104.03970000000001
632.863	102.6597
633.069	103.5297
633.275	103.0197
633.481	101.96969999999999
633.688	102.4897
633.893	103.7397
634.099	102.30969999999999
634.305	101.4897
634.511	101.4397
634.717	101.6097
634.923	100.8597
635.129	104.2297
635.335	101.9097
635.541	104.4497
635.747	107.4097
635.952	112.28970000000001
636.158	134.0197
636.364	283.1397
636.57	256.0797
636.775	139.1497
636.981	113.4097
637.187	107.9297
637.392	105.16969999999999
637.598	103.7797
637.804	103.0797
638.009	101.55969999999999
638.215	101.53970000000001
638.421	99.6097
638.626	100.70970000000001
638.832	101.80969999999999
639.037	99.9797
639.243	99.79969999999999
639.448	101.16969999999999
639.654	102.21969999999999
639.859	99.7797
640.065	99.5797
640.27	104.05969999999999
640.475	100.05969999999999
640.681	99.05969999999999
640.886	100.16969999999999
641.091	100.0097
641.297	101.1297
641.502	101.2397
641.707	103.0197
641.913	100.4497
642.118	97.3597
642.323	98.70970000000001
642.528	99.5797
642.733	101.4497
642.939	101.2697
643.144	99.1097
643.349	98.9497
643.554	98.3597
643.759	97.9397
643.964	96.4297
644.169	98.7697
644.374	98.78970000000001
644.579	99.1797
644.784	96.88969999999999
644.989	98.1997
645.194	98.28970000000001
645.399	99.2397
645.604	99.1497
645.809	100.13969999999999
646.014	99.6097
646.219	99.6797
646.423	98.0797
646.628	98.9397
646.833	98.30969999999999
647.038	99.91969999999999
647.243	100.55969999999999
647.447	100.11970000000001
647.652	100.7697
647.857	98.05969999999999
648.062	101.8197
648.266	101.80969999999999
648.471	104.5197
648.676	107.88969999999999
648.88	105.6297
649.085	105.7297
649.289	105.4897
649.494	119.71969999999999
649.698	164.8497
649.903	122.21969999999999
650.107	103.5797
650.312	101.4297
650.516	96.54969999999999
650.721	96.8997
650.925	94.8497
651.13	94.20970000000001
651.334	94.6097
651.539	92.5697
651.743	92.55969999999999
651.947	93.8997
652.152	94.0897
652.356	92.9397
652.56	93.8797
652.764	92.3597
652.969	92.3297
653.173	92.1497
653.377	92.2397
653.581	91.2597
653.785	92.3497
653.99	93.91969999999999
654.194	92.6497
654.398	92.28970000000001
654.602	92.70970000000001
654.806	100.3997
655.01	117.86970000000001
655.214	98.7997
655.418	93.4897
655.622	91.36970000000001
655.826	92.3797
656.03	95.1897
656.234	97.66969999999999
656.438	103.05969999999999
656.642	105.5497
656.846	97.7397
657.049	93.0797
657.253	92.0497
657.457	89.30969999999999
657.661	88.3597
657.865	88.4297
658.068	89.1797
658.272	86.7297
658.476	86.53970000000001
658.68	85.80969999999999
658.883	84.5797
659.087	84.6997
659.291	87.4797
659.494	84.3997
659.698	84.13969999999999
659.901	84.7297
660.105	83.80969999999999
660.309	85.7997
660.512	84.4097
660.716	84.3497
660.919	83.7997
661.123	86.7997
661.326	84.95970000000001
661.53	83.7697
661.733	83.9397
661.936	82.2797
662.14	81.9097
662.343	80.5997
662.546	80.8097
662.75	81.8897
662.953	83.4097
663.156	81.6997
663.36	83.1997
663.563	80.9497
663.766	82.20970000000001
663.969	83.70970000000001
664.173	82.74969999999999
664.376	81.99969999999999
664.579	80.9497
664.782	82.2797
664.985	81.99969999999999
665.188	81.6097
665.391	81.6497
665.594	81.5197
665.797	81.3297
666.0	80.5397
666.203	79.5497
666.406	80.7197
666.609	80.9597
666.812	81.8397
667.015	80.91969999999999
667.218	81.2797
667.421	81.16969999999999
667.624	80.4397
667.827	81.61970000000001
668.03	81.7597
668.232	80.5397
668.435	81.1297
668.638	80.0397
668.841	82.8297
669.043	81.6297
669.246	80.2997
669.449	80.3597
669.651	81.8297
669.854	81.2797
670.057	82.11970000000001
670.259	80.3197
670.462	82.45970000000001
670.665	81.6497
670.867	82.7297
671.07	81.99969999999999
671.272	81.2697
671.475	84.05969999999999
671.677	81.8597
671.88	81.1097
672.082	80.72970000000001
672.284	82.74969999999999
672.487	82.0997
672.689	81.3997
672.892	80.4897
