223.165	-16.9463
223.4	-16.9463
223.635	-16.9463
223.869	-18.2863
224.104	-20.3563
224.338	-14.956299999999999
224.573	-13.966299999999999
224.808	-12.966299999999999
225.042	-8.6463
225.277	-6.6463
225.511	-2.6763000000000003
225.746	2.8236999999999997
225.98	7.1037
226.215	10.8637
226.449	17.2637
226.683	19.8537
226.918	26.8337
227.152	30.703699999999998
227.387	34.3537
227.621	39.3037
227.856	44.6537
228.09	47.303700000000006
228.324	50.423700000000004
228.559	56.5037
228.793	62.533699999999996
229.027	76.44369999999999
229.262	83.3237
229.496	89.6437
229.73	105.78370000000001
229.964	107.2437
230.199	92.55369999999999
230.433	90.21369999999999
230.667	92.8237
230.901	91.4037
231.136	91.5737
231.37	93.79369999999999
231.604	93.3237
231.838	93.8137
232.072	94.8937
232.306	96.21369999999999
232.541	95.4237
232.775	95.11370000000001
233.009	96.54369999999999
233.243	95.12370000000001
233.477	96.5737
233.711	96.4337
233.945	96.63369999999999
234.179	95.2737
234.413	97.4037
234.647	96.4237
234.881	96.70370000000001
235.115	96.6637
235.349	96.5837
235.583	98.71369999999999
235.817	98.46369999999999
236.051	99.9737
236.285	98.30369999999999
236.519	98.53370000000001
236.753	101.29369999999999
236.987	111.4237
237.221	127.9837
237.455	132.8937
237.689	108.53370000000001
237.922	102.4137
238.156	100.6937
238.39	98.87369999999999
238.624	97.62369999999999
238.858	99.2237
239.091	98.28370000000001
239.325	98.3337
239.559	101.1737
239.793	102.80369999999999
240.027	104.4237
240.26	108.6437
240.494	112.0637
240.728	109.36370000000001
240.961	106.6737
241.195	107.37369999999999
241.429	104.7637
241.662	102.8537
241.896	102.5837
242.13	101.6037
242.363	103.1037
242.597	104.7437
242.83	105.71369999999999
243.064	105.96369999999999
243.298	106.80369999999999
243.531	106.9437
243.765	106.71369999999999
243.998	108.20370000000001
244.232	109.28370000000001
244.465	113.21369999999999
244.699	109.80369999999999
244.932	111.21369999999999
245.166	109.38369999999999
245.399	110.9037
245.633	110.6437
245.866	110.21369999999999
246.099	109.13369999999999
246.333	112.1537
246.566	112.20370000000001
246.8	113.5937
247.033	115.5937
247.266	115.61370000000001
247.5	116.95369999999998
247.733	119.96369999999999
247.966	121.61370000000001
248.2	120.36370000000001
248.433	122.1637
248.666	121.9037
248.899	126.62369999999999
249.133	134.0737
249.366	143.4837
249.599	139.1437
249.832	124.0137
250.066	123.7237
250.299	124.3437
250.532	125.8437
250.765	133.1337
250.998	137.31369999999998
251.231	136.9737
251.465	133.4737
251.698	128.5537
251.931	130.1037
252.164	130.52370000000002
252.397	129.87369999999999
252.63	134.3937
252.863	136.0437
253.096	139.6137
253.329	142.77370000000002
253.562	139.9537
253.795	136.6937
254.028	138.37369999999999
254.261	140.28369999999998
254.494	144.9437
254.727	159.1637
254.96	159.2337
255.193	150.3837
255.426	144.31369999999998
255.659	140.6137
255.892	139.4037
256.124	136.3437
256.357	137.8437
256.59	136.6637
256.823	133.8937
257.056	135.1437
257.289	136.9937
257.521	138.31369999999998
257.754	136.93370000000002
257.987	136.3337
258.22	137.9537
258.452	135.4537
258.685	136.7437
258.918	137.9637
259.151	140.0937
259.383	143.2537
259.616	144.5737
259.849	145.8437
260.081	151.12369999999999
260.314	158.4437
260.547	155.1637
260.779	148.8337
261.012	146.6737
261.244	146.3037
261.477	148.6937
261.71	151.31369999999998
261.942	166.1337
262.175	171.2237
262.407	150.2537
262.64	143.78369999999998
262.872	143.1637
263.105	143.9937
263.337	145.9637
263.57	144.7037
263.802	144.7137
264.035	144.7637
264.267	143.8637
264.499	144.1937
264.732	146.53369999999998
264.964	145.7337
265.197	144.4937
265.429	147.0837
265.661	145.2537
265.894	146.87369999999999
266.126	148.3337
266.358	146.6037
266.591	149.4537
266.823	152.62369999999999
267.055	152.3037
267.287	152.6937
267.52	152.0537
267.752	150.9937
267.984	153.4437
268.216	151.7337
268.448	156.2937
268.681	157.6537
268.913	162.2237
269.145	167.8337
269.377	170.8237
269.609	166.6137
269.841	167.18370000000002
270.073	170.6437
270.306	180.5737
270.538	187.4637
270.77	179.0437
271.002	176.5537
271.234	175.3337
271.466	181.8637
271.698	185.5537
271.93	185.2437
272.162	185.8937
272.394	184.2037
272.626	177.40370000000001
272.858	171.5937
273.09	169.65370000000001
273.322	168.4737
273.553	166.0937
273.785	167.4937
274.017	167.7337
274.249	166.4637
274.481	167.60369999999998
274.713	168.3137
274.945	169.68370000000002
275.176	169.9237
275.408	170.7537
275.64	169.5737
275.872	169.0937
276.104	173.12369999999999
276.335	174.6637
276.567	183.3037
276.799	195.0037
277.031	195.4837
277.262	192.9137
277.494	189.65370000000001
277.726	181.7037
277.957	176.3937
278.189	176.18370000000002
278.421	176.1337
278.652	174.68370000000002
278.884	174.3837
279.115	175.6337
279.347	175.27370000000002
279.579	175.0537
279.81	173.77370000000002
280.042	174.8637
280.273	176.26369999999997
280.505	173.85369999999998
280.736	177.5937
280.968	175.8137
281.199	177.37369999999999
281.431	178.8937
281.662	178.52370000000002
281.894	182.44369999999998
282.125	189.4537
282.356	207.7937
282.588	230.19369999999998
282.819	206.8937
283.051	183.8937
283.282	179.5737
283.513	185.3637
283.745	186.44369999999998
283.976	186.3437
284.207	186.2937
284.439	185.9537
284.67	184.7937
284.901	185.4737
285.132	185.3137
285.364	182.7337
285.595	186.7237
285.826	186.5037
286.057	189.53369999999998
286.288	188.12369999999999
286.52	187.8337
286.751	187.3137
286.982	188.9637
287.213	189.69369999999998
287.444	191.77370000000002
287.675	191.94369999999998
287.906	198.40370000000001
288.138	198.02370000000002
288.369	200.5637
288.6	202.7037
288.831	195.03369999999998
289.062	194.9737
289.293	193.7337
289.524	193.60369999999998
289.755	192.6737
289.986	191.93370000000002
290.217	192.40370000000001
290.448	191.5537
290.679	194.85369999999998
290.91	195.5937
291.141	192.3437
291.371	196.3137
291.602	193.40370000000001
291.833	192.5937
292.064	196.3137
292.295	195.01369999999997
292.526	195.7137
292.757	194.9537
292.987	194.2037
293.218	194.4237
293.449	197.2037
293.68	195.9237
293.91	194.4637
294.141	196.9537
294.372	197.8137
294.603	196.78369999999998
294.833	197.52370000000002
295.064	199.0437
295.295	198.40370000000001
295.525	200.8437
295.756	210.5737
295.987	220.77370000000002
296.217	243.9937
296.448	231.44369999999998
296.679	204.0737
296.909	203.1637
297.14	203.4937
297.37	204.10369999999998
297.601	204.6437
297.831	203.2937
298.062	203.26369999999997
298.292	205.7137
298.523	207.7237
298.753	206.3937
298.984	205.6637
299.214	205.3837
299.445	208.4137
299.675	209.7037
299.905	214.60369999999998
300.136	208.8337
300.366	209.4137
300.597	211.40370000000001
300.827	217.10369999999998
301.057	221.7937
301.288	227.7037
301.518	218.7037
301.748	217.5837
301.979	227.3837
302.209	219.7537
302.439	218.2537
302.669	216.94369999999998
302.9	214.94369999999998
303.13	216.5537
303.36	218.76369999999997
303.59	226.0037
303.82	229.10369999999998
304.051	221.3437
304.281	218.77370000000002
304.511	214.35369999999998
304.741	213.5037
304.971	214.8337
305.201	213.94369999999998
305.431	214.3137
305.661	214.8437
305.891	215.12369999999999
306.121	220.62369999999999
306.352	225.52370000000002
306.582	223.6137
306.812	216.0437
307.042	214.93370000000002
307.272	216.0937
307.502	216.7937
307.731	215.76369999999997
307.961	215.03369999999998
308.191	214.9637
308.421	216.7337
308.651	216.8937
308.881	217.3037
309.111	220.7137
309.341	222.6737
309.571	225.9137
309.8	226.40370000000001
310.03	229.2137
310.26	230.0837
310.49	228.5037
310.72	234.3337
310.949	239.62369999999999
311.179	236.5037
311.409	230.2237
311.639	228.8137
311.868	232.9237
312.098	231.2037
312.328	236.9137
312.557	244.5937
312.787	247.5737
313.017	241.9637
313.246	238.2537
313.476	232.51369999999997
313.706	233.8637
313.935	239.8237
314.165	244.77370000000002
314.394	246.93370000000002
314.624	243.3037
314.853	238.5537
315.083	235.0837
315.312	234.7537
315.542	232.1137
315.771	231.9637
316.001	229.68370000000002
316.23	230.9937
316.46	229.51369999999997
316.689	232.10369999999998
316.919	233.8337
317.148	235.8837
317.377	237.53369999999998
317.607	235.4137
317.836	233.8337
318.065	230.28369999999998
318.295	230.1737
318.524	229.9837
318.753	231.6737
318.983	233.9737
319.212	238.3937
319.441	244.44369999999998
319.67	243.8337
319.9	233.3237
320.129	235.2537
320.358	234.1437
320.587	236.2537
320.816	241.5837
321.046	242.6737
321.275	241.52370000000002
321.504	238.65370000000001
321.733	242.94369999999998
321.962	244.5037
322.191	250.6637
322.42	253.2037
322.649	260.13370000000003
322.878	263.6137
323.108	270.7137
323.337	282.9337
323.566	295.6837
323.795	322.0537
324.024	381.4937
324.253	583.8937000000001
324.482	1034.3936999999999
324.71	1841.2037
324.939	2261.4837
325.168	1058.9537
325.397	442.9637
325.626	329.00370000000004
325.855	299.7737
326.084	293.1237
326.313	300.1837
326.542	319.01370000000003
326.77	401.5337
326.999	623.5937
327.228	1091.0037
327.457	1802.8437
327.686	1497.7037
327.914	558.5137
328.143	378.22369999999995
328.372	330.9937
328.6	307.4037
328.829	302.08369999999996
329.058	311.7237
329.287	313.31370000000004
329.515	290.1637
329.744	278.1837
329.972	276.8437
330.201	281.64369999999997
330.43	294.7837
330.658	312.5337
330.887	334.40369999999996
331.115	309.5337
331.344	282.7437
331.572	281.5137
331.801	285.6737
332.03	288.81370000000004
332.258	282.3737
332.486	280.7937
332.715	287.2637
332.943	292.6937
333.172	299.4037
333.4	304.2937
333.629	315.9937
333.857	320.4737
334.085	313.88370000000003
334.314	305.9237
334.542	304.2237
334.771	303.08369999999996
334.999	295.0237
335.227	294.4437
335.455	292.9237
335.684	290.6037
335.912	287.39369999999997
336.14	286.33369999999996
336.369	287.9937
336.597	289.0237
336.825	283.3737
337.053	280.8437
337.281	275.0937
337.51	272.5237
337.738	275.5737
337.966	273.0537
338.194	273.38370000000003
338.422	270.5737
338.65	268.7737
338.878	267.7637
339.106	263.9737
339.334	266.39369999999997
339.562	263.1837
339.79	258.0537
340.018	256.8637
340.246	260.9337
340.474	262.7337
340.702	260.7737
340.93	259.7937
341.158	261.0337
341.386	260.7637
341.614	264.64369999999997
341.842	261.7237
342.07	255.76369999999997
342.298	256.39369999999997
342.526	255.8037
342.754	254.8037
342.981	256.4037
343.209	259.7037
343.437	276.9437
343.665	279.1837
343.893	289.83369999999996
344.12	291.7537
344.348	282.3437
344.576	273.9537
344.804	274.1037
345.031	270.7237
345.259	270.4737
345.487	262.3037
345.714	258.9537
345.942	255.90370000000001
346.17	253.8437
346.397	251.7337
346.625	253.2037
346.853	250.87369999999999
347.08	250.6137
347.308	254.9737
347.535	258.14369999999997
347.763	261.13370000000003
347.99	259.6637
348.218	265.89369999999997
348.445	265.7837
348.673	258.2137
348.9	255.9537
349.128	253.10369999999998
349.355	248.5937
349.583	250.26369999999997
349.81	247.8037
350.037	249.2337
350.265	248.35369999999998
350.492	250.1737
350.72	250.7437
350.947	257.39369999999997
351.174	264.1637
351.402	266.7637
351.629	259.5737
351.856	258.9237
352.083	261.38370000000003
352.311	262.1837
352.538	264.1237
352.765	263.7237
352.992	265.7737
353.22	262.9637
353.447	258.89369999999997
353.674	252.93370000000002
353.901	248.8437
354.128	248.15370000000001
354.355	248.4637
354.583	249.26369999999997
354.81	251.2537
355.037	248.8837
355.264	245.1337
355.491	245.7437
355.718	245.3237
355.945	247.10369999999998
356.172	248.5537
356.399	247.44369999999998
356.626	246.3837
356.853	245.9837
357.08	243.3837
357.307	244.9137
357.534	241.94369999999998
357.761	245.2237
357.988	246.6637
358.215	248.87369999999999
358.441	247.01369999999997
358.668	244.4237
358.895	246.1137
359.122	246.44369999999998
359.349	248.6337
359.576	252.7437
359.802	263.83369999999996
360.029	274.9137
360.256	274.5737
360.483	263.4337
360.709	251.6137
360.936	253.19369999999998
361.163	251.5537
361.39	254.8237
361.616	253.19369999999998
361.843	250.5937
362.07	251.9137
362.296	252.1437
362.523	251.2137
362.749	250.4837
362.976	247.3037
363.203	248.4637
363.429	243.0537
363.656	246.62369999999999
363.882	244.8637
364.109	246.0937
364.335	246.6637
364.562	243.8437
364.788	243.68370000000002
365.015	248.7537
365.241	250.5037
365.468	258.7937
365.694	257.2737
365.92	251.4537
366.147	245.44369999999998
366.373	243.5537
366.599	245.3037
366.826	242.8437
367.052	241.7437
367.278	246.3837
367.505	246.4737
367.731	248.3037
367.957	246.5637
368.184	249.76369999999997
368.41	257.9937
368.636	267.7537
368.862	275.2237
369.089	260.1937
369.315	249.9637
369.541	251.9537
369.767	251.87369999999999
369.993	250.85369999999998
370.219	248.8937
370.445	249.2037
370.672	249.7237
370.898	251.0037
371.124	253.0637
371.35	255.5437
371.576	254.0437
371.802	252.40370000000001
372.028	253.0437
372.254	256.5037
372.48	257.6837
372.706	260.1237
372.932	261.6937
373.158	260.56370000000004
373.384	260.0337
373.61	257.9037
373.835	257.6137
374.061	257.33369999999996
374.287	262.2037
374.513	263.0237
374.739	267.2737
374.965	272.1037
375.191	270.9337
375.416	269.8737
375.642	264.9837
375.868	264.88370000000003
376.094	261.8437
376.319	258.5937
376.545	258.1837
376.771	256.4437
376.997	256.5037
377.222	257.58369999999996
377.448	258.2737
377.674	255.3037
377.899	253.37369999999999
378.125	254.8837
378.35	255.5037
378.576	254.8037
378.802	254.5637
379.027	257.3437
379.253	259.0437
379.478	255.44369999999998
379.704	257.4337
379.929	258.5537
380.155	258.1937
380.38	259.7737
380.606	259.5337
380.831	259.1037
381.057	264.4437
381.282	258.7637
381.507	262.7137
381.733	265.4137
381.958	262.5937
382.184	267.3437
382.409	270.2137
382.634	272.8637
382.86	273.0237
383.085	275.4637
383.31	278.9837
383.535	281.3537
383.761	283.2437
383.986	285.4337
384.211	287.0737
384.436	290.7137
384.662	294.8037
384.887	298.33369999999996
385.112	298.8737
385.337	301.08369999999996
385.562	300.6737
385.787	303.4637
386.013	309.06370000000004
386.238	313.0537
386.463	306.1737
386.688	309.0437
386.913	299.8037
387.138	300.0937
387.363	297.5437
387.588	295.7337
387.813	297.9937
388.038	297.9037
388.263	304.0337
388.488	304.63370000000003
388.713	295.2937
388.938	294.0137
389.163	293.5137
389.387	293.7137
389.612	289.9137
389.837	289.5137
390.062	291.0737
390.287	290.31370000000004
390.512	289.8537
390.736	292.7037
390.961	296.8737
391.186	299.88370000000003
391.411	307.7437
391.636	310.4337
391.86	310.7237
392.085	313.8437
392.31	308.7337
392.534	303.3737
392.759	302.2537
392.984	297.83369999999996
393.208	296.3537
393.433	297.33369999999996
393.658	297.1837
393.882	293.7137
394.107	296.6737
394.331	298.1237
394.556	297.5037
394.78	301.2737
395.005	305.1637
395.229	300.9637
395.454	310.56370000000004
395.678	313.1737
395.903	315.1237
396.127	317.1837
396.352	308.1537
396.576	302.6537
396.801	299.0937
397.025	301.2837
397.249	308.14369999999997
397.474	314.5437
397.698	314.2437
397.922	319.1937
398.147	325.2037
398.371	325.5237
398.595	334.1637
398.82	342.4237
399.044	366.2337
399.268	394.0937
399.492	440.3037
399.717	467.5437
399.941	453.7637
400.165	431.1437
400.389	402.9237
400.613	370.2137
400.837	353.4237
401.062	346.8937
401.286	341.1037
401.51	341.6437
401.734	342.3437
401.958	355.7637
402.182	378.5437
402.406	407.6437
402.63	378.0237
402.854	362.33369999999996
403.078	365.4337
403.302	368.1737
403.526	374.08369999999996
403.75	371.9237
403.974	376.2637
404.198	375.4537
404.422	379.56370000000004
404.645	372.7837
404.869	373.33369999999996
405.093	382.2137
405.317	386.2137
405.541	386.5337
405.765	378.4237
405.988	388.8037
406.212	440.9137
406.436	488.7437
406.66	429.57370000000003
406.883	397.08369999999996
407.107	416.3737
407.331	435.2437
407.555	458.0237
407.778	443.75370000000004
408.002	411.43370000000004
408.226	396.13370000000003
408.449	388.9237
408.673	386.1737
408.896	396.3737
409.12	402.1237
409.344	381.9237
409.567	367.83369999999996
409.791	368.3537
410.014	367.2837
410.238	364.13370000000003
410.461	365.0337
410.685	369.7837
410.908	374.6737
411.132	387.58369999999996
411.355	382.4937
411.578	362.9337
411.802	351.57370000000003
412.025	350.3737
412.249	355.6637
412.472	354.0937
412.695	350.47369999999995
412.919	339.9237
413.142	337.8037
413.365	338.07370000000003
413.589	338.4337
413.812	337.3637
414.035	334.90369999999996
414.258	334.97369999999995
414.482	340.4437
414.705	340.0237
414.928	339.0137
415.151	341.1437
415.374	341.6737
415.597	334.33369999999996
415.821	330.4437
416.044	331.7737
416.267	329.6837
416.49	330.7837
416.713	329.4937
416.936	334.15369999999996
417.159	332.4337
417.382	334.83369999999996
417.605	332.0437
417.828	343.7037
418.051	347.7137
418.274	341.6637
418.497	337.15369999999996
418.72	340.8637
418.943	341.7737
419.166	356.58369999999996
419.389	373.8737
419.611	365.88370000000003
419.834	356.40369999999996
420.057	353.1237
420.28	344.13370000000003
420.503	334.63370000000003
420.726	337.5137
420.948	344.0937
421.171	362.5237
421.394	362.63370000000003
421.617	344.13370000000003
421.839	341.72369999999995
422.062	346.0237
422.285	356.8037
422.507	384.08369999999996
422.73	404.3737
422.953	375.1137
423.175	357.82370000000003
423.398	361.8737
423.621	358.9337
423.843	369.3637
424.066	367.4637
424.288	364.9337
424.511	373.2637
424.733	396.2637
424.956	416.2337
425.178	390.82370000000003
425.401	400.6937
425.623	394.1237
425.846	351.9637
426.068	347.7437
426.291	343.7137
426.513	343.47369999999995
426.735	347.4937
426.958	365.65369999999996
427.18	399.81370000000004
427.402	463.11370000000005
427.625	482.1937
427.847	402.8437
428.069	356.6937
428.292	334.13370000000003
428.514	322.3737
428.736	315.6937
428.958	317.4237
429.181	309.81370000000004
429.403	310.4037
429.625	319.3637
429.847	332.2437
430.069	356.4937
430.292	334.6837
430.514	311.1737
430.736	310.4037
430.958	307.2537
431.18	303.5337
431.402	305.7137
431.624	303.7937
431.846	307.64369999999997
432.068	307.5037
432.29	313.58369999999996
432.512	309.1237
432.734	313.1937
432.956	311.88370000000003
433.178	320.1837
433.4	319.4137
433.622	311.2137
433.844	312.13370000000003
434.066	315.7737
434.287	319.06370000000004
434.509	325.6437
434.731	333.6737
434.953	338.8037
435.175	341.0537
435.397	347.3737
435.618	344.6637
435.84	365.0337
436.062	407.5337
436.284	398.56370000000004
436.505	347.5937
436.727	336.8437
436.949	321.8737
437.17	314.6637
437.392	310.3737
437.614	320.63370000000003
437.835	341.4637
438.057	387.56370000000004
438.278	403.0337
438.5	396.2437
438.721	440.1737
438.943	387.1737
439.165	333.9637
439.386	325.9237
439.608	331.1737
439.829	337.0037
440.05	366.6437
440.272	390.5937
440.493	341.3037
440.715	326.2637
440.936	324.2537
441.158	326.8737
441.379	330.0037
441.6	346.4937
441.822	354.6437
442.043	371.9337
442.264	405.4837
442.486	390.6037
442.707	358.2137
442.928	357.8437
443.149	381.58369999999996
443.371	389.1437
443.592	397.6937
443.813	435.1737
444.034	428.61370000000005
444.255	380.4137
444.476	370.82370000000003
444.698	378.08369999999996
444.919	383.6237
445.14	415.4437
445.361	395.8037
445.582	390.9937
445.803	421.2737
446.024	444.7837
446.245	429.6637
446.466	385.6637
446.687	336.4637
446.908	324.9137
447.129	311.3037
447.35	310.0337
447.571	310.6037
447.792	304.2537
448.013	314.3237
448.234	326.6837
448.455	345.8537
448.675	400.4137
448.896	416.0937
449.117	352.9637
449.338	361.9337
449.559	431.08369999999996
449.779	435.7337
450.0	335.5037
450.221	307.9637
450.442	301.8437
450.662	301.1537
450.883	310.3237
451.104	318.5337
451.324	300.88370000000003
451.545	292.5137
451.766	288.7737
451.986	281.9437
452.207	282.9837
452.428	284.4437
452.648	290.6537
452.869	299.2937
453.089	303.7337
453.31	308.3237
453.53	286.6937
453.751	283.9537
453.971	292.89369999999997
454.192	299.7837
454.412	281.1537
454.633	277.3437
454.853	275.2137
455.073	277.7437
455.294	293.14369999999997
455.514	317.1037
455.734	293.13370000000003
455.955	271.6237
456.175	266.7437
456.395	265.6237
456.616	263.6537
456.836	264.88370000000003
457.056	266.0437
457.276	261.6237
457.497	268.9937
457.717	268.1537
457.937	269.81370000000004
458.157	272.8537
458.377	280.3537
458.598	303.2337
458.818	358.7937
459.038	394.4437
459.258	358.33369999999996
459.478	316.8037
459.698	310.9637
459.918	316.7037
460.138	321.7437
460.358	327.6437
460.578	332.3437
460.798	337.7837
461.018	335.1137
461.238	327.97369999999995
461.458	328.2437
461.678	326.4437
461.898	333.88370000000003
462.118	335.5937
462.338	347.83369999999996
462.558	354.2837
462.777	365.6037
462.997	390.5137
463.217	403.7837
463.437	393.88370000000003
463.657	370.47369999999995
463.876	366.8037
464.096	369.5337
464.316	368.9637
464.536	372.56370000000004
464.755	362.7637
464.975	368.0937
465.195	415.2837
465.414	403.2037
465.634	332.3037
465.854	313.7237
466.073	307.31370000000004
466.293	300.4837
466.512	293.4237
466.732	285.3237
466.951	289.7037
467.171	292.8537
467.391	298.3737
467.61	303.8737
467.829	298.81370000000004
468.049	288.63370000000003
468.268	281.39369999999997
468.488	277.7037
468.707	278.6237
468.927	278.2337
469.146	277.9937
469.365	283.2937
469.585	283.63370000000003
469.804	296.5337
470.023	300.7837
470.243	299.0337
470.462	306.9337
470.681	318.7837
470.901	300.83369999999996
471.12	294.4337
471.339	291.0137
471.558	289.0437
471.777	285.4937
471.997	282.2837
472.216	284.3437
472.435	287.6837
472.654	279.7537
472.873	279.31370000000004
473.092	277.58369999999996
473.311	277.5737
473.53	279.0237
473.749	284.64369999999997
473.968	308.13370000000003
474.187	350.6437
474.406	327.0437
474.625	290.9637
474.844	283.2737
475.063	278.8537
475.282	280.0337
475.501	281.88370000000003
475.72	287.3437
475.939	284.14369999999997
476.158	284.2037
476.377	287.2937
476.596	286.39369999999997
476.814	295.89369999999997
477.033	298.4337
477.252	300.5137
477.471	301.9437
477.69	308.5237
477.908	311.5437
478.127	319.14369999999997
478.346	319.4737
478.564	325.1137
478.783	331.5437
479.002	336.7637
479.22	334.6437
479.439	341.72369999999995
479.658	348.65369999999996
479.876	346.13370000000003
480.095	349.65369999999996
480.313	366.3037
480.532	362.4437
480.751	355.2437
480.969	349.82370000000003
481.188	360.4337
481.406	345.8937
481.624	330.5137
481.843	323.7537
482.061	319.8237
482.28	319.4337
482.498	316.1037
482.717	313.5737
482.935	314.2537
483.153	313.2237
483.372	313.4437
483.59	315.2537
483.808	315.9937
484.027	319.7937
484.245	319.6237
484.463	318.0137
484.681	328.1837
484.9	326.9537
485.118	329.4237
485.336	330.9137
485.554	335.97369999999995
485.772	339.47369999999995
485.99	340.9937
486.209	346.08369999999996
486.427	345.9637
486.645	350.6737
486.863	354.0937
487.081	344.7637
487.299	337.4237
487.517	338.4337
487.735	333.2737
487.953	331.06370000000004
488.171	332.6037
488.389	336.06370000000004
488.607	338.9537
488.825	333.90369999999996
489.043	332.9637
489.261	334.56370000000004
489.479	335.1037
489.696	335.72369999999995
489.914	338.0037
490.132	340.08369999999996
490.35	344.15369999999996
490.568	343.65369999999996
490.786	347.8037
491.003	349.8537
491.221	352.0537
491.439	358.2937
491.657	361.8437
491.874	361.7037
492.092	360.5437
492.31	363.3937
492.527	363.3537
492.745	364.90369999999996
492.963	366.8537
493.18	370.5337
493.398	375.32370000000003
493.615	381.3637
493.833	381.1237
494.05	374.6037
494.268	375.5437
494.485	375.4137
494.703	373.2037
494.92	375.7537
495.138	375.7937
495.355	377.4337
495.573	377.9937
495.79	375.4637
496.008	379.2337
496.225	377.81370000000004
496.442	379.38370000000003
496.66	383.9937
496.877	385.4437
497.094	389.06370000000004
497.312	390.47369999999995
497.529	402.83369999999996
497.746	409.7637
497.963	418.0837000000001
498.181	434.07370000000003
498.398	449.81370000000004
498.615	469.07370000000003
498.832	484.9537
499.049	497.88370000000003
499.267	525.6937
499.484	557.0237
499.701	588.6537
499.918	620.6037
500.135	652.0636999999999
500.352	677.4236999999999
500.569	681.2036999999999
500.786	674.4037000000001
501.003	656.7237
501.22	630.4137
501.437	599.7537
501.654	566.8437
501.871	550.0937
502.088	510.4437
502.305	488.33369999999996
502.522	466.32370000000003
502.739	452.5337
502.956	435.1237
503.172	423.4137
503.389	414.25370000000004
503.606	415.61370000000005
503.823	407.8737
504.04	406.33369999999996
504.256	405.4837
504.473	409.0137
504.69	410.6437
504.907	402.5437
505.123	385.2837
505.34	375.9937
505.557	368.58369999999996
505.773	364.22369999999995
505.99	360.7637
506.207	359.9437
506.423	356.0337
506.64	354.4437
506.856	348.7437
507.073	346.9137
507.289	346.13370000000003
507.506	350.2437
507.722	363.1637
507.939	358.9637
508.155	343.4237
508.372	337.9337
508.588	335.2537
508.805	335.5237
509.021	337.0437
509.238	344.9137
509.454	345.9537
509.67	342.72369999999995
509.887	345.4837
510.103	362.0237
510.319	438.0437
510.536	945.0137000000001
510.752	2390.9137
510.968	832.1736999999999
511.184	374.3537
511.401	335.6437
511.617	322.4037
511.833	317.7837
512.049	314.4437
512.265	315.39369999999997
512.481	314.14369999999997
512.698	314.5937
512.914	314.5137
513.13	315.4137
513.346	315.3537
513.562	318.7837
513.778	318.0337
513.994	322.8737
514.21	328.5137
514.426	346.6137
514.642	368.5937
514.858	367.58369999999996
515.074	413.3037
515.29	691.9637
515.506	1590.7037
515.721	741.4536999999999
515.937	398.1437
516.153	358.7637
516.369	349.6037
516.585	350.7037
516.801	355.0937
517.016	362.8637
517.232	373.7037
517.448	379.81370000000004
517.664	389.0937
517.879	386.7537
518.095	380.8737
518.311	376.38370000000003
518.527	364.7537
518.742	356.6037
518.958	347.57370000000003
519.173	342.0537
519.389	339.2037
519.605	333.4237
519.82	331.57370000000003
520.036	338.9237
520.251	353.4137
520.467	349.9437
520.682	343.31370000000004
520.898	341.4337
521.113	353.07370000000003
521.329	377.7037
521.544	452.88370000000003
521.76	806.8737000000001
521.975	2456.6237
522.19	1552.5837000000001
522.406	521.1337
522.621	342.97369999999995
522.836	315.9937
523.052	305.6937
523.267	300.2737
523.482	293.6037
523.698	296.9537
523.913	310.9237
524.128	295.8037
524.343	285.4537
524.559	286.2637
524.774	282.3737
524.989	284.4937
525.204	294.8237
525.419	287.13370000000003
525.634	280.2037
525.849	277.6137
526.064	276.8637
526.28	278.5437
526.495	273.4537
526.71	273.2637
526.925	272.5737
527.14	273.4337
527.355	271.39369999999997
527.57	272.7437
527.785	272.9837
527.999	272.5137
528.214	275.1937
528.429	276.2437
528.644	274.2737
528.859	273.2837
529.074	277.33369999999996
529.289	304.6037
529.503	361.11370000000005
529.718	296.7437
529.933	280.7237
530.148	275.0237
530.363	275.8437
530.577	271.3637
530.792	270.9737
531.007	272.6837
531.221	275.4637
531.436	272.3637
531.651	273.9537
531.865	272.8737
532.08	269.4237
532.295	273.13370000000003
532.509	270.4637
532.724	268.88370000000003
532.938	275.9237
533.153	274.6837
533.367	270.5437
533.582	271.0537
533.796	269.13370000000003
534.011	269.4637
534.225	269.0937
534.44	266.64369999999997
534.654	266.89369999999997
534.868	264.88370000000003
535.083	265.6637
535.297	267.4237
535.511	272.4737
535.726	277.63370000000003
535.94	272.2237
536.154	265.2537
536.369	261.1837
536.583	257.5437
536.797	257.4937
537.011	257.5737
537.225	253.9637
537.44	257.2537
537.654	257.8637
537.868	255.51369999999997
538.082	256.4137
538.296	256.4637
538.51	255.2237
538.724	255.0437
538.938	256.9237
539.153	258.3637
539.367	265.7637
539.581	256.83369999999996
539.795	250.3137
540.009	251.0837
540.222	252.62369999999999
540.436	253.43370000000002
540.65	252.8937
540.864	254.10369999999998
541.078	258.3637
541.292	255.76369999999997
541.506	251.6137
541.72	248.15370000000001
541.934	247.40370000000001
542.147	247.0037
542.361	245.7237
542.575	246.0937
542.789	247.0737
543.002	246.9837
543.216	250.2937
543.43	253.9937
543.644	253.2137
543.857	250.0737
544.071	250.2537
544.285	252.9837
544.498	252.10369999999998
544.712	249.3437
544.925	249.27370000000002
545.139	250.85369999999998
545.352	249.6637
545.566	248.1337
545.779	246.2037
545.993	249.5637
546.206	249.3937
546.42	246.8237
546.633	249.0537
546.847	248.85369999999998
547.06	245.8837
547.274	245.8837
547.487	245.5537
547.7	244.9837
547.914	246.8237
548.127	248.3237
548.34	248.9637
548.554	247.87369999999999
548.767	250.10369999999998
548.98	249.9537
549.193	247.27370000000002
549.407	250.87369999999999
549.62	251.1637
549.833	251.1137
550.046	248.4937
550.259	246.40370000000001
550.473	242.6737
550.686	246.6637
550.899	246.1737
551.112	242.4737
551.325	240.4137
551.538	241.51369999999997
551.751	241.94369999999998
551.964	246.6137
552.177	246.78369999999998
552.39	249.90370000000001
552.603	252.9137
552.816	258.1037
553.029	261.14369999999997
553.242	264.4437
553.455	268.3537
553.667	275.2237
553.88	271.6037
554.093	258.7337
554.306	255.8337
554.519	252.0437
554.732	247.2137
554.944	245.5837
555.157	242.5037
555.37	240.2137
555.583	240.35369999999998
555.795	239.37369999999999
556.008	233.0837
556.221	229.2537
556.433	230.2237
556.646	230.8837
556.859	227.5837
557.071	224.9237
557.284	223.7937
557.496	223.3137
557.709	222.8137
557.921	220.4837
558.134	218.9537
558.346	220.0437
558.559	218.0637
558.771	217.3237
558.984	219.28369999999998
559.196	215.9237
559.409	216.5837
559.621	218.1737
559.833	216.7237
560.046	214.6137
560.258	215.2537
560.47	215.12369999999999
560.683	216.2437
560.895	213.5837
561.107	215.01369999999997
561.32	215.0037
561.532	215.6337
561.744	217.03369999999998
561.956	218.94369999999998
562.168	218.1137
562.381	218.0937
562.593	219.40370000000001
562.805	218.8337
563.017	219.02370000000002
563.229	219.9137
563.441	218.3437
563.653	219.18370000000002
563.865	218.4237
564.077	220.60369999999998
564.289	223.3637
564.501	226.3937
564.713	226.77370000000002
564.925	233.10369999999998
565.137	243.9237
565.349	237.4137
565.561	242.1137
565.773	244.7237
565.985	251.51369999999997
566.197	260.7437
566.408	271.7537
566.62	285.9937
566.832	296.1037
567.044	298.9137
567.255	299.9337
567.467	305.2737
567.679	318.0337
567.891	330.8937
568.102	331.8637
568.314	314.9037
568.526	293.7137
568.737	278.9237
568.949	262.8437
569.161	250.2337
569.372	241.0437
569.584	234.4737
569.795	235.0937
570.007	251.6737
570.218	365.06370000000004
570.43	261.4037
570.641	223.77370000000002
570.853	217.65370000000001
571.064	220.4137
571.276	219.4637
571.487	214.65370000000001
571.698	209.19369999999998
571.91	204.4137
572.121	203.6637
572.333	201.2437
572.544	197.6737
572.755	197.0737
572.966	194.7037
573.178	194.2937
573.389	196.7237
573.6	192.3237
573.811	190.4837
574.023	190.12369999999999
574.234	190.2237
574.445	190.18370000000002
574.656	190.5937
574.867	191.18370000000002
575.078	190.1337
575.289	188.28369999999998
575.501	188.9537
575.712	186.3837
575.923	185.4737
576.134	184.8137
576.345	184.2137
576.556	185.1437
576.767	185.43370000000002
576.978	184.60369999999998
577.188	185.1737
577.399	184.7937
577.61	185.60369999999998
577.821	189.2937
578.032	204.03369999999998
578.243	354.4237
578.454	798.7537
578.665	295.14369999999997
578.875	192.1337
579.086	178.4237
579.297	172.5837
579.508	176.2537
579.718	176.7237
579.929	175.4737
580.14	170.65370000000001
580.35	171.03369999999998
580.561	173.8337
580.772	173.7537
580.982	171.7537
581.193	170.8137
581.403	169.93370000000002
581.614	169.7537
581.825	169.7337
582.035	170.1337
582.246	169.69369999999998
582.456	169.3637
582.667	168.65370000000001
582.877	169.3037
583.087	168.9737
583.298	169.4837
583.508	167.60369999999998
583.719	167.7137
583.929	171.12369999999999
584.139	168.7337
584.35	167.35369999999998
584.56	170.10369999999998
584.77	167.5537
584.981	167.43370000000002
585.191	167.87369999999999
585.401	166.2937
585.611	164.4137
585.821	168.2937
586.032	166.43370000000002
586.242	165.03369999999998
586.452	167.3137
586.662	165.4237
586.872	163.2937
587.082	164.8937
587.292	165.4137
587.502	163.7437
587.713	164.03369999999998
587.923	163.8137
588.133	164.4837
588.343	162.65370000000001
588.553	164.8637
588.762	167.5437
588.972	165.3937
589.182	167.87369999999999
589.392	166.3437
589.602	163.7237
589.812	165.5037
590.022	168.0437
590.232	164.77370000000002
590.441	165.3437
590.651	164.7437
590.861	163.4137
591.071	166.9137
591.281	168.2137
591.49	167.0937
591.7	169.4937
591.91	171.9937
592.119	173.1137
592.329	177.62369999999999
592.539	182.0037
592.748	180.87369999999999
592.958	182.7137
593.167	182.9137
593.377	187.1337
593.587	194.1437
593.796	189.9237
594.006	187.12369999999999
594.215	189.03369999999998
594.424	186.44369999999998
594.634	183.27370000000002
594.843	180.3437
595.053	175.0537
595.262	174.8437
595.472	171.9837
595.681	167.7937
595.89	166.10369999999998
596.1	164.9637
596.309	163.3237
596.518	161.3437
596.727	160.4937
596.937	159.3437
597.146	157.3837
597.355	158.1537
597.564	157.3537
597.774	156.53369999999998
597.983	153.1537
598.192	150.9037
598.401	153.9637
598.61	150.81369999999998
598.819	151.9437
599.028	150.6637
599.237	149.8937
599.446	151.5437
599.655	151.0137
599.864	152.5537
600.073	149.8437
600.282	151.8537
600.491	150.27370000000002
600.7	150.06369999999998
600.909	149.9037
601.118	151.43370000000002
601.327	151.9837
601.536	150.7337
601.745	149.2637
601.953	149.03369999999998
602.162	147.9637
602.371	148.2537
602.58	147.6537
602.789	148.0837
602.997	146.1337
603.206	147.1537
603.415	145.0737
603.623	143.3337
603.832	144.3437
604.041	143.0937
604.249	143.52370000000002
604.458	142.8437
604.666	143.0137
604.875	142.0737
605.084	142.6937
605.292	142.1437
605.501	142.2237
605.709	142.9637
605.918	142.2237
606.126	142.7437
606.334	141.6137
606.543	144.03369999999998
606.751	141.0837
606.96	140.9237
607.168	142.4237
607.376	140.4237
607.585	143.9137
607.793	141.93370000000002
608.001	141.8637
608.21	140.4137
608.418	139.9737
608.626	138.8637
608.834	140.2037
609.043	141.6337
609.251	139.1137
609.459	139.6937
609.667	140.5437
609.875	138.4637
610.083	138.2437
610.291	139.52370000000002
610.499	140.3037
610.707	139.8237
610.916	139.2237
611.124	138.3437
611.332	137.5137
611.54	140.12369999999999
611.748	139.37369999999999
611.955	138.53369999999998
612.163	137.6137
612.371	138.27370000000002
612.579	137.5737
612.787	139.02370000000002
612.995	139.7137
613.203	139.8937
613.411	138.56369999999998
613.618	136.93370000000002
613.826	136.3037
614.034	137.53369999999998
614.242	137.28369999999998
614.449	138.1337
614.657	137.8837
614.865	137.5437
615.072	137.9437
615.28	138.03369999999998
615.488	140.3037
615.695	142.8837
615.903	147.2937
616.111	151.7237
616.318	150.81369999999998
616.526	147.6137
616.733	147.9137
616.941	142.0437
617.148	143.1637
617.356	139.4537
617.563	138.3437
617.771	139.5137
617.978	138.6737
618.185	137.9037
618.393	136.8937
618.6	137.87369999999999
618.807	135.6637
619.015	136.1437
619.222	136.3937
619.429	135.3937
619.637	138.03369999999998
619.844	134.3537
620.051	131.4837
620.258	133.4037
620.466	133.03369999999998
620.673	130.8537
620.88	130.3837
621.087	132.0837
621.294	131.6637
621.501	133.0437
621.708	131.37369999999999
621.915	130.9637
622.122	131.62369999999999
622.329	131.8837
622.536	132.0837
622.743	128.68370000000002
622.95	130.6537
623.157	126.7537
623.364	128.8837
623.571	129.3537
623.778	129.68370000000002
623.985	130.5437
624.192	128.0737
624.399	128.7337
624.606	131.4237
624.812	127.6637
625.019	125.4837
625.226	127.8537
625.433	129.6537
625.639	128.3437
625.846	127.7437
626.053	127.8537
626.259	126.8137
626.466	128.5437
626.673	125.95369999999998
626.879	126.4337
627.086	127.4337
627.293	125.5737
627.499	125.5937
627.706	124.5837
627.912	124.9337
628.119	124.12369999999999
628.325	125.05369999999999
628.532	123.8537
628.738	123.96369999999999
628.945	123.8937
629.151	123.95369999999998
629.357	122.2437
629.564	123.4937
629.77	121.80369999999999
629.976	122.2437
630.183	120.9937
630.389	121.71369999999999
630.595	120.96369999999999
630.802	122.5137
631.008	121.7337
631.214	120.0737
631.42	121.8537
631.627	123.5737
631.833	121.4337
632.039	120.1437
632.245	119.8437
632.451	121.04369999999999
632.657	118.30369999999999
632.863	118.0937
633.069	120.1937
633.275	118.0737
633.481	117.2637
633.688	118.4037
633.893	119.0037
634.099	118.3437
634.305	118.1837
634.511	116.36370000000001
634.717	117.36370000000001
634.923	117.28370000000001
635.129	116.5237
635.335	117.11370000000001
635.541	116.6837
635.747	117.05369999999999
635.952	115.3337
636.158	116.4837
636.364	117.1937
636.57	116.71369999999999
636.775	116.88369999999999
636.981	114.4837
637.187	115.95370000000001
637.392	115.95370000000001
637.598	114.5137
637.804	116.61370000000001
638.009	115.6037
638.215	114.2637
638.421	113.46369999999999
638.626	114.9737
638.832	114.6037
639.037	114.4037
639.243	113.4037
639.448	115.2337
639.654	116.11370000000001
639.859	112.6537
640.065	113.0737
640.27	117.5737
640.475	112.7337
640.681	112.38369999999999
640.886	113.4737
641.091	112.4237
641.297	114.5937
641.502	112.8337
641.707	115.03370000000001
641.913	113.7737
642.118	112.80369999999999
642.323	111.95370000000001
642.528	114.6937
642.733	114.1937
642.939	113.1737
643.144	111.8237
643.349	111.9837
643.554	113.28370000000001
643.759	112.8137
643.964	109.6737
644.169	113.1537
644.374	111.3337
644.579	113.63369999999999
644.784	112.12369999999999
644.989	112.2237
645.194	110.62369999999999
645.399	112.0837
645.604	112.1737
645.809	114.95370000000001
646.014	113.11370000000001
646.219	113.7237
646.423	111.6837
646.628	112.7737
646.833	113.1037
647.038	113.4137
647.243	113.7637
647.447	115.62369999999999
647.652	114.62369999999999
647.857	114.6437
648.062	117.3137
648.266	117.3537
648.471	120.79369999999999
648.676	123.4737
648.88	121.12369999999999
649.085	120.5837
649.289	119.6837
649.494	127.45370000000001
649.698	155.4137
649.903	127.36370000000001
650.107	114.4437
650.312	112.3237
650.516	109.54369999999999
650.721	108.1437
650.925	106.3437
651.13	105.0737
651.334	104.9737
651.539	105.63369999999999
651.743	105.12369999999999
651.947	106.21369999999999
652.152	105.5137
652.356	103.8337
652.56	104.0037
652.764	101.95370000000001
652.969	101.9437
653.173	101.2537
653.377	100.79370000000002
653.581	100.1537
653.785	100.3437
653.99	99.70370000000001
654.194	100.5037
654.398	99.3137
654.602	100.13369999999999
654.806	105.2537
655.01	116.2237
655.214	105.5137
655.418	100.4237
655.622	99.78370000000001
655.826	100.46369999999999
656.03	102.9237
656.234	105.9337
656.438	112.0837
656.642	111.1637
656.846	103.70370000000001
657.049	99.95370000000001
657.253	98.61370000000001
657.457	94.5037
657.661	93.9937
657.865	93.7337
658.068	91.9937
658.272	90.5237
658.476	90.5737
658.68	89.4837
658.883	88.53370000000001
659.087	88.5037
659.291	88.9437
659.494	90.45370000000001
659.698	87.2337
659.901	87.12370000000001
660.105	86.6637
660.309	87.30369999999999
660.512	86.70370000000001
660.716	85.4437
660.919	85.6737
661.123	87.1637
661.326	84.0937
661.53	84.3437
661.733	84.5737
661.936	86.0237
662.14	84.1437
662.343	83.4437
662.546	83.9037
662.75	85.28370000000001
662.953	84.5837
663.156	81.7737
663.36	83.0237
663.563	82.4737
663.766	81.5937
663.969	82.4037
664.173	83.30369999999999
664.376	81.6037
664.579	81.7437
664.782	81.86370000000001
664.985	81.37370000000001
665.188	81.9237
665.391	83.0937
665.594	81.6437
665.797	81.45370000000001
666.0	81.6037
666.203	80.4137
666.406	81.8337
666.609	82.0737
666.812	82.63369999999999
667.015	82.37370000000001
667.218	82.1037
667.421	82.2537
667.624	82.05369999999999
667.827	83.1537
668.03	81.7237
668.232	80.5637
668.435	82.20370000000001
668.638	82.5237
668.841	82.8337
669.043	81.8537
669.246	81.88369999999999
669.449	80.9937
669.651	81.12370000000001
669.854	81.1437
670.057	81.61370000000001
670.259	80.6237
670.462	82.2637
670.665	82.7237
670.867	82.7537
671.07	82.3137
671.272	83.46369999999999
671.475	83.3237
671.677	80.9237
671.88	81.53370000000001
672.082	80.8737
672.284	82.9837
672.487	82.86370000000001
672.689	82.1637
672.892	81.9437
