223.165	-17.4141
223.4	-17.4141
223.635	-17.4141
223.869	-18.5941
224.104	-18.9241
224.338	-15.5141
224.573	-14.784099999999999
224.808	-13.174100000000001
225.042	-7.874099999999999
225.277	-6.8541
225.511	-2.2641
225.746	3.5159000000000002
225.98	6.9059
226.215	12.0359
226.449	15.2859
226.683	21.735899999999997
226.918	24.855900000000002
227.152	31.0559
227.387	35.0159
227.621	38.5159
227.856	44.0259
228.09	46.3559
228.324	51.2459
228.559	57.115899999999996
228.793	61.465900000000005
229.027	73.9759
229.262	77.8759
229.496	85.6059
229.73	100.16590000000001
229.964	100.6459
230.199	87.2559
230.433	85.8259
230.667	88.77590000000001
230.901	89.4059
231.136	89.6759
231.37	90.77590000000001
231.604	91.9359
231.838	91.28590000000001
232.072	91.69590000000001
232.306	93.3259
232.541	92.79589999999999
232.775	93.0559
233.009	93.61590000000001
233.243	93.46589999999999
233.477	92.3259
233.711	93.28590000000001
233.945	93.41590000000001
234.179	93.96589999999999
234.413	93.5059
234.647	94.3559
234.881	93.12589999999999
235.115	93.36590000000001
235.349	92.2659
235.583	94.29589999999999
235.817	94.2859
236.051	95.2459
236.285	93.5559
236.519	93.77590000000001
236.753	98.16590000000001
236.987	102.86590000000001
237.221	117.1459
237.455	121.1859
237.689	101.3559
237.922	97.6759
238.156	95.4759
238.39	94.0759
238.624	93.61590000000001
238.858	94.77590000000001
239.091	95.1059
239.325	95.52590000000001
239.559	97.5559
239.793	97.91590000000001
240.027	98.9059
240.26	99.0359
240.494	102.16590000000001
240.728	102.7559
240.961	102.9359
241.195	101.7359
241.429	98.0159
241.662	97.4259
241.896	97.1059
242.13	98.16590000000001
242.363	98.44590000000001
242.597	99.77590000000001
242.83	100.2659
243.064	99.6859
243.298	100.54589999999999
243.531	99.94590000000001
243.765	100.3559
243.998	104.1059
244.232	104.5159
244.465	108.87589999999999
244.699	106.13589999999999
244.932	102.7459
245.166	103.8559
245.399	104.02590000000001
245.633	104.1559
245.866	103.8259
246.099	103.61590000000001
246.333	105.71589999999999
246.566	104.71589999999999
246.8	107.77590000000001
247.033	107.46589999999999
247.266	107.4259
247.5	109.36590000000001
247.733	112.27590000000001
247.966	111.62589999999999
248.2	111.45589999999999
248.433	112.69590000000001
248.666	113.63589999999999
248.899	120.3159
249.133	126.16590000000001
249.366	132.76590000000002
249.599	130.8459
249.832	118.2659
250.066	118.8159
250.299	117.0659
250.532	120.87589999999999
250.765	125.13589999999999
250.998	127.0159
251.231	127.4259
251.465	122.86590000000001
251.698	121.3559
251.931	121.3259
252.164	120.8359
252.397	119.8459
252.63	125.1459
252.863	124.8259
253.096	129.1659
253.329	132.9959
253.562	126.4859
253.795	126.37589999999999
254.028	127.4859
254.261	125.7459
254.494	130.3859
254.727	140.5559
254.96	142.9259
255.193	137.7459
255.426	132.9759
255.659	131.2159
255.892	136.1259
256.124	134.6959
256.357	134.6559
256.59	131.2559
256.823	128.9759
257.056	127.5759
257.289	127.9059
257.521	128.5859
257.754	126.2559
257.987	126.2459
258.22	128.2959
258.452	127.3059
258.685	126.3959
258.918	129.5659
259.151	128.7259
259.383	130.9959
259.616	131.14589999999998
259.849	133.0259
260.081	136.1359
260.314	142.29590000000002
260.547	140.6759
260.779	134.4859
261.012	134.9259
261.244	133.45589999999999
261.477	137.2159
261.71	139.8159
261.942	155.5259
262.175	159.26590000000002
262.407	139.2259
262.64	131.3259
262.872	131.01590000000002
263.105	130.85590000000002
263.337	133.2259
263.57	132.45589999999999
263.802	133.14589999999998
264.035	130.5959
264.267	131.5359
264.499	132.3159
264.732	134.20589999999999
264.964	131.89589999999998
265.197	133.2259
265.429	135.0759
265.661	132.70589999999999
265.894	134.3459
266.126	134.5859
266.358	133.9159
266.591	134.2759
266.823	137.5559
267.055	137.4859
267.287	137.5059
267.52	136.5859
267.752	137.9459
267.984	138.7259
268.216	140.5059
268.448	141.4159
268.681	141.4659
268.913	145.9259
269.145	150.5259
269.377	151.9359
269.609	148.8259
269.841	151.2159
270.073	152.2259
270.306	159.1159
270.538	164.3659
270.77	158.6959
271.002	156.3459
271.234	155.5059
271.466	159.5559
271.698	162.0659
271.93	162.5159
272.162	164.64589999999998
272.394	163.4159
272.626	158.51590000000002
272.858	153.3159
273.09	150.9259
273.322	150.9159
273.553	147.8159
273.785	150.2259
274.017	149.3059
274.249	150.3059
274.481	149.2559
274.713	151.4259
274.945	153.04590000000002
275.176	153.1859
275.408	152.3459
275.64	150.9459
275.872	152.2859
276.104	155.1559
276.335	157.5959
276.567	165.7059
276.799	176.0759
277.031	176.7559
277.262	171.89589999999998
277.494	168.7359
277.726	161.1259
277.957	158.85590000000002
278.189	156.6859
278.421	154.0859
278.652	155.3059
278.884	157.01590000000002
279.115	155.13590000000002
279.347	154.9759
279.579	156.0759
279.81	156.6759
280.042	158.3659
280.273	159.51590000000002
280.505	157.4859
280.736	157.5859
280.968	158.2559
281.199	158.4359
281.431	159.7359
281.662	160.8659
281.894	162.22590000000002
282.125	171.40590000000003
282.356	193.04590000000002
282.588	211.8059
282.819	186.0759
283.051	165.6659
283.282	159.9659
283.513	162.54590000000002
283.745	163.5359
283.976	164.6159
284.207	164.04590000000002
284.439	162.3659
284.67	165.0559
284.901	161.6959
285.132	164.5759
285.364	162.8659
285.595	164.4259
285.826	163.8059
286.057	167.3559
286.288	163.6859
286.52	165.56590000000003
286.751	162.4659
286.982	166.7759
287.213	165.4159
287.444	168.0259
287.675	170.6159
287.906	173.4559
288.138	175.0859
288.369	176.14589999999998
288.6	177.0159
288.831	170.3359
289.062	171.47590000000002
289.293	171.1859
289.524	168.4659
289.755	170.38590000000002
289.986	168.4359
290.217	168.8359
290.448	169.4859
290.679	171.0159
290.91	170.6259
291.141	168.89589999999998
291.371	171.63590000000002
291.602	170.81590000000003
291.833	169.5859
292.064	170.2159
292.295	171.2859
292.526	171.1259
292.757	171.22590000000002
292.987	170.90590000000003
293.218	169.4859
293.449	173.0159
293.68	171.2659
293.91	170.7059
294.141	172.4259
294.372	171.81590000000003
294.603	171.6059
294.833	173.6659
295.064	173.40590000000003
295.295	176.5759
295.525	175.6759
295.756	184.6659
295.987	198.5359
296.217	221.5559
296.448	209.7859
296.679	180.22590000000002
296.909	177.8659
297.14	176.7159
297.37	178.3559
297.601	178.7159
297.831	177.40590000000003
298.062	179.2859
298.292	179.90590000000003
298.523	181.9259
298.753	179.8059
298.984	178.6959
299.214	179.89589999999998
299.445	181.9259
299.675	183.1759
299.905	186.47590000000002
300.136	179.4559
300.366	180.9659
300.597	182.2659
300.827	187.72590000000002
301.057	194.1159
301.288	198.72590000000002
301.518	190.1159
301.748	187.0359
301.979	198.4259
302.209	189.3559
302.439	189.1259
302.669	186.9259
302.9	186.54590000000002
303.13	186.13590000000002
303.36	192.38590000000002
303.59	196.5759
303.82	201.0359
304.051	190.5159
304.281	187.4159
304.511	186.6659
304.741	185.0059
304.971	186.15590000000003
305.201	186.5359
305.431	185.4159
305.661	184.5759
305.891	187.5259
306.121	190.5059
306.352	196.29590000000002
306.582	196.7759
306.812	188.88590000000002
307.042	187.9559
307.272	189.9859
307.502	191.4259
307.731	190.3759
307.961	185.8259
308.191	185.5559
308.421	187.64589999999998
308.651	187.4459
308.881	188.9559
309.111	190.1859
309.341	190.5559
309.571	197.8759
309.8	195.3259
310.03	198.5559
310.26	200.2659
310.49	198.6159
310.72	202.39589999999998
310.949	207.1159
311.179	204.2559
311.409	197.5759
311.639	199.1259
311.868	201.9159
312.098	201.6859
312.328	204.4559
312.557	211.3759
312.787	214.7759
313.017	208.64589999999998
313.246	205.4359
313.476	200.3259
313.706	201.9559
313.935	203.9459
314.165	209.4259
314.394	209.65590000000003
314.624	207.2859
314.853	205.4159
315.083	202.7159
315.312	201.7459
315.542	198.3259
315.771	200.1759
316.001	197.0159
316.23	199.14589999999998
316.46	197.14589999999998
316.689	197.7659
316.919	200.7759
317.148	204.1059
317.377	202.4459
317.607	201.39589999999998
317.836	200.1759
318.065	198.06590000000003
318.295	196.8059
318.524	197.4959
318.753	199.9959
318.983	202.5359
319.212	206.7759
319.441	211.5259
319.67	212.8659
319.9	200.8259
320.129	200.9259
320.358	200.2859
320.587	204.1159
320.816	208.90590000000003
321.046	211.2559
321.275	208.4159
321.504	206.1859
321.733	206.3759
321.962	209.63590000000002
322.191	214.2459
322.42	220.79590000000002
322.649	224.56590000000003
322.878	230.7059
323.108	235.26590000000002
323.337	246.06590000000003
323.566	258.5559
323.795	281.9959
324.024	346.9159
324.253	555.4159000000001
324.482	1046.2359
324.71	1974.7159000000001
324.939	2511.1259
325.168	1077.2658999999999
325.397	411.7359
325.626	293.9259
325.855	263.2159
326.084	256.5559
326.313	264.01590000000004
326.542	287.8559
326.77	371.0559
326.999	615.1559
327.228	1144.0158999999999
327.457	1986.1659
327.686	1631.9659000000001
327.914	551.3759
328.143	351.5759
328.372	304.7359
328.6	273.9159
328.829	260.4959
329.058	272.34590000000003
329.287	271.9359
329.515	251.0959
329.744	244.4959
329.972	253.31590000000003
330.201	270.3159
330.43	294.9159
330.658	283.8559
330.887	293.2759
331.115	267.9659
331.344	243.7459
331.572	242.1159
331.801	247.0559
332.03	245.90590000000003
332.258	241.89589999999998
332.486	239.9659
332.715	243.6259
332.943	248.3259
333.172	254.65590000000003
333.4	259.4759
333.629	269.90590000000003
333.857	281.8759
334.085	283.3659
334.314	294.58590000000004
334.542	321.1759
334.771	313.7059
334.999	265.1059
335.227	252.0759
335.455	249.9359
335.684	245.8259
335.912	244.85590000000002
336.14	242.69590000000002
336.369	240.3759
336.597	244.4259
336.825	240.8059
337.053	237.7159
337.281	233.15590000000003
337.51	229.9959
337.738	232.4859
337.966	229.5559
338.194	230.3659
338.422	229.0259
338.65	227.0059
338.878	225.3059
339.106	221.44590000000002
339.334	226.2759
339.562	221.60590000000002
339.79	218.40590000000003
340.018	219.3659
340.246	218.6859
340.474	221.2459
340.702	222.40590000000003
340.93	219.1259
341.158	222.51590000000002
341.386	224.13590000000002
341.614	222.5759
341.842	220.72590000000002
342.07	217.6759
342.298	218.2559
342.526	215.1859
342.754	215.64589999999998
342.981	215.4859
343.209	219.1759
343.437	234.5359
343.665	234.0959
343.893	243.7359
344.12	244.2559
344.348	233.89589999999998
344.576	231.22590000000002
344.804	228.35590000000002
345.031	228.54590000000002
345.259	228.8459
345.487	223.5959
345.714	219.6659
345.942	215.3259
346.17	216.4859
346.397	214.0759
346.625	216.3659
346.853	214.5259
347.08	212.97590000000002
347.308	214.6859
347.535	222.2359
347.763	221.22590000000002
347.99	221.13590000000002
348.218	224.2859
348.445	225.2459
348.673	218.5059
348.9	217.6959
349.128	214.64589999999998
349.355	211.47590000000002
349.583	213.4159
349.81	212.64589999999998
350.037	210.9459
350.265	211.72590000000002
350.492	211.0359
350.72	214.6059
350.947	217.7759
351.174	225.3659
351.402	227.0359
351.629	220.51590000000002
351.856	220.06590000000003
352.083	221.10590000000002
352.311	224.8659
352.538	225.3759
352.765	226.8359
352.992	227.4959
353.22	228.0759
353.447	218.1859
353.674	216.15590000000003
353.901	213.7859
354.128	211.4959
354.355	211.7159
354.583	213.0059
354.81	212.2859
355.037	213.5559
355.264	212.1159
355.491	207.2759
355.718	207.2359
355.945	207.9859
356.172	208.64589999999998
356.399	210.39589999999998
356.626	210.13590000000002
356.853	207.7859
357.08	207.9459
357.307	208.4659
357.534	207.8359
357.761	209.04590000000002
357.988	211.64589999999998
358.215	210.4459
358.441	208.6659
358.668	207.5359
358.895	209.06590000000003
359.122	208.72590000000002
359.349	210.63590000000002
359.576	212.8459
359.802	224.0759
360.029	237.1159
360.256	233.2459
360.483	222.19590000000002
360.709	212.3059
360.936	214.5559
361.163	215.22590000000002
361.39	215.72590000000002
361.616	215.1259
361.843	209.15590000000003
362.07	213.4959
362.296	215.1659
362.523	210.8759
362.749	211.1059
362.976	211.0959
363.203	211.1959
363.429	206.15590000000003
363.656	211.3059
363.882	208.6859
364.109	208.4259
364.335	208.06590000000003
364.562	209.04590000000002
364.788	207.4659
365.015	211.7859
365.241	215.1159
365.468	223.8559
365.694	219.5359
365.92	213.0559
366.147	206.88590000000002
366.373	207.2659
366.599	206.5759
366.826	207.7059
367.052	206.6959
367.278	209.56590000000003
367.505	209.13590000000002
367.731	213.1759
367.957	208.38590000000002
368.184	211.0359
368.41	218.3059
368.636	229.5559
368.862	238.15590000000003
369.089	224.5959
369.315	214.0059
369.541	213.0859
369.767	212.9159
369.993	213.0359
370.219	212.7759
370.445	210.54590000000002
370.672	211.65590000000003
370.898	211.9259
371.124	214.4159
371.35	214.65590000000003
371.576	213.7859
371.802	212.4959
372.028	213.72590000000002
372.254	215.97590000000002
372.48	217.6259
372.706	218.2759
372.932	219.7359
373.158	218.4259
373.384	218.8059
373.61	218.39589999999998
373.835	217.7159
374.061	216.7559
374.287	221.79590000000002
374.513	222.7159
374.739	225.1159
374.965	228.01590000000002
375.191	229.35590000000002
375.416	227.9159
375.642	223.3459
375.868	222.9859
376.094	218.7459
376.319	217.2059
376.545	216.9659
376.771	217.76590000000002
376.997	216.2859
377.222	217.2459
377.448	217.44590000000002
377.674	216.3659
377.899	216.0759
378.125	215.3659
378.35	217.0559
378.576	216.5259
378.802	213.35590000000002
379.027	215.63590000000002
379.253	217.4259
379.478	213.3459
379.704	217.1859
379.929	219.81590000000003
380.155	217.3759
380.38	219.0859
380.606	219.3759
380.831	219.3359
381.057	225.04590000000002
381.282	219.6859
381.507	218.47590000000002
381.733	222.9259
381.958	223.9959
382.184	226.94590000000002
382.409	228.9559
382.634	232.13590000000002
382.86	230.15590000000003
383.085	234.14589999999998
383.31	235.7559
383.535	238.76590000000002
383.761	236.2059
383.986	239.39589999999998
384.211	239.6759
384.436	243.56590000000003
384.662	246.19590000000002
384.887	248.2759
385.112	250.6159
385.337	252.4859
385.562	252.9959
385.787	253.2859
386.013	260.8759
386.238	262.6459
386.463	257.4559
386.688	259.9659
386.913	249.8659
387.138	251.6159
387.363	250.63590000000002
387.588	249.5859
387.813	248.4359
388.038	250.4959
388.263	255.9159
388.488	253.88590000000002
388.713	247.63590000000002
388.938	244.15590000000003
389.163	244.4159
389.387	244.9659
389.612	240.7859
389.837	242.7559
390.062	241.51590000000002
390.287	243.31590000000003
390.512	241.35590000000002
390.736	243.5959
390.961	245.04590000000002
391.186	248.94590000000002
391.411	255.1659
391.636	256.90590000000003
391.86	257.3759
392.085	259.4859
392.31	253.90590000000003
392.534	252.0559
392.759	250.26590000000002
392.984	247.3759
393.208	248.1759
393.433	249.29590000000002
393.658	245.79590000000002
393.882	245.3359
394.107	246.13590000000002
394.331	247.76590000000002
394.556	244.65590000000003
394.78	252.0859
395.005	249.9159
395.229	252.81590000000003
395.454	255.0359
395.678	259.1259
395.903	259.59590000000003
396.127	262.2159
396.352	255.13590000000002
396.576	248.56590000000003
396.801	250.0559
397.025	252.8659
397.249	254.5059
397.474	260.3059
397.698	261.0259
397.922	263.0659
398.147	266.51590000000004
398.371	266.59590000000003
398.595	271.84590000000003
398.82	281.2559
399.044	298.1859
399.268	321.9559
399.492	355.9959
399.717	376.5959
399.941	367.4759
400.165	352.5659
400.389	328.78589999999997
400.613	301.8759
400.837	287.5059
401.062	286.3759
401.286	281.5259
401.51	280.53589999999997
401.734	281.2259
401.958	292.1759
402.182	317.3259
402.406	345.0659
402.63	314.4359
402.854	298.2459
403.078	297.40590000000003
403.302	300.40590000000003
403.526	305.2459
403.75	307.8559
403.974	308.6859
404.198	309.2759
404.422	310.4259
404.645	308.8159
404.869	311.1659
405.093	323.3159
405.317	333.1659
405.541	331.6659
405.765	317.53589999999997
405.988	324.7959
406.212	377.77590000000004
406.436	428.69590000000005
406.66	362.3659
406.883	327.7159
407.107	338.2759
407.331	354.2459
407.555	373.5959
407.778	362.4559
408.002	335.5759
408.226	323.69590000000005
408.449	317.5459
408.673	315.3259
408.896	322.40590000000003
409.12	325.8859
409.344	312.1459
409.567	301.0059
409.791	302.1759
410.014	300.8859
410.238	299.0559
410.461	300.5059
410.685	300.7159
410.908	304.84590000000003
411.132	318.0059
411.355	313.0559
411.578	299.8159
411.802	291.44590000000005
412.025	290.6159
412.249	298.6059
412.472	304.1359
412.695	313.4359
412.919	294.1259
413.142	285.51590000000004
413.365	283.2259
413.589	281.8159
413.812	278.1359
414.035	278.2559
414.258	280.5059
414.482	281.6059
414.705	281.8159
414.928	279.7359
415.151	281.1359
415.374	281.6359
415.597	275.65590000000003
415.821	275.6759
416.044	275.5059
416.267	272.5259
416.49	272.2359
416.713	273.6859
416.936	274.09590000000003
417.159	273.2459
417.382	276.8659
417.605	277.5259
417.828	284.6159
418.051	286.7359
418.274	280.7959
418.497	279.6759
418.72	282.1259
418.943	280.2459
419.166	294.33590000000004
419.389	306.4559
419.611	302.5459
419.834	295.9259
420.057	293.8659
420.28	287.5659
420.503	282.5559
420.726	281.51590000000004
420.948	286.1859
421.171	300.2359
421.394	299.2259
421.617	282.34590000000003
421.839	283.1759
422.062	283.69590000000005
422.285	291.5759
422.507	315.8559
422.73	334.2259
422.953	309.8259
423.175	297.5659
423.398	296.1159
423.621	296.7059
423.843	303.01590000000004
424.066	302.0259
424.288	298.83590000000004
424.511	302.5559
424.733	324.6759
424.956	341.4759
425.178	321.6359
425.401	328.8159
425.623	323.5059
425.846	290.4859
426.068	287.3559
426.291	285.40590000000003
426.513	283.26590000000004
426.735	285.4159
426.958	301.9859
427.18	330.0459
427.402	387.15590000000003
427.625	412.40590000000003
427.847	348.2959
428.069	317.2959
428.292	282.2359
428.514	271.0259
428.736	262.4659
428.958	264.15590000000003
429.181	258.94590000000005
429.403	259.94590000000005
429.625	262.0659
429.847	275.0659
430.069	297.3159
430.292	277.9559
430.514	258.4759
430.736	259.19590000000005
430.958	257.0259
431.18	251.1259
431.402	254.40590000000003
431.624	253.5359
431.846	255.88590000000002
432.068	255.60590000000002
432.29	259.51590000000004
432.512	258.8259
432.734	261.6059
432.956	260.33590000000004
433.178	270.01590000000004
433.4	268.4559
433.622	260.19590000000005
433.844	259.8059
434.066	260.4259
434.287	263.1859
434.509	268.2959
434.731	277.3659
434.953	279.84590000000003
435.175	283.1359
435.397	288.1159
435.618	284.94590000000005
435.84	304.6659
436.062	340.77590000000004
436.284	333.1859
436.505	289.0259
436.727	281.2959
436.949	268.0659
437.17	260.7759
437.392	258.5259
437.614	266.09590000000003
437.835	284.8759
438.057	320.1159
438.278	334.4259
438.5	326.3659
438.721	362.8159
438.943	319.84590000000003
439.165	276.5459
439.386	268.9659
439.608	274.2559
439.829	280.9359
440.05	307.4359
440.272	330.8659
440.493	283.7759
440.715	269.8259
440.936	267.09590000000003
441.158	270.03589999999997
441.379	273.4259
441.6	285.6659
441.822	293.9659
442.043	304.5659
442.264	333.1759
442.486	322.4259
442.707	293.69590000000005
442.928	298.3959
443.149	325.4159
443.371	330.08590000000004
443.592	330.34590000000003
443.813	357.3859
444.034	352.28589999999997
444.255	312.2559
444.476	306.2459
444.698	311.94590000000005
444.919	313.3559
445.14	350.6659
445.361	334.5659
445.582	328.0459
445.803	355.7459
446.024	371.1759
446.245	360.33590000000004
446.466	318.3959
446.687	278.5059
446.908	269.5559
447.129	259.2459
447.35	254.85590000000002
447.571	258.2559
447.792	254.19590000000002
448.013	262.3059
448.234	272.1859
448.455	286.19590000000005
448.675	328.08590000000004
448.896	344.3659
449.117	291.8159
449.338	301.7059
449.559	359.59590000000003
449.779	363.3759
450.0	281.9959
450.221	256.90590000000003
450.442	251.26590000000002
450.662	250.9559
450.883	262.15590000000003
451.104	268.1359
451.324	251.14589999999998
451.545	244.4859
451.766	240.56590000000003
451.986	236.51590000000002
452.207	239.14589999999998
452.428	239.2359
452.648	245.7059
452.869	255.8759
453.089	257.2559
453.31	263.4759
453.53	241.0259
453.751	238.2159
453.971	246.8259
454.192	254.2159
454.412	236.3059
454.633	231.1259
454.853	232.4359
455.073	231.10590000000002
455.294	245.6659
455.514	267.8059
455.734	243.31590000000003
455.955	227.79590000000002
456.175	224.2459
456.395	220.6859
456.616	223.2459
456.836	223.6859
457.056	222.90590000000003
457.276	220.3659
457.497	224.04590000000002
457.717	224.19590000000002
457.937	226.4659
458.157	229.7159
458.377	234.8259
458.598	257.1159
458.818	308.0459
459.038	337.3059
459.258	300.84590000000003
459.478	265.2159
459.698	255.9359
459.918	261.1359
460.138	265.8259
460.358	271.9759
460.578	275.8059
460.798	278.7359
461.018	278.7059
461.238	271.3559
461.458	270.9759
461.678	269.90590000000003
461.898	276.34590000000003
462.118	275.2559
462.338	286.6059
462.558	290.7259
462.777	297.8059
462.997	317.4759
463.217	329.2959
463.437	323.0659
463.657	303.3059
463.876	301.7159
464.096	301.7059
464.316	302.9159
464.536	304.8559
464.755	299.8059
464.975	305.0259
465.195	352.4959
465.414	345.53589999999997
465.634	274.90590000000003
465.854	261.8759
466.073	253.0759
466.293	248.2459
466.512	242.2859
466.732	238.7459
466.951	242.7559
467.171	245.4659
467.391	249.0359
467.61	257.6359
467.829	252.7859
468.049	255.9859
468.268	256.1759
468.488	237.39589999999998
468.707	233.6259
468.927	234.4559
469.146	233.2059
469.365	236.9359
469.585	240.35590000000002
469.804	249.4259
470.023	252.8459
470.243	250.7759
470.462	258.4159
470.681	267.9259
470.901	252.2059
471.12	243.4959
471.339	245.2059
471.558	242.06590000000003
471.777	243.3359
471.997	243.8059
472.216	271.5659
472.435	311.34590000000003
472.654	251.8759
472.873	240.6759
473.092	235.5359
473.311	234.7559
473.53	235.6159
473.749	241.7859
473.968	260.1859
474.187	292.4559
474.406	272.8959
474.625	246.15590000000003
474.844	236.9659
475.063	233.2859
475.282	233.9859
475.501	238.5959
475.72	240.9859
475.939	238.38590000000002
476.158	239.7459
476.377	242.2559
476.596	242.1159
476.814	250.1859
477.033	250.2059
477.252	248.9659
477.471	251.5259
477.69	256.1859
477.908	259.40590000000003
478.127	265.1059
478.346	266.7159
478.564	271.2059
478.783	276.3659
479.002	280.6759
479.22	279.8259
479.439	287.1659
479.658	291.4759
479.876	286.3659
480.095	291.78589999999997
480.313	303.8059
480.532	302.2959
480.751	300.9659
480.969	323.6159
481.188	431.59590000000003
481.406	369.5759
481.624	291.1059
481.843	275.4659
482.061	270.5259
482.28	265.94590000000005
482.498	263.6659
482.717	264.6159
482.935	265.44590000000005
483.153	262.7159
483.372	262.6359
483.59	262.09590000000003
483.808	261.58590000000004
484.027	265.6259
484.245	268.4359
484.463	268.6059
484.681	274.8259
484.9	272.9559
485.118	277.40590000000003
485.336	274.5759
485.554	279.19590000000005
485.772	285.1159
485.99	283.9559
486.209	286.34590000000003
486.427	288.1459
486.645	293.6859
486.863	296.0759
487.081	284.7459
487.299	283.3159
487.517	280.76590000000004
487.735	277.84590000000003
487.953	278.2359
488.171	278.9959
488.389	281.44590000000005
488.607	282.2759
488.825	279.0459
489.043	278.09590000000003
489.261	280.90590000000003
489.479	279.0259
489.696	279.8159
489.914	281.4159
490.132	283.26590000000004
490.35	287.9559
490.568	286.8559
490.786	290.4159
491.003	290.7559
491.221	296.4759
491.439	300.6859
491.657	302.84590000000003
491.874	302.1259
492.092	303.2459
492.31	306.4359
492.527	304.2059
492.745	309.1159
492.963	308.7359
493.18	311.2959
493.398	314.3559
493.615	320.3159
493.833	319.4959
494.05	315.5759
494.268	314.26590000000004
494.485	313.9559
494.703	312.1759
494.92	313.3559
495.138	310.2259
495.355	312.53589999999997
495.573	312.8759
495.79	311.8959
496.008	315.09590000000003
496.225	313.59590000000003
496.442	313.19590000000005
496.66	317.9159
496.877	316.3559
497.094	320.2059
497.312	322.1159
497.529	331.0459
497.746	335.4759
497.963	343.3159
498.181	355.0759
498.398	364.5459
498.615	389.4659
498.832	397.19590000000005
499.049	404.0259
499.267	420.2759
499.484	447.87589999999994
499.701	469.8859
499.918	493.37589999999994
500.135	516.5259
500.352	535.2359
500.569	539.0759
500.786	535.4759
501.003	520.6059
501.22	499.4959
501.437	479.0059
501.654	455.4559
501.871	447.2759
502.088	412.69590000000005
502.305	393.1159
502.522	378.7459
502.739	369.5959
502.956	352.85589999999996
503.172	346.7259
503.389	340.0759
503.606	341.7159
503.823	334.9659
504.04	331.4359
504.256	331.7759
504.473	335.2759
504.69	338.2559
504.907	331.9859
505.123	316.4259
505.34	309.8859
505.557	303.9759
505.773	301.7359
505.99	298.76590000000004
506.207	296.6359
506.423	296.01590000000004
506.64	292.3159
506.856	289.4759
507.073	287.8159
507.289	288.2159
507.506	289.8759
507.722	302.6759
507.939	302.3659
508.155	284.9859
508.372	280.4259
508.588	280.7959
508.805	279.5059
509.021	282.7059
509.238	283.53589999999997
509.454	289.8559
509.67	287.6859
509.887	290.84590000000003
510.103	310.33590000000004
510.319	390.0459
510.536	928.7058999999999
510.752	2490.6958999999997
510.968	810.9459
511.184	326.03589999999997
511.401	287.08590000000004
511.617	272.8959
511.833	270.1759
512.049	268.4759
512.265	266.65590000000003
512.481	265.65590000000003
512.698	264.6159
512.914	264.6159
513.13	263.90590000000003
513.346	264.2059
513.562	267.2059
513.778	268.94590000000005
513.994	269.15590000000003
514.21	278.5059
514.426	293.5659
514.642	313.8759
514.858	310.2359
515.074	356.3859
515.29	644.8158999999999
515.506	1611.3459
515.721	705.0059
515.937	341.27590000000004
516.153	300.3959
516.369	290.7459
516.585	289.9159
516.801	291.8259
517.016	299.3859
517.232	306.1659
517.448	312.01590000000004
517.664	319.0559
517.879	316.6259
518.095	315.08590000000004
518.311	311.15590000000003
518.527	303.8559
518.742	296.9759
518.958	288.4959
519.173	283.1059
519.389	280.2559
519.605	276.7259
519.82	274.9759
520.036	283.0259
520.251	299.2159
520.467	294.0659
520.682	284.4559
520.898	286.3659
521.113	295.7259
521.329	320.69590000000005
521.544	396.0759
521.76	762.3458999999999
521.975	2539.0959000000003
522.19	1571.0358999999999
522.406	476.8259
522.621	292.8659
522.836	266.28589999999997
523.052	259.1659
523.267	251.2759
523.482	248.88590000000002
523.698	253.7859
523.913	268.6659
524.128	253.7859
524.343	241.60590000000002
524.559	241.35590000000002
524.774	238.1659
524.989	242.8759
525.204	250.2559
525.419	243.4159
525.634	233.3359
525.849	234.29590000000002
526.064	233.8259
526.28	234.65590000000003
526.495	232.8659
526.71	231.13590000000002
526.925	230.89589999999998
527.14	230.0359
527.355	228.5359
527.57	227.85590000000002
527.785	230.9659
527.999	230.0059
528.214	234.4259
528.429	234.7559
528.644	232.4559
528.859	232.63590000000002
529.074	232.40590000000003
529.289	262.1259
529.503	319.9259
529.718	250.7159
529.933	235.0859
530.148	231.8359
530.363	231.3659
530.577	229.06590000000003
530.792	230.0559
531.007	228.97590000000002
531.221	230.4559
531.436	228.8659
531.651	231.4159
531.865	230.5559
532.08	230.19590000000002
532.295	229.90590000000003
532.509	228.2459
532.724	228.6659
532.938	232.2159
533.153	231.3359
533.367	228.04590000000002
533.582	229.44590000000002
533.796	227.9259
534.011	228.7459
534.225	226.60590000000002
534.44	224.3659
534.654	226.0259
534.868	225.4159
535.083	225.64589999999998
535.297	227.76590000000002
535.511	233.5559
535.726	234.8759
535.94	230.38590000000002
536.154	228.47590000000002
536.369	222.6159
536.583	219.3059
536.797	221.0859
537.011	219.4659
537.225	217.88590000000002
537.44	216.8659
537.654	218.4859
537.868	216.0059
538.082	218.14589999999998
538.296	217.5759
538.51	216.5959
538.724	216.4159
538.938	216.56590000000003
539.153	220.9259
539.367	228.1659
539.581	218.9859
539.795	214.8259
540.009	214.90590000000003
540.222	215.4159
540.436	215.1159
540.65	213.69590000000002
540.864	218.13590000000002
541.078	219.40590000000003
541.292	217.4559
541.506	215.4359
541.72	212.44590000000002
541.934	209.0359
542.147	210.1859
542.361	209.14589999999998
542.575	209.4159
542.789	208.9259
543.002	209.5859
543.216	214.3259
543.43	219.6259
543.644	214.6859
543.857	213.64589999999998
544.071	211.2459
544.285	215.15590000000003
544.498	212.15590000000003
544.712	212.4659
544.925	212.97590000000002
545.139	214.2159
545.352	212.1659
545.566	212.7759
545.779	211.5759
545.993	212.4259
546.206	210.2159
546.42	209.8359
546.633	211.0959
546.847	212.6259
547.06	210.64589999999998
547.274	210.6859
547.487	211.1259
547.7	208.8059
547.914	210.26590000000002
548.127	209.6859
548.34	211.10590000000002
548.554	209.8059
548.767	211.8759
548.98	214.06590000000003
549.193	213.1259
549.407	212.22590000000002
549.62	213.3059
549.833	214.1659
550.046	211.3459
550.259	209.88590000000002
550.473	207.8559
550.686	208.7359
550.899	208.7059
551.112	208.4459
551.325	205.0359
551.538	207.54590000000002
551.751	207.7659
551.964	209.79590000000002
552.177	210.3559
552.39	211.2759
552.603	216.40590000000003
552.816	216.4159
553.029	220.5359
553.242	223.4959
553.455	230.19590000000002
553.667	237.2559
553.88	232.6159
554.093	220.63590000000002
554.306	217.5759
554.519	215.9159
554.732	212.3659
554.944	210.47590000000002
555.157	207.2759
555.37	205.4559
555.583	204.5159
555.795	203.9659
556.008	200.79590000000002
556.221	198.4659
556.433	196.4859
556.646	195.8059
556.859	194.0259
557.071	195.5359
557.284	192.7159
557.496	192.6759
557.709	194.0359
557.921	191.89589999999998
558.134	192.79590000000002
558.346	189.3259
558.559	189.90590000000003
558.771	189.2359
558.984	188.3459
559.196	187.56590000000003
559.409	187.81590000000003
559.621	186.04590000000002
559.833	186.5159
560.046	186.39589999999998
560.258	187.29590000000002
560.47	185.9959
560.683	186.8759
560.895	184.9259
561.107	186.1759
561.32	186.8759
561.532	185.6259
561.744	187.88590000000002
561.956	189.31590000000003
562.168	189.40590000000003
562.381	189.0359
562.593	189.9559
562.805	190.63590000000002
563.017	189.06590000000003
563.229	189.6759
563.441	187.5859
563.653	188.4659
563.865	188.4259
564.077	190.06590000000003
564.289	192.7659
564.501	194.1759
564.713	197.9559
564.925	201.81590000000003
565.137	212.29590000000002
565.349	203.8459
565.561	204.3559
565.773	209.29590000000002
565.985	213.9959
566.197	221.4259
566.408	228.0959
566.62	239.76590000000002
566.832	245.01590000000002
567.044	246.88590000000002
567.255	249.54590000000002
567.467	253.90590000000003
567.679	264.94590000000005
567.891	274.7059
568.102	275.09590000000003
568.314	261.58590000000004
568.526	245.13590000000002
568.737	234.4259
568.949	222.5859
569.161	211.3759
569.372	204.7859
569.584	200.6759
569.795	199.90590000000003
570.007	218.8259
570.218	339.94590000000005
570.43	231.72590000000002
570.641	192.64589999999998
570.853	188.1059
571.064	189.7359
571.276	186.88590000000002
571.487	184.1059
571.698	179.0159
571.91	176.5959
572.121	177.5759
572.333	173.6259
572.544	171.3459
572.755	172.2659
572.966	169.7059
573.178	169.7059
573.389	171.4459
573.6	168.3359
573.811	167.3559
574.023	167.2659
574.234	166.81590000000003
574.445	165.5859
574.656	166.7559
574.867	166.5859
575.078	165.8559
575.289	164.5059
575.501	168.0359
575.712	162.0759
575.923	162.7859
576.134	162.4359
576.345	162.89589999999998
576.556	164.0359
576.767	162.8759
576.978	162.5359
577.188	163.63590000000002
577.399	161.7359
577.61	162.0059
577.821	168.2559
578.032	183.1159
578.243	342.0759
578.454	811.2058999999999
578.665	278.3259
578.875	169.6259
579.086	159.0559
579.297	156.2359
579.508	154.7359
579.718	156.1959
579.929	154.9059
580.14	152.9759
580.35	151.3359
580.561	153.6959
580.772	153.7059
580.982	153.0859
581.193	151.9059
581.403	152.3159
581.614	151.0959
581.825	150.60590000000002
582.035	148.2159
582.246	150.3359
582.456	149.2359
582.667	150.9459
582.877	150.0659
583.087	149.04590000000002
583.298	151.1659
583.508	149.7759
583.719	149.7059
583.929	151.9459
584.139	150.5659
584.35	148.1559
584.56	149.89589999999998
584.77	147.8759
584.981	148.7859
585.191	149.4359
585.401	147.7059
585.611	146.8159
585.821	148.51590000000002
586.032	149.0559
586.242	148.6259
586.452	147.3159
586.662	146.9959
586.872	144.5259
587.082	144.6859
587.292	146.51590000000002
587.502	146.0859
587.713	145.0759
587.923	145.26590000000002
588.133	146.1259
588.343	145.26590000000002
588.553	144.0259
588.762	146.5859
588.972	147.2859
589.182	154.9359
589.392	148.26590000000002
589.602	147.5259
589.812	150.89589999999998
590.022	149.7959
590.232	146.0859
590.441	146.7159
590.651	147.9059
590.861	146.0959
591.071	146.6259
591.281	150.7059
591.49	149.7159
591.7	152.3059
591.91	153.26590000000002
592.119	152.60590000000002
592.329	156.4459
592.539	163.7159
592.748	158.6259
592.958	160.9259
593.167	160.3759
593.377	161.4659
593.587	168.1959
593.796	163.9259
594.006	162.7059
594.215	164.7459
594.424	163.1859
594.634	161.39589999999998
594.843	156.5759
595.053	156.2059
595.262	153.4459
595.472	151.01590000000002
595.681	150.29590000000002
595.89	147.3259
596.1	146.3659
596.309	145.3159
596.518	141.9459
596.727	144.6559
596.937	141.5359
597.146	142.20589999999999
597.355	141.85590000000002
597.564	140.2159
597.774	139.5659
597.983	137.1759
598.192	137.4159
598.401	137.0659
598.61	136.4159
598.819	137.3859
599.028	135.14589999999998
599.237	133.8659
599.446	134.7359
599.655	136.7259
599.864	136.64589999999998
600.073	135.8059
600.282	137.5959
600.491	134.0759
600.7	133.8259
600.909	133.60590000000002
601.118	136.6759
601.327	137.9859
601.536	135.5659
601.745	132.2959
601.953	134.9759
602.162	135.2859
602.371	132.8659
602.58	132.01590000000002
602.789	133.20589999999999
602.997	131.9859
603.206	132.8159
603.415	131.5559
603.623	130.4359
603.832	130.5059
604.041	129.85590000000002
604.249	130.0059
604.458	129.76590000000002
604.666	131.0459
604.875	129.6159
605.084	128.6659
605.292	127.86590000000001
605.501	128.1559
605.709	129.7359
605.918	129.1359
606.126	129.1759
606.334	128.8659
606.543	130.39589999999998
606.751	129.9859
606.96	128.5959
607.168	129.4659
607.376	127.7559
607.585	128.4759
607.793	129.1159
608.001	127.2559
608.21	128.3059
608.418	127.38589999999999
608.626	126.11590000000001
608.834	128.45589999999999
609.043	126.04589999999999
609.251	126.46589999999999
609.459	125.5059
609.667	128.0859
609.875	128.0859
610.083	125.9759
610.291	126.70589999999999
610.499	127.8259
610.707	125.3359
610.916	128.35590000000002
611.124	126.8059
611.332	127.1559
611.54	124.95589999999999
611.748	126.88589999999999
611.955	126.8959
612.163	125.5659
612.371	126.71589999999999
612.579	125.19590000000001
612.787	125.3159
612.995	126.8459
613.203	126.87589999999999
613.411	124.7259
613.618	124.27590000000001
613.826	123.52590000000001
614.034	126.3059
614.242	124.87589999999999
614.449	123.29589999999999
614.657	124.3259
614.865	126.4259
615.072	126.87589999999999
615.28	126.70589999999999
615.488	125.62589999999999
615.695	129.6559
615.903	135.3059
616.111	136.7159
616.318	137.2359
616.526	133.2759
616.733	133.35590000000002
616.941	127.6759
617.148	129.3459
617.356	127.3159
617.563	125.20589999999999
617.771	126.1759
617.978	124.38589999999999
618.185	126.5659
618.393	123.91590000000001
618.6	125.63589999999999
618.807	123.7459
619.015	124.29589999999999
619.222	123.44590000000001
619.429	123.2859
619.637	124.94590000000001
619.844	122.1459
620.051	121.8059
620.258	122.41590000000001
620.466	120.79589999999999
620.673	120.04589999999999
620.88	119.0159
621.087	121.87589999999999
621.294	119.62589999999999
621.501	119.3059
621.708	120.7359
621.915	121.7359
622.122	120.1759
622.329	121.1459
622.536	120.46589999999999
622.743	118.86590000000001
622.95	120.6459
623.157	117.77590000000001
623.364	119.1759
623.571	117.3459
623.778	118.13589999999999
623.985	121.4959
624.192	118.69590000000001
624.399	118.2559
624.606	119.6459
624.812	116.77590000000001
625.019	116.5759
625.226	117.8059
625.433	120.1859
625.639	117.5059
625.846	115.3959
626.053	114.5859
626.259	116.8559
626.466	116.3559
626.673	114.4759
626.879	113.7259
627.086	117.54589999999999
627.293	116.7859
627.499	114.96589999999999
627.706	117.0359
627.912	115.7259
628.119	114.45589999999999
628.325	117.1759
628.532	113.70589999999999
628.738	113.8159
628.945	116.27590000000001
629.151	114.0759
629.357	112.8959
629.564	114.3159
629.77	115.16590000000001
629.976	113.5959
630.183	113.27590000000001
630.389	111.87589999999999
630.595	113.19590000000001
630.802	113.11590000000001
631.008	111.4259
631.214	110.38589999999999
631.42	113.4959
631.627	115.86590000000001
631.833	111.3059
632.039	110.37589999999999
632.245	110.02590000000001
632.451	111.66590000000001
632.657	110.5559
632.863	111.77590000000001
633.069	111.8559
633.275	109.7559
633.481	109.6859
633.688	109.91590000000001
633.893	112.88589999999999
634.099	110.8159
634.305	109.5359
634.511	110.79589999999999
634.717	109.7659
634.923	110.0359
635.129	107.7659
635.335	107.8959
635.541	108.29589999999999
635.747	110.38589999999999
635.952	109.1859
636.158	109.63589999999999
636.364	117.63589999999999
636.57	114.2359
636.775	108.1559
636.981	107.38589999999999
637.187	109.29589999999999
637.392	107.3159
637.598	108.4259
637.804	110.4959
638.009	109.7659
638.215	109.1559
638.421	107.3159
638.626	107.21589999999999
638.832	106.36590000000001
639.037	106.0759
639.243	107.6459
639.448	107.0559
639.654	109.1859
639.859	106.8559
640.065	104.5959
640.27	111.61590000000001
640.475	104.4959
640.681	106.0759
640.886	105.8559
641.091	104.8059
641.297	108.86590000000001
641.502	106.0059
641.707	107.8459
641.913	107.86590000000001
642.118	103.69590000000001
642.323	104.41590000000001
642.528	106.1059
642.733	106.61590000000001
642.939	107.70589999999999
643.144	105.4259
643.349	104.38589999999999
643.554	104.9059
643.759	105.8559
643.964	103.52590000000001
644.169	105.0759
644.374	102.86590000000001
644.579	106.2459
644.784	105.6559
644.989	104.54589999999999
645.194	103.8359
645.399	106.2859
645.604	105.0159
645.809	107.96589999999999
646.014	106.54589999999999
646.219	105.46589999999999
646.423	105.41590000000001
646.628	105.0959
646.833	105.5659
647.038	107.44590000000001
647.243	105.5559
647.447	105.71589999999999
647.652	105.8959
647.857	106.19590000000001
648.062	108.94590000000001
648.266	109.79589999999999
648.471	113.9859
648.676	115.8959
648.88	113.5859
649.085	111.6059
649.289	109.52590000000001
649.494	121.3359
649.698	154.1959
649.903	121.7559
650.107	108.8959
650.312	107.8159
650.516	104.1759
650.721	103.62589999999999
650.925	100.91590000000001
651.13	100.4859
651.334	97.5759
651.539	100.2459
651.743	99.1759
651.947	101.02590000000001
652.152	99.7659
652.356	100.38589999999999
652.56	96.8459
652.764	98.2359
652.969	96.94590000000001
653.173	95.1559
653.377	95.8359
653.581	96.4359
653.785	95.7559
653.99	97.11590000000001
654.194	96.02590000000001
654.398	95.91590000000001
654.602	97.4259
654.806	99.2259
655.01	114.3059
655.214	102.36590000000001
655.418	96.62589999999999
655.622	95.03590000000001
655.826	96.8559
656.03	97.3159
656.234	101.2659
656.438	104.6859
656.642	105.2259
656.846	99.0859
657.049	96.2659
657.253	94.3959
657.457	92.63589999999999
657.661	92.3959
657.865	91.5059
658.068	89.13589999999999
658.272	88.3559
658.476	89.45589999999999
658.68	87.0059
658.883	88.21589999999999
659.087	86.4359
659.291	86.12589999999999
659.494	86.95589999999999
659.698	86.04589999999999
659.901	85.5159
660.105	86.19590000000001
660.309	85.94590000000001
660.512	83.4959
660.716	86.0559
660.919	85.38589999999999
661.123	86.7459
661.326	84.44590000000001
661.53	84.38589999999999
661.733	84.0759
661.936	85.0159
662.14	83.0059
662.343	82.61590000000001
662.546	82.7459
662.75	84.38589999999999
662.953	85.0659
663.156	82.28590000000001
663.36	82.87589999999999
663.563	83.1459
663.766	82.41590000000001
663.969	82.19590000000001
664.173	81.4059
664.376	81.5659
664.579	80.8659
664.782	82.9059
664.985	82.0059
665.188	81.5959
665.391	80.3259
665.594	80.66590000000001
665.797	81.1859
666.0	80.3459
666.203	80.1259
666.406	79.5659
666.609	82.28590000000001
666.812	83.4759
667.015	82.38589999999999
667.218	83.11590000000001
667.421	82.77590000000001
667.624	80.9259
667.827	81.77590000000001
668.03	79.9259
668.232	80.2859
668.435	81.8459
668.638	81.46589999999999
668.841	83.53590000000001
669.043	80.80590000000001
669.246	84.54589999999999
669.449	82.6559
669.651	81.2659
669.854	80.5159
670.057	82.2359
670.259	80.2659
670.462	82.1059
670.665	81.5659
670.867	82.9859
671.07	82.27590000000001
671.272	84.11590000000001
671.475	84.9759
671.677	81.29589999999999
671.88	80.2959
672.082	79.93589999999999
672.284	82.71589999999999
672.487	82.0859
672.689	80.1759
672.892	80.4859
