223.165	-15.8505
223.4	-15.8505
223.635	-15.8505
223.869	-19.0705
224.104	-18.7505
224.338	-14.7505
224.573	-14.5605
224.808	-13.420499999999999
225.042	-8.5905
225.277	-5.9105
225.511	-2.5505
225.746	4.1195
225.98	7.1095
226.215	10.4695
226.449	16.2695
226.683	21.4095
226.918	23.9695
227.152	30.109499999999997
227.387	34.5295
227.621	36.2995
227.856	43.1395
228.09	46.5895
228.324	50.819500000000005
228.559	55.48950000000001
228.793	69.2995
229.027	102.07950000000001
229.262	112.7595
229.496	128.1595
229.73	159.1695
229.964	158.8995
230.199	123.3995
230.433	116.9795
230.667	118.9395
230.901	115.5695
231.136	113.8095
231.37	112.8395
231.604	115.2795
231.838	117.2895
232.072	116.7995
232.306	118.9795
232.541	118.0895
232.775	119.1495
233.009	120.4395
233.243	119.3695
233.477	122.8695
233.711	122.7895
233.945	122.5295
234.179	123.0895
234.413	122.8595
234.647	121.4795
234.881	122.6095
235.115	123.6895
235.349	125.16950000000001
235.583	126.4295
235.817	130.4495
236.051	131.8995
236.285	131.77949999999998
236.519	131.8195
236.753	142.0395
236.987	162.95950000000002
237.221	213.1695
237.455	227.81950000000003
237.689	160.6295
237.922	144.2995
238.156	140.83950000000002
238.39	136.4995
238.624	133.0695
238.858	134.1695
239.091	133.9795
239.325	137.68949999999998
239.559	142.2595
239.793	143.2295
240.027	147.7395
240.26	162.0195
240.494	168.2195
240.728	163.74949999999998
240.961	161.5495
241.195	151.7495
241.429	148.2895
241.662	145.77949999999998
241.896	146.4195
242.13	146.9595
242.363	147.0995
242.597	147.7095
242.83	153.0495
243.064	152.1095
243.298	151.7495
243.531	151.8495
243.765	153.8495
243.998	155.4195
244.232	159.93949999999998
244.465	166.4195
244.699	164.5895
244.932	160.6495
245.166	160.1595
245.399	161.6995
245.633	161.3195
245.866	161.4595
246.099	161.8595
246.333	165.6895
246.566	167.6295
246.8	168.7695
247.033	171.3995
247.266	177.5395
247.5	182.0795
247.733	187.1995
247.966	187.5795
248.2	187.4495
248.433	187.3495
248.666	192.88950000000003
248.899	207.4295
249.133	224.0795
249.366	232.63950000000003
249.599	220.6495
249.832	197.6995
250.066	196.9695
250.299	204.11950000000002
250.532	219.0795
250.765	232.2695
250.998	246.3395
251.231	235.7195
251.465	221.6895
251.698	213.5995
251.931	211.70950000000002
252.164	210.95950000000002
252.397	213.6295
252.63	218.8395
252.863	227.0895
253.096	239.8495
253.329	245.72950000000003
253.562	235.72950000000003
253.795	228.8295
254.028	230.0295
254.261	235.95950000000002
254.494	254.8995
254.727	289.5595
254.96	297.5095
255.193	268.3395
255.426	249.8595
255.659	243.7595
255.892	252.8095
256.124	261.7595
256.357	252.2195
256.59	238.7195
256.823	230.5795
257.056	228.6795
257.289	228.8095
257.521	228.5595
257.754	227.70950000000002
257.987	227.6695
258.22	228.3795
258.452	229.3395
258.685	229.0395
258.918	231.0895
259.151	236.4295
259.383	242.3095
259.616	244.7695
259.849	251.5895
260.081	268.6295
260.314	284.35949999999997
260.547	274.3895
260.779	259.9695
261.012	253.4495
261.244	248.8095
261.477	250.4195
261.71	259.4195
261.942	287.47950000000003
262.175	296.2195
262.407	257.4395
262.64	243.5295
262.872	242.56950000000003
263.105	240.7595
263.337	243.8095
263.57	244.8495
263.802	245.06950000000003
264.035	242.6095
264.267	242.86950000000002
264.499	244.13950000000003
264.732	245.70950000000002
264.964	244.2895
265.197	248.56950000000003
265.429	247.3395
265.661	247.0395
265.894	251.0595
266.126	252.65950000000004
266.358	252.4695
266.591	255.0095
266.823	263.2695
267.055	264.5295
267.287	263.0195
267.52	262.2595
267.752	260.9695
267.984	263.1695
268.216	267.6195
268.448	269.8895
268.681	276.3995
268.913	290.3895
269.145	310.7195
269.377	315.0795
269.609	304.3395
269.841	302.5195
270.073	314.1395
270.306	343.50949999999995
270.538	359.4195
270.77	342.0295
271.002	326.5895
271.234	324.7095
271.466	339.4295
271.698	351.9195
271.93	351.8395
272.162	354.3395
272.394	348.5195
272.626	331.39950000000005
272.858	313.9695
273.09	309.1495
273.322	306.2695
273.553	303.3295
273.785	301.7795
274.017	301.59950000000003
274.249	302.5295
274.481	305.5095
274.713	305.84950000000003
274.945	312.0295
275.176	307.4895
275.408	307.1295
275.64	308.3795
275.872	307.7195
276.104	313.2195
276.335	317.7395
276.567	337.9795
276.799	366.7395
277.031	379.8895
277.262	379.6095
277.494	361.00949999999995
277.726	340.5295
277.957	330.4995
278.189	323.1495
278.421	318.8395
278.652	319.5395
278.884	318.0595
279.115	315.90950000000004
279.347	318.10949999999997
279.579	318.0195
279.81	318.2195
280.042	320.7895
280.273	327.3895
280.505	324.9295
280.736	323.1895
280.968	324.0595
281.199	324.6295
281.431	325.3195
281.662	328.4795
281.894	333.00949999999995
282.125	348.7495
282.356	390.14950000000005
282.588	429.18949999999995
282.819	384.7495
283.051	341.0895
283.282	335.0195
283.513	338.78950000000003
283.745	341.6695
283.976	342.6995
284.207	345.21950000000004
284.439	347.1695
284.67	343.7795
284.901	343.2795
285.132	343.6595
285.364	341.6595
285.595	342.64950000000005
285.826	345.61949999999996
286.057	350.84950000000003
286.288	346.4995
286.52	348.8395
286.751	349.14950000000005
286.982	350.8795
287.213	352.1695
287.444	356.07950000000005
287.675	364.6295
287.906	375.3195
288.138	380.1095
288.369	378.8795
288.6	377.1695
288.831	369.6095
289.062	364.64950000000005
289.293	365.3095
289.524	363.4995
289.755	362.4895
289.986	359.9195
290.217	361.5295
290.448	361.89950000000005
290.679	363.34950000000003
290.91	363.4895
291.141	362.4195
291.371	362.93949999999995
291.602	363.8095
291.833	362.84950000000003
292.064	364.89950000000005
292.295	364.1695
292.526	366.1695
292.757	367.1095
292.987	363.4895
293.218	363.7295
293.449	369.7695
293.68	368.29949999999997
293.91	368.18949999999995
294.141	369.7095
294.372	364.68949999999995
294.603	370.0195
294.833	370.8395
295.064	370.93949999999995
295.295	374.0695
295.525	375.3395
295.756	393.7395
295.987	420.9095
296.217	465.0295
296.448	443.1095
296.679	388.7395
296.909	379.8395
297.14	383.8795
297.37	388.32950000000005
297.601	388.84950000000003
297.831	389.2395
298.062	392.1595
298.292	394.1595
298.523	398.2495
298.753	397.3095
298.984	390.93949999999995
299.214	394.54949999999997
299.445	396.7295
299.675	400.8095
299.905	409.0295
300.136	401.8395
300.366	398.9895
300.597	405.3595
300.827	418.4495
301.057	434.0595
301.288	440.34950000000003
301.518	423.9995
301.748	422.3095
301.979	433.6995
302.209	427.7095
302.439	426.84950000000003
302.669	419.18949999999995
302.9	416.4095
303.13	416.1795
303.36	427.2095
303.59	436.3395
303.82	446.07950000000005
304.051	427.4195
304.281	422.03950000000003
304.511	413.1295
304.741	414.5195
304.971	411.4195
305.201	412.0595
305.431	411.9895
305.661	414.2395
305.891	416.9495
306.121	417.1795
306.352	432.79949999999997
306.582	433.09950000000003
306.812	414.9595
307.042	415.0895
307.272	419.2395
307.502	424.4595
307.731	420.4595
307.961	417.71950000000004
308.191	415.0295
308.421	414.36949999999996
308.651	418.8095
308.881	420.5695
309.111	424.57950000000005
309.341	428.75949999999995
309.571	445.1795
309.8	448.9995
310.03	455.8595
310.26	456.8895
310.49	454.8895
310.72	472.3195
310.949	487.84950000000003
311.179	476.6395
311.409	458.2395
311.639	459.3595
311.868	461.4295
312.098	466.78950000000003
312.328	476.1995
312.557	498.61949999999996
312.787	510.43949999999995
313.017	491.3095
313.246	472.0595
313.476	462.4795
313.706	469.39950000000005
313.935	485.5595
314.165	497.3795
314.394	499.2195
314.624	489.0595
314.853	478.6595
315.083	471.4095
315.312	466.4095
315.542	464.1595
315.771	459.09950000000003
316.001	454.5295
316.23	455.1795
316.46	455.29949999999997
316.689	462.9295
316.919	466.89950000000005
317.148	474.34950000000003
317.377	471.1595
317.607	467.3395
317.836	464.0595
318.065	457.09950000000003
318.295	456.4995
318.524	455.79949999999997
318.753	454.84950000000003
318.983	461.5695
319.212	467.18949999999995
319.441	484.86949999999996
319.67	485.00949999999995
319.9	459.82950000000005
320.129	460.5195
320.358	462.9895
320.587	470.75949999999995
320.816	479.86949999999996
321.046	487.5195
321.275	480.14950000000005
321.504	478.3895
321.733	484.4995
321.962	490.9995
322.191	503.6695
322.42	520.9295000000001
322.649	534.7095
322.878	541.1895
323.108	557.3995
323.337	590.6695
323.566	618.8695
323.795	673.9495
324.024	797.7195
324.253	1201.9095
324.482	2047.3595
324.71	3243.6195
324.939	3761.8695
325.168	2199.4295
325.397	943.4295
325.626	694.2495
325.855	629.5995
326.084	612.8195000000001
326.313	622.5595
326.542	660.9195
326.77	813.6595000000001
326.999	1210.7995
327.228	2032.8395
327.457	3133.5494999999996
327.686	2733.8695
327.914	1157.2495000000001
328.143	823.6795
328.372	750.4695
328.6	688.4295
328.829	667.4795
329.058	700.2995000000001
329.287	695.6095
329.515	631.0095
329.744	606.3095
329.972	626.5895
330.201	673.8794999999999
330.43	733.6995
330.658	735.9095000000001
330.887	768.5095
331.115	691.6895000000001
331.344	610.9595
331.572	599.9694999999999
331.801	617.8895
332.03	615.4895
332.258	599.9895
332.486	594.0495
332.715	605.3594999999999
332.943	621.4095
333.172	639.3095
333.4	659.4594999999999
333.629	681.4195
333.857	707.2695000000001
334.085	716.3794999999999
334.314	738.1495
334.542	789.1294999999999
334.771	776.6195
334.999	671.6294999999999
335.227	638.0295
335.455	620.4395
335.684	609.1295
335.912	602.1795000000001
336.14	596.7695
336.369	595.0995
336.597	607.9495
336.825	596.4295000000001
337.053	579.7795
337.281	572.7295
337.51	569.4895
337.738	569.1695
337.966	567.2895
338.194	571.7095
338.422	560.3495
338.65	551.1295
338.878	551.2795
339.106	544.2095
339.334	545.3395
339.562	535.9295000000001
339.79	529.4694999999999
340.018	533.5794999999999
340.246	537.0495
340.474	539.7395
340.702	534.6094999999999
340.93	532.3594999999999
341.158	533.7995
341.386	538.8795
341.614	543.0895
341.842	532.5295
342.07	524.3195000000001
342.298	522.5195
342.526	521.9895
342.754	518.0095
342.981	518.5195
343.209	530.6195
343.437	562.0595
343.665	582.9795
343.893	606.9694999999999
344.12	612.1395
344.348	587.3895
344.576	569.9595
344.804	564.0695000000001
345.031	565.2194999999999
345.259	562.9995
345.487	542.3995
345.714	531.7695
345.942	520.4095
346.17	513.4495
346.397	513.4395
346.625	517.4795
346.853	514.8594999999999
347.08	511.6995
347.308	520.4694999999999
347.535	534.5595
347.763	538.3495
347.99	526.6195
348.218	535.3695
348.445	544.0495
348.673	528.0495
348.9	517.5794999999999
349.128	507.2095
349.355	498.79949999999997
349.583	496.6995
349.81	502.3795
350.037	499.4595
350.265	496.7795
350.492	499.35949999999997
350.72	503.9695
350.947	512.1995
351.174	531.7395
351.402	539.2395
351.629	521.9595
351.856	523.1995
352.083	530.6595
352.311	536.5595
352.538	539.1495
352.765	535.4694999999999
352.992	533.7495
353.22	525.1795
353.447	516.7795
353.674	501.61949999999996
353.901	494.61949999999996
354.128	491.86949999999996
354.355	491.39950000000005
354.583	494.0695
354.81	493.78950000000003
355.037	489.1795
355.264	484.7095
355.491	485.71950000000004
355.718	485.3595
355.945	484.43949999999995
356.172	489.5695
356.399	487.96950000000004
356.626	489.3595
356.853	488.86949999999996
357.08	482.59950000000003
357.307	485.1695
357.534	481.6095
357.761	487.8095
357.988	490.86949999999996
358.215	490.1095
358.441	489.9995
358.668	490.59950000000003
358.895	497.54949999999997
359.122	497.9995
359.349	505.6495
359.576	524.8195000000001
359.802	556.3995
360.029	590.5095
360.256	585.9395
360.483	550.2895
360.709	515.7395
360.936	513.4395
361.163	519.4295000000001
361.39	525.0595
361.616	520.8395
361.843	508.2895
362.07	518.8895
362.296	522.1895
362.523	512.3195000000001
362.749	512.9095
362.976	507.3195
363.203	503.0795
363.429	493.6595
363.656	499.96950000000004
363.882	495.5795
364.109	494.6395
364.335	493.85949999999997
364.562	496.75949999999995
364.788	496.75949999999995
365.015	499.6995
365.241	508.2695
365.468	520.6094999999999
365.694	523.4595
365.92	507.2795
366.147	495.1795
366.373	497.0395
366.599	493.4795
366.826	492.0695
367.052	489.7495
367.278	498.34950000000003
367.505	497.34950000000003
367.731	499.6795
367.957	501.0895
368.184	505.1795
368.41	520.2495
368.636	541.4795
368.862	553.1395
369.089	530.1895
369.315	510.2695
369.541	507.2495
369.767	507.0595
369.993	509.11949999999996
370.219	508.85949999999997
370.445	508.9995
370.672	509.6295
370.898	509.6595
371.124	513.2194999999999
371.35	519.5295
371.576	518.9395
371.802	512.5995
372.028	510.54949999999997
372.254	517.8195000000001
372.48	521.8995
372.706	532.1595
372.932	533.6195
373.158	527.9195
373.384	526.3594999999999
373.61	523.9395
373.835	524.8795
374.061	525.1195
374.287	534.2095
374.513	539.8195000000001
374.739	553.9195
374.965	563.3895
375.191	560.3995
375.416	551.2695
375.642	540.6895
375.868	540.2895
376.094	532.7495
376.319	525.1094999999999
376.545	523.8695
376.771	524.0095
376.997	521.3895
377.222	522.2595
377.448	519.1695
377.674	517.1595
377.899	513.5195
378.125	515.4694999999999
378.35	516.2595
378.576	515.6195
378.802	512.1094999999999
379.027	515.2395
379.253	518.7595
379.478	515.9694999999999
379.704	515.2295
379.929	521.4595
380.155	523.9694999999999
380.38	519.9395
380.606	524.9694999999999
380.831	521.7795
381.057	527.7495
381.282	526.6495
381.507	528.5295
381.733	532.7095
381.958	536.2595
382.184	543.6995
382.409	549.0495
382.634	554.8895
382.86	550.7595
383.085	559.8294999999999
383.31	564.9895
383.535	573.8695
383.761	575.7795
383.986	582.1795000000001
384.211	591.3594999999999
384.436	599.9295000000001
384.662	603.5794999999999
384.887	614.5995
385.112	615.0794999999999
385.337	622.6295
385.562	621.7995
385.787	626.8395
386.013	640.2995
386.238	649.0595
386.463	638.7395
386.688	636.8294999999999
386.913	616.9095
387.138	620.0695000000001
387.363	616.8795
387.588	606.9095
387.813	611.9895
388.038	615.3195000000001
388.263	625.7495
388.488	623.7695
388.713	610.8995
388.938	605.6395
389.163	603.0695000000001
389.387	607.4895
389.612	597.3695
389.837	598.9795
390.062	596.4495
390.287	599.1895
390.512	597.2695
390.736	603.4495
390.961	612.4395
391.186	622.3294999999999
391.411	641.4295000000001
391.636	651.5295
391.86	663.7895
392.085	670.3395
392.31	654.9894999999999
392.534	644.0595
392.759	639.1595
392.984	625.5995
393.208	624.5395
393.433	626.5095
393.658	621.9995
393.882	620.4895
394.107	621.5995
394.331	628.1295
394.556	630.0095
394.78	637.3095
395.005	640.3495
395.229	640.7995
395.454	660.4195
395.678	670.6995
395.903	669.4795
396.127	676.8794999999999
396.352	656.9695
396.576	636.1195
396.801	632.8695
397.025	640.9495
397.249	652.8695
397.474	670.8595
397.698	669.1995
397.922	688.6095
398.147	696.9695
398.371	705.8895
398.595	720.3695
398.82	748.8895
399.044	805.3995
399.268	885.1495
399.492	996.0195000000001
399.717	1059.9995000000001
399.941	1037.9495
400.165	972.6795
400.389	904.3494999999999
400.613	819.4995
400.837	774.6795
401.062	759.1595000000001
401.286	750.0095
401.51	745.0295
401.734	746.8895
401.958	771.1795
402.182	816.3895
402.406	870.6294999999999
402.63	827.0295
402.854	803.1795
403.078	804.7695000000001
403.302	814.6995
403.526	827.8895
403.75	835.4095000000001
403.974	838.1795
404.198	834.3695
404.422	849.0095
404.645	840.9695
404.869	844.0595
405.093	871.4995
405.317	896.6095
405.541	898.2094999999999
405.765	851.3295
405.988	862.5595
406.212	948.4395000000001
406.436	1040.8995
406.66	949.8794999999999
406.883	890.5395
407.107	939.5495000000001
407.331	993.0495000000001
407.555	1048.1795
407.778	1010.0994999999999
408.002	928.8695
408.226	886.0695
408.449	873.4395000000001
408.673	861.9894999999999
408.896	881.5195000000001
409.12	892.5395
409.344	848.4695
409.567	810.8794999999999
409.791	811.0195000000001
410.014	801.8794999999999
410.238	792.8794999999999
410.461	796.8895
410.685	805.5595
410.908	816.8095
411.132	842.7595
411.355	839.6294999999999
411.578	798.5495000000001
411.802	770.6294999999999
412.025	774.5195000000001
412.249	794.9894999999999
412.472	810.4894999999999
412.695	822.3494999999999
412.919	778.6294999999999
413.142	755.3095
413.365	744.8695
413.589	745.0595
413.812	729.8595
414.035	725.3794999999999
414.258	730.7895
414.482	734.8695
414.705	739.9095000000001
414.928	735.6795
415.151	736.0595
415.374	735.6795
415.597	726.0695
415.821	715.2995000000001
416.044	718.0994999999999
416.267	718.3295
416.49	713.7195
416.713	713.2195
416.936	724.0795
417.159	720.9395000000001
417.382	729.8895
417.605	730.4395000000001
417.828	751.2094999999999
418.051	762.7895
418.274	747.0295
418.497	731.5495000000001
418.72	744.4295
418.943	739.0795
419.166	784.3195
419.389	822.0095
419.611	808.9795
419.834	788.1795
420.057	781.4395000000001
420.28	767.4295
420.503	749.2695000000001
420.726	747.4894999999999
420.948	763.0595
421.171	803.8095
421.394	802.4495
421.617	749.0095
421.839	744.9795
422.062	757.6095
422.285	776.5495000000001
422.507	849.0595
422.73	901.2595
422.953	834.4195
423.175	793.5495000000001
423.398	793.6795
423.621	796.6995
423.843	819.4695
424.066	813.1294999999999
424.288	806.4095000000001
424.511	828.4995
424.733	883.6695
424.956	940.8494999999999
425.178	887.4095000000001
425.401	897.0295
425.623	883.5895
425.846	780.4695
426.068	765.8895
426.291	752.9295
426.513	752.8895
426.735	762.2695000000001
426.958	816.1195
427.18	904.0795
427.402	1052.7595
427.625	1114.5295
427.847	939.2094999999999
428.069	831.3095
428.292	749.7995000000001
428.514	702.2495
428.736	690.8395
428.958	686.9795
429.181	668.0695
429.403	671.9594999999999
429.625	687.4795
429.847	727.7394999999999
430.069	786.3095
430.292	737.2795
430.514	672.8895
430.736	672.8794999999999
430.958	666.8794999999999
431.18	652.6395
431.402	656.7394999999999
431.624	653.9495
431.846	659.8995
432.068	663.6695
432.29	671.5994999999999
432.512	661.7295
432.734	676.1695
432.956	667.1495
433.178	683.9195
433.4	680.3895
433.622	666.0994999999999
433.844	671.6495
434.066	671.8695
434.287	682.8095
434.509	705.7595
434.731	725.1795
434.953	741.2595
435.175	751.9594999999999
435.397	765.1895000000001
435.618	761.6395
435.84	808.6795
436.062	907.5495000000001
436.284	900.1095
436.505	761.4695
436.727	731.6795
436.949	692.5895
437.17	677.9195
437.392	675.4495
437.614	700.6795
437.835	762.9894999999999
438.057	869.7795
438.278	922.3695
438.5	905.2495
438.721	993.3295
438.943	868.4095000000001
439.165	737.1895000000001
439.386	717.7495
439.608	728.5395
439.829	745.3295
440.05	806.2394999999999
440.272	867.1895000000001
440.493	760.1195
440.715	714.2394999999999
440.936	703.9495
441.158	708.5994999999999
441.379	723.0195000000001
441.6	763.1495
441.822	789.9594999999999
442.043	836.4295
442.264	914.6795
442.486	885.8494999999999
442.707	797.3595
442.928	791.8395
443.149	843.2795
443.371	867.0395
443.592	894.7695000000001
443.813	989.1595000000001
444.034	981.6395
444.255	852.9695
444.476	831.1395
444.698	851.7795
444.919	860.7595
445.14	877.1895000000001
445.361	859.0795
445.582	873.8895
445.803	961.0994999999999
446.024	1023.7795
446.245	979.5395
446.466	868.2195
446.687	743.6495
446.908	710.4095000000001
447.129	675.4395000000001
447.35	664.9095000000001
447.571	662.8395
447.792	652.6695
448.013	670.3695
448.234	706.0695
448.455	767.2795
448.675	896.0395
448.896	944.2895
449.117	782.0495000000001
449.338	808.4295
449.559	957.3895
449.779	981.0895
450.0	748.9594999999999
450.221	671.6395
450.442	648.9594999999999
450.662	650.2895
450.883	672.1395
451.104	693.0695
451.324	655.0495000000001
451.545	626.5095
451.766	612.7995
451.986	600.6695
452.207	599.2194999999999
452.428	603.2795
452.648	612.0295
452.869	631.6495
453.089	640.1695
453.31	657.0395
453.53	607.1995
453.751	601.3695
453.971	616.6795000000001
454.192	646.3095
454.412	601.8895
454.633	585.1895
454.853	577.9395
455.073	585.7595
455.294	631.5895
455.514	693.6294999999999
455.734	630.7695
455.955	570.4795
456.175	556.7395
456.395	554.7895
456.616	550.1295
456.836	553.0995
457.056	551.1195
457.276	541.3395
457.497	557.7395
457.717	560.8594999999999
457.937	566.8395
458.157	578.7695
458.377	592.9795
458.598	648.9095000000001
458.818	780.5295
459.038	872.5994999999999
459.258	805.6995
459.478	696.7695000000001
459.698	674.5695
459.918	680.7394999999999
460.138	700.1095
460.358	722.0195000000001
460.578	724.4594999999999
460.798	737.6695
461.018	737.2195
461.238	716.5994999999999
461.458	718.1895000000001
461.678	711.8295
461.898	726.2495
462.118	733.6195
462.338	764.5695
462.558	778.7394999999999
462.777	808.6294999999999
462.997	869.2394999999999
463.217	908.9594999999999
463.437	892.0095
463.657	830.1995
463.876	812.4894999999999
464.096	819.7695000000001
464.316	822.2295
464.536	828.4295
464.755	808.7394999999999
464.975	813.7394999999999
465.195	915.0495000000001
465.414	919.1995
465.634	739.3794999999999
465.854	687.4395000000001
466.073	661.1895000000001
466.293	641.1995
466.512	624.1094999999999
466.732	614.4995
466.951	616.5295
467.171	617.6995
467.391	631.9495
467.61	649.4695
467.829	643.4895
468.049	640.5695000000001
468.268	633.2595
468.488	597.0695000000001
468.707	587.5295
468.927	590.4895
469.146	585.6895
469.365	598.2995
469.585	602.4395
469.804	626.6094999999999
470.023	649.8595
470.243	640.3294999999999
470.462	656.5795
470.681	686.3195
470.901	654.0395
471.12	629.0995
471.339	620.8095
471.558	620.6795000000001
471.777	616.1695
471.997	606.7194999999999
472.216	652.2495
472.435	729.8494999999999
472.654	634.8895
472.873	598.5495
473.092	592.8495
473.311	586.5495
473.53	592.5495
473.749	608.0495
473.968	670.3295
474.187	779.9795
474.406	729.8095
474.625	624.1595
474.844	595.7194999999999
475.063	590.0495
475.282	589.6595
475.501	596.4295000000001
475.72	605.8294999999999
475.939	604.4195
476.158	607.3095
476.377	610.8495
476.596	610.4995
476.814	632.9694999999999
477.033	638.9195
477.252	641.1895
477.471	646.2995
477.69	657.1995
477.908	671.7895
478.127	686.5695
478.346	692.3195
478.564	707.1095
478.783	720.2895
479.002	733.1495
479.22	731.9594999999999
479.439	751.5595
479.658	769.6595000000001
479.876	769.6294999999999
480.095	782.9695
480.313	823.3695
480.532	807.8695
480.751	799.5295
480.969	835.6395
481.188	1005.2295
481.406	931.3794999999999
481.624	771.8095
481.843	727.3794999999999
482.061	708.4594999999999
482.28	697.7094999999999
482.498	684.3494999999999
482.717	681.3395
482.935	682.8295
483.153	677.6495
483.372	682.0795
483.59	681.1895000000001
483.808	680.0994999999999
484.027	681.0095
484.245	691.6695
484.463	696.8595
484.681	704.5895
484.9	705.2695000000001
485.118	710.4695
485.336	710.0795
485.554	720.1595000000001
485.772	726.0695
485.99	729.1695
486.209	734.6395
486.427	738.9195
486.645	752.8695
486.863	769.6795
487.081	750.1195
487.299	738.4095000000001
487.517	729.7895
487.735	726.0895
487.953	725.8595
488.171	726.3595
488.389	730.1095
488.607	736.5895
488.825	732.9495
489.043	732.7795
489.261	737.2195
489.479	738.6595000000001
489.696	740.6395
489.914	744.7795
490.132	756.6495
490.35	761.6595000000001
490.568	764.4495
490.786	779.6294999999999
491.003	786.3095
491.221	800.9095000000001
491.439	815.1495
491.657	821.6195
491.874	824.2495
492.092	825.8895
492.31	833.6095
492.527	838.1895000000001
492.745	842.6995
492.963	846.0495000000001
493.18	851.2495
493.398	859.5994999999999
493.615	872.6294999999999
493.833	869.4795
494.05	861.6995
494.268	857.8595
494.485	855.1294999999999
494.703	851.5994999999999
494.92	857.9495
495.138	849.5895
495.355	853.7895
495.573	855.1795
495.79	853.9995
496.008	856.5295
496.225	853.4095000000001
496.442	853.9095000000001
496.66	861.0895
496.877	864.8794999999999
497.094	874.9894999999999
497.312	887.1695
497.529	907.8695
497.746	928.0195000000001
497.963	946.6795
498.181	988.8895
498.398	1014.9594999999999
498.615	1074.0595
498.832	1124.6495
499.049	1154.2995
499.267	1216.2995
499.484	1294.3795
499.701	1370.6895
499.918	1443.3395
500.135	1525.5895
500.352	1580.3595
500.569	1593.6595
500.786	1581.6795000000002
501.003	1542.2995
501.22	1476.4095
501.437	1403.7095000000002
501.654	1335.7695
501.871	1285.2495000000001
502.088	1187.7495000000001
502.305	1122.5695
502.522	1068.9595
502.739	1032.5695
502.956	986.8195
503.172	959.8895
503.389	938.6995
503.606	947.0195000000001
503.823	924.0595
504.04	909.8695
504.256	912.7994999999999
504.473	920.7394999999999
504.69	927.9495
504.907	909.9594999999999
505.123	863.4495
505.34	837.3995
505.557	823.1294999999999
505.773	814.6895000000001
505.99	807.0095
506.207	800.6294999999999
506.423	791.0095
506.64	781.3295
506.856	772.9295
507.073	769.9594999999999
507.289	767.8794999999999
507.506	769.7295
507.722	800.9295
507.939	804.1595000000001
508.155	758.1095
508.372	740.4195
508.588	731.9295
508.805	736.6895000000001
509.021	741.0695
509.238	759.8195
509.454	760.8695
509.67	756.3195
509.887	748.6795
510.103	768.5495000000001
510.319	876.9695
510.536	1658.2395000000001
510.752	4109.1295
510.968	1609.1995
511.184	797.3295
511.401	733.4695
511.617	706.7695000000001
511.833	703.9395000000001
512.049	699.0495000000001
512.265	694.8794999999999
512.481	691.6395
512.698	686.8494999999999
512.914	691.5595
513.13	684.1695
513.346	682.8095
513.562	686.2995000000001
513.778	696.0695
513.994	703.9295
514.21	720.4495
514.426	763.9495
514.642	826.7094999999999
514.858	831.8295
515.074	924.9795
515.29	1460.3995000000002
515.506	3166.0995000000003
515.721	1597.1695
515.937	887.2394999999999
516.153	804.3295
516.369	781.4695
516.585	779.4095000000001
516.801	788.5795
517.016	802.7795
517.232	830.1495
517.448	845.7495
517.664	861.6395
517.879	863.2394999999999
518.095	857.5595
518.311	841.7295
518.527	810.5095
518.742	792.0195000000001
518.958	768.6495
519.173	752.5195000000001
519.389	739.8295
519.605	729.9395000000001
519.82	726.3095
520.036	743.3095
520.251	781.5295
520.467	783.6895000000001
520.682	764.3395
520.898	765.5295
521.113	790.9195
521.329	856.4095000000001
521.544	1025.1895
521.76	1710.1595
521.975	4609.4495
522.19	3185.4795000000004
522.406	1143.6095
522.621	767.6294999999999
522.836	694.3095
523.052	664.5595
523.267	644.5095
523.482	632.8795
523.698	636.8795
523.913	663.9095000000001
524.128	639.4495
524.343	611.0995
524.559	601.8895
524.774	594.6295
524.989	601.5995
525.204	618.8294999999999
525.419	610.3195000000001
525.634	589.4395
525.849	586.2395
526.064	579.0794999999999
526.28	578.5395
526.495	571.7795
526.71	570.0495
526.925	567.9795
527.14	567.9295000000001
527.355	570.9195
527.57	566.2495
527.785	567.7595
527.999	563.9195
528.214	570.1895
528.429	573.8395
528.644	571.2194999999999
528.859	570.0095
529.074	575.5195
529.289	639.0695000000001
529.503	781.2895
529.718	639.5895
529.933	591.1695
530.148	579.9195
530.363	573.6895
530.577	566.0495
530.792	564.0595
531.007	563.3294999999999
531.221	563.9495
531.436	559.9895
531.651	562.2395
531.865	560.0595
532.08	559.8195000000001
532.295	559.1094999999999
532.509	553.0395
532.724	555.6295
532.938	561.3895
533.153	561.6395
533.367	556.8294999999999
533.582	556.3294999999999
533.796	553.5395
534.011	551.0995
534.225	551.0095
534.44	543.1995
534.654	545.9895
534.868	543.5195
535.083	542.4795
535.297	546.6695
535.511	560.9795
535.726	564.3895
535.94	558.0595
536.154	545.7095
536.369	539.1995
536.583	529.8795
536.797	524.6195
537.011	522.3594999999999
537.225	519.4995
537.44	522.9995
537.654	522.1895
537.868	521.5895
538.082	523.4095
538.296	525.2695
538.51	523.5695000000001
538.724	519.4895
538.938	516.5095
539.153	523.3594999999999
539.367	543.8594999999999
539.581	526.4395
539.795	510.3295
540.009	510.2695
540.222	511.09950000000003
540.436	516.2295
540.65	514.7295
540.864	520.0595
541.078	526.8795
541.292	516.8395
541.506	506.29949999999997
541.72	501.6995
541.934	498.85949999999997
542.147	498.5895
542.361	493.0695
542.575	490.25949999999995
542.789	496.8295
543.002	502.2795
543.216	508.4695
543.43	516.4694999999999
543.644	503.9595
543.857	501.0595
544.071	504.36949999999996
544.285	504.3395
544.498	500.4795
544.712	501.68949999999995
544.925	504.7695
545.139	500.8995
545.352	503.2795
545.566	504.29949999999997
545.779	502.8295
545.993	500.6795
546.206	500.3895
546.42	499.49949999999995
546.633	502.0195
546.847	501.1595
547.06	497.3295
547.274	496.5295
547.487	492.8395
547.7	496.43949999999995
547.914	498.5795
548.127	500.2695
548.34	502.0195
548.554	500.3195
548.767	499.9095
548.98	502.85949999999997
549.193	502.60949999999997
549.407	505.0795
549.62	510.2695
549.833	509.09950000000003
550.046	502.6595
550.259	496.6595
550.473	493.8195
550.686	492.11949999999996
550.899	488.8395
551.112	485.1295
551.325	485.60949999999997
551.538	489.6495
551.751	488.0295
551.964	491.9495
552.177	497.3095
552.39	500.6695
552.603	512.5395
552.816	518.9495
553.029	525.8995
553.242	536.6395
553.455	553.2495
553.667	563.7595
553.88	560.2095
554.093	532.8795
554.306	524.0695000000001
554.519	510.1795
554.732	496.8995
554.944	487.1295
555.157	479.11949999999996
555.37	474.7795
555.583	470.82950000000005
555.795	469.6395
556.008	456.6995
556.221	452.1095
556.433	446.9095
556.646	445.32950000000005
556.859	441.59950000000003
557.071	437.4595
557.284	437.9795
557.496	433.18949999999995
557.709	432.4095
557.921	430.0195
558.134	425.6295
558.346	423.78950000000003
558.559	424.4895
558.771	421.2295
558.984	418.4195
559.196	420.25949999999995
559.409	418.0295
559.621	418.03950000000003
559.833	415.36949999999996
560.046	413.1695
560.258	416.6695
560.47	419.1395
560.683	414.2695
560.895	410.8195
561.107	411.1295
561.32	412.4095
561.532	413.5695
561.744	413.4895
561.956	412.4195
562.168	415.4595
562.381	419.84950000000003
562.593	419.5295
562.805	421.1295
563.017	420.4595
563.229	420.9195
563.441	422.7095
563.653	423.39950000000005
563.865	422.1795
564.077	425.18949999999995
564.289	431.3595
564.501	437.5695
564.713	443.4195
564.925	456.64950000000005
565.137	479.7695
565.349	469.7295
565.561	478.9095
565.773	492.57950000000005
565.985	508.3295
566.197	531.6695
566.408	562.7495
566.62	595.6795000000001
566.832	619.8294999999999
567.044	629.5295
567.255	630.2194999999999
567.467	651.6495
567.679	677.0895
567.891	708.6895000000001
568.102	707.1495
568.314	672.4795
568.526	617.2695
568.737	576.5295
568.949	534.2595
569.161	503.5595
569.372	478.53950000000003
569.584	466.3095
569.795	456.57950000000005
570.007	473.96950000000004
570.218	665.8295
570.43	502.93949999999995
570.641	430.6695
570.853	424.6695
571.064	426.8795
571.276	422.5195
571.487	410.34950000000003
571.698	397.8095
571.91	388.4595
572.121	382.9295
572.333	376.84950000000003
572.544	371.75949999999995
572.755	366.11949999999996
572.966	364.1695
573.178	361.14950000000005
573.389	360.04949999999997
573.6	358.18949999999995
573.811	352.6995
574.023	348.8895
574.234	348.93949999999995
574.445	347.9295
574.656	347.7395
574.867	347.61949999999996
575.078	349.3595
575.289	343.96950000000004
575.501	340.3095
575.712	338.6395
575.923	337.43949999999995
576.134	334.21950000000004
576.345	335.50949999999995
576.556	333.9995
576.767	332.6095
576.978	337.2395
577.188	331.5195
577.399	328.7695
577.61	328.07950000000005
577.821	337.39950000000005
578.032	360.84950000000003
578.243	578.9295000000001
578.454	1340.7995
578.665	513.3395
578.875	339.43949999999995
579.086	319.9395
579.297	313.8795
579.508	310.1895
579.718	310.3995
579.929	309.3095
580.14	304.2495
580.35	304.1995
580.561	305.2695
580.772	300.7895
580.982	300.4895
581.193	300.6695
581.403	298.7995
581.614	298.0195
581.825	298.5495
582.035	295.9195
582.246	296.4395
582.456	296.90950000000004
582.667	296.0295
582.877	294.0395
583.087	295.2495
583.298	293.5595
583.508	293.1795
583.719	293.85949999999997
583.929	293.5095
584.139	291.8795
584.35	288.1295
584.56	291.4895
584.77	289.9495
584.981	287.3395
585.191	288.2695
585.401	288.9895
585.611	289.35949999999997
585.821	290.84950000000003
586.032	288.7495
586.242	285.1395
586.452	285.4195
586.662	283.72950000000003
586.872	283.8695
587.082	283.1295
587.292	281.4895
587.502	281.8095
587.713	281.65950000000004
587.923	282.4395
588.133	283.3695
588.343	281.9295
588.553	280.3295
588.762	285.40950000000004
588.972	288.1395
589.182	311.7695
589.392	292.1295
589.602	287.3995
589.812	296.7595
590.022	289.72950000000003
590.232	283.1195
590.441	285.0095
590.651	284.35949999999997
590.861	283.5095
591.071	290.40950000000004
591.281	293.1995
591.49	294.8395
591.7	296.5095
591.91	301.8795
592.119	304.9495
592.329	316.6295
592.539	328.7095
592.748	326.4595
592.958	328.4295
593.167	334.09950000000003
593.377	341.79949999999997
593.587	346.07950000000005
593.796	343.1095
594.006	344.5295
594.215	343.21950000000004
594.424	342.8195
594.634	334.6095
594.843	323.2195
595.053	314.9395
595.262	308.0495
595.472	301.5295
595.681	295.59950000000003
595.89	291.5595
596.1	283.9695
596.309	278.1195
596.518	275.5895
596.727	275.0595
596.937	271.4395
597.146	267.7495
597.355	263.34950000000003
597.564	259.59950000000003
597.774	258.40950000000004
597.983	257.1195
598.192	254.8595
598.401	253.61950000000002
598.61	251.29950000000002
598.819	252.6495
599.028	250.8495
599.237	248.6795
599.446	248.3795
599.655	247.70950000000002
599.864	248.1295
600.073	246.7895
600.282	247.6495
600.491	244.4895
600.7	243.7395
600.909	243.95950000000002
601.118	244.6895
601.327	244.95950000000002
601.536	243.9695
601.745	241.0195
601.953	240.4295
602.162	239.20950000000002
602.371	238.9395
602.58	237.5195
602.789	236.4295
602.997	235.3095
603.206	236.1295
603.415	233.7395
603.623	233.0595
603.832	233.5395
604.041	232.4695
604.249	229.81950000000003
604.458	228.86950000000002
604.666	229.0595
604.875	229.8295
605.084	227.7795
605.292	228.2895
605.501	226.88950000000003
605.709	226.5295
605.918	227.0595
606.126	228.2795
606.334	227.1695
606.543	223.7595
606.751	225.5995
606.96	224.1095
607.168	223.5895
607.376	224.4495
607.585	226.6495
607.793	224.7195
608.001	222.0795
608.21	221.9195
608.418	223.3995
608.626	221.70950000000002
608.834	222.4195
609.043	222.0795
609.251	220.7395
609.459	219.79950000000002
609.667	221.36950000000002
609.875	219.40950000000004
610.083	220.5995
610.291	219.0095
610.499	219.95950000000002
610.707	218.8795
610.916	221.0395
611.124	219.81950000000003
611.332	219.88950000000003
611.54	216.4495
611.748	216.5395
611.955	216.79950000000002
612.163	217.2595
612.371	219.0295
612.579	214.54950000000002
612.787	215.86950000000002
612.995	216.2795
613.203	217.1495
613.411	215.45950000000002
613.618	213.0795
613.826	214.2495
614.034	213.8395
614.242	213.3995
614.449	213.3795
614.657	215.1795
614.865	214.3995
615.072	215.1795
615.28	214.13950000000003
615.488	216.5895
615.695	221.5195
615.903	227.1795
616.111	229.4395
616.318	231.0295
616.526	226.0595
616.733	223.8095
616.941	221.5895
617.148	222.6695
617.356	218.81950000000003
617.563	216.1695
617.771	216.7495
617.978	211.97950000000003
618.185	214.2495
618.393	215.45950000000002
618.6	212.6995
618.807	212.8595
619.015	211.7195
619.222	209.8595
619.429	211.2395
619.637	211.2595
619.844	209.2595
620.051	208.2695
620.258	203.8595
620.466	203.5395
620.673	200.2795
620.88	199.54950000000002
621.087	202.6995
621.294	202.5295
621.501	200.9995
621.708	202.5995
621.915	205.72950000000003
622.122	204.0095
622.329	204.81950000000003
622.536	202.6295
622.743	198.7795
622.95	199.6095
623.157	198.2395
623.364	199.06950000000003
623.571	195.0095
623.778	195.1695
623.985	195.8795
624.192	194.8995
624.399	192.5595
624.606	194.4195
624.812	194.1695
625.019	192.2395
625.226	191.65950000000004
625.433	193.06950000000003
625.639	191.0095
625.846	192.1795
626.053	190.2495
626.259	189.38950000000003
626.466	189.40950000000004
626.673	189.5595
626.879	187.13950000000003
627.086	190.4995
627.293	188.56950000000003
627.499	184.7795
627.706	186.97950000000003
627.912	182.9395
628.119	183.5395
628.325	185.54950000000002
628.532	183.45950000000002
628.738	183.1695
628.945	181.88950000000003
629.151	180.5595
629.357	180.4395
629.564	180.31949999999998
629.77	179.3095
629.976	179.8095
630.183	177.47949999999997
630.389	175.0195
630.595	174.29950000000002
630.802	175.5195
631.008	174.9195
631.214	175.7795
631.42	174.4395
631.627	176.5195
631.833	173.2395
632.039	171.5895
632.245	171.7595
632.451	171.86950000000002
632.657	170.9195
632.863	168.9295
633.069	169.1495
633.275	169.9895
633.481	168.2195
633.688	170.0995
633.893	172.2695
634.099	167.6095
634.305	166.1095
634.511	167.29950000000002
634.717	168.3495
634.923	166.1095
635.129	166.06949999999998
635.335	165.4195
635.541	167.06949999999998
635.747	165.1695
635.952	163.6795
636.158	165.8295
636.364	178.6695
636.57	173.63950000000003
636.775	166.8495
636.981	165.5795
637.187	165.72949999999997
637.392	162.63950000000003
637.598	161.7895
637.804	164.2795
638.009	165.1095
638.215	163.49949999999998
638.421	160.2595
638.626	159.52949999999998
638.832	160.6995
639.037	159.8495
639.243	158.9095
639.448	158.1495
639.654	157.4895
639.859	156.9195
640.065	155.9195
640.27	159.8595
640.475	155.92950000000002
640.681	155.1595
640.886	158.1395
641.091	156.2495
641.297	157.9795
641.502	154.3195
641.707	156.4795
641.913	154.8495
642.118	150.8795
642.323	151.1595
642.528	153.5795
642.733	152.2395
642.939	152.27949999999998
643.144	149.3895
643.349	149.0795
643.554	151.8095
643.759	149.9895
643.964	149.9895
644.169	151.4495
644.374	151.7495
644.579	150.6295
644.784	151.3195
644.989	150.58950000000002
645.194	151.7895
645.399	150.9795
645.604	150.8195
645.809	153.9195
646.014	152.1395
646.219	152.8795
646.423	151.7395
646.628	151.43949999999998
646.833	153.02949999999998
647.038	153.5595
647.243	155.4095
647.447	154.17950000000002
647.652	155.93949999999998
647.857	155.3595
648.062	158.7195
648.266	159.8795
648.471	165.38950000000003
648.676	167.54950000000002
648.88	166.22949999999997
649.085	163.2595
649.289	163.6095
649.494	179.86950000000002
649.698	226.0795
649.903	180.7195
650.107	156.7295
650.312	150.1095
650.516	144.5195
650.721	142.8295
650.925	142.1995
651.13	139.5495
651.334	137.7995
651.539	135.2595
651.743	135.2395
651.947	133.1195
652.152	131.8995
652.356	131.3095
652.56	132.0395
652.764	129.3695
652.969	127.5995
653.173	126.4295
653.377	125.1395
653.581	124.8695
653.785	125.4695
653.99	125.9895
654.194	125.2795
654.398	123.1095
654.602	125.3595
654.806	130.1695
655.01	149.6395
655.214	131.4195
655.418	122.6095
655.622	120.1095
655.826	122.0495
656.03	123.0095
656.234	127.5195
656.438	131.7495
656.642	128.9595
656.846	125.07950000000001
657.049	119.7895
657.253	116.1995
657.457	109.17949999999999
657.661	106.15950000000001
657.865	105.3595
658.068	104.3395
658.272	102.66950000000001
658.476	99.45949999999999
658.68	99.8195
658.883	96.9795
659.087	96.8695
659.291	96.2895
659.494	94.0895
659.698	92.40950000000001
659.901	93.67949999999999
660.105	90.7595
660.309	91.84949999999999
660.512	89.6495
660.716	90.0895
660.919	89.7295
661.123	90.5495
661.326	88.6895
661.53	89.6395
661.733	87.49950000000001
661.936	87.17949999999999
662.14	85.2395
662.343	85.24950000000001
662.546	83.20949999999999
662.75	83.82950000000001
662.953	84.45949999999999
663.156	81.8395
663.36	82.2295
663.563	83.57950000000001
663.766	81.84949999999999
663.969	82.1895
664.173	82.32950000000001
664.376	79.6395
664.579	81.6195
664.782	81.8995
664.985	81.49950000000001
665.188	82.32950000000001
665.391	81.6495
665.594	81.1395
665.797	81.24950000000001
666.0	79.3195
666.203	79.4995
666.406	81.5295
666.609	81.1295
666.812	82.1195
667.015	82.6095
667.218	81.24950000000001
667.421	81.3395
667.624	79.6995
667.827	83.40950000000001
668.03	81.5095
668.232	80.0595
668.435	81.1195
668.638	80.7595
668.841	81.6995
669.043	81.2295
669.246	81.3695
669.449	79.6395
669.651	79.4695
669.854	80.7595
670.057	81.99950000000001
670.259	80.4695
670.462	80.6395
670.665	80.7995
670.867	82.82950000000001
671.07	81.6295
671.272	82.2595
671.475	82.66950000000001
671.677	79.1095
671.88	80.5895
672.082	80.6295
672.284	80.8495
672.487	80.7195
672.689	79.2395
672.892	80.5495
