223.165	-16.202499999999997
223.4	-16.202499999999997
223.635	-16.202499999999997
223.869	-18.7725
224.104	-19.6225
224.338	-14.9625
224.573	-14.6925
224.808	-12.4525
225.042	-8.1425
225.277	-5.1325
225.511	-3.3325
225.746	3.1175
225.98	7.4875
226.215	11.0875
226.449	14.497499999999999
226.683	19.8675
226.918	26.1475
227.152	31.1075
227.387	35.637499999999996
227.621	39.2875
227.856	43.8075
228.09	45.3675
228.324	50.8275
228.559	56.5775
228.793	63.3475
229.027	85.8575
229.262	92.4875
229.496	102.5175
229.73	120.41749999999999
229.964	121.9075
230.199	100.47749999999999
230.433	97.4675
230.667	99.6575
230.901	100.1975
231.136	99.5175
231.37	100.1875
231.604	100.3575
231.838	100.53750000000001
232.072	101.2175
232.306	101.7975
232.541	101.5275
232.775	102.3175
233.009	103.20750000000001
233.243	102.9675
233.477	103.8575
233.711	104.8575
233.945	104.7275
234.179	103.49749999999999
234.413	105.1375
234.647	103.6175
234.881	103.58749999999999
235.115	105.24749999999999
235.349	105.6975
235.583	105.45750000000001
235.817	107.6975
236.051	109.8475
236.285	107.9075
236.519	109.8675
236.753	114.14750000000001
236.987	127.3875
237.221	156.8275
237.455	164.2975
237.689	124.41749999999999
237.922	115.33749999999999
238.156	114.1175
238.39	110.2575
238.624	108.3475
238.858	110.1375
239.091	109.4775
239.325	110.98750000000001
239.559	113.28750000000001
239.793	113.1375
240.027	118.73750000000001
240.26	125.4775
240.494	128.6575
240.728	127.3675
240.961	125.8275
241.195	120.2175
241.429	117.56750000000001
241.662	116.08749999999999
241.896	115.45750000000001
242.13	116.2775
242.363	116.2575
242.597	116.0275
242.83	120.0575
243.064	120.5175
243.298	121.7575
243.531	119.7175
243.765	119.3675
243.998	121.3875
244.232	123.87750000000001
244.465	127.3075
244.699	125.0475
244.932	125.7575
245.166	124.06750000000001
245.399	126.99749999999999
245.633	124.4475
245.866	125.4675
246.099	127.6075
246.333	127.6875
246.566	127.9675
246.8	129.8475
247.033	133.4275
247.266	134.4675
247.5	139.64749999999998
247.733	141.6375
247.966	141.4175
248.2	140.5875
248.433	142.0275
248.666	143.8275
248.899	154.2775
249.133	161.7275
249.366	166.97750000000002
249.599	162.92749999999998
249.832	146.1875
250.066	146.2075
250.299	145.5475
250.532	151.3175
250.765	161.73749999999998
250.998	173.1175
251.231	168.5275
251.465	159.8775
251.698	155.8875
251.931	154.4675
252.164	154.4975
252.397	155.4775
252.63	158.73749999999998
252.863	164.4375
253.096	172.06750000000002
253.329	176.8475
253.562	170.4575
253.795	167.2475
254.028	166.8575
254.261	169.7975
254.494	181.8775
254.727	202.2775
254.96	206.14749999999998
255.193	189.14749999999998
255.426	178.06750000000002
255.659	168.3675
255.892	167.42749999999998
256.124	162.63750000000002
256.357	163.7175
256.59	162.9075
256.823	162.1975
257.056	162.76749999999998
257.289	164.7175
257.521	166.7475
257.754	164.0775
257.987	164.42749999999998
258.22	166.2475
258.452	164.9475
258.685	166.5975
258.918	167.8575
259.151	169.0475
259.383	175.7075
259.616	175.7475
259.849	178.8275
260.081	188.0275
260.314	198.4475
260.547	194.8375
260.779	184.05749999999998
261.012	179.7575
261.244	176.6675
261.477	178.6275
261.71	181.55749999999998
261.942	199.1175
262.175	202.2175
262.407	180.2075
262.64	173.7475
262.872	175.26749999999998
263.105	173.0075
263.337	174.2075
263.57	174.01749999999998
263.802	176.42749999999998
264.035	175.5375
264.267	174.8775
264.499	174.06750000000002
264.732	175.9075
264.964	175.67749999999998
265.197	176.2575
265.429	177.4075
265.661	177.67749999999998
265.894	179.51749999999998
266.126	180.3775
266.358	179.3275
266.591	180.81750000000002
266.823	186.88750000000002
267.055	185.92749999999998
267.287	188.31750000000002
267.52	184.9475
267.752	187.0475
267.984	187.0975
268.216	188.17749999999998
268.448	192.0375
268.681	195.3475
268.913	204.38750000000002
269.145	214.56750000000002
269.377	217.42749999999998
269.609	210.7475
269.841	212.0975
270.073	217.0775
270.306	234.47750000000002
270.538	245.1075
270.77	234.2575
271.002	224.8375
271.234	225.05749999999998
271.466	232.7775
271.698	239.8475
271.93	239.92749999999998
272.162	240.47750000000002
272.394	236.7975
272.626	225.0475
272.858	216.4475
273.09	211.64749999999998
273.322	212.89749999999998
273.553	208.4675
273.785	208.6275
274.017	208.17749999999998
274.249	209.4375
274.481	210.9375
274.713	213.1575
274.945	214.4575
275.176	212.4375
275.408	213.42749999999998
275.64	212.5375
275.872	208.88750000000002
276.104	215.26749999999998
276.335	217.5975
276.567	229.01749999999998
276.799	243.88750000000002
277.031	251.2175
277.262	252.4075
277.494	243.92749999999998
277.726	233.30749999999998
277.957	224.39749999999998
278.189	221.8775
278.421	218.17749999999998
278.652	220.0475
278.884	218.38750000000002
279.115	218.0875
279.347	219.7075
279.579	218.72750000000002
279.81	218.7175
280.042	217.88750000000002
280.273	219.2075
280.505	221.6075
280.736	220.4475
280.968	222.6575
281.199	220.8675
281.431	223.97750000000002
281.662	224.56750000000002
281.894	228.0975
282.125	237.3275
282.356	259.4475
282.588	283.5775
282.819	256.9775
283.051	232.2975
283.282	227.9075
283.513	233.3275
283.745	233.7475
283.976	235.01749999999998
284.207	237.06750000000002
284.439	235.3275
284.67	234.1275
284.901	236.8675
285.132	234.2475
285.364	233.0075
285.595	233.9975
285.826	236.2775
286.057	240.06750000000002
286.288	236.26749999999998
286.52	239.9675
286.751	237.92749999999998
286.982	240.30749999999998
287.213	240.48749999999998
287.444	243.17749999999998
287.675	246.9475
287.906	253.3775
288.138	258.1575
288.369	256.9775
288.6	255.6075
288.831	249.4075
289.062	248.6175
289.293	248.2475
289.524	246.6575
289.755	245.2875
289.986	244.1875
290.217	245.05749999999998
290.448	245.7875
290.679	246.81750000000002
290.91	247.4975
291.141	243.9675
291.371	246.8475
291.602	248.26749999999998
291.833	248.1175
292.064	247.1975
292.295	247.73749999999998
292.526	248.2175
292.757	249.2175
292.987	247.26749999999998
293.218	247.73749999999998
293.449	250.0275
293.68	247.92749999999998
293.91	250.6175
294.141	253.8375
294.372	247.7775
294.603	252.5075
294.833	251.5775
295.064	250.17749999999998
295.295	254.1575
295.525	253.56750000000002
295.756	263.7575
295.987	278.4975
296.217	306.9975
296.448	290.5175
296.679	260.5775
296.909	258.4975
297.14	257.67749999999995
297.37	261.6275
297.601	262.1675
297.831	261.2475
298.062	263.8175
298.292	263.7075
298.523	266.78749999999997
298.753	266.7075
298.984	264.5475
299.214	266.92749999999995
299.445	265.83750000000003
299.675	269.6875
299.905	273.08750000000003
300.136	267.9775
300.366	268.0475
300.597	273.10749999999996
300.827	280.0475
301.057	288.3975
301.288	292.1175
301.518	283.4775
301.748	280.60749999999996
301.979	292.58750000000003
302.209	282.5075
302.439	283.6475
302.669	281.03749999999997
302.9	277.8975
303.13	277.6375
303.36	283.1275
303.59	288.78749999999997
303.82	292.2375
304.051	284.8175
304.281	280.5475
304.511	277.58750000000003
304.741	276.0675
304.971	274.9875
305.201	277.0075
305.431	277.4075
305.661	277.6175
305.891	277.3175
306.121	280.9075
306.352	288.92749999999995
306.582	288.1875
306.812	278.1275
307.042	278.9475
307.272	279.6375
307.502	278.8875
307.731	279.92749999999995
307.961	278.3075
308.191	277.9975
308.421	277.3275
308.651	279.92749999999995
308.881	283.0975
309.111	283.8975
309.341	285.2375
309.571	293.6875
309.8	296.2075
310.03	300.6375
310.26	303.6575
310.49	299.5275
310.72	310.0175
310.949	315.9775
311.179	311.8975
311.409	301.2975
311.639	301.5575
311.868	303.8275
312.098	305.6275
312.328	313.2775
312.557	323.7775
312.787	325.92749999999995
313.017	319.8475
313.246	310.8875
313.476	305.03749999999997
313.706	309.1975
313.935	316.42749999999995
314.165	323.4375
314.394	324.83750000000003
314.624	317.9775
314.853	316.0775
315.083	311.2475
315.312	306.3175
315.542	304.58750000000003
315.771	304.60749999999996
316.001	302.5075
316.23	301.5975
316.46	300.5275
316.689	304.2775
316.919	307.7475
317.148	311.5475
317.377	310.7075
317.607	307.8275
317.836	306.3875
318.065	302.0275
318.295	302.10749999999996
318.524	303.08750000000003
318.753	301.5675
318.983	304.2375
319.212	309.0475
319.441	317.8675
319.67	316.2375
319.9	305.6875
320.129	305.5275
320.358	307.7075
320.587	309.2775
320.816	317.35749999999996
321.046	318.0475
321.275	316.4975
321.504	315.03749999999997
321.733	316.8875
321.962	323.58750000000003
322.191	329.1675
322.42	339.0975
322.649	345.2975
322.878	351.7575
323.108	361.1575
323.337	378.9575
323.566	396.2275
323.795	429.9075
324.024	508.7775
324.253	768.0975000000001
324.482	1339.4375
324.71	2302.8175
324.939	2754.9275
325.168	1441.1975
325.397	597.6575
325.626	444.33750000000003
325.855	403.33750000000003
326.084	393.91749999999996
326.313	402.2175
326.542	427.5675
326.77	528.5375
326.999	810.8675
327.228	1403.3275
327.457	2270.0575
327.686	1925.8275
327.914	742.3675
328.143	504.91749999999996
328.372	446.0475
328.6	419.6575
328.829	411.91749999999996
329.058	428.26750000000004
329.287	424.5475
329.515	392.4775
329.744	373.8675
329.972	371.6175
330.201	377.03749999999997
330.43	396.3075
330.658	423.0575
330.887	457.1575
331.115	423.8075
331.344	384.91749999999996
331.572	382.9375
331.801	388.8975
332.03	388.78749999999997
332.258	383.2475
332.486	378.9675
332.715	384.1475
332.943	395.7175
333.172	404.41749999999996
333.4	411.7275
333.629	422.0675
333.857	431.5075
334.085	419.5275
334.314	408.8875
334.542	401.8675
334.771	403.4575
334.999	400.51750000000004
335.227	396.9975
335.455	392.0075
335.684	386.9875
335.912	385.4075
336.14	383.58750000000003
336.369	384.6175
336.597	387.51750000000004
336.825	381.9075
337.053	375.2475
337.281	366.0275
337.51	365.1275
337.738	366.4675
337.966	365.59749999999997
338.194	367.51750000000004
338.422	363.01750000000004
338.65	355.34749999999997
338.878	358.92749999999995
339.106	352.8275
339.334	354.0475
339.562	348.2475
339.79	345.7275
340.018	346.1175
340.246	348.2575
340.474	350.2175
340.702	346.76750000000004
340.93	346.2975
341.158	349.2375
341.386	347.5575
341.614	348.3775
341.842	344.4075
342.07	340.7275
342.298	342.01750000000004
342.526	339.10749999999996
342.754	337.7475
342.981	341.5775
343.209	346.1275
343.437	368.1475
343.665	378.53749999999997
343.893	391.19750000000005
344.12	394.2575
344.348	379.85749999999996
344.576	369.6175
344.804	366.17749999999995
345.031	364.42749999999995
345.259	363.4975
345.487	352.0275
345.714	346.69750000000005
345.942	341.08750000000003
346.17	338.60749999999996
346.397	336.03749999999997
346.625	337.33750000000003
346.853	334.7075
347.08	334.6275
347.308	340.0275
347.535	345.44750000000005
347.763	348.41749999999996
347.99	345.9975
348.218	348.44750000000005
348.445	352.59749999999997
348.673	340.5475
348.9	336.9975
349.128	333.7375
349.355	328.53749999999997
349.583	328.44750000000005
349.81	330.6275
350.037	330.5075
350.265	330.3775
350.492	330.9875
350.72	330.5675
350.947	338.53749999999997
351.174	346.9675
351.402	350.5575
351.629	342.3275
351.856	339.2475
352.083	346.7275
352.311	350.19750000000005
352.538	351.3075
352.765	349.0075
352.992	351.8675
353.22	346.0575
353.447	338.42749999999995
353.674	332.53749999999997
353.901	326.78749999999997
354.128	327.6875
354.355	325.67749999999995
354.583	328.9775
354.81	328.44750000000005
355.037	326.7375
355.264	323.6875
355.491	320.8875
355.718	321.5575
355.945	322.6475
356.172	325.2575
356.399	325.5475
356.626	323.2475
356.853	323.6575
357.08	322.2475
357.307	320.1375
357.534	323.3475
357.761	324.84749999999997
357.988	327.1475
358.215	324.3775
358.441	325.7475
358.668	323.8875
358.895	325.8175
359.122	326.51750000000004
359.349	330.7475
359.576	340.1475
359.802	354.58750000000003
360.029	373.2275
360.256	369.6375
360.483	352.0675
360.709	334.0675
360.936	335.9975
361.163	337.5275
361.39	337.76750000000004
361.616	338.35749999999996
361.843	333.92749999999995
362.07	334.7975
362.296	338.08750000000003
362.523	333.2575
362.749	334.4975
362.976	327.8275
363.203	327.09749999999997
363.429	323.5675
363.656	327.92749999999995
363.882	324.9975
364.109	324.58750000000003
364.335	323.8675
364.562	325.8275
364.788	323.3575
365.015	327.7275
365.241	329.2975
365.468	338.1275
365.694	340.4675
365.92	333.1175
366.147	324.0175
366.373	326.17749999999995
366.599	322.0575
366.826	321.7175
367.052	321.5575
367.278	325.0775
367.505	323.9375
367.731	329.4375
367.957	326.3175
368.184	329.44750000000005
368.41	338.69750000000005
368.636	351.83750000000003
368.862	359.2175
369.089	345.5275
369.315	333.92749999999995
369.541	332.2475
369.767	331.66749999999996
369.993	332.7475
370.219	332.9075
370.445	332.41749999999996
370.672	332.4375
370.898	332.16749999999996
371.124	336.76750000000004
371.35	341.4075
371.576	337.69750000000005
371.802	335.4975
372.028	335.9975
372.254	339.03749999999997
372.48	343.2075
372.706	346.3275
372.932	349.1275
373.158	347.53749999999997
373.384	345.19750000000005
373.61	342.6575
373.835	343.7475
374.061	343.9575
374.287	348.5575
374.513	352.92749999999995
374.739	361.6575
374.965	365.3075
375.191	366.1275
375.416	362.59749999999997
375.642	351.09749999999997
375.868	353.3675
376.094	347.2175
376.319	343.1575
376.545	345.16749999999996
376.771	342.8975
376.997	341.4575
377.222	342.58750000000003
377.448	342.1875
377.674	341.0275
377.899	339.7375
378.125	338.5475
378.35	339.19750000000005
378.576	337.2975
378.802	338.5275
379.027	339.7575
379.253	342.9675
379.478	339.5575
379.704	340.4875
379.929	343.9575
380.155	343.34749999999997
380.38	342.41749999999996
380.606	346.8875
380.831	344.6575
381.057	350.59749999999997
381.282	346.2475
381.507	350.3975
381.733	352.2775
381.958	355.2375
382.184	358.8875
382.409	361.3675
382.634	365.6175
382.86	366.2775
383.085	368.8875
383.31	372.26750000000004
383.535	376.9575
383.761	379.9775
383.986	381.17749999999995
384.211	385.19750000000005
384.436	391.7475
384.662	397.83750000000003
384.887	406.3275
385.112	402.7375
385.337	406.5475
385.562	408.8675
385.787	410.42749999999995
386.013	416.5075
386.238	423.4075
386.463	414.16749999999996
386.688	415.1375
386.913	404.3075
387.138	405.6275
387.363	403.3275
387.588	396.66749999999996
387.813	401.0575
388.038	405.84749999999997
388.263	413.1875
388.488	412.1275
388.713	399.1275
388.938	395.5575
389.163	396.03749999999997
389.387	397.6275
389.612	391.9375
389.837	392.09749999999997
390.062	388.8275
390.287	388.2475
390.512	389.8275
390.736	393.6375
390.961	399.4575
391.186	404.2075
391.411	416.0475
391.636	421.94750000000005
391.86	424.7175
392.085	427.4575
392.31	421.85749999999996
392.534	412.83750000000003
392.759	409.9375
392.984	404.0475
393.208	402.4775
393.433	403.42749999999995
393.658	401.2075
393.882	398.6375
394.107	402.94750000000005
394.331	405.66749999999996
394.556	404.6575
394.78	411.3675
395.005	412.08750000000003
395.229	411.16749999999996
395.454	423.7275
395.678	428.6575
395.903	431.2975
396.127	432.92749999999995
396.352	419.2575
396.576	408.26750000000004
396.801	407.19750000000005
397.025	414.8775
397.249	423.28749999999997
397.474	429.9375
397.698	428.8675
397.922	436.9075
398.147	442.3275
398.371	446.8075
398.595	454.28749999999997
398.82	473.8675
399.044	507.58750000000003
399.268	552.8175
399.492	618.6775
399.717	658.7975
399.941	641.9975
400.165	606.8375
400.389	565.2975
400.613	516.6875
400.837	489.4775
401.062	482.3275
401.286	474.5475
401.51	471.4975
401.734	470.7075
401.958	487.28749999999997
402.182	513.1975
402.406	542.8975
402.63	517.1975
402.854	505.44750000000005
403.078	506.1375
403.302	512.4975
403.526	519.6475
403.75	524.0675
403.974	525.1475
404.198	521.3575
404.422	527.2475
404.645	521.4875000000001
404.869	518.9675
405.093	527.3175
405.317	533.6075
405.541	532.4875000000001
405.765	519.9775
405.988	532.5375
406.212	589.6775
406.436	639.4075
406.66	584.7175
406.883	552.9475
407.107	579.7075
407.331	617.7875
407.555	648.5275
407.778	625.6775
408.002	578.8275
408.226	552.3475
408.449	546.2675
408.673	538.7675
408.896	551.6374999999999
409.12	563.2575
409.344	532.6575
409.567	507.3675
409.791	510.9375
410.014	506.0275
410.238	500.6875
410.461	502.0275
410.685	507.51750000000004
410.908	517.1975
411.132	533.8675
411.355	529.7875
411.578	502.08750000000003
411.802	485.91749999999996
412.025	483.9675
412.249	488.4075
412.472	483.01750000000004
412.695	478.5575
412.919	467.1475
413.142	467.1375
413.365	463.03749999999997
413.589	467.2275
413.812	460.6375
414.035	459.0775
414.258	461.7975
414.482	466.3875
414.705	470.35749999999996
414.928	464.2775
415.151	467.7275
415.374	467.3075
415.597	461.4975
415.821	454.0075
416.044	455.5675
416.267	454.7475
416.49	452.9575
416.713	451.6575
416.936	458.76750000000004
417.159	456.34749999999997
417.382	461.8075
417.605	460.3775
417.828	472.09749999999997
418.051	478.2275
418.274	473.09749999999997
418.497	465.17749999999995
418.72	468.7375
418.943	471.10749999999996
419.166	491.10749999999996
419.389	515.1475
419.611	505.69750000000005
419.834	492.9375
420.057	486.4375
420.28	472.2775
420.503	460.2375
420.726	466.4775
420.948	475.8875
421.171	506.4075
421.394	506.10749999999996
421.617	476.42749999999995
421.839	474.44750000000005
422.062	478.7175
422.285	489.76750000000004
422.507	534.6075
422.73	569.1775
422.953	525.7774999999999
423.175	503.0775
423.398	501.19750000000005
423.621	501.3675
423.843	516.6075
424.066	512.3575
424.288	507.2775
424.511	521.9775
424.733	553.2975
424.956	587.0575
425.178	555.8775
425.401	562.8075
425.623	553.1674999999999
425.846	492.76750000000004
426.068	482.92749999999995
426.291	476.0475
426.513	475.85749999999996
426.735	482.5075
426.958	513.3575
427.18	564.8874999999999
427.402	652.4075
427.625	677.7774999999999
427.847	561.7774999999999
428.069	492.8075
428.292	463.66749999999996
428.514	442.5075
428.736	437.0475
428.958	436.41749999999996
429.181	427.0675
429.403	428.5775
429.625	439.9875
429.847	460.84749999999997
430.069	498.69750000000005
430.292	467.0075
430.514	429.33750000000003
430.736	426.67749999999995
430.958	421.8775
431.18	417.17749999999995
431.402	419.5575
431.624	416.2175
431.846	421.4075
432.068	423.8075
432.29	429.6175
432.512	423.58750000000003
432.734	430.7475
432.956	427.9875
433.178	437.85749999999996
433.4	437.94750000000005
433.622	426.9575
433.844	431.01750000000004
434.066	428.0675
434.287	436.3675
434.509	447.8075
434.731	462.3875
434.953	470.2175
435.175	477.1175
435.397	483.4975
435.618	482.3675
435.84	509.8975
436.062	573.0675
436.284	565.2975
436.505	483.8175
436.727	463.6175
436.949	442.01750000000004
437.17	434.3075
437.392	426.8875
437.614	444.9675
437.835	475.4575
438.057	539.9575
438.278	576.3575
438.5	568.6674999999999
438.721	626.5875
438.943	548.2175
439.165	465.53749999999997
439.386	455.9375
439.608	461.2575
439.829	471.2775
440.05	506.4875
440.272	544.2975
440.493	476.1475
440.715	449.4775
440.936	446.9575
441.158	448.5475
441.379	458.91749999999996
441.6	481.2075
441.822	495.59749999999997
442.043	523.5875
442.264	573.0875
442.486	557.7075
442.707	502.44750000000005
442.928	496.9875
443.149	524.5575
443.371	543.3175
443.592	559.9075
443.813	618.3375
444.034	614.6575
444.255	537.4475
444.476	523.4075
444.698	533.4875000000001
444.919	538.8275
445.14	562.5274999999999
445.361	542.4275
445.582	543.4675
445.803	595.6875
446.024	635.5975000000001
446.245	612.1374999999999
446.466	543.7975
446.687	470.3975
446.908	451.1875
447.129	429.9875
447.35	425.2275
447.571	421.59749999999997
447.792	415.0775
448.013	426.85749999999996
448.234	444.8675
448.455	481.5775
448.675	563.8575
448.896	594.2975
449.117	495.83750000000003
449.338	510.60749999999996
449.559	606.6374999999999
449.779	623.5575
450.0	474.67749999999995
450.221	428.91749999999996
450.442	415.28749999999997
450.662	413.76750000000004
450.883	426.4675
451.104	436.9375
451.324	416.1475
451.545	399.16749999999996
451.766	393.28749999999997
451.986	385.42749999999995
452.207	385.9575
452.428	383.6175
452.648	392.42749999999995
452.869	400.8975
453.089	412.33750000000003
453.31	419.0075
453.53	390.0075
453.751	384.9575
453.971	394.94750000000005
454.192	406.3175
454.412	384.08750000000003
454.633	375.8875
454.853	373.51750000000004
455.073	377.5575
455.294	400.5075
455.514	438.6275
455.734	403.7775
455.955	369.3275
456.175	363.0675
456.395	359.03749999999997
456.616	356.42749999999995
456.836	356.9775
457.056	358.58750000000003
457.276	351.59749999999997
457.497	360.7275
457.717	360.8875
457.937	367.58750000000003
458.157	372.2375
458.377	379.5075
458.598	411.19750000000005
458.818	486.67749999999995
459.038	537.3975
459.258	496.8075
459.478	440.7275
459.698	429.1475
459.918	431.9375
460.138	443.0575
460.358	455.9375
460.578	457.35749999999996
460.798	464.92749999999995
461.018	464.4075
461.238	454.6475
461.458	451.4075
461.678	448.42749999999995
461.898	458.41749999999996
462.118	462.8275
462.338	479.5775
462.558	490.5075
462.777	505.0075
462.997	541.9275
463.217	565.3575
463.437	553.1475
463.657	517.9775
463.876	507.8275
464.096	512.9075
464.316	514.0875
464.536	515.8075
464.755	505.3875
464.975	507.92749999999995
465.195	559.8075
465.414	556.4174999999999
465.634	462.3875
465.854	434.7475
466.073	420.7475
466.293	411.1875
466.512	400.3975
466.732	394.9575
466.951	394.0575
467.171	398.1375
467.391	405.3075
467.61	412.2075
467.829	403.8675
468.049	394.84749999999997
468.268	384.03749999999997
468.488	377.08750000000003
468.707	376.42749999999995
468.927	379.60749999999996
469.146	377.92749999999995
469.365	384.1175
469.585	386.16749999999996
469.804	404.08750000000003
470.023	412.6175
470.243	408.51750000000004
470.462	418.0275
470.681	433.4975
470.901	414.26750000000004
471.12	400.08750000000003
471.339	399.0675
471.558	396.42749999999995
471.777	391.8675
471.997	384.91749999999996
472.216	381.7475
472.435	380.4975
472.654	377.6575
472.873	375.2075
473.092	377.9975
473.311	375.26750000000004
473.53	377.7575
473.749	387.8775
473.968	425.67749999999995
474.187	491.09749999999997
474.406	458.34749999999997
474.625	400.6575
474.844	383.2475
475.063	380.44750000000005
475.282	380.0775
475.501	384.7975
475.72	389.5275
475.939	388.6375
476.158	391.08750000000003
476.377	392.9675
476.596	391.3875
476.814	403.9075
477.033	406.6575
477.252	406.5075
477.471	411.7775
477.69	421.66749999999996
477.908	428.19750000000005
478.127	435.6575
478.346	439.3175
478.564	446.51750000000004
478.783	455.4675
479.002	460.5575
479.22	461.33750000000003
479.439	474.5075
479.658	479.9975
479.876	476.0275
480.095	489.2375
480.313	511.08750000000003
480.532	505.26750000000004
480.751	496.1575
480.969	487.2175
481.188	481.5675
481.406	467.35749999999996
481.624	453.6175
481.843	444.5675
482.061	439.1575
482.28	435.2975
482.498	432.9575
482.717	431.6575
482.935	432.5575
483.153	430.5475
483.372	433.83750000000003
483.59	432.6175
483.808	431.5475
484.027	435.1475
484.245	441.51750000000004
484.463	441.7275
484.681	447.1175
484.9	447.2375
485.118	454.44750000000005
485.336	453.2975
485.554	460.6575
485.772	466.1375
485.99	466.8675
486.209	470.5775
486.427	469.84749999999997
486.645	477.83750000000003
486.863	487.8675
487.081	472.9875
487.299	467.6375
487.517	463.4375
487.735	459.4975
487.953	461.26750000000004
488.171	462.2575
488.389	464.1875
488.607	466.01750000000004
488.825	462.51750000000004
489.043	461.85749999999996
489.261	463.6275
489.479	465.9775
489.696	469.26750000000004
489.914	472.9575
490.132	474.2075
490.35	478.84749999999997
490.568	479.26750000000004
490.786	483.1475
491.003	488.2575
491.221	496.78749999999997
491.439	501.7475
491.657	508.9975
491.874	508.53749999999997
492.092	510.03749999999997
492.31	508.4075
492.527	513.3475
492.745	512.7375000000001
492.963	518.5375
493.18	521.9275
493.398	529.1475
493.615	538.2675
493.833	535.1875
494.05	530.9275
494.268	533.3275
494.485	530.6475
494.703	530.0875
494.92	533.5575
495.138	529.9675
495.355	533.0775
495.573	534.5475
495.79	531.5975
496.008	537.4575
496.225	534.1975
496.442	533.0274999999999
496.66	540.8275
496.877	540.5075
497.094	550.0575
497.312	555.2774999999999
497.529	564.2275
497.746	575.7375000000001
497.963	591.9675
498.181	615.3375
498.398	631.5375
498.615	667.5675
498.832	694.4475
499.049	711.4675
499.267	750.9375
499.484	799.7875
499.701	842.0675
499.918	887.1475
500.135	937.1075
500.352	974.3375
500.569	979.4075
500.786	970.3075
501.003	946.9975
501.22	906.7975
501.437	859.8075
501.654	819.6275
501.871	786.0075
502.088	732.1674999999999
502.305	696.7575
502.522	666.7575
502.739	643.4575
502.956	616.4575
503.172	597.3275
503.389	588.2575
503.606	591.3975
503.823	576.5875
504.04	568.6175
504.256	574.0675
504.473	577.1175
504.69	583.3975
504.907	570.7875
505.123	544.1975
505.34	526.5274999999999
505.557	518.1674999999999
505.773	517.8675
505.99	513.0375
506.207	504.9875
506.423	503.19750000000005
506.64	498.1375
506.856	489.2475
507.073	489.2275
507.289	484.6175
507.506	491.2975
507.722	505.9975
507.939	505.7175
508.155	479.3875
508.372	468.9875
508.588	465.7175
508.805	467.76750000000004
509.021	474.41749999999996
509.238	484.7775
509.454	485.5775
509.67	481.67749999999995
509.887	476.94750000000005
510.103	493.7375
510.319	573.2975
510.536	1129.0475
510.752	2750.7475
510.968	1043.8075
511.184	510.7775
511.401	463.16749999999996
511.617	446.8175
511.833	440.17749999999995
512.049	436.2775
512.265	436.44750000000005
512.481	436.83750000000003
512.698	433.2575
512.914	436.7075
513.13	435.33750000000003
513.346	435.16749999999996
513.562	438.3775
513.778	438.3075
513.994	444.3075
514.21	452.7175
514.426	480.01750000000004
514.642	507.03749999999997
514.858	515.2675
515.074	568.8975
515.29	889.1175000000001
515.506	1916.0475
515.721	964.2375000000001
515.937	548.5274999999999
516.153	499.51750000000004
516.369	488.33750000000003
516.585	488.8175
516.801	494.6375
517.016	505.59749999999997
517.232	521.8775
517.448	531.3475
517.664	540.7475
517.879	538.7875
518.095	533.3275
518.311	529.8375
518.527	511.7575
518.742	502.34749999999997
518.958	486.6275
519.173	474.67749999999995
519.389	467.10749999999996
519.605	460.5075
519.82	456.8075
520.036	467.09749999999997
520.251	487.4075
520.467	488.92749999999995
520.682	477.8175
520.898	478.1175
521.113	489.8175
521.329	528.2774999999999
521.544	622.5875
521.76	1031.2375
521.975	2862.8375
522.19	1909.8175
522.406	692.2975
522.621	476.5475
522.836	434.16749999999996
523.052	422.0775
523.267	411.1375
523.482	401.53749999999997
523.698	405.7575
523.913	419.26750000000004
524.128	405.83750000000003
524.343	393.03749999999997
524.559	389.3675
524.774	385.6475
524.989	387.28749999999997
525.204	396.7575
525.419	391.03749999999997
525.634	380.03749999999997
525.849	378.4575
526.064	374.10749999999996
526.28	373.8075
526.495	372.1375
526.71	370.8775
526.925	368.44750000000005
527.14	370.2275
527.355	368.67749999999995
527.57	368.34749999999997
527.785	368.4375
527.999	369.17749999999995
528.214	371.6375
528.429	375.3075
528.644	371.94750000000005
528.859	370.35749999999996
529.074	372.7975
529.289	407.8175
529.503	482.58750000000003
529.718	406.92749999999995
529.933	380.83750000000003
530.148	375.3175
530.363	371.85749999999996
530.577	367.3275
530.792	365.8775
531.007	363.3975
531.221	370.7775
531.436	366.26750000000004
531.651	365.6375
531.865	364.8775
532.08	365.91749999999996
532.295	365.35749999999996
532.509	364.0675
532.724	363.0275
532.938	370.3175
533.153	367.4775
533.367	364.0475
533.582	362.41749999999996
533.796	360.5675
534.011	360.4975
534.225	360.9875
534.44	356.0675
534.654	359.2075
534.868	356.83750000000003
535.083	355.1175
535.297	359.2375
535.511	365.8775
535.726	370.3175
535.94	364.5675
536.154	354.5675
536.369	350.8275
536.583	345.7075
536.797	347.9075
537.011	343.0475
537.225	342.4775
537.44	343.2775
537.654	344.1875
537.868	342.4075
538.082	342.7475
538.296	343.6175
538.51	343.92749999999995
538.724	343.5475
538.938	341.0675
539.153	342.2275
539.367	356.5475
539.581	345.0475
539.795	336.6575
540.009	336.4575
540.222	338.9875
540.436	339.4375
540.65	337.4875
540.864	344.2275
541.078	346.8175
541.292	341.1275
541.506	335.1575
541.72	330.2075
541.934	328.3875
542.147	330.1375
542.361	328.28749999999997
542.575	325.03749999999997
542.789	327.17749999999995
543.002	331.3675
543.216	334.8775
543.43	339.4675
543.644	334.6875
543.857	333.0675
544.071	334.42749999999995
544.285	334.6375
544.498	332.1275
544.712	333.2775
544.925	331.7975
545.139	330.9975
545.352	328.7275
545.566	332.5275
545.779	330.5675
545.993	329.8075
546.206	330.8975
546.42	327.5575
546.633	330.8275
546.847	330.1275
547.06	327.33750000000003
547.274	324.6675
547.487	324.2275
547.7	327.83750000000003
547.914	328.2975
548.127	329.33750000000003
548.34	329.8075
548.554	328.9175
548.767	330.2275
548.98	329.3275
549.193	331.6275
549.407	332.78749999999997
549.62	335.1275
549.833	337.01750000000004
550.046	332.3075
550.259	330.1175
550.473	325.33750000000003
550.686	325.26750000000004
550.899	321.7775
551.112	321.9075
551.325	319.5975
551.538	323.2375
551.751	324.1375
551.964	322.9675
552.177	329.76750000000004
552.39	331.4575
552.603	340.41749999999996
552.816	344.6275
553.029	346.35749999999996
553.242	352.3075
553.455	360.7375
553.667	367.7575
553.88	362.3975
554.093	347.4075
554.306	341.4675
554.519	335.0575
554.732	330.19750000000005
554.944	323.8175
555.157	317.8975
555.37	315.7175
555.583	313.9475
555.795	312.7175
556.008	304.0475
556.221	302.9575
556.433	301.4875
556.646	301.7475
556.859	297.6575
557.071	296.92749999999995
557.284	290.9075
557.496	294.3875
557.709	292.0575
557.921	288.4775
558.134	287.9575
558.346	287.0275
558.559	287.2075
558.771	283.6575
558.984	280.85749999999996
559.196	282.5475
559.409	282.33750000000003
559.621	281.53749999999997
559.833	279.0475
560.046	278.0775
560.258	278.8175
560.47	278.3975
560.683	278.4075
560.895	280.28749999999997
561.107	279.5275
561.32	278.03749999999997
561.532	281.0575
561.744	279.67749999999995
561.956	281.7175
562.168	281.7475
562.381	281.6275
562.593	285.4575
562.805	285.2275
563.017	283.6475
563.229	286.3175
563.441	282.3875
563.653	285.7575
563.865	285.5675
564.077	287.6275
564.289	291.53749999999997
564.501	292.33750000000003
564.713	298.2275
564.925	304.1975
565.137	316.53749999999997
565.349	313.9775
565.561	317.2975
565.773	323.2175
565.985	333.08750000000003
566.197	345.26750000000004
566.408	365.8675
566.62	385.0775
566.832	399.3175
567.044	403.1875
567.255	406.85749999999996
567.467	416.3075
567.679	433.9375
567.891	453.4575
568.102	452.9075
568.314	427.59749999999997
568.526	396.4375
568.737	374.6875
568.949	353.26750000000004
569.161	333.19750000000005
569.372	318.3975
569.584	308.17749999999995
569.795	304.67749999999995
570.007	322.7975
570.218	450.08750000000003
570.43	337.85749999999996
570.641	290.7775
570.853	285.4975
571.064	285.8475
571.276	284.58750000000003
571.487	275.3775
571.698	270.9375
571.91	263.7975
572.121	259.60749999999996
572.333	257.9475
572.544	252.4175
572.755	251.38750000000002
572.966	248.8775
573.178	248.6575
573.389	248.5075
573.6	245.1575
573.811	243.4375
574.023	243.4975
574.234	243.3475
574.445	241.4475
574.656	242.39749999999998
574.867	241.5975
575.078	240.4075
575.289	237.5375
575.501	237.9075
575.712	235.64749999999998
575.923	234.1075
576.134	235.5775
576.345	232.8675
576.556	233.6075
576.767	234.0975
576.978	233.3575
577.188	233.4675
577.399	231.22750000000002
577.61	230.01749999999998
577.821	234.7475
578.032	250.2875
578.243	414.5275
578.454	935.0375
578.665	359.44750000000005
578.875	237.73749999999998
579.086	225.26749999999998
579.297	220.8675
579.508	221.47750000000002
579.718	220.92749999999998
579.929	217.48749999999998
580.14	214.1175
580.35	215.51749999999998
580.561	215.88750000000002
580.772	213.9975
580.982	214.4575
581.193	211.56750000000002
581.403	212.67749999999998
581.614	212.2475
581.825	210.72750000000002
582.035	210.8575
582.246	211.1175
582.456	209.6875
582.667	209.9475
582.877	210.5075
583.087	209.1275
583.298	208.92749999999998
583.508	208.05749999999998
583.719	208.3275
583.929	209.3475
584.139	205.5075
584.35	207.1275
584.56	207.1875
584.77	205.9575
584.981	206.38750000000002
585.191	208.6075
585.401	207.14749999999998
585.611	205.73749999999998
585.821	207.8575
586.032	206.5275
586.242	204.5475
586.452	203.5975
586.662	202.47750000000002
586.872	202.17749999999998
587.082	202.7875
587.292	201.5375
587.502	201.6975
587.713	199.9975
587.923	203.06750000000002
588.133	203.1675
588.343	200.3675
588.553	199.7175
588.762	204.64749999999998
588.972	202.0775
589.182	205.42749999999998
589.392	202.3675
589.602	202.5475
589.812	204.3275
590.022	204.5375
590.232	201.56750000000002
590.441	203.7575
590.651	203.5875
590.861	204.01749999999998
591.071	206.6575
591.281	208.6875
591.49	209.05749999999998
591.7	209.23749999999998
591.91	214.48749999999998
592.119	213.98749999999998
592.329	220.0775
592.539	228.38750000000002
592.748	227.22750000000002
592.958	229.8575
593.167	233.55749999999998
593.377	235.2075
593.587	241.9675
593.796	239.48749999999998
594.006	237.48749999999998
594.215	238.2475
594.424	236.4675
594.634	232.7075
594.843	226.0375
595.053	219.14749999999998
595.262	215.7775
595.472	211.9975
595.681	209.9175
595.89	205.31750000000002
596.1	203.6275
596.309	198.9075
596.518	196.8675
596.727	197.4975
596.937	194.4575
597.146	190.64749999999998
597.355	191.4975
597.564	188.3475
597.774	188.9575
597.983	186.9975
598.192	185.2475
598.401	183.9575
598.61	182.7575
598.819	183.97750000000002
599.028	182.98749999999998
599.237	182.39749999999998
599.446	181.7475
599.655	184.31750000000002
599.864	183.31750000000002
600.073	179.9075
600.282	183.0975
600.491	181.51749999999998
600.7	181.56750000000002
600.909	177.6075
601.118	180.3475
601.327	181.6175
601.536	178.1075
601.745	178.8275
601.953	178.31750000000002
602.162	177.6975
602.371	177.55749999999998
602.58	173.8475
602.789	175.51749999999998
602.997	174.8275
603.206	175.14749999999998
603.415	172.30749999999998
603.623	170.7075
603.832	172.51749999999998
604.041	173.42749999999998
604.249	170.8775
604.458	169.9975
604.666	169.1675
604.875	170.1175
605.084	168.9975
605.292	167.6075
605.501	168.2475
605.709	167.14749999999998
605.918	169.6075
606.126	170.8375
606.334	170.05749999999998
606.543	168.8675
606.751	169.7475
606.96	165.8775
607.168	166.5975
607.376	167.1275
607.585	168.1175
607.793	167.3475
608.001	164.7975
608.21	163.67749999999998
608.418	165.73749999999998
608.626	166.39749999999998
608.834	166.3675
609.043	165.6875
609.251	166.01749999999998
609.459	164.88750000000002
609.667	166.6175
609.875	164.23749999999998
610.083	163.4575
610.291	163.9075
610.499	163.23749999999998
610.707	164.2775
610.916	164.92749999999998
611.124	164.7875
611.332	163.9475
611.54	162.8775
611.748	164.05749999999998
611.955	161.6175
612.163	163.1075
612.371	162.7975
612.579	162.5275
612.787	160.9175
612.995	163.76749999999998
613.203	164.6975
613.411	159.9075
613.618	161.5075
613.826	161.4975
614.034	162.3575
614.242	161.5075
614.449	159.73749999999998
614.657	161.0375
614.865	161.3675
615.072	164.6975
615.28	161.1975
615.488	163.97750000000002
615.695	166.6975
615.903	171.64749999999998
616.111	176.4375
616.318	177.2075
616.526	172.5275
616.733	170.05749999999998
616.941	168.3275
617.148	169.64749999999998
617.356	166.7775
617.563	163.2975
617.771	165.38750000000002
617.978	160.5075
618.185	160.7475
618.393	162.7075
618.6	161.1175
618.807	159.98749999999998
619.015	161.5475
619.222	158.4175
619.429	158.6175
619.637	159.7775
619.844	157.8575
620.051	156.1775
620.258	157.2875
620.466	155.0875
620.673	154.0475
620.88	153.5975
621.087	153.7075
621.294	153.0175
621.501	154.4275
621.708	155.2775
621.915	154.1875
622.122	154.2475
622.329	155.6775
622.536	154.7575
622.743	150.9975
622.95	151.7275
623.157	150.7775
623.364	150.73749999999998
623.571	150.48749999999998
623.778	150.6675
623.985	151.6675
624.192	149.7975
624.399	150.8475
624.606	150.39749999999998
624.812	148.7175
625.019	148.4475
625.226	148.7075
625.433	148.8875
625.639	145.3175
625.846	146.5275
626.053	145.3775
626.259	145.9975
626.466	146.2175
626.673	145.5675
626.879	144.7675
627.086	148.5675
627.293	147.2275
627.499	145.6275
627.706	143.9775
627.912	142.7875
628.119	143.88750000000002
628.325	145.1675
628.532	144.1975
628.738	142.0875
628.945	141.4075
629.151	140.48749999999998
629.357	140.9975
629.564	143.5775
629.77	142.47750000000002
629.976	140.1975
630.183	138.7175
630.389	140.0775
630.595	138.1275
630.802	138.2175
631.008	137.9575
631.214	136.1275
631.42	138.31750000000002
631.627	139.8675
631.833	135.31750000000002
632.039	135.7575
632.245	135.7575
632.451	135.5075
632.657	134.63750000000002
632.863	133.63750000000002
633.069	133.4075
633.275	134.6275
633.481	133.5575
633.688	135.4375
633.893	137.31750000000002
634.099	133.1675
634.305	132.8375
634.511	133.06750000000002
634.717	132.6175
634.923	130.88750000000002
635.129	130.6775
635.335	130.8775
635.541	130.5575
635.747	132.3275
635.952	132.3075
636.158	130.4575
636.364	132.2875
636.57	132.9075
636.775	131.3275
636.981	130.1975
637.187	132.0975
637.392	130.0875
637.598	129.7675
637.804	130.3575
638.009	130.5375
638.215	129.4875
638.421	128.8475
638.626	127.20750000000001
638.832	129.2375
639.037	129.1575
639.243	128.1575
639.448	126.91749999999999
639.654	129.31750000000002
639.859	126.81750000000001
640.065	126.0075
640.27	131.5375
640.475	127.3575
640.681	125.3575
640.886	127.39750000000001
641.091	127.6875
641.297	127.5275
641.502	126.9375
641.707	128.4975
641.913	126.03750000000001
642.118	124.9475
642.323	123.9475
642.528	127.8675
642.733	124.2675
642.939	126.2175
643.144	126.70750000000001
643.349	125.12750000000001
643.554	124.9475
643.759	124.1775
643.964	123.5175
644.169	124.20750000000001
644.374	124.0975
644.579	125.23750000000001
644.784	125.31750000000001
644.989	122.9775
645.194	123.5275
645.399	125.8075
645.604	124.58749999999999
645.809	127.5575
646.014	127.3075
646.219	125.41749999999999
646.423	124.95750000000001
646.628	123.48750000000001
646.833	126.3075
647.038	126.12750000000001
647.243	127.0075
647.447	126.91749999999999
647.652	126.4075
647.857	125.8575
648.062	127.99749999999999
648.266	130.6175
648.471	135.4675
648.676	138.0275
648.88	135.13750000000002
649.085	131.8375
649.289	132.5275
649.494	144.4875
649.698	178.60750000000002
649.903	145.0275
650.107	127.0575
650.312	123.81750000000001
650.516	120.5175
650.721	118.7975
650.925	116.91749999999999
651.13	116.3475
651.334	116.23750000000001
651.539	115.0075
651.743	114.4675
651.947	114.5975
652.152	113.98750000000001
652.356	113.28750000000001
652.56	113.23750000000001
652.764	109.45750000000001
652.969	109.9275
653.173	108.6175
653.377	108.24749999999999
653.581	108.0975
653.785	108.5575
653.99	108.0175
654.194	106.2675
654.398	106.8075
654.602	106.3575
654.806	113.16749999999999
655.01	125.56750000000001
655.214	112.4775
655.418	108.37750000000001
655.622	105.1375
655.826	107.45750000000001
656.03	108.5475
656.234	112.3175
656.438	116.08749999999999
656.642	116.3175
656.846	110.4075
657.049	105.8675
657.253	103.62750000000001
657.457	99.1075
657.661	98.0675
657.865	96.4675
658.068	95.5675
658.272	93.4875
658.476	93.5675
658.68	91.8875
658.883	90.87750000000001
659.087	90.28750000000001
659.291	91.3875
659.494	90.0175
659.698	88.6875
659.901	89.2575
660.105	86.8075
660.309	87.53750000000001
660.512	86.5675
660.716	86.0475
660.919	85.70750000000001
661.123	88.3875
661.326	85.3975
661.53	84.95750000000001
661.733	85.2775
661.936	83.74749999999999
662.14	82.66749999999999
662.343	82.9475
662.546	81.9875
662.75	84.37750000000001
662.953	85.0575
663.156	81.99749999999999
663.36	82.7275
663.563	84.7675
663.766	80.7675
663.969	82.5675
664.173	82.8275
664.376	80.6775
664.579	80.2575
664.782	81.2275
664.985	81.6975
665.188	81.20750000000001
665.391	83.2675
665.594	82.1975
665.797	80.58749999999999
666.0	81.8575
666.203	80.3475
666.406	79.7475
666.609	80.6975
666.812	81.6575
667.015	80.7575
667.218	82.9675
667.421	80.4775
667.624	79.6875
667.827	81.53750000000001
668.03	80.5175
668.232	79.4875
668.435	80.1975
668.638	79.7575
668.841	81.3675
669.043	81.37750000000001
669.246	80.9075
669.449	80.8275
669.651	79.9475
669.854	79.95750000000001
670.057	81.20750000000001
670.259	80.3675
670.462	80.3875
670.665	81.6375
670.867	82.7275
671.07	82.9775
671.272	83.9375
671.475	84.0975
671.677	80.1475
671.88	80.58749999999999
672.082	80.7475
672.284	82.3875
672.487	81.41749999999999
672.689	79.6575
672.892	80.3075
