223.165	-17.421
223.4	-17.421
223.635	-17.421
223.869	-22.571
224.104	-19.971
224.338	-10.921
224.573	-11.471
224.808	-14.471
225.042	-7.470999999999999
225.277	-7.171000000000001
225.511	-1.371
225.746	2.729
225.98	7.278999999999999
226.215	10.679
226.449	14.578999999999999
226.683	19.279
226.918	27.479000000000003
227.152	30.829
227.387	33.428999999999995
227.621	40.029
227.856	43.129
228.09	43.928999999999995
228.324	51.879
228.559	57.979
228.793	59.278999999999996
229.027	62.879
229.262	65.579
229.496	61.729
229.73	70.62899999999999
229.964	72.029
230.199	71.579
230.433	71.779
230.667	77.62899999999999
230.901	75.179
231.136	76.079
231.37	75.679
231.604	80.029
231.838	79.079
232.072	74.179
232.306	83.429
232.541	78.429
232.775	82.779
233.009	79.679
233.243	80.329
233.477	78.779
233.711	81.479
233.945	83.079
234.179	79.12899999999999
234.413	81.37899999999999
234.647	76.929
234.881	76.779
235.115	82.529
235.349	76.679
235.583	77.929
235.817	77.62899999999999
236.051	73.979
236.285	75.979
236.519	77.37899999999999
236.753	76.779
236.987	78.479
237.221	74.229
237.455	73.779
237.689	80.029
237.922	72.529
238.156	76.179
238.39	75.279
238.624	75.479
238.858	74.87899999999999
239.091	76.929
239.325	71.679
239.559	74.37899999999999
239.793	72.12899999999999
240.027	77.979
240.26	74.079
240.494	79.329
240.728	75.029
240.961	73.679
241.195	77.529
241.429	77.329
241.662	73.579
241.896	73.829
242.13	75.529
242.363	75.12899999999999
242.597	76.979
242.83	80.37899999999999
243.064	76.179
243.298	74.62899999999999
243.531	73.979
243.765	79.179
243.998	77.779
244.232	78.179
244.465	74.12899999999999
244.699	74.279
244.932	75.779
245.166	77.179
245.399	76.179
245.633	74.929
245.866	74.979
246.099	77.829
246.333	77.829
246.566	72.079
246.8	73.87899999999999
247.033	73.429
247.266	76.979
247.5	77.929
247.733	77.779
247.966	80.029
248.2	79.779
248.433	78.229
248.666	75.479
248.899	77.12899999999999
249.133	76.729
249.366	83.37899999999999
249.599	78.929
249.832	76.779
250.066	80.279
250.299	78.529
250.532	80.12899999999999
250.765	77.729
250.998	80.229
251.231	74.229
251.465	77.329
251.698	78.179
251.931	77.37899999999999
252.164	77.179
252.397	76.779
252.63	77.329
252.863	79.929
253.096	81.679
253.329	79.829
253.562	78.829
253.795	80.37899999999999
254.028	79.429
254.261	79.37899999999999
254.494	76.279
254.727	79.329
254.96	76.829
255.193	79.829
255.426	79.62899999999999
255.659	77.679
255.892	79.979
256.124	76.479
256.357	78.079
256.59	78.829
256.823	77.279
257.056	78.929
257.289	78.929
257.521	78.12899999999999
257.754	77.87899999999999
257.987	74.229
258.22	78.279
258.452	79.779
258.685	79.829
258.918	80.329
259.151	79.679
259.383	82.029
259.616	77.87899999999999
259.849	80.179
260.081	80.929
260.314	79.029
260.547	79.479
260.779	77.979
261.012	80.87899999999999
261.244	79.179
261.477	82.479
261.71	83.079
261.942	81.37899999999999
262.175	79.579
262.407	78.579
262.64	78.429
262.872	78.929
263.105	80.029
263.337	80.529
263.57	82.429
263.802	84.329
264.035	79.929
264.267	81.529
264.499	78.279
264.732	82.779
264.964	81.729
265.197	78.529
265.429	79.329
265.661	80.729
265.894	81.729
266.126	82.979
266.358	82.079
266.591	81.429
266.823	82.12899999999999
267.055	81.87899999999999
267.287	83.029
267.52	80.479
267.752	83.079
267.984	81.62899999999999
268.216	78.679
268.448	86.079
268.681	82.729
268.913	82.529
269.145	82.229
269.377	83.179
269.609	78.62899999999999
269.841	81.529
270.073	80.779
270.306	83.079
270.538	81.229
270.77	78.229
271.002	82.929
271.234	81.87899999999999
271.466	84.829
271.698	80.62899999999999
271.93	78.479
272.162	82.479
272.394	81.429
272.626	84.229
272.858	83.279
273.09	79.079
273.322	80.579
273.553	78.37899999999999
273.785	82.979
274.017	82.279
274.249	83.87899999999999
274.481	80.779
274.713	81.079
274.945	81.779
275.176	81.579
275.408	83.429
275.64	80.429
275.872	82.029
276.104	82.729
276.335	82.179
276.567	81.679
276.799	85.079
277.031	79.329
277.262	80.079
277.494	85.929
277.726	84.37899999999999
277.957	83.179
278.189	83.87899999999999
278.421	83.029
278.652	82.029
278.884	80.62899999999999
279.115	81.079
279.347	85.979
279.579	84.579
279.81	80.729
280.042	83.729
280.273	80.179
280.505	81.979
280.736	82.479
280.968	81.62899999999999
281.199	81.429
281.431	81.529
281.662	86.179
281.894	84.279
282.125	82.779
282.356	81.779
282.588	83.079
282.819	80.429
283.051	83.62899999999999
283.282	81.679
283.513	88.829
283.745	86.579
283.976	82.429
284.207	84.779
284.439	81.529
284.67	82.529
284.901	79.929
285.132	81.179
285.364	84.079
285.595	84.579
285.826	85.12899999999999
286.057	84.779
286.288	85.529
286.52	83.829
286.751	83.979
286.982	85.029
287.213	82.479
287.444	82.329
287.675	83.579
287.906	86.979
288.138	82.729
288.369	86.029
288.6	85.079
288.831	79.479
289.062	82.479
289.293	81.579
289.524	83.62899999999999
289.755	83.979
289.986	84.329
290.217	82.829
290.448	80.87899999999999
290.679	82.729
290.91	85.979
291.141	83.179
291.371	85.429
291.602	83.279
291.833	84.529
292.064	86.429
292.295	81.779
292.526	80.62899999999999
292.757	84.729
292.987	83.279
293.218	80.329
293.449	85.429
293.68	86.479
293.91	83.679
294.141	82.579
294.372	81.429
294.603	83.779
294.833	86.12899999999999
295.064	85.829
295.295	82.929
295.525	82.979
295.756	84.679
295.987	80.929
296.217	84.979
296.448	79.329
296.679	81.829
296.909	85.929
297.14	85.579
297.37	84.779
297.601	83.329
297.831	82.029
298.062	83.729
298.292	83.979
298.523	84.779
298.753	82.37899999999999
298.984	87.329
299.214	88.179
299.445	85.729
299.675	83.179
299.905	84.37899999999999
300.136	81.479
300.366	81.579
300.597	82.62899999999999
300.827	82.62899999999999
301.057	83.579
301.288	82.329
301.518	83.229
301.748	83.929
301.979	99.329
302.209	80.829
302.439	83.479
302.669	84.729
302.9	84.229
303.13	85.229
303.36	84.37899999999999
303.59	82.929
303.82	84.679
304.051	83.679
304.281	86.779
304.511	88.179
304.741	85.579
304.971	83.079
305.201	86.329
305.431	87.079
305.661	83.029
305.891	83.979
306.121	86.529
306.352	87.679
306.582	82.229
306.812	84.079
307.042	84.179
307.272	81.079
307.502	82.529
307.731	86.329
307.961	81.62899999999999
308.191	81.62899999999999
308.421	84.87899999999999
308.651	85.229
308.881	83.679
309.111	82.679
309.341	83.62899999999999
309.571	85.37899999999999
309.8	85.529
310.03	83.029
310.26	82.679
310.49	87.529
310.72	84.37899999999999
310.949	83.979
311.179	87.37899999999999
311.409	81.12899999999999
311.639	83.829
311.868	85.929
312.098	81.979
312.328	85.029
312.557	85.029
312.787	83.079
313.017	81.62899999999999
313.246	87.279
313.476	86.12899999999999
313.706	83.529
313.935	87.479
314.165	85.029
314.394	83.179
314.624	86.479
314.853	85.329
315.083	83.429
315.312	84.829
315.542	85.029
315.771	86.079
316.001	87.429
316.23	85.329
316.46	86.679
316.689	84.829
316.919	84.679
317.148	86.12899999999999
317.377	90.329
317.607	84.579
317.836	86.329
318.065	85.37899999999999
318.295	83.12899999999999
318.524	84.429
318.753	85.579
318.983	79.079
319.212	84.729
319.441	84.429
319.67	81.979
319.9	85.679
320.129	84.329
320.358	84.929
320.587	86.12899999999999
320.816	86.279
321.046	84.279
321.275	88.179
321.504	83.87899999999999
321.733	88.62899999999999
321.962	89.079
322.191	88.479
322.42	84.87899999999999
322.649	85.829
322.878	86.37899999999999
323.108	87.029
323.337	82.87899999999999
323.566	87.37899999999999
323.795	85.479
324.024	86.179
324.253	86.079
324.482	81.829
324.71	85.779
324.939	89.579
325.168	83.029
325.397	85.429
325.626	84.779
325.855	84.529
326.084	83.229
326.313	88.12899999999999
326.542	80.729
326.77	85.479
326.999	85.529
327.228	85.479
327.457	84.729
327.686	88.779
327.914	87.179
328.143	88.729
328.372	88.12899999999999
328.6	82.829
328.829	85.429
329.058	86.279
329.287	82.429
329.515	83.529
329.744	84.029
329.972	85.179
330.201	82.979
330.43	83.929
330.658	83.979
330.887	83.029
331.115	85.729
331.344	86.929
331.572	88.87899999999999
331.801	87.779
332.03	81.87899999999999
332.258	85.12899999999999
332.486	83.37899999999999
332.715	84.329
332.943	83.829
333.172	82.429
333.4	84.37899999999999
333.629	86.579
333.857	84.229
334.085	83.029
334.314	83.579
334.542	85.829
334.771	85.079
334.999	85.12899999999999
335.227	83.37899999999999
335.455	85.029
335.684	90.079
335.912	87.929
336.14	84.679
336.369	84.87899999999999
336.597	86.329
336.825	85.679
337.053	82.779
337.281	83.929
337.51	84.779
337.738	84.37899999999999
337.966	84.87899999999999
338.194	85.529
338.422	84.079
338.65	85.429
338.878	84.329
339.106	84.87899999999999
339.334	89.529
339.562	82.579
339.79	83.079
340.018	82.929
340.246	84.87899999999999
340.474	84.679
340.702	83.779
340.93	83.37899999999999
341.158	84.779
341.386	84.679
341.614	84.429
341.842	82.179
342.07	83.829
342.298	87.979
342.526	82.87899999999999
342.754	85.729
342.981	82.12899999999999
343.209	82.079
343.437	97.329
343.665	83.679
343.893	85.529
344.12	85.87899999999999
344.348	86.779
344.576	87.829
344.804	88.37899999999999
345.031	86.12899999999999
345.259	86.429
345.487	79.329
345.714	83.929
345.942	83.37899999999999
346.17	84.329
346.397	83.979
346.625	84.179
346.853	84.329
347.08	80.87899999999999
347.308	84.529
347.535	87.12899999999999
347.763	86.029
347.99	86.429
348.218	85.579
348.445	83.579
348.673	82.37899999999999
348.9	81.179
349.128	87.579
349.355	82.579
349.583	85.729
349.81	85.62899999999999
350.037	85.579
350.265	85.229
350.492	82.929
350.72	85.679
350.947	85.079
351.174	88.62899999999999
351.402	83.12899999999999
351.629	84.779
351.856	82.87899999999999
352.083	84.479
352.311	84.12899999999999
352.538	81.479
352.765	89.279
352.992	91.729
353.22	84.12899999999999
353.447	85.029
353.674	87.779
353.901	85.679
354.128	85.979
354.355	83.079
354.583	80.179
354.81	85.579
355.037	85.029
355.264	87.679
355.491	85.179
355.718	82.729
355.945	87.479
356.172	83.179
356.399	83.779
356.626	84.429
356.853	83.429
357.08	83.12899999999999
357.307	81.429
357.534	82.12899999999999
357.761	85.729
357.988	88.579
358.215	86.37899999999999
358.441	85.479
358.668	83.729
358.895	86.87899999999999
359.122	87.37899999999999
359.349	85.279
359.576	83.979
359.802	82.979
360.029	82.729
360.256	86.929
360.483	81.579
360.709	79.829
360.936	87.979
361.163	84.579
361.39	83.329
361.616	83.729
361.843	84.12899999999999
362.07	87.229
362.296	81.329
362.523	82.929
362.749	79.229
362.976	83.179
363.203	90.229
363.429	81.62899999999999
363.656	83.62899999999999
363.882	83.679
364.109	84.929
364.335	85.329
364.562	84.37899999999999
364.788	82.729
365.015	85.429
365.241	84.329
365.468	86.229
365.694	82.029
365.92	81.179
366.147	83.929
366.373	84.279
366.599	80.529
366.826	83.079
367.052	86.079
367.278	85.929
367.505	84.229
367.731	92.979
367.957	83.12899999999999
368.184	82.12899999999999
368.41	84.479
368.636	82.979
368.862	89.029
369.089	85.87899999999999
369.315	84.229
369.541	85.87899999999999
369.767	83.529
369.993	84.679
370.219	83.479
370.445	84.029
370.672	82.279
370.898	84.279
371.124	84.779
371.35	82.929
371.576	83.779
371.802	82.029
372.028	85.279
372.254	85.279
372.48	86.729
372.706	86.929
372.932	85.529
373.158	84.179
373.384	85.329
373.61	87.37899999999999
373.835	85.929
374.061	78.37899999999999
374.287	83.929
374.513	80.579
374.739	85.429
374.965	81.979
375.191	84.529
375.416	81.87899999999999
375.642	85.37899999999999
375.868	89.029
376.094	84.279
376.319	82.829
376.545	79.179
376.771	80.329
376.997	86.079
377.222	79.679
377.448	85.279
377.674	82.329
377.899	85.579
378.125	84.929
378.35	85.529
378.576	85.079
378.802	82.329
379.027	84.62899999999999
379.253	86.429
379.478	83.329
379.704	84.929
379.929	83.429
380.155	85.679
380.38	82.579
380.606	80.229
380.831	84.12899999999999
381.057	88.179
381.282	81.12899999999999
381.507	84.37899999999999
381.733	84.429
381.958	82.87899999999999
382.184	84.029
382.409	83.179
382.634	86.729
382.86	84.079
383.085	84.62899999999999
383.31	81.579
383.535	87.429
383.761	83.37899999999999
383.986	86.229
384.211	81.529
384.436	85.229
384.662	80.079
384.887	80.87899999999999
385.112	81.829
385.337	81.479
385.562	81.929
385.787	83.579
386.013	85.12899999999999
386.238	86.029
386.463	81.679
386.688	93.279
386.913	84.079
387.138	84.029
387.363	83.029
387.588	84.429
387.813	85.679
388.038	86.229
388.263	82.929
388.488	85.579
388.713	82.12899999999999
388.938	85.429
389.163	83.729
389.387	83.329
389.612	85.229
389.837	82.779
390.062	84.079
390.287	85.12899999999999
390.512	83.929
390.736	81.579
390.961	85.479
391.186	85.87899999999999
391.411	81.62899999999999
391.636	84.279
391.86	82.87899999999999
392.085	85.729
392.31	85.079
392.534	82.079
392.759	84.729
392.984	85.62899999999999
393.208	81.729
393.433	85.479
393.658	83.62899999999999
393.882	85.829
394.107	84.679
394.331	86.529
394.556	83.329
394.78	86.579
395.005	85.179
395.229	85.329
395.454	84.729
395.678	84.679
395.903	83.12899999999999
396.127	86.329
396.352	83.62899999999999
396.576	86.479
396.801	84.62899999999999
397.025	82.429
397.249	84.87899999999999
397.474	87.029
397.698	85.229
397.922	86.37899999999999
398.147	85.279
398.371	80.529
398.595	83.229
398.82	85.229
399.044	82.329
399.268	84.229
399.492	83.779
399.717	84.229
399.941	85.87899999999999
400.165	84.87899999999999
400.389	86.479
400.613	81.87899999999999
400.837	83.979
401.062	83.979
401.286	83.87899999999999
401.51	84.979
401.734	86.029
401.958	83.579
402.182	85.12899999999999
402.406	83.479
402.63	86.779
402.854	84.829
403.078	83.679
403.302	87.029
403.526	89.37899999999999
403.75	91.429
403.974	96.479
404.198	113.929
404.422	145.429
404.645	159.47899999999998
404.869	143.97899999999998
405.093	114.479
405.317	95.37899999999999
405.541	86.87899999999999
405.765	84.679
405.988	84.279
406.212	87.679
406.436	83.979
406.66	86.87899999999999
406.883	87.429
407.107	86.979
407.331	84.579
407.555	79.429
407.778	85.429
408.002	87.529
408.226	83.829
408.449	82.729
408.673	83.279
408.896	86.829
409.12	84.479
409.344	88.729
409.567	84.079
409.791	85.579
410.014	83.779
410.238	85.479
410.461	86.87899999999999
410.685	83.979
410.908	84.329
411.132	87.429
411.355	82.529
411.578	82.329
411.802	86.829
412.025	82.929
412.249	85.229
412.472	86.029
412.695	85.429
412.919	86.729
413.142	81.37899999999999
413.365	84.829
413.589	83.329
413.812	85.729
414.035	85.329
414.258	83.729
414.482	84.929
414.705	82.329
414.928	87.12899999999999
415.151	85.929
415.374	86.679
415.597	83.929
415.821	84.429
416.044	84.279
416.267	85.979
416.49	86.229
416.713	83.229
416.936	86.87899999999999
417.159	86.329
417.382	84.329
417.605	83.829
417.828	83.62899999999999
418.051	80.37899999999999
418.274	85.429
418.497	84.729
418.72	85.429
418.943	85.079
419.166	82.779
419.389	86.179
419.611	84.079
419.834	82.679
420.057	86.929
420.28	85.829
420.503	86.579
420.726	84.079
420.948	83.679
421.171	83.479
421.394	81.229
421.617	89.87899999999999
421.839	79.779
422.062	81.479
422.285	85.929
422.507	84.329
422.73	89.979
422.953	86.37899999999999
423.175	85.529
423.398	84.329
423.621	85.829
423.843	85.179
424.066	80.87899999999999
424.288	83.429
424.511	85.429
424.733	85.429
424.956	84.679
425.178	85.529
425.401	84.579
425.623	85.62899999999999
425.846	82.929
426.068	82.029
426.291	85.229
426.513	81.87899999999999
426.735	85.479
426.958	83.179
427.18	89.029
427.402	85.37899999999999
427.625	84.12899999999999
427.847	83.329
428.069	83.229
428.292	82.079
428.514	86.62899999999999
428.736	84.62899999999999
428.958	85.929
429.181	83.87899999999999
429.403	83.929
429.625	85.529
429.847	85.479
430.069	86.37899999999999
430.292	87.829
430.514	86.979
430.736	81.62899999999999
430.958	86.479
431.18	85.079
431.402	84.12899999999999
431.624	80.979
431.846	84.729
432.068	82.679
432.29	82.679
432.512	83.029
432.734	84.479
432.956	86.12899999999999
433.178	91.979
433.4	86.229
433.622	86.579
433.844	89.479
434.066	83.729
434.287	85.37899999999999
434.509	81.179
434.731	82.62899999999999
434.953	81.979
435.175	83.679
435.397	85.62899999999999
435.618	83.229
435.84	82.779
436.062	84.229
436.284	84.179
436.505	83.729
436.727	85.829
436.949	86.229
437.17	81.079
437.392	84.12899999999999
437.614	86.12899999999999
437.835	81.37899999999999
438.057	82.479
438.278	84.12899999999999
438.5	84.829
438.721	85.179
438.943	83.829
439.165	83.329
439.386	87.429
439.608	88.579
439.829	85.679
440.05	90.779
440.272	85.229
440.493	82.529
440.715	85.479
440.936	84.12899999999999
441.158	89.029
441.379	83.37899999999999
441.6	87.329
441.822	85.579
442.043	83.679
442.264	85.37899999999999
442.486	85.979
442.707	85.479
442.928	86.229
443.149	82.979
443.371	85.729
443.592	83.929
443.813	86.979
444.034	81.279
444.255	85.929
444.476	84.529
444.698	85.179
444.919	84.029
445.14	149.079
445.361	111.279
445.582	87.679
445.803	82.179
446.024	82.979
446.245	90.87899999999999
446.466	86.529
446.687	85.12899999999999
446.908	84.429
447.129	88.829
447.35	82.029
447.571	87.079
447.792	83.179
448.013	84.279
448.234	86.829
448.455	85.079
448.675	86.37899999999999
448.896	86.62899999999999
449.117	85.679
449.338	85.229
449.559	86.279
449.779	88.029
450.0	85.729
450.221	85.87899999999999
450.442	86.329
450.662	83.729
450.883	85.729
451.104	87.829
451.324	85.62899999999999
451.545	84.829
451.766	81.829
451.986	84.729
452.207	83.12899999999999
452.428	83.479
452.648	87.12899999999999
452.869	83.979
453.089	84.929
453.31	80.979
453.53	84.979
453.751	86.729
453.971	85.179
454.192	82.429
454.412	82.12899999999999
454.633	84.229
454.853	83.229
455.073	83.229
455.294	86.329
455.514	84.929
455.734	83.679
455.955	84.529
456.175	84.779
456.395	85.079
456.616	83.279
456.836	81.729
457.056	81.679
457.276	84.179
457.497	81.079
457.717	84.179
457.937	85.279
458.157	78.779
458.377	84.529
458.598	83.329
458.818	83.029
459.038	83.329
459.258	88.12899999999999
459.478	82.979
459.698	80.12899999999999
459.918	82.62899999999999
460.138	84.029
460.358	82.479
460.578	84.029
460.798	81.029
461.018	85.029
461.238	82.929
461.458	84.329
461.678	81.12899999999999
461.898	84.329
462.118	83.62899999999999
462.338	83.329
462.558	85.62899999999999
462.777	85.579
462.997	81.529
463.217	80.87899999999999
463.437	85.229
463.657	81.229
463.876	86.229
464.096	85.12899999999999
464.316	85.12899999999999
464.536	82.579
464.755	87.079
464.975	83.62899999999999
465.195	83.179
465.414	85.029
465.634	83.429
465.854	85.12899999999999
466.073	82.979
466.293	84.779
466.512	84.779
466.732	84.12899999999999
466.951	86.12899999999999
467.171	86.929
467.391	86.329
467.61	86.37899999999999
467.829	82.779
468.049	84.579
468.268	84.029
468.488	82.729
468.707	85.729
468.927	85.679
469.146	87.979
469.365	86.179
469.585	86.12899999999999
469.804	86.179
470.023	86.029
470.243	86.429
470.462	89.279
470.681	85.929
470.901	89.62899999999999
471.12	86.12899999999999
471.339	89.029
471.558	83.37899999999999
471.777	85.279
471.997	84.929
472.216	85.329
472.435	85.179
472.654	84.479
472.873	88.729
473.092	86.279
473.311	85.529
473.53	88.479
473.749	86.479
473.968	89.529
474.187	85.729
474.406	86.779
474.625	87.279
474.844	87.62899999999999
475.063	84.529
475.282	89.429
475.501	84.979
475.72	90.62899999999999
475.939	86.029
476.158	86.279
476.377	84.62899999999999
476.596	85.229
476.814	85.529
477.033	86.779
477.252	87.87899999999999
477.471	83.979
477.69	87.37899999999999
477.908	89.37899999999999
478.127	88.12899999999999
478.346	84.87899999999999
478.564	84.37899999999999
478.783	83.979
479.002	86.329
479.22	88.779
479.439	89.729
479.658	88.229
479.876	87.729
480.095	87.729
480.313	88.729
480.532	85.329
480.751	88.029
480.969	84.62899999999999
481.188	89.429
481.406	85.529
481.624	85.529
481.843	84.279
482.061	83.929
482.28	91.479
482.498	82.429
482.717	83.929
482.935	87.729
483.153	88.329
483.372	84.87899999999999
483.59	88.37899999999999
483.808	86.479
484.027	85.529
484.245	86.429
484.463	86.279
484.681	92.279
484.9	89.479
485.118	86.829
485.336	86.329
485.554	85.179
485.772	84.029
485.99	85.279
486.209	86.529
486.427	84.779
486.645	86.529
486.863	85.729
487.081	87.579
487.299	84.229
487.517	90.679
487.735	89.679
487.953	90.679
488.171	88.729
488.389	87.62899999999999
488.607	85.329
488.825	85.279
489.043	84.62899999999999
489.261	93.62899999999999
489.479	86.529
489.696	90.779
489.914	85.979
490.132	88.87899999999999
490.35	86.579
490.568	88.529
490.786	89.37899999999999
491.003	90.679
491.221	91.179
491.439	89.779
491.657	92.579
491.874	95.979
492.092	91.229
492.31	93.62899999999999
492.527	93.029
492.745	90.929
492.963	93.279
493.18	91.579
493.398	93.62899999999999
493.615	89.87899999999999
493.833	91.12899999999999
494.05	93.279
494.268	92.779
494.485	90.87899999999999
494.703	92.479
494.92	91.62899999999999
495.138	94.529
495.355	93.62899999999999
495.573	94.979
495.79	89.329
496.008	91.579
496.225	92.779
496.442	91.179
496.66	92.12899999999999
496.877	92.779
497.094	94.429
497.312	89.62899999999999
497.529	90.229
497.746	85.829
497.963	85.929
498.181	82.279
498.398	86.529
498.615	84.079
498.832	87.429
499.049	89.079
499.267	90.079
499.484	83.37899999999999
499.701	89.279
499.918	88.829
500.135	85.979
500.352	86.079
500.569	86.279
500.786	93.429
501.003	89.829
501.22	84.479
501.437	87.12899999999999
501.654	86.87899999999999
501.871	85.429
502.088	87.779
502.305	88.579
502.522	88.779
502.739	87.479
502.956	86.029
503.172	89.729
503.389	87.279
503.606	86.479
503.823	85.579
504.04	92.479
504.256	87.979
504.473	88.62899999999999
504.69	87.12899999999999
504.907	91.12899999999999
505.123	87.37899999999999
505.34	87.229
505.557	87.429
505.773	87.829
505.99	85.779
506.207	84.229
506.423	85.979
506.64	87.62899999999999
506.856	84.529
507.073	89.679
507.289	93.529
507.506	90.62899999999999
507.722	84.579
507.939	87.829
508.155	88.979
508.372	87.37899999999999
508.588	89.529
508.805	89.579
509.021	88.279
509.238	85.62899999999999
509.454	87.87899999999999
509.67	88.12899999999999
509.887	85.579
510.103	89.679
510.319	88.37899999999999
510.536	89.179
510.752	86.87899999999999
510.968	86.479
511.184	88.329
511.401	87.579
511.617	90.729
511.833	87.279
512.049	90.37899999999999
512.265	87.279
512.481	89.979
512.698	87.929
512.914	89.829
513.13	89.779
513.346	86.829
513.562	86.37899999999999
513.778	88.429
513.994	85.929
514.21	84.62899999999999
514.426	86.929
514.642	84.579
514.858	82.829
515.074	83.429
515.29	86.679
515.506	86.929
515.721	83.779
515.937	86.37899999999999
516.153	87.079
516.369	84.329
516.585	86.62899999999999
516.801	85.12899999999999
517.016	85.279
517.232	88.62899999999999
517.448	87.12899999999999
517.664	89.579
517.879	85.37899999999999
518.095	83.87899999999999
518.311	85.529
518.527	87.479
518.742	87.079
518.958	84.979
519.173	88.029
519.389	86.279
519.605	87.279
519.82	86.529
520.036	88.329
520.251	86.279
520.467	85.479
520.682	82.229
520.898	82.529
521.113	81.37899999999999
521.329	85.279
521.544	86.179
521.76	87.579
521.975	85.229
522.19	89.429
522.406	85.329
522.621	85.329
522.836	87.62899999999999
523.052	86.429
523.267	86.329
523.482	84.62899999999999
523.698	84.729
523.913	87.579
524.128	86.479
524.343	87.179
524.559	88.429
524.774	85.479
524.989	91.079
525.204	88.029
525.419	86.62899999999999
525.634	86.529
525.849	85.279
526.064	86.12899999999999
526.28	88.279
526.495	86.37899999999999
526.71	84.779
526.925	81.329
527.14	88.12899999999999
527.355	84.479
527.57	89.029
527.785	88.429
527.999	85.87899999999999
528.214	83.37899999999999
528.429	87.929
528.644	85.529
528.859	85.62899999999999
529.074	86.479
529.289	89.679
529.503	87.229
529.718	88.329
529.933	86.079
530.148	86.979
530.363	90.729
530.577	86.179
530.792	85.779
531.007	87.37899999999999
531.221	83.479
531.436	86.929
531.651	85.829
531.865	87.729
532.08	87.479
532.295	90.579
532.509	90.329
532.724	90.62899999999999
532.938	88.529
533.153	90.679
533.367	92.329
533.582	92.679
533.796	93.179
534.011	91.679
534.225	97.12899999999999
534.44	94.529
534.654	93.929
534.868	97.029
535.083	96.079
535.297	93.529
535.511	94.029
535.726	94.179
535.94	92.729
536.154	97.829
536.369	96.829
536.583	94.579
536.797	90.929
537.011	89.579
537.225	92.429
537.44	90.429
537.654	93.829
537.868	87.079
538.082	87.87899999999999
538.296	86.429
538.51	87.979
538.724	87.079
538.938	89.329
539.153	88.829
539.367	87.929
539.581	91.079
539.795	85.479
540.009	85.979
540.222	86.87899999999999
540.436	86.029
540.65	87.12899999999999
540.864	85.979
541.078	89.029
541.292	88.179
541.506	91.979
541.72	93.179
541.934	90.579
542.147	93.479
542.361	87.829
542.575	86.929
542.789	88.429
543.002	87.429
543.216	85.829
543.43	84.679
543.644	92.87899999999999
543.857	84.279
544.071	88.62899999999999
544.285	92.829
544.498	87.729
544.712	90.179
544.925	90.829
545.139	89.229
545.352	88.479
545.566	87.929
545.779	92.079
545.993	91.279
546.206	89.729
546.42	89.12899999999999
546.633	90.929
546.847	95.479
547.06	87.679
547.274	94.279
547.487	92.329
547.7	87.479
547.914	90.62899999999999
548.127	90.279
548.34	90.429
548.554	88.079
548.767	89.979
548.98	92.12899999999999
549.193	88.079
549.407	86.429
549.62	91.679
549.833	90.429
550.046	88.529
550.259	90.12899999999999
550.473	91.429
550.686	92.079
550.899	90.429
551.112	88.62899999999999
551.325	87.429
551.538	88.329
551.751	85.179
551.964	87.479
552.177	90.179
552.39	90.779
552.603	91.729
552.816	91.329
553.029	86.87899999999999
553.242	88.979
553.455	89.579
553.667	92.429
553.88	93.529
554.093	88.87899999999999
554.306	90.229
554.519	89.779
554.732	91.929
554.944	90.579
555.157	92.329
555.37	89.079
555.583	87.729
555.795	89.279
556.008	87.079
556.221	88.529
556.433	89.279
556.646	90.579
556.859	91.029
557.071	90.529
557.284	86.62899999999999
557.496	87.37899999999999
557.709	89.329
557.921	88.729
558.134	86.029
558.346	89.979
558.559	90.529
558.771	86.029
558.984	90.62899999999999
559.196	89.179
559.409	85.37899999999999
559.621	90.679
559.833	86.429
560.046	89.279
560.258	89.12899999999999
560.47	87.87899999999999
560.683	86.829
560.895	86.029
561.107	87.979
561.32	87.829
561.532	84.029
561.744	90.37899999999999
561.956	86.929
562.168	88.179
562.381	89.579
562.593	88.679
562.805	89.179
563.017	88.179
563.229	89.979
563.441	87.529
563.653	86.929
563.865	83.979
564.077	84.829
564.289	87.929
564.501	85.62899999999999
564.713	87.679
564.925	86.979
565.137	89.479
565.349	88.229
565.561	90.37899999999999
565.773	88.729
565.985	89.929
566.197	88.329
566.408	86.829
566.62	87.12899999999999
566.832	86.429
567.044	87.62899999999999
567.255	88.279
567.467	89.279
567.679	90.329
567.891	86.779
568.102	85.37899999999999
568.314	86.779
568.526	82.179
568.737	85.479
568.949	86.929
569.161	85.729
569.372	86.479
569.584	85.12899999999999
569.795	86.679
570.007	84.62899999999999
570.218	86.779
570.43	87.679
570.641	85.529
570.853	89.079
571.064	86.779
571.276	86.62899999999999
571.487	86.329
571.698	85.429
571.91	87.679
572.121	85.179
572.333	85.829
572.544	83.87899999999999
572.755	85.229
572.966	84.62899999999999
573.178	84.079
573.389	84.979
573.6	83.229
573.811	86.929
574.023	85.579
574.234	83.479
574.445	86.929
574.656	87.029
574.867	88.979
575.078	86.529
575.289	86.12899999999999
575.501	86.229
575.712	84.329
575.923	87.079
576.134	86.179
576.345	87.079
576.556	85.079
576.767	88.329
576.978	88.729
577.188	87.779
577.399	88.87899999999999
577.61	85.679
577.821	88.87899999999999
578.032	86.529
578.243	94.729
578.454	98.62899999999999
578.665	102.029
578.875	94.87899999999999
579.086	89.579
579.297	87.329
579.508	92.479
579.718	93.279
579.929	93.679
580.14	100.279
580.35	109.679
580.561	120.079
580.772	107.579
580.982	102.12899999999999
581.193	97.479
581.403	98.829
581.614	99.179
581.825	95.429
582.035	93.37899999999999
582.246	89.87899999999999
582.456	88.12899999999999
582.667	90.329
582.877	87.029
583.087	87.62899999999999
583.298	94.37899999999999
583.508	102.029
583.719	97.229
583.929	97.62899999999999
584.139	91.329
584.35	89.729
584.56	85.37899999999999
584.77	87.529
584.981	88.329
585.191	86.329
585.401	84.62899999999999
585.611	85.229
585.821	89.579
586.032	89.87899999999999
586.242	85.079
586.452	87.62899999999999
586.662	85.479
586.872	85.87899999999999
587.082	86.729
587.292	82.87899999999999
587.502	85.079
587.713	85.829
587.923	92.279
588.133	87.579
588.343	93.229
588.553	91.37899999999999
588.762	98.029
588.972	131.279
589.182	226.72899999999998
589.392	148.47899999999998
589.602	130.929
589.812	189.079
590.022	118.079
590.232	91.079
590.441	90.12899999999999
590.651	89.429
590.861	86.779
591.071	84.829
591.281	86.579
591.49	83.279
591.7	86.679
591.91	88.62899999999999
592.119	84.579
592.329	86.829
592.539	87.729
592.748	83.579
592.958	87.979
593.167	84.179
593.377	86.829
593.587	96.779
593.796	85.529
594.006	82.029
594.215	82.12899999999999
594.424	84.229
594.634	84.229
594.843	84.829
595.053	85.529
595.262	88.779
595.472	89.679
595.681	85.279
595.89	83.929
596.1	83.929
596.309	85.37899999999999
596.518	85.229
596.727	87.779
596.937	84.62899999999999
597.146	83.729
597.355	86.479
597.564	84.029
597.774	87.37899999999999
597.983	81.87899999999999
598.192	83.37899999999999
598.401	84.329
598.61	83.679
598.819	83.429
599.028	86.12899999999999
599.237	86.479
599.446	83.679
599.655	87.529
599.864	86.729
600.073	83.979
600.282	87.929
600.491	86.179
600.7	83.229
600.909	81.729
601.118	83.679
601.327	86.079
601.536	85.62899999999999
601.745	88.929
601.953	89.62899999999999
602.162	87.679
602.371	84.479
602.58	84.729
602.789	88.279
602.997	84.62899999999999
603.206	88.679
603.415	88.329
603.623	84.679
603.832	87.479
604.041	86.529
604.249	85.479
604.458	87.979
604.666	83.679
604.875	85.529
605.084	82.029
605.292	83.179
605.501	83.37899999999999
605.709	89.479
605.918	89.329
606.126	87.529
606.334	86.979
606.543	84.679
606.751	86.029
606.96	89.279
607.168	83.829
607.376	87.279
607.585	90.429
607.793	85.87899999999999
608.001	87.729
608.21	88.829
608.418	82.929
608.626	83.429
608.834	89.37899999999999
609.043	84.87899999999999
609.251	82.37899999999999
609.459	84.37899999999999
609.667	88.829
609.875	83.979
610.083	86.529
610.291	84.529
610.499	87.329
610.707	86.029
610.916	83.279
611.124	86.37899999999999
611.332	85.479
611.54	87.179
611.748	87.329
611.955	87.429
612.163	84.87899999999999
612.371	89.079
612.579	83.529
612.787	85.179
612.995	87.829
613.203	89.529
613.411	86.929
613.618	84.729
613.826	88.779
614.034	88.829
614.242	85.62899999999999
614.449	88.479
614.657	82.87899999999999
614.865	84.779
615.072	86.279
615.28	84.579
615.488	84.929
615.695	85.979
615.903	86.929
616.111	84.87899999999999
616.318	90.529
616.526	86.479
616.733	87.12899999999999
616.941	83.729
617.148	84.829
617.356	87.979
617.563	83.929
617.771	86.679
617.978	87.329
618.185	84.87899999999999
618.393	84.229
618.6	84.579
618.807	82.329
619.015	83.479
619.222	83.979
619.429	87.929
619.637	88.37899999999999
619.844	84.179
620.051	86.429
620.258	89.779
620.466	85.829
620.673	83.829
620.88	86.279
621.087	84.229
621.294	85.829
621.501	83.979
621.708	86.929
621.915	85.37899999999999
622.122	85.12899999999999
622.329	86.62899999999999
622.536	85.679
622.743	84.429
622.95	84.279
623.157	88.87899999999999
623.364	84.62899999999999
623.571	86.479
623.778	82.929
623.985	88.62899999999999
624.192	85.37899999999999
624.399	86.37899999999999
624.606	85.87899999999999
624.812	85.37899999999999
625.019	83.87899999999999
625.226	83.779
625.433	86.929
625.639	82.429
625.846	86.979
626.053	83.62899999999999
626.259	87.62899999999999
626.466	86.979
626.673	80.979
626.879	83.829
627.086	89.779
627.293	86.829
627.499	84.829
627.706	84.279
627.912	83.429
628.119	83.529
628.325	89.529
628.532	85.179
628.738	82.37899999999999
628.945	83.179
629.151	83.579
629.357	85.479
629.564	86.87899999999999
629.77	87.12899999999999
629.976	83.679
630.183	83.429
630.389	83.87899999999999
630.595	83.229
630.802	82.87899999999999
631.008	85.279
631.214	84.479
631.42	84.679
631.627	88.329
631.833	81.229
632.039	85.679
632.245	82.329
632.451	86.579
632.657	83.779
632.863	84.12899999999999
633.069	81.229
633.275	86.229
633.481	85.179
633.688	82.279
633.893	88.579
634.099	82.679
634.305	82.279
634.511	84.779
634.717	84.229
634.923	82.929
635.129	82.279
635.335	85.37899999999999
635.541	84.12899999999999
635.747	87.12899999999999
635.952	82.679
636.158	82.429
636.364	87.229
636.57	83.329
636.775	84.929
636.981	84.329
637.187	85.179
637.392	84.179
637.598	85.62899999999999
637.804	84.529
638.009	82.679
638.215	86.429
638.421	81.029
638.626	83.479
638.832	84.229
639.037	83.029
639.243	82.679
639.448	82.029
639.654	87.679
639.859	85.779
640.065	80.779
640.27	90.329
640.475	85.229
640.681	82.279
640.886	85.12899999999999
641.091	84.929
641.297	87.229
641.502	87.429
641.707	84.029
641.913	84.37899999999999
642.118	84.62899999999999
642.323	83.579
642.528	90.62899999999999
642.733	84.429
642.939	85.979
643.144	86.829
643.349	83.329
643.554	87.279
643.759	86.579
643.964	84.329
644.169	83.87899999999999
644.374	80.329
644.579	86.62899999999999
644.784	84.029
644.989	84.729
645.194	86.029
645.399	89.479
645.604	85.329
645.809	87.62899999999999
646.014	82.779
646.219	82.779
646.423	83.579
646.628	84.12899999999999
646.833	86.729
647.038	86.12899999999999
647.243	82.679
647.447	80.829
647.652	84.87899999999999
647.857	82.679
648.062	88.37899999999999
648.266	80.429
648.471	81.979
648.676	86.429
648.88	81.829
649.085	81.579
649.289	83.829
649.494	81.929
649.698	85.079
649.903	81.279
650.107	81.87899999999999
650.312	83.979
650.516	82.529
650.721	85.62899999999999
650.925	85.279
651.13	82.579
651.334	83.579
651.539	84.079
651.743	83.62899999999999
651.947	82.779
652.152	85.579
652.356	85.929
652.56	84.029
652.764	81.279
652.969	84.329
653.173	80.279
653.377	80.279
653.581	83.87899999999999
653.785	85.229
653.99	82.329
654.194	84.779
654.398	84.229
654.602	84.12899999999999
654.806	77.87899999999999
655.01	84.12899999999999
655.214	84.87899999999999
655.418	79.829
655.622	85.329
655.826	82.62899999999999
656.03	85.62899999999999
656.234	81.279
656.438	86.929
656.642	81.87899999999999
656.846	80.079
657.049	80.729
657.253	85.429
657.457	84.229
657.661	84.229
657.865	81.12899999999999
658.068	82.12899999999999
658.272	83.979
658.476	80.979
658.68	79.679
658.883	81.87899999999999
659.087	81.279
659.291	80.479
659.494	81.87899999999999
659.698	79.87899999999999
659.901	81.929
660.105	79.279
660.309	81.529
660.512	85.12899999999999
660.716	81.779
660.919	82.229
661.123	84.079
661.326	80.329
661.53	81.829
661.733	85.12899999999999
661.936	83.729
662.14	79.929
662.343	80.229
662.546	83.979
662.75	79.579
662.953	82.12899999999999
663.156	82.329
663.36	84.529
663.563	86.779
663.766	80.12899999999999
663.969	81.779
664.173	81.929
664.376	79.029
664.579	84.079
664.782	81.279
664.985	83.029
665.188	78.429
665.391	76.429
665.594	78.529
665.797	82.37899999999999
666.0	80.929
666.203	80.579
666.406	81.12899999999999
666.609	78.829
666.812	77.179
667.015	79.729
667.218	83.579
667.421	80.229
667.624	79.279
667.827	82.179
668.03	78.229
668.232	77.829
668.435	78.62899999999999
668.638	82.62899999999999
668.841	86.529
669.043	81.929
669.246	80.529
669.449	77.62899999999999
669.651	80.429
669.854	80.179
670.057	81.829
670.259	80.979
670.462	79.779
670.665	80.779
670.867	81.729
671.07	78.179
671.272	84.429
671.475	82.979
671.677	82.37899999999999
671.88	81.37899999999999
672.082	80.229
672.284	80.12899999999999
672.487	82.529
672.689	79.279
672.892	82.029
