223.165	-16.4596
223.4	-16.4596
223.635	-16.4596
223.869	-18.6896
224.104	-18.5696
224.338	-14.0896
224.573	-14.8896
224.808	-13.319600000000001
225.042	-7.2296000000000005
225.277	-5.7796
225.511	-1.9096
225.746	3.2004
225.98	5.1104
226.215	10.5604
226.449	15.420399999999999
226.683	20.8404
226.918	25.4704
227.152	30.3304
227.387	34.2404
227.621	38.2404
227.856	45.660399999999996
228.09	47.3004
228.324	51.2104
228.559	55.200399999999995
228.793	59.450399999999995
229.027	69.9104
229.262	74.8604
229.496	79.9304
229.73	91.90039999999999
229.964	92.0804
230.199	84.1604
230.433	82.1604
230.667	85.7904
230.901	85.1904
231.136	84.0904
231.37	85.23039999999999
231.604	86.0004
231.838	86.3304
232.072	86.52040000000001
232.306	87.6904
232.541	87.7204
232.775	88.4304
233.009	87.5404
233.243	87.73039999999999
233.477	87.3004
233.711	88.40039999999999
233.945	87.1904
234.179	87.5904
234.413	88.1704
234.647	88.5104
234.881	87.1204
235.115	87.2504
235.349	89.02040000000001
235.583	88.82039999999999
235.817	88.52040000000001
236.051	88.7104
236.285	87.7404
236.519	87.7104
236.753	91.27040000000001
236.987	93.3604
237.221	106.1604
237.455	107.3904
237.689	93.4904
237.922	89.02040000000001
238.156	88.7404
238.39	86.52040000000001
238.624	87.2604
238.858	85.4504
239.091	86.9404
239.325	90.0404
239.559	91.05040000000001
239.793	89.9604
240.027	89.7804
240.26	93.57039999999999
240.494	94.63040000000001
240.728	92.7004
240.961	92.30040000000001
241.195	91.52040000000001
241.429	91.0004
241.662	90.4904
241.896	90.88040000000001
242.13	89.9104
242.363	91.2004
242.597	90.0304
242.83	91.57039999999999
243.064	90.7204
243.298	91.9104
243.531	91.8604
243.765	92.7904
243.998	93.5304
244.232	95.7804
244.465	97.23039999999999
244.699	97.0404
244.932	93.2904
245.166	93.8904
245.399	94.4604
245.633	93.9604
245.866	94.6404
246.099	94.3304
246.333	94.4304
246.566	95.9604
246.8	95.1204
247.033	95.4404
247.266	97.5104
247.5	97.8404
247.733	100.1904
247.966	100.1204
248.2	100.8304
248.433	100.77040000000001
248.666	99.6904
248.899	104.3604
249.133	108.4504
249.366	119.2004
249.599	116.13040000000001
249.832	104.57039999999999
250.066	106.9504
250.299	110.5004
250.532	119.52040000000001
250.765	117.15039999999999
250.998	115.1404
251.231	110.5804
251.465	109.1804
251.698	105.31039999999999
251.931	105.0104
252.164	106.31039999999999
252.397	104.6204
252.63	108.0304
252.863	108.6904
253.096	110.57039999999999
253.329	111.1804
253.562	109.06039999999999
253.795	111.0904
254.028	109.9204
254.261	112.15039999999999
254.494	114.7504
254.727	120.7804
254.96	122.5404
255.193	118.3904
255.426	116.30040000000001
255.659	119.2504
255.892	133.22039999999998
256.124	143.3904
256.357	133.6604
256.59	123.2804
256.823	116.6104
257.056	114.6904
257.289	111.3904
257.521	111.3704
257.754	112.0804
257.987	110.0804
258.22	112.4604
258.452	111.2804
258.685	111.2804
258.918	110.8304
259.151	110.9904
259.383	112.6904
259.616	113.2504
259.849	112.7404
260.081	117.98039999999999
260.314	120.98039999999999
260.547	118.9904
260.779	115.60040000000001
261.012	116.2604
261.244	115.2904
261.477	118.6104
261.71	121.9904
261.942	135.1004
262.175	138.5104
262.407	119.2904
262.64	112.77040000000001
262.872	112.9404
263.105	111.6604
263.337	114.65039999999999
263.57	112.63040000000001
263.802	113.57039999999999
264.035	111.77040000000001
264.267	111.77040000000001
264.499	113.5004
264.732	114.9904
264.964	114.5404
265.197	113.1104
265.429	113.9304
265.661	113.5404
265.894	114.85040000000001
266.126	116.2904
266.358	114.80040000000001
266.591	115.6404
266.823	118.0404
267.055	116.77040000000001
267.287	119.5404
267.52	116.4404
267.752	116.9504
267.984	117.85040000000001
268.216	118.5004
268.448	118.90039999999999
268.681	120.98039999999999
268.913	123.6204
269.145	126.65039999999999
269.377	125.6604
269.609	122.6204
269.841	125.56039999999999
270.073	126.98039999999999
270.306	130.0504
270.538	134.2704
270.77	131.4904
271.002	128.25039999999998
271.234	128.5704
271.466	132.7904
271.698	136.0504
271.93	134.78040000000001
272.162	133.0504
272.394	135.1604
272.626	129.8304
272.858	127.2004
273.09	125.7204
273.322	125.2804
273.553	124.88040000000001
273.785	126.9204
274.017	125.5104
274.249	127.1204
274.481	128.3404
274.713	126.8304
274.945	128.4004
275.176	128.53040000000001
275.408	128.0104
275.64	129.9404
275.872	130.72039999999998
276.104	132.3504
276.335	132.8204
276.567	141.4204
276.799	152.8504
277.031	153.9804
277.262	153.2004
277.494	143.6704
277.726	135.03040000000001
277.957	132.4904
278.189	130.97039999999998
278.421	131.6604
278.652	130.7904
278.884	131.53040000000001
279.115	128.75039999999998
279.347	132.3004
279.579	131.9204
279.81	136.22039999999998
280.042	143.6804
280.273	150.7704
280.505	143.7304
280.736	136.0404
280.968	133.8404
281.199	132.7404
281.431	133.9104
281.662	132.3504
281.894	135.5604
282.125	141.5704
282.356	161.1004
282.588	180.3204
282.819	155.6904
283.051	137.2004
283.282	135.5404
283.513	135.2004
283.745	135.6804
283.976	136.3904
284.207	136.22039999999998
284.439	135.4404
284.67	135.9304
284.901	135.2004
285.132	134.5704
285.364	135.9504
285.595	137.3604
285.826	136.0404
286.057	138.6004
286.288	135.3604
286.52	137.12040000000002
286.751	134.4004
286.982	135.8904
287.213	137.0204
287.444	138.7304
287.675	139.96040000000002
287.906	142.5504
288.138	144.0204
288.369	144.9004
288.6	143.8804
288.831	140.8404
289.062	139.28040000000001
289.293	140.8404
289.524	138.0204
289.755	139.5804
289.986	139.6704
290.217	140.3504
290.448	138.8204
290.679	140.1004
290.91	140.4404
291.141	138.0804
291.371	138.4404
291.602	140.12040000000002
291.833	138.9304
292.064	141.8604
292.295	139.7404
292.526	140.87040000000002
292.757	139.9404
292.987	138.5404
293.218	139.6104
293.449	141.6304
293.68	142.3504
293.91	141.1504
294.141	142.3204
294.372	139.4304
294.603	141.1504
294.833	141.9004
295.064	142.9304
295.295	142.2604
295.525	142.7904
295.756	153.72039999999998
295.987	163.6904
296.217	184.12040000000002
296.448	171.53040000000001
296.679	146.6104
296.909	145.7004
297.14	142.6404
297.37	144.46040000000002
297.601	144.8804
297.831	144.9804
298.062	146.4504
298.292	145.7004
298.523	147.4004
298.753	145.4004
298.984	145.0704
299.214	146.47039999999998
299.445	148.9204
299.675	149.7604
299.905	152.53040000000001
300.136	146.8304
300.366	146.0104
300.597	149.5504
300.827	152.1804
301.057	157.2904
301.288	161.28040000000001
301.518	154.0804
301.748	151.6404
301.979	163.71040000000002
302.209	155.3404
302.439	151.4204
302.669	152.3004
302.9	150.1604
303.13	152.97039999999998
303.36	156.22039999999998
303.59	162.37040000000002
303.82	165.63039999999998
304.051	157.22039999999998
304.281	152.9504
304.511	152.0904
304.741	150.4304
304.971	150.2404
305.201	151.3104
305.431	149.5704
305.661	150.7404
305.891	151.3404
306.121	155.21040000000002
306.352	160.4404
306.582	160.62040000000002
306.812	154.7704
307.042	155.5204
307.272	159.03040000000001
307.502	163.5604
307.731	164.4104
307.961	156.6404
308.191	152.9904
308.421	151.8204
308.651	151.87040000000002
308.881	155.3604
309.111	156.8204
309.341	156.12040000000002
309.571	159.8804
309.8	160.6504
310.03	161.6904
310.26	161.62040000000002
310.49	160.9204
310.72	165.2004
310.949	169.7604
311.179	166.5204
311.409	161.03040000000001
311.639	162.0104
311.868	163.4404
312.098	164.84040000000002
312.328	165.3304
312.557	172.04039999999998
312.787	175.7604
313.017	169.3304
313.246	164.7704
313.476	161.0704
313.706	161.75039999999998
313.935	166.8204
314.165	169.1004
314.394	171.9004
314.624	167.0804
314.853	165.8904
315.083	163.5704
315.312	162.12040000000002
315.542	159.7904
315.771	159.3004
316.001	160.5904
316.23	161.7704
316.46	159.1304
316.689	160.3504
316.919	162.1704
317.148	164.3304
317.377	164.8304
317.607	165.1404
317.836	163.7404
318.065	161.71040000000002
318.295	160.22039999999998
318.524	159.2404
318.753	161.5404
318.983	163.7604
319.212	165.72039999999998
319.441	172.21040000000002
319.67	172.37040000000002
319.9	164.2504
320.129	161.9904
320.358	163.97039999999998
320.587	165.9404
320.816	169.1604
321.046	170.1804
321.275	167.78040000000001
321.504	165.8504
321.733	169.04039999999998
321.962	171.5804
322.191	173.5104
322.42	179.6504
322.649	183.29039999999998
322.878	187.5804
323.108	193.28040000000001
323.337	201.91039999999998
323.566	215.0204
323.795	236.0904
324.024	294.0204
324.253	483.93039999999996
324.482	913.6104
324.71	1710.0104000000001
324.939	2132.5404
325.168	933.0804
325.397	339.09040000000005
325.626	241.0604
325.855	216.00039999999998
326.084	211.2704
326.313	217.6904
326.542	240.7404
326.77	319.6704
326.999	541.1904
327.228	1007.9404
327.457	1716.7904
327.686	1405.4704
327.914	485.57039999999995
328.143	334.61039999999997
328.372	317.36039999999997
328.6	255.3304
328.829	227.78040000000001
329.058	234.13039999999998
329.287	235.0904
329.515	219.66039999999998
329.744	234.6004
329.972	275.4404
330.201	360.11039999999997
330.43	423.93039999999996
330.658	311.1604
330.887	264.8104
331.115	230.5904
331.344	203.3404
331.572	201.3604
331.801	204.6704
332.03	202.88039999999998
332.258	198.2004
332.486	194.5904
332.715	198.1704
332.943	202.22039999999998
333.172	209.9504
333.4	216.88039999999998
333.629	232.4204
333.857	256.6604
334.085	300.0304
334.314	385.2904
334.542	521.6504
334.771	487.23040000000003
334.999	274.9004
335.227	223.88039999999998
335.455	208.63039999999998
335.684	203.78040000000001
335.912	199.2704
336.14	197.6104
336.369	195.6504
336.597	197.2004
336.825	193.8504
337.053	187.41039999999998
337.281	185.4904
337.51	183.5904
337.738	184.5904
337.966	183.97039999999998
338.194	183.8104
338.422	182.75039999999998
338.65	181.0704
338.878	181.66039999999998
339.106	177.96040000000002
339.334	178.88039999999998
339.562	177.1504
339.79	174.13039999999998
340.018	176.0104
340.246	176.7604
340.474	176.00039999999998
340.702	177.13039999999998
340.93	174.91039999999998
341.158	176.12040000000002
341.386	177.0204
341.614	179.0604
341.842	174.37040000000002
342.07	173.28040000000001
342.298	174.13039999999998
342.526	171.6004
342.754	170.3104
342.981	171.97039999999998
343.209	172.96040000000002
343.437	185.78040000000001
343.665	184.28040000000001
343.893	187.7504
344.12	189.0204
344.348	186.0604
344.576	181.3504
344.804	179.5704
345.031	182.8404
345.259	181.46040000000002
345.487	178.78040000000001
345.714	175.1704
345.942	172.1104
346.17	171.1504
346.397	172.0804
346.625	171.9004
346.853	169.9004
347.08	170.4104
347.308	173.3104
347.535	176.7404
347.763	180.1504
347.99	176.53040000000001
348.218	180.6004
348.445	181.3904
348.673	177.6004
348.9	173.4104
349.128	171.1804
349.355	169.72039999999998
349.583	169.63039999999998
349.81	170.2504
350.037	172.2304
350.265	170.0004
350.492	169.9104
350.72	171.54039999999998
350.947	175.03040000000001
351.174	183.0004
351.402	186.8904
351.629	178.5204
351.856	178.4004
352.083	179.38039999999998
352.311	180.8904
352.538	184.53040000000001
352.765	184.9204
352.992	187.6904
353.22	184.46040000000002
353.447	178.8104
353.674	174.9804
353.901	170.3604
354.128	171.6004
354.355	170.4304
354.583	171.0804
354.81	170.78040000000001
355.037	171.09040000000002
355.264	169.34040000000002
355.491	168.5804
355.718	168.22039999999998
355.945	166.88039999999998
356.172	168.5204
356.399	170.54039999999998
356.626	167.71040000000002
356.853	167.8004
357.08	167.0204
357.307	167.3604
357.534	167.3104
357.761	167.2004
357.988	170.2404
358.215	170.8004
358.441	169.1704
358.668	167.7404
358.895	167.29039999999998
359.122	166.9904
359.349	166.3204
359.576	172.9204
359.802	179.88039999999998
360.029	192.9504
360.256	191.3404
360.483	178.2704
360.709	167.97039999999998
360.936	172.1404
361.163	171.9304
361.39	172.7604
361.616	172.3004
361.843	168.4104
362.07	171.43040000000002
362.296	172.9004
362.523	169.46040000000002
362.749	169.7504
362.976	167.72039999999998
363.203	168.6604
363.429	165.4804
363.656	170.1004
363.882	166.4504
364.109	166.37040000000002
364.335	168.1804
364.562	165.9204
364.788	167.2604
365.015	169.5704
365.241	171.8504
365.468	178.4804
365.694	177.8204
365.92	172.3604
366.147	165.88039999999998
366.373	165.34040000000002
366.599	165.8004
366.826	165.9204
367.052	166.4304
367.278	168.0804
367.505	167.04039999999998
367.731	170.3304
367.957	168.8604
368.184	169.09040000000002
368.41	175.6404
368.636	184.0504
368.862	189.5204
369.089	180.38039999999998
369.315	169.7504
369.541	168.8204
369.767	169.6104
369.993	169.9004
370.219	169.28040000000001
370.445	167.47039999999998
370.672	168.1404
370.898	168.02040000000002
371.124	169.9904
371.35	170.1604
371.576	168.9204
371.802	167.6404
372.028	170.28040000000001
372.254	170.97039999999998
372.48	171.5804
372.706	170.9904
372.932	173.1004
373.158	171.62040000000002
373.384	173.28040000000001
373.61	173.4404
373.835	172.9504
374.061	171.12040000000002
374.287	175.5804
374.513	175.8304
374.739	177.2504
374.965	178.8104
375.191	177.8204
375.416	177.8304
375.642	176.03040000000001
375.868	175.9904
376.094	172.3204
376.319	171.9804
376.545	171.1904
376.771	171.5804
376.997	171.28040000000001
377.222	172.0804
377.448	171.63039999999998
377.674	172.37040000000002
377.899	172.3604
378.125	170.36040000000003
378.35	172.37040000000002
378.576	171.0704
378.802	171.2004
379.027	171.9904
379.253	173.0204
379.478	170.4504
379.704	173.7404
379.929	173.5904
380.155	172.9004
380.38	173.3304
380.606	175.7404
380.831	174.78040000000001
381.057	177.3904
381.282	174.1004
381.507	175.0504
381.733	177.6004
381.958	177.8504
382.184	181.5204
382.409	183.1104
382.634	185.5504
382.86	183.4204
383.085	185.6704
383.31	188.41039999999998
383.535	188.8604
383.761	187.4204
383.986	188.8104
384.211	188.16039999999998
384.436	192.87040000000002
384.662	195.87040000000002
384.887	198.66039999999998
385.112	197.8004
385.337	198.8004
385.562	198.29039999999998
385.787	202.37040000000002
386.013	207.2004
386.238	209.6004
386.463	204.4004
386.688	206.9904
386.913	199.1004
387.138	201.0704
387.363	197.47039999999998
387.588	194.8204
387.813	197.5104
388.038	201.3904
388.263	207.8304
388.488	202.7604
388.713	195.62040000000002
388.938	191.53040000000001
389.163	191.8104
389.387	192.12040000000002
389.612	189.4204
389.837	187.37040000000002
390.062	188.62040000000002
390.287	189.5704
390.512	188.2004
390.736	187.59040000000002
390.961	191.2604
391.186	191.2404
391.411	197.2004
391.636	198.2604
391.86	196.4804
392.085	197.1704
392.31	194.13039999999998
392.534	191.13039999999998
392.759	192.12040000000002
392.984	192.1704
393.208	196.6004
393.433	207.1704
393.658	203.5704
393.882	188.9904
394.107	188.59040000000002
394.331	190.88039999999998
394.556	190.43040000000002
394.78	192.62040000000002
395.005	193.53040000000001
395.229	190.4204
395.454	195.22039999999998
395.678	198.3204
395.903	198.3304
396.127	199.28040000000001
396.352	194.2604
396.576	192.8304
396.801	197.0504
397.025	202.66039999999998
397.249	197.9804
397.474	199.3304
397.698	198.5004
397.922	200.9004
398.147	201.0804
398.371	203.2504
398.595	206.77040000000002
398.82	210.5504
399.044	222.71040000000002
399.268	238.7404
399.492	258.0204
399.717	271.1804
399.941	266.8104
400.165	256.1204
400.389	242.86040000000003
400.613	223.9804
400.837	216.4004
401.062	214.1604
401.286	213.11040000000003
401.51	213.8004
401.734	212.59040000000002
401.958	223.7304
402.182	243.87040000000002
402.406	272.0904
402.63	242.63039999999998
402.854	225.50039999999998
403.078	223.6604
403.302	225.9104
403.526	227.3304
403.75	228.18040000000002
403.974	228.5604
404.198	229.6904
404.422	232.7504
404.645	234.88039999999998
404.869	240.9104
405.093	254.75039999999998
405.317	271.3404
405.541	269.0604
405.765	246.6904
405.988	253.3904
406.212	293.93039999999996
406.436	339.00039999999996
406.66	282.2204
406.883	244.5904
407.107	253.7304
407.331	262.50039999999996
407.555	276.62039999999996
407.778	266.0204
408.002	249.5804
408.226	241.03040000000001
408.449	236.1904
408.673	233.8904
408.896	239.6804
409.12	245.50039999999998
409.344	233.2004
409.567	226.6704
409.791	228.8304
410.014	227.7704
410.238	225.0604
410.461	225.04039999999998
410.685	229.1404
410.908	231.5204
411.132	240.2704
411.355	237.9504
411.578	226.28040000000001
411.802	219.21040000000002
412.025	223.0104
412.249	235.09040000000002
412.472	246.4804
412.695	261.6404
412.919	242.43040000000002
413.142	227.63039999999998
413.365	220.53040000000001
413.589	219.29039999999998
413.812	212.84040000000002
414.035	214.34040000000002
414.258	214.61040000000003
414.482	215.6604
414.705	216.8904
414.928	215.9404
415.151	214.3004
415.374	215.6404
415.597	213.3204
415.821	210.1004
416.044	207.8304
416.267	208.18040000000002
416.49	206.5604
416.713	206.2404
416.936	209.28040000000001
417.159	209.84040000000002
417.382	211.3004
417.605	212.9804
417.828	220.4004
418.051	219.88039999999998
418.274	215.4404
418.497	209.3004
418.72	214.0704
418.943	212.6504
419.166	220.71040000000002
419.389	229.61040000000003
419.611	226.8904
419.834	226.3304
420.057	228.62040000000002
420.28	227.5604
420.503	227.18040000000002
420.726	221.78040000000001
420.948	222.4804
421.171	230.88039999999998
421.394	228.1004
421.617	216.7004
421.839	213.47039999999998
422.062	216.37040000000002
422.285	222.79039999999998
422.507	241.3004
422.73	254.47039999999998
422.953	235.2704
423.175	221.87040000000002
423.398	221.4204
423.621	222.3504
423.843	225.2304
424.066	222.2504
424.288	224.52040000000002
424.511	229.38039999999998
424.733	242.66039999999998
424.956	257.5104
425.178	243.1104
425.401	247.7604
425.623	244.0604
425.846	218.5604
426.068	218.0804
426.291	214.61040000000003
426.513	213.2604
426.735	215.4504
426.958	227.68040000000002
427.18	251.8504
427.402	300.4704
427.625	331.1704
427.847	293.18039999999996
428.069	278.4704
428.292	226.9504
428.514	207.97039999999998
428.736	200.87040000000002
428.958	199.79039999999998
429.181	197.62040000000002
429.403	195.4004
429.625	201.78040000000001
429.847	209.2604
430.069	223.37040000000002
430.292	211.9504
430.514	197.9004
430.736	196.18040000000002
430.958	195.9204
431.18	191.29039999999998
431.402	193.8504
431.624	192.09040000000002
431.846	194.6604
432.068	196.5704
432.29	197.7304
432.512	198.12040000000002
432.734	199.13039999999998
432.956	199.0004
433.178	206.1704
433.4	206.54039999999998
433.622	199.6004
433.844	198.87040000000002
434.066	198.88039999999998
434.287	201.5704
434.509	203.72039999999998
434.731	208.7604
434.953	211.9804
435.175	211.9904
435.397	216.04039999999998
435.618	215.3304
435.84	230.3604
436.062	261.5704
436.284	255.38039999999998
436.505	219.46040000000002
436.727	213.8904
436.949	202.9404
437.17	197.1604
437.392	196.3904
437.614	203.7604
437.835	220.9504
438.057	245.38039999999998
438.278	255.0204
438.5	248.5104
438.721	275.8104
438.943	240.5904
439.165	208.4504
439.386	202.8304
439.608	209.52040000000002
439.829	216.6004
440.05	241.1904
440.272	264.2104
440.493	218.3504
440.715	205.13039999999998
440.936	202.04039999999998
441.158	202.59040000000002
441.379	206.7004
441.6	214.8304
441.822	222.79039999999998
442.043	229.3104
442.264	251.4204
442.486	243.04039999999998
442.707	222.0104
442.928	227.5104
443.149	252.7604
443.371	256.6504
443.592	249.6504
443.813	268.6304
444.034	263.0104
444.255	232.9204
444.476	225.1604
444.698	229.8104
444.919	231.3104
445.14	270.6604
445.361	257.6704
445.582	249.3504
445.803	278.8904
446.024	288.82039999999995
446.245	280.6704
446.466	245.6404
446.687	208.22039999999998
446.908	204.27040000000002
447.129	197.3004
447.35	195.11040000000003
447.571	195.8504
447.792	196.2604
448.013	203.62040000000002
448.234	210.4504
448.455	220.8004
448.675	252.12040000000002
448.896	264.5904
449.117	224.4904
449.338	230.21040000000002
449.559	275.11039999999997
449.779	283.1704
450.0	213.5504
450.221	195.4104
450.442	191.1404
450.662	195.9304
450.883	205.0104
451.104	211.78040000000001
451.324	196.2404
451.545	188.0504
451.766	187.12040000000002
451.986	183.5104
452.207	183.4104
452.428	186.3104
452.648	189.71040000000002
452.869	198.4804
453.089	202.6504
453.31	207.78040000000001
453.53	186.8504
453.751	185.6404
453.971	193.4404
454.192	199.96040000000002
454.412	183.3504
454.633	181.0604
454.853	178.4904
455.073	178.78040000000001
455.294	189.9004
455.514	204.22039999999998
455.734	189.1504
455.955	178.2604
456.175	175.2604
456.395	171.9404
456.616	174.3104
456.836	175.0604
457.056	173.9404
457.276	172.6904
457.497	176.3104
457.717	176.1704
457.937	177.62040000000002
458.157	177.34040000000002
458.377	184.72039999999998
458.598	202.5704
458.818	249.9304
459.038	270.8104
459.258	236.0704
459.478	201.8004
459.698	197.4404
459.918	197.71040000000002
460.138	199.61040000000003
460.358	203.3304
460.578	205.5604
460.798	210.6704
461.018	209.6404
461.238	205.0604
461.458	203.9204
461.678	202.52040000000002
461.898	206.77040000000002
462.118	206.3504
462.338	214.84040000000002
462.558	217.97039999999998
462.777	221.7404
462.997	235.6404
463.217	242.4404
463.437	238.4104
463.657	226.6704
463.876	223.3304
464.096	226.84040000000002
464.316	227.8004
464.536	228.36040000000003
464.755	228.2704
464.975	232.46040000000002
465.195	280.36039999999997
465.414	276.9404
465.634	211.8404
465.854	198.6904
466.073	196.3304
466.293	190.6704
466.512	187.18040000000002
466.732	186.5804
466.951	189.3504
467.171	190.02040000000002
467.391	194.47039999999998
467.61	204.5104
467.829	210.4904
468.049	252.4504
468.268	286.3804
468.488	204.87040000000002
468.707	188.9204
468.927	185.2304
469.146	182.8904
469.365	186.6704
469.585	186.7604
469.804	194.2704
470.023	198.03040000000001
470.243	194.53040000000001
470.462	200.79039999999998
470.681	211.4804
470.901	197.46040000000002
471.12	191.13039999999998
471.339	191.6004
471.558	192.6404
471.777	196.6704
471.997	219.9904
472.216	345.4404
472.435	545.2103999999999
472.654	282.6404
472.873	206.8404
473.092	192.47039999999998
473.311	189.97039999999998
473.53	187.0604
473.749	190.71040000000002
473.968	203.7304
474.187	229.5804
474.406	213.8904
474.625	191.7504
474.844	185.8904
475.063	183.03040000000001
475.282	185.88039999999998
475.501	183.47039999999998
475.72	188.7604
475.939	186.4904
476.158	186.8004
476.377	187.4804
476.596	187.3304
476.814	193.7004
477.033	195.62040000000002
477.252	193.62040000000002
477.471	195.22039999999998
477.69	198.6704
477.908	200.62040000000002
478.127	204.2304
478.346	204.21040000000002
478.564	206.3204
478.783	214.28040000000001
479.002	214.1604
479.22	213.3504
479.439	221.6004
479.658	226.2004
479.876	223.12040000000002
480.095	225.0504
480.313	236.5904
480.532	239.66039999999998
480.751	260.3104
480.969	378.0304
481.188	856.1004
481.406	638.6003999999999
481.624	292.7304
481.843	237.04039999999998
482.061	223.4004
482.28	217.71040000000002
482.498	211.04039999999998
482.717	209.2404
482.935	208.8104
483.153	206.0604
483.372	202.9104
483.59	204.7404
483.808	205.0604
484.027	206.9204
484.245	208.6704
484.463	209.2604
484.681	214.62040000000002
484.9	212.22039999999998
485.118	213.66039999999998
485.336	213.4504
485.554	219.3604
485.772	220.5504
485.99	224.4004
486.209	224.46040000000002
486.427	225.29039999999998
486.645	230.00039999999998
486.863	234.6004
487.081	225.5604
487.299	218.2604
487.517	218.8004
487.735	215.5204
487.953	217.7704
488.171	216.6904
488.389	218.4504
488.607	221.3904
488.825	216.5604
489.043	216.12040000000002
489.261	220.96040000000002
489.479	218.93040000000002
489.696	221.5704
489.914	220.2304
490.132	223.11040000000003
490.35	224.68040000000002
490.568	226.9004
490.786	230.02040000000002
491.003	233.03040000000001
491.221	238.68040000000002
491.439	244.6804
491.657	249.9804
491.874	248.41039999999998
492.092	247.9204
492.31	252.5104
492.527	251.96040000000002
492.745	257.2204
492.963	256.1904
493.18	256.0404
493.398	256.8504
493.615	258.57039999999995
493.833	256.00039999999996
494.05	250.6004
494.268	247.63039999999998
494.485	246.6604
494.703	243.8204
494.92	247.2604
495.138	241.68040000000002
495.355	243.9804
495.573	245.8904
495.79	240.2304
496.008	243.4104
496.225	241.4804
496.442	242.03040000000001
496.66	243.79039999999998
496.877	240.77040000000002
497.094	245.7004
497.312	245.84040000000002
497.529	249.5704
497.746	251.6704
497.963	258.1804
498.181	263.1904
498.398	272.25039999999996
498.615	289.6304
498.832	295.7704
499.049	293.5604
499.267	306.0604
499.484	320.6804
499.701	335.8004
499.918	353.7404
500.135	370.0304
500.352	383.67040000000003
500.569	383.8304
500.786	387.25039999999996
501.003	372.6304
501.22	361.48040000000003
501.437	343.0504
501.654	329.0304
501.871	323.9204
502.088	297.3304
502.305	285.6504
502.522	274.9704
502.739	268.73040000000003
502.956	261.5404
503.172	254.6904
503.389	252.53040000000001
503.606	258.5104
503.823	249.5704
504.04	245.2004
504.256	247.0504
504.473	248.8104
504.69	248.0704
504.907	247.0904
505.123	234.22039999999998
505.34	232.8304
505.557	230.0104
505.773	226.78040000000001
505.99	224.1404
506.207	223.3004
506.423	220.8004
506.64	220.4404
506.856	219.4204
507.073	216.36040000000003
507.289	218.0604
507.506	221.1904
507.722	231.91039999999998
507.939	233.41039999999998
508.155	219.1504
508.372	212.02040000000002
508.588	210.47039999999998
508.805	214.75039999999998
509.021	216.3004
509.238	220.5704
509.454	218.46040000000002
509.67	218.6104
509.887	223.29039999999998
510.103	239.5204
510.319	304.6204
510.536	744.6804
510.752	2083.8304000000003
510.968	697.7804
511.184	259.6304
511.401	225.79039999999998
511.617	216.9804
511.833	219.00039999999998
512.049	219.22039999999998
512.265	213.97039999999998
512.481	209.21040000000002
512.698	207.8204
512.914	206.75039999999998
513.13	205.21040000000002
513.346	204.1004
513.562	204.3504
513.778	207.1404
513.994	209.16039999999998
514.21	215.25039999999998
514.426	228.1504
514.642	249.38039999999998
514.858	244.78040000000001
515.074	283.11039999999997
515.29	526.0804
515.506	1386.6504
515.721	619.1704000000001
515.937	272.0304
516.153	232.4004
516.369	220.4904
516.585	220.2704
516.801	223.50039999999998
517.016	226.88039999999998
517.232	230.4404
517.448	235.16039999999998
517.664	236.2404
517.879	235.79039999999998
518.095	235.9404
518.311	234.1504
518.527	230.78040000000001
518.742	223.36040000000003
518.958	218.97039999999998
519.173	217.88039999999998
519.389	213.28040000000001
519.605	212.4304
519.82	210.5204
520.036	217.37040000000002
520.251	233.4904
520.467	230.4804
520.682	220.8104
520.898	221.75039999999998
521.113	230.79039999999998
521.329	253.21040000000002
521.544	316.5404
521.76	630.5204
521.975	2176.7604
522.19	1399.1704000000002
522.406	403.0104
522.621	232.50039999999998
522.836	207.4204
523.052	201.12040000000002
523.267	196.63039999999998
523.482	191.0604
523.698	194.97039999999998
523.913	213.0704
524.128	200.0504
524.343	187.9004
524.559	186.9204
524.774	185.7704
524.989	190.4504
525.204	195.9904
525.419	192.3204
525.634	181.8204
525.849	183.8604
526.064	183.0504
526.28	182.0504
526.495	179.71040000000002
526.71	180.0604
526.925	178.7004
527.14	178.13039999999998
527.355	180.4504
527.57	181.4004
527.785	178.0504
527.999	179.1904
528.214	181.53040000000001
528.429	183.9504
528.644	180.9304
528.859	182.5804
529.074	184.0704
529.289	211.47039999999998
529.503	263.98040000000003
529.718	203.12040000000002
529.933	187.1904
530.148	180.9504
530.363	180.4804
530.577	179.00039999999998
530.792	178.1004
531.007	179.1004
531.221	181.11040000000003
531.436	179.5704
531.651	177.9404
531.865	178.2604
532.08	178.8904
532.295	180.5604
532.509	178.96040000000002
532.724	178.28040000000001
532.938	181.54039999999998
533.153	182.6004
533.367	179.87040000000002
533.582	181.46040000000002
533.796	178.25039999999998
534.011	180.3904
534.225	177.8304
534.44	176.41039999999998
534.654	179.1004
534.868	176.8004
535.083	176.4004
535.297	177.96040000000002
535.511	185.1804
535.726	186.25039999999998
535.94	182.7004
536.154	177.9804
536.369	174.8604
536.583	171.9204
536.797	173.3204
537.011	172.86040000000003
537.225	171.8904
537.44	172.1604
537.654	171.7004
537.868	171.3504
538.082	172.0504
538.296	172.8304
538.51	172.1604
538.724	171.7404
538.938	173.0804
539.153	175.4804
539.367	184.2404
539.581	175.1104
539.795	169.54039999999998
540.009	170.62040000000002
540.222	170.5804
540.436	171.8904
540.65	167.29039999999998
540.864	171.7404
541.078	173.53040000000001
541.292	173.7304
541.506	169.59040000000002
541.72	168.9804
541.934	166.3104
542.147	167.2304
542.361	164.29039999999998
542.575	164.2604
542.789	164.63039999999998
543.002	168.0504
543.216	169.38039999999998
543.43	173.1804
543.644	169.9404
543.857	169.4504
544.071	169.12040000000002
544.285	169.96040000000002
544.498	166.7604
544.712	167.9404
544.925	168.5204
545.139	167.47039999999998
545.352	164.63039999999998
545.566	167.9104
545.779	166.8504
545.993	167.6604
546.206	166.4304
546.42	166.5804
546.633	168.1704
546.847	170.8504
547.06	167.0004
547.274	164.5604
547.487	164.4204
547.7	166.4304
547.914	165.9104
548.127	165.9504
548.34	167.04039999999998
548.554	166.28040000000001
548.767	166.3504
548.98	165.5704
549.193	166.21040000000002
549.407	167.22039999999998
549.62	166.4004
549.833	167.4204
550.046	167.1404
550.259	167.5504
550.473	166.29039999999998
550.686	165.5504
550.899	164.1104
551.112	163.8604
551.325	161.9404
551.538	164.59040000000002
551.751	166.2504
551.964	165.3004
552.177	167.13039999999998
552.39	167.4904
552.603	170.4004
552.816	170.2304
553.029	173.12040000000002
553.242	175.5804
553.455	179.8304
553.667	186.8504
553.88	183.3504
554.093	174.3304
554.306	175.3504
554.519	172.6004
554.732	169.0004
554.944	166.7304
555.157	164.22039999999998
555.37	163.5204
555.583	164.1104
555.795	163.6504
556.008	159.7904
556.221	159.1104
556.433	159.5604
556.646	158.6304
556.859	156.6804
557.071	156.6804
557.284	155.0604
557.496	154.8304
557.709	154.72039999999998
557.921	153.5104
558.134	152.4404
558.346	153.0804
558.559	153.3004
558.771	152.5804
558.984	151.1404
559.196	152.2604
559.409	151.0904
559.621	151.97039999999998
559.833	150.4904
560.046	150.22039999999998
560.258	153.1904
560.47	156.7404
560.683	150.9104
560.895	149.6404
561.107	150.5704
561.32	150.8904
561.532	150.3804
561.744	151.9104
561.956	152.9304
562.168	153.1104
562.381	151.1604
562.593	153.3904
562.805	153.8104
563.017	151.7304
563.229	155.2604
563.441	151.21040000000002
563.653	151.8504
563.865	151.1504
564.077	152.97039999999998
564.289	152.8004
564.501	154.7304
564.713	156.5704
564.925	160.1304
565.137	171.22039999999998
565.349	162.5604
565.561	161.87040000000002
565.773	163.88039999999998
565.985	166.3204
566.197	170.68040000000002
566.408	176.7404
566.62	182.38039999999998
566.832	188.0004
567.044	188.54039999999998
567.255	189.88039999999998
567.467	193.5704
567.679	197.87040000000002
567.891	204.9004
568.102	204.0504
568.314	196.71040000000002
568.526	187.22039999999998
568.737	181.5604
568.949	172.0604
569.161	165.9104
569.372	160.9504
569.584	157.8204
569.795	160.6804
570.007	174.7004
570.218	274.0504
570.43	188.46040000000002
570.641	154.6604
570.853	149.9404
571.064	148.9504
571.276	150.6804
571.487	145.9904
571.698	144.3504
571.91	143.6104
572.121	142.96040000000002
572.333	142.2704
572.544	141.9804
572.755	140.3504
572.966	139.4404
573.178	139.1504
573.389	140.5604
573.6	139.5104
573.811	136.7304
574.023	136.4104
574.234	135.6904
574.445	136.3004
574.656	137.1304
574.867	136.5504
575.078	136.37040000000002
575.289	136.3804
575.501	136.6404
575.712	135.5504
575.923	134.75039999999998
576.134	134.3604
576.345	132.3804
576.556	134.1404
576.767	135.1704
576.978	135.3504
577.188	135.3504
577.399	135.2004
577.61	136.6004
577.821	139.5904
578.032	152.6504
578.243	269.6904
578.454	664.3904
578.665	233.5604
578.875	141.0104
579.086	133.6004
579.297	130.9104
579.508	130.1004
579.718	130.1804
579.929	129.1904
580.14	127.8604
580.35	128.1104
580.561	129.47039999999998
580.772	127.9904
580.982	128.0504
581.193	127.4604
581.403	126.1604
581.614	124.9104
581.825	127.0004
582.035	126.0004
582.246	127.1904
582.456	125.6604
582.667	125.4204
582.877	125.3604
583.087	126.4204
583.298	127.57039999999999
583.508	127.80040000000001
583.719	127.2404
583.929	127.8404
584.139	126.5004
584.35	125.5004
584.56	128.9304
584.77	126.2604
584.981	126.6704
585.191	125.9104
585.401	124.57039999999999
585.611	125.7204
585.821	124.3904
586.032	126.5004
586.242	123.9604
586.452	124.5304
586.662	124.38040000000001
586.872	123.0904
587.082	122.8704
587.292	120.85040000000001
587.502	123.05040000000001
587.713	121.6604
587.923	124.82039999999999
588.133	124.6904
588.343	124.06039999999999
588.553	123.77040000000001
588.762	129.21040000000002
588.972	136.9904
589.182	199.0104
589.392	153.25039999999998
589.602	139.0104
589.812	170.6604
590.022	139.50039999999998
590.232	126.9304
590.441	124.0404
590.651	124.6804
590.861	124.30040000000001
591.071	124.3604
591.281	125.5104
591.49	124.4604
591.7	124.65039999999999
591.91	128.96040000000002
592.119	127.1604
592.329	131.53040000000001
592.539	136.1104
592.748	132.6504
592.958	131.5404
593.167	132.4004
593.377	131.6304
593.587	138.03040000000001
593.796	135.47039999999998
594.006	134.96040000000002
594.215	134.5904
594.424	131.9204
594.634	130.6704
594.843	130.28040000000001
595.053	127.9904
595.262	126.4704
595.472	126.5904
595.681	125.4504
595.89	125.2604
596.1	124.5404
596.309	122.81039999999999
596.518	122.0104
596.727	121.6604
596.937	122.6904
597.146	120.30040000000001
597.355	120.2504
597.564	119.30040000000001
597.774	120.2204
597.983	117.9504
598.192	117.0404
598.401	117.80040000000001
598.61	116.63040000000001
598.819	117.10040000000001
599.028	117.38040000000001
599.237	115.9704
599.446	117.9504
599.655	119.1904
599.864	117.4904
600.073	117.56039999999999
600.282	120.52040000000001
600.491	117.4604
600.7	116.9704
600.909	116.4104
601.118	118.90039999999999
601.327	120.10040000000001
601.536	118.7604
601.745	116.0004
601.953	116.48039999999999
602.162	115.9704
602.371	117.2204
602.58	115.13040000000001
602.789	117.3704
602.997	114.65039999999999
603.206	116.1204
603.415	114.7604
603.623	113.8604
603.832	113.4604
604.041	112.5804
604.249	113.7604
604.458	113.81039999999999
604.666	112.9304
604.875	113.8404
605.084	113.5404
605.292	112.52040000000001
605.501	113.15039999999999
605.709	112.2004
605.918	112.7604
606.126	113.3404
606.334	112.65039999999999
606.543	112.6204
606.751	114.1804
606.96	112.8304
607.168	111.88040000000001
607.376	113.0304
607.585	114.2904
607.793	113.27040000000001
608.001	114.05040000000001
608.21	112.4904
608.418	111.8904
608.626	111.5904
608.834	115.1604
609.043	111.35040000000001
609.251	112.0904
609.459	112.7204
609.667	113.3604
609.875	110.63040000000001
610.083	110.9604
610.291	110.55040000000001
610.499	112.60040000000001
610.707	112.1204
610.916	111.40039999999999
611.124	112.2004
611.332	111.6704
611.54	110.73039999999999
611.748	110.1404
611.955	109.82039999999999
612.163	110.8604
612.371	111.0004
612.579	109.4104
612.787	111.52040000000001
612.995	112.8304
613.203	112.57039999999999
613.411	111.60040000000001
613.618	110.8604
613.826	110.7104
614.034	110.48039999999999
614.242	110.2504
614.449	109.81039999999999
614.657	110.60040000000001
614.865	110.7804
615.072	111.98039999999999
615.28	111.9104
615.488	111.9904
615.695	115.6704
615.903	120.07039999999999
616.111	120.4104
616.318	123.6204
616.526	117.56039999999999
616.733	116.4504
616.941	113.06039999999999
617.148	114.02040000000001
617.356	112.6804
617.563	111.81039999999999
617.771	112.0004
617.978	109.5304
618.185	110.88040000000001
618.393	109.4304
618.6	110.9604
618.807	109.8304
619.015	111.7104
619.222	109.32039999999999
619.429	107.9404
619.637	109.3404
619.844	107.8404
620.051	108.57039999999999
620.258	107.07039999999999
620.466	105.57039999999999
620.673	107.13040000000001
620.88	105.9204
621.087	106.73039999999999
621.294	106.8704
621.501	108.1804
621.708	108.57039999999999
621.915	107.3604
622.122	105.7404
622.329	107.55040000000001
622.536	105.9404
622.743	106.8304
622.95	105.8904
623.157	104.6904
623.364	108.1604
623.571	105.8704
623.778	105.0104
623.985	105.5404
624.192	106.07039999999999
624.399	105.4604
624.606	106.55040000000001
624.812	104.40039999999999
625.019	104.5404
625.226	105.8704
625.433	108.10040000000001
625.639	104.4204
625.846	104.6804
626.053	103.6804
626.259	105.0304
626.466	103.98039999999999
626.673	104.5804
626.879	103.2804
627.086	105.15039999999999
627.293	105.2404
627.499	103.8904
627.706	103.3904
627.912	103.0404
628.119	102.7904
628.325	103.1704
628.532	103.0904
628.738	103.7504
628.945	103.2604
629.151	101.5904
629.357	101.6104
629.564	102.31039999999999
629.77	104.23039999999999
629.976	102.32039999999999
630.183	101.5804
630.389	100.0004
630.595	99.57039999999999
630.802	100.5104
631.008	101.32039999999999
631.214	100.1404
631.42	101.5804
631.627	104.6104
631.833	100.4104
632.039	100.13040000000001
632.245	99.40039999999999
632.451	100.4304
632.657	100.63040000000001
632.863	98.4404
633.069	99.4604
633.275	102.31039999999999
633.481	100.9204
633.688	98.8704
633.893	101.0904
634.099	101.3304
634.305	100.32039999999999
634.511	100.1604
634.717	99.7004
634.923	100.15039999999999
635.129	100.0004
635.335	99.77040000000001
635.541	98.7804
635.747	100.60040000000001
635.952	100.9904
636.158	104.3304
636.364	135.2304
636.57	127.6904
636.775	106.0004
636.981	100.9604
637.187	99.73039999999999
637.392	99.88040000000001
637.598	98.7004
637.804	99.7504
638.009	98.7804
638.215	98.6204
638.421	97.9604
638.626	98.15039999999999
638.832	99.4704
639.037	98.8304
639.243	99.30040000000001
639.448	99.2804
639.654	101.2404
639.859	97.02040000000001
640.065	97.31039999999999
640.27	101.7804
640.475	97.6704
640.681	96.4704
640.886	97.0804
641.091	96.1104
641.297	98.3904
641.502	98.2804
641.707	99.5404
641.913	98.90039999999999
642.118	98.6404
642.323	98.1704
642.528	99.0904
642.733	97.0104
642.939	97.88040000000001
643.144	96.4904
643.349	97.0104
643.554	98.5104
643.759	96.40039999999999
643.964	95.9204
644.169	98.60040000000001
644.374	97.7204
644.579	96.55040000000001
644.784	96.5804
644.989	97.0304
645.194	97.6404
645.399	98.7204
645.604	98.3904
645.809	99.9904
646.014	97.6404
646.219	98.57039999999999
646.423	95.8904
646.628	97.5304
646.833	97.60040000000001
647.038	98.15039999999999
647.243	98.2004
647.447	97.5804
647.652	97.0304
647.857	96.56039999999999
648.062	99.5904
648.266	100.1904
648.471	104.2904
648.676	105.4404
648.88	103.07039999999999
649.085	103.77040000000001
649.289	103.10040000000001
649.494	113.05040000000001
649.698	140.5504
649.903	111.9604
650.107	101.8904
650.312	98.3604
650.516	96.38040000000001
650.721	94.3404
650.925	94.23039999999999
651.13	93.7404
651.334	93.80040000000001
651.539	93.4604
651.743	92.77040000000001
651.947	93.0104
652.152	92.5304
652.356	91.02040000000001
652.56	93.5404
652.764	90.9504
652.969	91.15039999999999
653.173	90.9204
653.377	91.72040000000001
653.581	89.8404
653.785	89.0804
653.99	90.4904
654.194	89.60040000000001
654.398	89.9604
654.602	90.98039999999999
654.806	94.88040000000001
655.01	106.8904
655.214	96.4304
655.418	90.2404
655.622	90.5504
655.826	91.7904
656.03	93.02040000000001
656.234	96.7804
656.438	101.2204
656.642	100.4204
656.846	95.06039999999999
657.049	91.32039999999999
657.253	90.7804
657.457	88.0404
657.661	88.0804
657.865	85.8304
658.068	87.3704
658.272	86.4704
658.476	85.1604
658.68	86.6904
658.883	83.07039999999999
659.087	83.40039999999999
659.291	83.9304
659.494	86.52040000000001
659.698	83.2404
659.901	83.2004
660.105	83.1604
660.309	82.9504
660.512	83.7604
660.716	83.6404
660.919	84.1704
661.123	85.8604
661.326	81.1604
661.53	83.4404
661.733	84.6704
661.936	83.3304
662.14	81.5304
662.343	81.6704
662.546	81.63040000000001
662.75	81.8704
662.953	84.8904
663.156	81.3604
663.36	81.5904
663.563	82.0104
663.766	80.27040000000001
663.969	81.9404
664.173	80.8704
664.376	79.9004
664.579	80.10040000000001
664.782	80.9204
664.985	80.57039999999999
665.188	81.6104
665.391	80.2004
665.594	81.0904
665.797	80.1804
666.0	81.9504
666.203	82.8904
666.406	81.2604
666.609	81.1104
666.812	83.2104
667.015	81.2604
667.218	80.9804
667.421	81.8604
667.624	80.8604
667.827	81.77040000000001
668.03	80.77040000000001
668.232	80.2904
668.435	81.7804
668.638	80.9904
668.841	81.57039999999999
669.043	80.07039999999999
669.246	81.3304
669.449	81.0404
669.651	81.0304
669.854	81.3304
670.057	82.06039999999999
670.259	80.6704
670.462	81.4604
670.665	82.1904
670.867	80.1304
671.07	81.3004
671.272	80.7004
671.475	82.9604
671.677	81.1704
671.88	80.1704
672.082	81.73039999999999
672.284	80.3104
672.487	82.31039999999999
672.689	79.1904
672.892	80.1904
